microns transmission
0.39914999389648437 3.265701646644933e-07
0.40014999389648437 1.6631194827137425e-07
0.40114999389648437 8.975255289990335e-08
0.40214999389648437 7.691294839931276e-08
0.40314999389648437 7.558507614666452e-08
0.40414999389648437 8.941982740040544e-08
0.4051499938964844 8.014774945053205e-08
0.4061499938964844 1.1837232728634854e-07
0.4071499938964844 7.227358318237817e-08
0.4081499938964844 8.880122686467158e-08
0.4091499938964844 1.1361034148511036e-07
0.4101499938964844 3.445672266227322e-07
0.4111499938964844 1.025566169927414e-06
0.4121499938964844 2.359678995465705e-06
0.4131499938964844 4.166732946436645e-06
0.4141499938964844 6.712147894884562e-06
0.4151499938964844 9.201608999218378e-06
0.4161499938964844 1.1443111579865217e-05
0.4171499938964844 1.2438985803681941e-05
0.4181499938964844 1.3494735661273201e-05
0.4191499938964844 1.590616328434812e-05
0.4201499938964844 2.014201186183426e-05
0.4211499938964844 2.498960187141266e-05
0.4221499938964844 2.7084730875988803e-05
0.4231499938964844 2.4944527799056637e-05
0.4241499938964844 1.8838027802606424e-05
0.4251499938964844 1.1744943977747527e-05
0.4261499938964844 5.927820974547002e-06
0.4271499938964844 2.485601645376947e-06
0.4281499938964844 8.574046508632212e-07
0.4291499938964844 3.1728407796983844e-07
0.4301499938964844 1.6229948488562702e-07
0.4311499938964844 1.2726220724938267e-07
0.4321499938964844 1.550777792708797e-07
0.4331499938964844 1.461679022983652e-07
0.4341499938964844 1.3170569381672063e-07
0.4351499938964844 1.7540942735649877e-07
0.4361499938964844 1.1890407335179987e-07
0.4371499938964844 1.732942681946052e-07
0.4381499938964844 1.0475481237904994e-07
0.43914999389648435 1.360276602528169e-07
0.44014999389648435 1.2057547942016336e-07
0.44114999389648435 1.5990279305495075e-07
0.44214999389648435 1.2551603793752187e-07
0.44314999389648435 1.2787668536518025e-07
0.44414999389648435 1.1856270069622431e-07
0.44514999389648435 1.8863062917182404e-07
0.44614999389648435 2.6238923156698646e-07
0.44714999389648435 4.4483278947558973e-07
0.44814999389648436 6.404768585828909e-07
0.44914999389648436 7.701863473307133e-07
0.45014999389648436 7.849820071391553e-07
0.45114999389648436 6.105212075150726e-07
0.45214999389648436 4.799732596438844e-07
0.45314999389648436 3.585497688618489e-07
0.45414999389648436 3.904843571136654e-07
0.45514999389648436 3.272170569188246e-07
0.45614999389648436 3.4923780933442885e-07
0.45714999389648436 2.307164632093301e-07
0.45814999389648436 2.1581643181001198e-07
0.45914999389648437 1.73298102220048e-07
0.46014999389648437 3.051609797290034e-07
0.46114999389648437 3.70477607955561e-07
0.46214999389648437 3.0783983068734723e-07
0.46314999389648437 2.5306803258394614e-07
0.46414999389648437 1.472006979547697e-07
0.46514999389648437 1.6298277550576126e-07
0.46614999389648437 1.0648130543127682e-07
0.4671499938964844 1.6296906829261893e-07
0.4681499938964844 1.8836678868360147e-07
0.4691499938964844 1.9371843033392605e-07
0.4701499938964844 1.8536425159254576e-07
0.4711499938964844 1.420933268756228e-07
0.4721499938964844 1.2973614273548152e-07
0.4731499938964844 9.187788664593516e-08
0.4741499938964844 1.3198503399832382e-07
0.4751499938964844 1.5195889571057502e-07
0.4761499938964844 2.2807164188836598e-07
0.4771499938964844 1.6758435448436e-07
0.4781499938964844 1.512145038557517e-07
0.4791499938964844 1.1120621795473402e-07
0.4801499938964844 2.0587004150406252e-07
0.4811499938964844 2.4973132894956507e-07
0.4821499938964844 2.0182564929625988e-07
0.4831499938964844 1.0720827793618703e-07
0.4841499938964844 6.737199466261895e-08
0.4851499938964844 9.121790804379592e-08
0.4861499938964844 1.4196693781640432e-07
0.4871499938964844 1.261404270191946e-07
0.4881499938964844 1.1421677438012206e-07
0.4891499938964844 1.542497808524088e-07
0.4901499938964844 1.822398535801363e-07
0.4911499938964844 2.2613933449772755e-07
0.4921499938964844 1.527548776418068e-07
0.4931499938964844 9.550390206077471e-08
0.4941499938964844 1.1946956847413365e-07
0.4951499938964844 1.3422232110155755e-07
0.4961499938964844 2.276647981286967e-07
0.4971499938964844 1.8646490186963801e-07
0.4981499938964844 2.641406834098032e-07
0.4991499938964844 2.1733804967678025e-07
0.5001499938964844 2.628436899006677e-07
0.5011499938964844 2.2956497964009436e-07
0.5021499938964844 2.3241395158240467e-07
0.5031499938964844 2.1524054318433628e-07
0.5041499938964844 1.9680389717298868e-07
0.5051499938964844 2.303530143560945e-07
0.5061499938964844 2.5590659990686817e-07
0.5071499938964844 2.5309787613676033e-07
0.5081499938964844 3.044842075420699e-07
0.5091499938964844 2.698769539064314e-07
0.5101499938964844 2.7276607094487797e-07
0.5111499938964844 2.112143384793954e-07
0.5121500244140625 2.2249492657364402e-07
0.5131500244140625 2.6608405682458806e-07
0.5141500244140625 2.2433532054715816e-07
0.5151500244140625 2.218886767233228e-07
0.5161500244140625 1.2044014585062734e-07
0.5171500244140625 1.1117630376311638e-07
0.5181500244140625 6.383535274798488e-08
0.5191500244140625 1.3223679336525785e-07
0.5201500244140626 1.7325876342511037e-07
0.5211500244140626 2.3220819154327427e-07
0.5221500244140626 2.517517370708649e-07
0.5231500244140626 3.403898012442773e-07
0.5241500244140626 3.646177881617203e-07
0.5251500244140626 3.82492705486786e-07
0.5261500244140624 2.880374535784035e-07
0.5271500244140624 2.4497166678985294e-07
0.5281500244140624 2.225528937237363e-07
0.5291500244140624 2.30323177877128e-07
0.5301500244140624 2.2007265518671677e-07
0.5311500244140624 2.0036997638170662e-07
0.5321500244140625 2.561091423558537e-07
0.5331500244140625 2.83090887225828e-07
0.5341500244140625 2.891924001839167e-07
0.5351500244140625 2.640395561886382e-07
0.5361500244140625 2.748053339018952e-07
0.5371500244140625 2.415175266732048e-07
0.5381500244140625 2.2588296107844349e-07
0.5391500244140625 2.0179112753895523e-07
0.5401500244140625 2.6312132023223157e-07
0.5411500244140625 2.1932362604578277e-07
0.5421500244140625 2.359003917717928e-07
0.5431500244140625 2.0522696142203737e-07
0.5441500244140625 2.8055694403721847e-07
0.5451500244140625 2.5360794501870663e-07
0.5461500244140625 2.441685218299325e-07
0.5471500244140625 2.279473887433091e-07
0.5481500244140625 2.665869235190459e-07
0.5491500244140625 3.1574463314932976e-07
0.5501500244140625 3.807849235373497e-07
0.5511500244140625 4.6987941055299917e-07
0.5521500244140625 5.471427276562381e-07
0.5531500244140625 6.417382367847798e-07
0.5541500244140625 6.327534033011439e-07
0.5551500244140625 6.511000982653868e-07
0.5561500244140625 6.321997554752873e-07
0.5571500244140625 7.062415412898797e-07
0.5581500244140625 7.121648094552156e-07
0.5591500244140625 6.076405164397632e-07
0.5601500244140625 4.6410084501581477e-07
0.5611500244140625 3.887513230438344e-07
0.5621500244140625 3.438182264087825e-07
0.5631500244140625 3.451455935040334e-07
0.5641500244140625 3.341403579623956e-07
0.5651500244140625 3.6176019218853777e-07
0.5661500244140625 3.998439206043258e-07
0.5671500244140625 4.019282015279815e-07
0.5681500244140625 4.5316796078825276e-07
0.5691500244140625 4.081724283524737e-07
0.5701500244140625 4.714874113334291e-07
0.5711500244140625 4.5581068560649227e-07
0.5721500244140625 5.078041067463346e-07
0.5731500244140625 4.1131942351866096e-07
0.5741500244140625 4.256976090901945e-07
0.5751500244140625 4.2471413406828e-07
0.5761500244140625 5.018902326507183e-07
0.5771500244140625 5.410522943647165e-07
0.5781500244140625 5.710880739368602e-07
0.5791500244140625 6.164014848764054e-07
0.5801500244140625 6.853878302434978e-07
0.5811500244140625 7.33236265659798e-07
0.5821500244140625 7.298433168519598e-07
0.5831500244140625 6.925696167551602e-07
0.5841500244140625 6.339004095126359e-07
0.5851500244140625 5.873374134858346e-07
0.5861500244140625 5.503113384798376e-07
0.5871500244140625 6.201374344527721e-07
0.5881500244140625 6.405992907174449e-07
0.5891500244140625 6.707757266768668e-07
0.5901500244140625 7.204464014244474e-07
0.5911500244140625 7.187082074880083e-07
0.5921500244140625 7.900694577579594e-07
0.5931500244140625 7.932847115120642e-07
0.5941500244140625 9.305551389439239e-07
0.5951500244140625 9.779920381131686e-07
0.5961500244140625 1.053334651967614e-06
0.5971500244140625 1.2645596547776628e-06
0.5981500244140625 1.967176997115732e-06
0.5991500244140625 5.127469452822375e-06
0.6001500244140625 1.821929207330363e-05
0.6011500244140625 6.576608801777992e-05
0.6021500244140625 0.00021289651696052817
0.6031500244140625 0.0010165665919582049
0.6041500244140625 0.0041506626581152275
0.6051500244140625 0.013121516853570938
0.6061500244140625 0.039556501640213855
0.6071500244140625 0.09546025170220268
0.6081500244140625 0.1907172319624159
0.6091500244140625 0.3195741081237793
0.6101500244140625 0.4609320089552137
0.6111500244140625 0.5896293004353841
0.6121500244140625 0.6834418318006727
0.6131500244140625 0.7369525061713325
0.6141500244140625 0.7602430894639757
0.6151500244140625 0.7673526085747612
0.6161500244140625 0.7749465942382813
0.6171500244140625 0.7884579976399739
0.6181500244140625 0.8089010111490886
0.6191500244140625 0.8340409088134766
0.6201500244140625 0.8579581366644965
0.6211500244140625 0.8799817487928603
0.6221500244140625 0.8979304673936632
0.6231500244140625 0.9101717376708984
0.6241500244140625 0.918033252292209
0.6251500244140625 0.9200795321994356
0.6261500244140625 0.9192751990424262
0.6271500244140625 0.9149754587809246
0.6281500244140625 0.9085596889919707
0.6291500244140625 0.9014030795627171
0.6301500244140625 0.8910647583007812
0.6311500244140625 0.879652099609375
0.6321500244140625 0.868057623969184
0.6331500244140625 0.8619161478678385
0.6341500244140625 0.8638778601752386
0.6351500244140625 0.8727009921603733
0.6361500244140625 0.8863824717203777
0.6371500244140625 0.9006474049886067
0.6381500244140625 0.9113146209716797
0.6391500244140625 0.9181770324707031
0.6401500244140625 0.9207342190212673
0.6411500244140625 0.9219852532280816
0.6421500244140625 0.9232074991861979
0.6431500244140625 0.9254080624050566
0.6441500244140625 0.928643552992079
0.6451500244140626 0.9299760437011719
0.6461500244140626 0.927985136244032
0.6471500244140626 0.9247228156195746
0.6481500244140626 0.9218648105197481
0.6491500244140626 0.9206554921468099
0.6501500244140626 0.9202139790852865
0.6511500244140624 0.919386961195204
0.6521500244140624 0.9184746721055772
0.6531500244140624 0.9169114430745442
0.6541500244140624 0.9154578145345051
0.6551500244140624 0.9138983747694227
0.6561500244140624 0.9119386715359157
0.6571500244140625 0.9087603081597222
0.6581500244140625 0.9063638475206163
0.6591500244140625 0.9063962809244792
0.6601500244140625 0.9085772026909723
0.6611500244140625 0.9122926161024306
0.6621500244140625 0.9174197642008464
0.6631500244140625 0.9241405741373698
0.6641500244140625 0.9325629255506727
0.6651500244140625 0.9422357771131726
0.6661500244140625 0.9511932203504773
0.6671500244140625 0.9561133321126302
0.6681500244140625 0.9553819698757597
0.6691500244140625 0.9500725724962024
0.6701500244140625 0.9424185180664062
0.6711500244140625 0.9330123307969835
0.6721500244140625 0.9228343794080945
0.6731500244140625 0.9131423017713758
0.6741500244140625 0.9053348456488715
0.6751500244140625 0.8999815368652344
0.6761500244140625 0.897754160563151
0.6771500244140625 0.8981352318657768
0.6781500244140625 0.9016243998209635
0.6791500244140625 0.9075848897298177
0.6801500244140625 0.9167335255940755
0.6811500244140625 0.9283546871609157
0.6821500244140625 0.939008560180664
0.6831500244140625 0.9468083021375868
0.6841500244140625 0.9522931162516276
0.6851500244140625 0.9560049862331813
0.6861500244140625 0.9583717854817708
0.6871500244140625 0.9596989610460069
0.6881500244140625 0.9608496771918402
0.6891500244140625 0.9626965247260199
0.6901500244140625 0.9644223192003039
0.6911500244140625 0.9639587063259547
0.6921500244140625 0.9596849822998047
0.6931500244140625 0.9499259948730469
0.6941500244140625 0.9355831570095485
0.6951500244140625 0.9196362643771703
0.6961500244140625 0.9049652523464629
0.6971500244140625 0.8953391520182292
0.6981500244140625 0.8921499549018012
0.6991500244140625 0.8967066023084851
0.7001500244140625 0.9077793375651042
0.7011500244140625 0.9225706058078343
0.7021500244140625 0.9371015845404732
0.7031500244140625 0.9486411878797744
0.7041500244140625 0.9552770233154297
0.7051500244140625 0.9580452134874132
0.7061500244140625 0.9580776468912761
0.7071500244140625 0.9571488952636719
0.7081500244140625 0.9562095218234593
0.7091500244140625 0.9565798865424262
0.7101500244140625 0.9562012905544703
0.7111500244140625 0.9529803297254773
0.7121500244140625 0.9444485304090711
0.7131500244140625 0.9307104407416449
0.7141500244140625 0.916447270711263
0.7151500244140625 0.9054614851209852
0.7161500244140625 0.9026184929741754
0.7171500244140625 0.9049981519911025
0.7181500244140625 0.907771733601888
0.7191500244140625 0.9050045861138237
0.7201500244140625 0.8949612341986761
0.7211500244140625 0.8812606811523438
0.7221500244140625 0.8713051435682508
0.7231500244140625 0.8715865580240886
0.7241500244140625 0.8830354478624132
0.7251500244140625 0.9020719740125867
0.7261500244140625 0.9235854170057507
0.7271500244140625 0.9420952860514323
0.7281500244140625 0.9555205874972874
0.7291500244140625 0.9623712836371529
0.7301500244140625 0.9653636847601997
0.7311500244140625 0.9646854061550566
0.7321500244140625 0.9624625566270617
0.7331500244140625 0.9576347351074219
0.7341500244140625 0.9489922502305772
0.7351500244140625 0.9364494238959418
0.7361500244140625 0.9226935746934679
0.7371500244140625 0.9103128645155165
0.7381500244140625 0.9016978030734593
0.7391500244140625 0.8978210194905598
0.7401500244140625 0.8982746717664931
0.7411500244140625 0.9001966434054905
0.7421500244140625 0.9003174845377605
0.7431500244140625 0.8990418752034505
0.7441500244140625 0.8993617757161458
0.7451500244140625 0.9053902943929036
0.7461500244140625 0.9160750071207683
0.7471500244140625 0.929765633477105
0.7481500244140625 0.9405940161810981
0.7491500244140625 0.9473166063096788
0.7501500244140625 0.9490517425537109
0.7511500244140625 0.9489317491319444
0.7521500244140625 0.9489258575439453
0.7531500244140625 0.9467602284749348
0.7541500244140625 0.9400703938802083
0.7551500244140625 0.9250709957546657
0.7561500244140625 0.9032098558213976
0.7571500244140625 0.879606424967448
0.7581500244140625 0.8613094075520833
0.7591500244140625 0.8527369859483507
0.7601500244140625 0.8526130761040581
0.7611500244140625 0.8567762756347657
0.7621500244140625 0.8603890058729384
0.7631500244140625 0.8632551744249133
0.7641500244140625 0.8682131788465712
0.7651500244140625 0.879192369249132
0.7661500244140625 0.8941504330105253
0.7671500244140625 0.9095267232259114
0.7681500244140625 0.9180481974283855
0.7691500244140625 0.9185415818956164
0.7701500244140626 0.9100616539849176
0.7711500244140626 0.897417034573025
0.7721500244140626 0.8813435363769532
0.7731500244140626 0.8618054114447699
0.7741500244140626 0.836385481092665
0.7751500244140626 0.8037386661105687
0.7761500244140624 0.7625564829508464
0.7771500244140624 0.7075888231065538
0.7781500244140624 0.6341408199734159
0.7791500244140624 0.5405075073242187
0.7801500244140624 0.435464604695638
0.7811500244140624 0.33145500395033095
0.7821500244140625 0.24057825830247664
0.7831500244140625 0.16816976759168833
0.7841500244140625 0.11441945023006865
0.7851500244140625 0.07653177844153511
0.7861500244140625 0.050541322761111784
0.7871500244140625 0.033449389934539796
0.7881500244140625 0.022212296724319458
0.7891500244140625 0.015129293203353883
0.7901500244140625 0.0103413235478931
0.7911500244140625 0.007283739745616913
0.7921500244140625 0.005313547783427769
0.7931500244140625 0.003960258993837569
0.7941500244140625 0.002954854882425732
0.7951500244140625 0.0022096510065926444
0.7961500244140625 0.001669746885697047
0.7971500244140625 0.0012824418478541906
0.7981500244140625 0.0009945655200216507
0.7991500244140625 0.0007775232361422645
0.8001500244140625 0.0006133404167162048
0.8011500244140625 0.0004878929464353455
0.8021500244140625 0.00038858431494898267
0.8031500244140625 0.00031172974242104425
0.8041500244140625 0.00025012055618895426
0.8051500244140625 0.00020194598784049352
0.8061500244140625 0.00016292728794117768
0.8071500244140625 0.0001318558802207311
0.8081500244140625 0.00010687556738654772
0.8091500244140625 8.74997458110253e-05
0.8101500244140625 7.295771605438656e-05
0.8111500244140625 6.088425250103076e-05
0.8121500244140625 5.074882724632819e-05
0.8131500244140625 4.140319820079539e-05
0.8141500244140625 3.4000089185105434e-05
0.8151500244140625 2.8628659072435568e-05
0.8161500244140625 2.499482904871305e-05
0.8171500244140625 2.1784113487228746e-05
0.8181500244140625 1.8658692327638466e-05
0.8191500244140625 1.5801195598517855e-05
0.8201500244140625 1.3838858964542549e-05
0.8211500244140625 1.2521450019751985e-05
0.8221500244140625 1.1276415381063188e-05
0.8231500244140625 9.687449718411598e-06
0.8241500244140625 8.024694527395898e-06
0.8251500244140625 6.453571679432773e-06
0.8261500244140625 5.420570087153464e-06
0.8271500244140625 4.915786105104618e-06
0.8281500244140625 4.627514410660498e-06
0.8291500244140625 4.408489071971012e-06
0.8301500244140625 4.004838669465648e-06
0.8311500244140625 3.6985716885990563e-06
0.8321500244140625 3.277968466540591e-06
0.8331500244140625 2.893505572703564e-06
0.8341500244140625 2.5812555557220346e-06
0.8351500244140625 2.3246549891256214e-06
0.8361500244140625 2.2277013340499252e-06
0.8371500244140625 2.1857149032358496e-06
0.8381500244140625 2.089403456516771e-06
0.8391500244140625 1.9029042353698364e-06
0.8401500244140625 1.618087780015129e-06
0.8411500244140625 1.4486147119896486e-06
0.8421500244140625 1.3163220945797444e-06
0.8431500244140625 1.1579837438249442e-06
0.8441500244140625 1.0770003306485403e-06
0.8451500244140625 9.654947765132723e-07
0.8461500244140625 1.048551647626381e-06
0.8471500244140625 1.0804543368673573e-06
0.8481500244140625 1.0549362195888533e-06
0.8491500244140625 9.7757965704659e-07
0.8501500244140625 9.065011262363339e-07
0.8511500244140625 7.776804017743819e-07
0.8521500244140625 7.32267750815178e-07
0.8531500244140625 6.301925370482625e-07
0.8541500244140625 6.600809441200302e-07
0.8551500244140625 5.681492470671006e-07
0.8561500244140625 6.283532124711716e-07
0.8571500244140625 5.213269470269764e-07
0.8581500244140625 4.566697489444887e-07
0.8591500244140625 3.412434551098976e-07
0.8601500244140625 7.138302793021881e-07
0.8611500244140625 7.426321686339794e-07
0.8621500244140625 6.934005688573484e-07
0.8631500244140625 8.148116278573606e-07
0.8641500244140625 1.073427878137936e-06
0.8651500244140625 1.4199740689946339e-06
0.8661500244140625 9.057371740469241e-07
0.8671500244140625 7.042645899534172e-07
0.8681500244140625 7.035418124928189e-07
0.8691500244140625 8.156229514661501e-07
0.8701500244140625 1.0472279906112745e-06
0.8711500244140625 9.232810533374744e-07
0.8721500244140625 9.389545170100811e-07
0.8731500244140625 9.362944489035544e-07
0.8741500244140625 1.025578792938199e-06
0.8751500244140625 1.0520415186052488e-06
0.8761500244140625 8.223655788253126e-07
0.8771500244140625 5.41197764587251e-07
0.8781500244140625 4.5563164609833486e-07
0.8791500244140625 1.4482140101979014e-06
0.8801500244140625 1.8016386308961075e-06
0.8811500244140625 2.6503692820028454e-06
0.8821500244140625 1.6601379343050837e-06
0.8831500244140625 2.6064434163913183e-06
0.8841500244140625 2.7997513089012607e-06
0.8851500244140625 2.620434406049988e-06
0.8861500244140625 1.677354889544347e-06
0.8871500244140625 6.715399111042093e-07
0.8881500244140625 1.1107509065480219e-06
0.8891500244140625 8.792745171791616e-07
0.8901500244140625 1.6043579519594195e-06
0.8911500244140625 1.1651469565156071e-06
0.8921500244140625 1.9340631969042324e-06
0.8931500244140625 1.1956729983313923e-06
0.8941500244140625 1.5992316721153485e-06
0.8951500244140626 3.882484541478783e-06
0.8961500244140626 6.378932724802055e-06
0.8971500244140626 2.0885596793875173e-05
0.8981500244140626 3.266423933382612e-05
0.8991500244140626 4.382609907123778e-05
0.9001500244140626 4.1280215243912406e-05
0.9011500244140624 3.970053590213259e-05
0.9021500244140624 3.8772952328953477e-05
0.9031500244140624 3.8973715984159054e-05
0.9041500244140624 3.8372339266869756e-05
0.9051500244140624 3.8242347590211365e-05
0.9061500244140624 3.991939851807223e-05
0.9071500244140625 4.147885522494714e-05
0.9081500244140625 4.0970266951868924e-05
0.9091500244140625 3.869476029649377e-05
0.9101500244140625 3.628900119413932e-05
0.9111500244140625 3.5908406910796964e-05
0.9121500244140625 3.516076779406932e-05
0.9131500244140625 3.39918200754457e-05
0.9141500244140625 3.323044239853819e-05
0.9151500244140625 3.30313613327841e-05
0.9161500244140625 3.2030563387605885e-05
0.9171500244140625 3.195836855512526e-05
0.9181500244140625 3.0764859790603316e-05
0.9191500244140625 3.0260577590929134e-05
0.9201500244140625 2.823875570255849e-05
0.9211500244140625 2.788411220535636e-05
0.9221500244140625 2.856581885781553e-05
0.9231500244140625 2.9668857653935753e-05
0.9241500244140625 2.9465814328028095e-05
0.9251500244140625 2.680583210248086e-05
0.9261500244140625 2.580623323511746e-05
0.9271500244140625 2.4680697824805973e-05
0.9281500244140625 2.5978688047164014e-05
0.9291500244140625 2.4719411610729162e-05
0.9301500244140625 2.4539127997640105e-05
0.9311500244140625 2.4272225693696073e-05
0.9321500244140625 2.5656669814553523e-05
0.9331500244140625 2.610745451723536e-05
0.9341500244140625 2.6190628608067832e-05
0.9351500244140625 2.4771260666764443e-05
0.9361500244140625 2.35439728324612e-05
0.9371500244140625 2.3120775456643772e-05
0.9381500244140625 2.2972969131337273e-05
0.9391500244140625 2.2723181431906092e-05
0.9401500244140625 2.3094859077698657e-05
0.9411500244140625 2.201780353465842e-05
0.9421500244140625 2.3464611084717842e-05
0.9431500244140625 2.1505964299043016e-05
0.9441500244140625 2.1168918788640037e-05
0.9451500244140625 1.949382674259444e-05
0.9461500244140625 1.9254171315373646e-05
0.9471500244140625 1.9735265652545626e-05
0.9481500244140625 1.9701348953983852e-05
0.9491500244140625 2.0085081147650877e-05
0.9501500244140625 1.928255776874721e-05
0.9511500244140625 1.9341573351994158e-05
0.9521500244140625 1.8284098995435567e-05
0.9531500244140625 1.8055255705904627e-05
0.9541500244140625 1.6477015516203314e-05
0.9551500244140625 1.6594325554453666e-05
0.9561500244140625 1.7359258943340844e-05
0.9571500244140625 1.8096133523310224e-05
0.9581500244140625 1.85912090819329e-05
0.9591500244140625 1.763283339742985e-05
0.9601500244140625 1.7730841257919867e-05
0.9611500244140625 1.6703090061330134e-05
0.9621500244140625 1.6074046725407244e-05
0.9631500244140625 1.559975776924855e-05
0.9641500244140625 1.5474716718826027e-05
0.9651500244140625 1.6269016778096558e-05
0.9661500244140625 1.6012073416883746e-05
0.9671500244140625 1.6075195615283314e-05
0.9681500244140625 1.553861450196968e-05
0.9691500244140625 1.5116761205717922e-05
0.9701500244140625 1.5290936636221075e-05
0.9711500244140625 1.4798497755287423e-05
0.9721500244140625 1.4369242126122118e-05
0.9731500244140625 1.360503335793813e-05
0.9741500244140625 1.344766998146143e-05
0.9751500244140625 1.3675814649711052e-05
0.9761500244140625 1.3674885784793233e-05
0.9771500244140625 1.4424576915593614e-05
0.9781500244140625 1.4017397900008494e-05
0.9791500244140625 1.4094965558292137e-05
0.9801500244140625 1.4029093241939944e-05
0.9811500244140625 1.4756573234788244e-05
0.9821500244140625 1.473093780481981e-05
0.9831500244140625 1.447607569086055e-05
0.9841500244140625 1.42767200142973e-05
0.9851500244140625 1.3590153280852568e-05
0.9861500244140625 1.2757499935105443e-05
0.9871500244140625 1.2151825552185375e-05
0.9881500244140625 1.2643902252117793e-05
0.9891500244140625 1.276185218658712e-05
0.9901500244140625 1.3127421003041997e-05
0.9911500244140625 1.341618752727906e-05
0.9921500244140625 1.3307171951358517e-05
0.9931500244140625 1.2539399839523768e-05
0.9941500244140625 1.2267692169795434e-05
0.9951500244140625 1.2127922252855365e-05
0.9961500244140625 1.2714605674975448e-05
0.9971500244140625 1.2429462383604713e-05
0.9981500244140625 1.2442421219829057e-05
0.9991500244140625 1.2291118942408099e-05
1.0001500244140624 1.187489109320773e-05
1.0011500244140625 1.1943006603461173e-05
1.0021500244140624 1.1710205451688834e-05
1.0031500244140625 1.206400222145021e-05
1.0041500244140624 1.1776815711831052e-05
1.0051500244140625 1.1853408973871004e-05
1.0061500244140624 1.1539155513876014e-05
1.0071500244140625 1.1867424343816108e-05
1.0081500244140624 1.1679924403627714e-05
1.0091500244140625 1.2163911144145662e-05
1.0101500244140624 1.1641103386258085e-05
1.0111500244140625 1.219961792230606e-05
1.0121500244140624 1.1336867270680765e-05
1.0131500244140625 1.1448149452917277e-05
1.0141500244140624 1.0998112654003005e-05
1.0151500244140625 1.1103187635954881e-05
1.0161500244140624 1.0628524663237234e-05
1.0171500244140625 9.857164825209312e-06
1.0181500244140624 1.000168707428707e-05
1.0191500244140625 1.0731677951601644e-05
1.0201500244140624 1.0844670921667581e-05
1.0211500244140626 1.094791656618731e-05
1.0221500244140624 1.033399422239098e-05
1.0231500244140626 1.000197099832197e-05
1.0241500244140624 9.822071297094226e-06
1.0251500244140626 9.778056216115754e-06
1.0261500244140624 1.049672078806907e-05
1.0271500244140626 1.0509040504176582e-05
1.0281500244140624 1.0548575923571155e-05
1.0291500244140626 9.895936236716808e-06
1.0301500244140624 9.791349875740706e-06
1.0311500244140626 9.850949411176974e-06
1.0321500244140625 1.0036255051899289e-05
1.0331500244140626 9.426196791335112e-06
1.0341500244140625 9.026300394907594e-06
1.0351500244140626 8.792434172290895e-06
1.0361500244140625 9.29472431178308e-06
1.0371500244140626 9.594912731295658e-06
1.0381500244140625 9.615112147811386e-06
1.0391500244140626 9.709737949176793e-06
1.0401500244140625 9.432021373262008e-06
1.0411500244140626 9.506613132543862e-06
1.0421500244140625 9.02561005204916e-06
1.0431500244140626 8.8538316776976e-06
1.0441500244140625 9.05097197068648e-06
1.0451500244140626 8.924122214213841e-06
1.0461500244140625 8.687939585393501e-06
1.0471500244140626 8.292283940439423e-06
1.0481500244140625 8.164146048430768e-06
1.0491500244140626 8.508301301238437e-06
1.0501500244140625 8.276743529778389e-06
1.0511500244140626 8.832158637233078e-06
1.0521500244140625 8.963912130436962e-06
1.0531500244140626 8.853289117622705e-06
1.0541500244140625 8.87002323805872e-06
1.0551500244140626 9.00564540643245e-06
1.0561500244140625 9.716578578162524e-06
1.0571500244140626 9.574196948152448e-06
1.0581500244140625 9.34390984993014e-06
1.0591500244140626 8.835904235537681e-06
1.0601500244140625 8.590652400420773e-06
1.0611500244140626 8.661829374937547e-06
1.0621500244140625 8.74770662954284e-06
1.0631500244140626 9.006557843854858e-06
1.0641500244140625 8.689243566348322e-06
1.0651500244140626 9.199772159465487e-06
1.0661500244140625 8.836040700164935e-06
1.0671500244140626 8.94466770761129e-06
1.0681500244140625 8.533814947845206e-06
1.0691500244140626 8.59477214463469e-06
1.0701500244140625 8.283909798289339e-06
1.0711500244140626 8.486241632555095e-06
1.0721500244140625 8.628052374761965e-06
1.0731500244140626 9.00300969887111e-06
1.0741500244140625 8.390428006855976e-06
1.0751500244140626 7.7274826536369e-06
1.0761500244140625 7.414228813205329e-06
1.0771500244140626 7.554209118502008e-06
1.0781500244140625 7.91609604170339e-06
1.0791500244140626 8.339450190154215e-06
1.0801500244140625 8.315212132098773e-06
1.0811500244140626 8.728139218874276e-06
1.0821500244140625 8.632039922910431e-06
1.0831500244140626 8.483597517220511e-06
1.0841500244140625 7.88729198070036e-06
1.0851500244140626 7.785654549176495e-06
1.0861500244140625 7.72972992207441e-06
1.0871500244140626 7.821432470033565e-06
1.0881500244140625 7.296747450406352e-06
1.0891500244140624 7.764710786028041e-06
1.0901500244140625 7.459681429382828e-06
1.0911500244140624 7.596846424146659e-06
1.0921500244140625 7.617555093020201e-06
1.0931500244140624 7.587903205098378e-06
1.0941500244140625 7.845050422474742e-06
1.0951500244140624 7.193364759182764e-06
1.0961500244140625 7.6223093654132545e-06
1.0971500244140624 7.245412756068012e-06
1.0981500244140625 7.496936078597274e-06
1.0991500244140624 7.2995877902333935e-06
1.1001500244140625 7.727659475575718e-06
1.1011500244140624 7.829103463639815e-06
1.1021500244140625 8.077504139186608e-06
1.1031500244140624 8.01958150178608e-06
1.1041500244140625 8.061903709959653e-06
1.1051500244140624 7.942619397201473e-06
1.1061500244140625 7.626392568151156e-06
1.1071500244140624 7.3983057195113776e-06
1.1081500244140625 7.341918729556104e-06
1.1091500244140624 7.4985583261069315e-06
1.1101500244140625 7.502720561913317e-06
1.1111500244140624 7.374708786503308e-06
1.1121500244140625 7.483240980137554e-06
1.1131500244140624 7.417404170458516e-06
1.1141500244140625 7.506085805491442e-06
1.1151500244140624 7.50754196714196e-06
1.1161500244140625 8.019813426977231e-06
1.1171500244140624 8.226616515053644e-06
1.1181500244140625 8.745443968412777e-06
1.1191500244140624 9.16281048881097e-06
1.1201500244140625 9.924108291872672e-06
1.1211500244140624 1.052268593209899e-05
1.1221500244140625 1.1136625996894305e-05
1.1231500244140624 1.1424058918944662e-05
1.1241500244140625 1.1797404537598292e-05
1.1251500244140624 1.2700730262117253e-05
1.1261500244140625 1.3548386826490361e-05
1.1271500244140624 1.4097662254547078e-05
1.1281500244140625 1.418826105590496e-05
1.1291500244140624 1.4640910085290671e-05
1.1301500244140625 1.5012297986282244e-05
1.1311500244140624 1.555426020382179e-05
1.1321500244140625 1.6163497801042267e-05
1.1331500244140624 1.7017651116475464e-05
1.1341500244140625 1.775543114894794e-05
1.1351500244140624 1.7698125577428273e-05
1.1361500244140625 1.7968478819562326e-05
1.1371500244140624 1.7694456554535358e-05
1.1381500244140625 1.783441545234786e-05
1.1391500244140624 1.7565674433070754e-05
1.1401500244140625 1.7468491051759987e-05
1.1411500244140624 1.7462668862814706e-05
1.1421500244140625 1.7128004304443794e-05
1.1431500244140624 1.6963897635125454e-05
1.1441500244140625 1.5984703139919375e-05
1.1451500244140624 1.536612204896907e-05
1.1461500244140626 1.4688706594622796e-05
1.1471500244140624 1.4434442208665942e-05
1.1481500244140626 1.4011675569539268e-05
1.1491500244140624 1.3218236724949545e-05
1.1501500244140626 1.2797886738553643e-05
1.1511500244140624 1.211410000299414e-05
1.1521500244140626 1.1309210482674341e-05
1.1531500244140624 1.087844378263172e-05
1.1541500244140626 1.02462435218816e-05
1.1551500244140624 1.0264413043235738e-05
1.1561500244140626 9.60825470327917e-06
1.1571500244140625 9.49901832629823e-06
1.1581500244140626 9.083465750639637e-06
1.1591500244140625 9.113138852020104e-06
1.1601500244140626 8.941287330041329e-06
1.1611500244140625 8.762726793065667e-06
1.1621500244140626 8.636951291312774e-06
1.1631500244140625 8.370325215057366e-06
1.1641500244140626 8.555741709036132e-06
1.1651500244140625 8.370952046890225e-06
1.1661500244140626 8.30556880424006e-06
1.1671500244140625 7.652209994072716e-06
1.1681500244140626 7.457885658368468e-06
1.1691500244140625 7.199039553395576e-06
1.1701500244140626 7.400337684278687e-06
1.1711500244140625 7.2823809589155855e-06
1.1721500244140626 7.71080732293841e-06
1.1731500244140625 7.99390021711588e-06
1.1741500244140626 8.20300806986375e-06
1.1751500244140625 8.094345685094594e-06
1.1761500244140626 8.03341164201912e-06
1.1771500244140625 7.840473618772295e-06
1.1781500244140626 7.75841032413559e-06
1.1791500244140625 7.493645599525836e-06
1.1801500244140626 7.5836763587883775e-06
1.1811500244140625 7.657371267365912e-06
1.1821500244140626 7.696073023705847e-06
1.1831500244140625 7.729044494529565e-06
1.1841500244140626 8.022236029824448e-06
1.1851500244140625 8.105568898220857e-06
1.1861500244140626 8.001066744327545e-06
1.1871500244140625 7.6672098495894e-06
1.1881500244140626 7.606188365672198e-06
1.1891500244140625 7.962522601398328e-06
1.1901500244140626 8.275242418878609e-06
1.1911500244140625 8.321022550161515e-06
1.1921500244140626 8.166343905031681e-06
1.1931500244140625 7.904575710805754e-06
1.1941500244140626 7.9422545645179e-06
1.1951500244140625 8.165752127145728e-06
1.1961500244140626 8.456255179933375e-06
1.1971500244140625 8.4971057690887e-06
1.1981500244140626 8.513219977935984e-06
1.1991500244140625 8.313135282757381e-06
1.2001500244140626 8.376595408966145e-06
1.2011500244140625 8.448537620198395e-06
1.2021500244140626 8.158075506798924e-06
1.2031500244140625 8.07996457701342e-06
1.2041500244140626 7.94769174212383e-06
1.2051500244140625 8.481266753127178e-06
1.2061500244140626 8.271870901808143e-06
1.2071500244140625 8.256243697057167e-06
1.2081500244140626 7.679835996694035e-06
1.2091500244140625 7.951108273118734e-06
1.2101500244140626 7.523459628120893e-06
1.2111500244140625 7.795209595416156e-06
1.2121500244140626 7.615316685082185e-06
1.2131500244140625 8.012987737957803e-06
1.2141500244140624 8.140114174845317e-06
1.2151500244140625 8.441783914652964e-06
1.2161500244140624 8.463091928408377e-06
1.2171500244140625 8.251801482401788e-06
1.2181500244140624 7.752191417643595e-06
1.2191500244140625 7.560908044171002e-06
1.2201500244140624 7.590698595676158e-06
1.2211500244140625 8.0245112379392e-06
1.2221500244140624 8.085832232609392e-06
1.2231500244140625 7.883910115601286e-06
1.2241500244140624 7.771024700357681e-06
1.2251500244140625 7.863802602514625e-06
1.2261500244140624 8.189587000136574e-06
1.2271500244140625 8.172642814719842e-06
1.2281500244140624 7.856555360679826e-06
1.2291500244140625 7.720944510462383e-06
1.2301500244140624 7.331213370586435e-06
1.2311500244140625 7.378024618244833e-06
1.2321500244140624 7.094965484510693e-06
1.2331500244140625 7.3667164219336364e-06
1.2341500244140624 7.42084644217458e-06
1.2351500244140625 7.261948259029951e-06
1.2361500244140624 7.183199890682266e-06
1.2371500244140625 6.9349524953092134e-06
1.2381500244140624 7.169687111551563e-06
1.2391500244140625 6.940194806601439e-06
1.2401500244140624 7.21186392992321e-06
1.2411500244140625 7.036892024593221e-06
1.2421500244140624 7.220429445927342e-06
1.2431500244140625 6.923170876689255e-06
1.2441500244140624 6.999638345506457e-06
1.2451500244140625 6.9440001647712465e-06
1.2461500244140624 7.0207771043189695e-06
1.2471500244140625 7.397230235963231e-06
1.2481500244140624 7.443145926420888e-06
1.2491500244140625 7.411935690066052e-06
1.2501500244140624 7.054960070591834e-06
1.2511500244140625 7.180449255328212e-06
1.2521500244140624 7.437897665012215e-06
1.2531500244140625 7.751892812343109e-06
1.2541500244140624 8.16572522227135e-06
1.2551500244140625 8.53360054962751e-06
1.2561500244140624 8.507228922098874e-06
1.2571500244140625 8.66639466645817e-06
1.2581500244140624 8.85187564159019e-06
1.2591500244140625 9.31123691973173e-06
1.2601500244140624 9.358109479459623e-06
1.2611500244140625 9.44043897713224e-06
1.2621500244140624 9.762017612552478e-06
1.2631500244140625 9.983312467940978e-06
1.2641500244140624 1.0290283761504623e-05
1.2651500244140625 1.0295353842795722e-05
1.2661500244140624 1.0202969812477629e-05
1.2671500244140625 1.0199913910279672e-05
1.2681500244140624 9.857326125105224e-06
1.2691500244140625 9.851763089601364e-06
1.2701500244140624 9.745682473294436e-06
1.2711500244140626 9.826554451137784e-06
1.2721500244140624 9.966263120683532e-06
1.2731500244140626 9.83080173480428e-06
1.2741500244140624 1.0361992818717325e-05
1.2751500244140626 1.025185402896669e-05
1.2761500244140624 1.0161039212511645e-05
1.2771500244140626 9.61002958421078e-06
1.2781500244140624 9.14906235670464e-06
1.2791500244140626 8.781719370745123e-06
1.2801500244140624 8.708829409442841e-06
1.2811500244140626 8.772010332904756e-06
1.2821500244140625 8.729004766792059e-06
1.2831500244140626 8.620651270676818e-06
1.2841500244140625 8.150783833116293e-06
1.2851500244140626 8.118564340596399e-06
1.2861500244140625 7.505275102125272e-06
1.2871500244140626 7.819162694633835e-06
1.2881500244140625 7.087291386495861e-06
1.2891500244140626 7.372737293028169e-06
1.2901500244140625 6.924555895643101e-06
1.2911500244140626 7.404657210119897e-06
1.2921500244140625 7.04851020903637e-06
1.2931500244140626 7.456408930011094e-06
1.2941500244140625 7.196106340011788e-06
1.2951500244140626 7.309886536353991e-06
1.2961500244140625 7.073057349771261e-06
1.2971500244140626 7.330023929373259e-06
1.2981500244140625 7.36923467937029e-06
1.2991500244140626 7.641072669583889e-06
1.3001500244140625 7.68022831632859e-06
1.3011500244140626 7.884804702674349e-06
1.3021500244140625 7.937502943807178e-06
1.3031500244140626 7.782610029810006e-06
1.3041500244140625 7.750240426200132e-06
1.3051500244140626 7.848597403305271e-06
1.3061500244140625 8.427469874732196e-06
1.3071500244140626 8.808231408086916e-06
1.3081500244140625 8.87719869044506e-06
1.3091500244140626 9.57330824652066e-06
1.3101500244140625 1.0004495723276502e-05
1.3111500244140626 1.0539723508473898e-05
1.3121500244140625 1.0394867729499107e-05
1.3131500244140626 1.0583293430196743e-05
1.3141500244140625 1.087142536157949e-05
1.3151500244140626 1.1253653275262979e-05
1.3161500244140625 1.1529931022475163e-05
1.3171500244140626 1.164113210203747e-05
1.3181500244140625 1.1548680098106463e-05
1.3191500244140626 1.1788217816501856e-05
1.3201500244140625 1.1713665703104601e-05
1.3211500244140626 1.17034999291516e-05
1.3221500244140625 1.1463657590664095e-05
1.3231500244140626 1.1644258629530668e-05
1.3241500244140625 1.1735703252876799e-05
1.3251500244140626 1.154617005441752e-05
1.3261500244140625 1.0946575914406115e-05
1.3271500244140626 1.0735549213778644e-05
1.3281500244140625 1.070504814075927e-05
1.3291500244140626 1.0783687208054795e-05
1.3301500244140625 1.0573358870007926e-05
1.3311500244140626 1.0200550637414887e-05
1.3321500244140625 1.0118950029007262e-05
1.3331500244140626 9.582351194694639e-06
1.3341500244140625 9.204185981717374e-06
1.3351500244140626 8.723435845846931e-06
1.3361500244140625 8.795701432973146e-06
1.3371500244140626 8.850890121215749e-06
1.3381500244140625 8.452354490550029e-06
1.3391500244140624 8.406460724977982e-06
1.3401500244140625 8.182961610145866e-06
1.3411500244140624 8.291440058706535e-06
1.3421500244140625 7.996774770112503e-06
1.3431500244140624 7.926189444131321e-06
1.3441500244140625 7.874988174686829e-06
1.3451500244140624 7.73671581151171e-06
1.3461500244140625 7.783161385709214e-06
1.3471500244140624 7.787147640354103e-06
1.3481500244140625 8.118748858881493e-06
1.3491500244140624 8.280714715106619e-06
1.3501500244140625 8.485733220974603e-06
1.3511500244140624 8.142215600754651e-06
1.3521500244140625 8.403856578903893e-06
1.3531500244140624 8.413081975757248e-06
1.3541500244140625 8.675740035768184e-06
1.3551500244140624 8.762563940965467e-06
1.3561500244140625 8.890387834981085e-06
1.3571500244140624 9.321296626391509e-06
1.3581500244140625 8.892042808131211e-06
1.3591500244140624 8.797715676741466e-06
1.3601500244140625 8.780238373825946e-06
1.3611500244140624 9.063999362600346e-06
1.3621500244140625 8.963136157641807e-06
1.3631500244140624 9.070636976199845e-06
1.3641500244140625 9.121519461688067e-06
1.3651500244140624 1.0056492303394607e-05
1.3661500244140625 9.874951922231249e-06
1.3671500244140624 1.0202716867853368e-05
1.3681500244140625 9.375958082576593e-06
1.3691500244140624 9.589236514228915e-06
1.3701500244140625 9.946204825407927e-06
1.3711500244140624 1.0952784666895037e-05
1.3721500244140625 1.0945501077609758e-05
1.3731500244140624 1.0729419882409275e-05
1.3741500244140625 1.0622293209760553e-05
1.3751500244140624 1.1744065624144341e-05
1.3761500244140625 1.2573134542132418e-05
1.3771500244140624 1.257334124400384e-05
1.3781500244140625 1.2585504446178675e-05
1.3791500244140624 1.2027612085350686e-05
1.3801500244140625 1.198437284781701e-05
1.3811500244140624 1.187805396815141e-05
1.3821500244140625 1.2276748505731423e-05
1.3831500244140624 1.2898892293580706e-05
1.3841500244140625 1.2859711164815559e-05
1.3851500244140624 1.2666061261875762e-05
1.3861500244140625 1.2621185612968273e-05
1.3871500244140624 1.2637073458689784e-05
1.3881500244140625 1.2751057769896255e-05
1.3891500244140624 1.211379991016454e-05
1.3901500244140625 1.1517783342343236e-05
1.3911500244140624 1.1136729994581805e-05
1.3921500244140625 1.1200720004530416e-05
1.3931500244140624 1.1383947631758119e-05
1.3941500244140625 1.1467632139101625e-05
1.3951500244140624 1.1566902200380961e-05
1.3961500244140626 1.1099664002863898e-05
1.3971500244140624 1.0823282904716004e-05
1.3981500244140626 1.0194512756748332e-05
1.3991500244140624 1.037275108198325e-05
1.4001500244140626 1.00199417081765e-05
1.4011500244140624 1.0260470767712426e-05
1.4021500244140626 9.935087808925242e-06
1.4031500244140624 9.771233760855264e-06
1.4041500244140626 9.278073298951816e-06
1.4051500244140624 8.915385826387339e-06
1.4061500244140626 8.867044234648347e-06
1.4071500244140625 8.778896363865998e-06
1.4081500244140626 9.10412145054175e-06
1.4091500244140625 8.76927314998789e-06
1.4101500244140626 9.184544970695343e-06
1.4111500244140625 8.8176994662111e-06
1.4121500244140626 8.74428285492791e-06
1.4131500244140625 8.515653316862881e-06
1.4141500244140626 8.622257608092493e-06
1.4151500244140625 8.712410538767775e-06
1.4161500244140626 8.353144189135896e-06
1.4171500244140625 8.11268045153055e-06
1.4181500244140626 8.27035711457332e-06
1.4191500244140625 8.541804790082905e-06
1.4201500244140626 8.764502256073885e-06
1.4211500244140625 8.666783428957891e-06
1.4221500244140626 8.572032157745625e-06
1.4231500244140625 8.319028485048975e-06
1.4241500244140626 8.797787401514749e-06
1.4251500244140625 8.316617394383583e-06
1.4261500244140626 8.24384009724276e-06
1.4271500244140625 7.792497441793482e-06
1.4281500244140626 8.246293291449546e-06
1.4291500244140625 8.342803404149083e-06
1.4301500244140626 8.208522146257262e-06
1.4311500244140625 8.265859861340787e-06
1.4321500244140626 8.186522108088764e-06
1.4331500244140625 8.388701050231853e-06
1.4341500244140626 8.85066446951694e-06
1.4351500244140625 9.425410664536887e-06
1.4361500244140626 9.85701704242577e-06
1.4371500244140625 9.323732875701454e-06
1.4381500244140626 8.94226010940555e-06
1.4391500244140625 8.37273630572276e-06
1.4401500244140626 8.905719280139441e-06
1.4411500244140625 9.02124984552049e-06
1.4421500244140626 9.235753936486113e-06
1.4431500244140625 8.683254580116934e-06
1.4441500244140626 8.400573860853911e-06
1.4451500244140625 8.64007730140454e-06
1.4461500244140626 8.547065663151443e-06
1.4471500244140625 8.76270848999007e-06
1.4481500244140626 8.582418086007238e-06
1.4491500244140625 8.324981964607206e-06
1.4501500244140626 8.240270350749294e-06
1.4511500244140625 8.146939540488852e-06
1.4521500244140626 8.476586663164198e-06
1.4531500244140625 8.350461850770645e-06
1.4541500244140626 8.011729741055105e-06
1.4551500244140625 8.166855097644859e-06
1.4561500244140626 8.278935500938031e-06
1.4571500244140625 8.650219727618e-06
1.4581500244140626 9.077623189013038e-06
1.4591500244140625 9.206190071482626e-06
1.4601500244140626 9.383050750734078e-06
1.4611500244140625 8.909860755213434e-06
1.4621500244140626 9.069775244117612e-06
1.4631500244140625 8.60216464692106e-06
1.4641500244140624 8.995489333756267e-06
1.4651500244140625 8.828246500343084e-06
1.4661500244140624 9.383483363005022e-06
1.4671500244140625 9.033721806998882e-06
1.4681500244140624 9.079060659536883e-06
1.4691500244140625 9.344863873492511e-06
1.4701500244140624 9.401649068523612e-06
1.4711500244140625 9.388935868628323e-06
1.4721500244140624 9.022236594723332e-06
1.4731500244140625 9.20057219142715e-06
1.4741500244140624 8.92811500105179e-06
1.4751500244140625 8.722953369013138e-06
1.4761500244140624 8.537527173757553e-06
1.4771500244140625 8.977665113181704e-06
1.4781500244140624 9.031721080342928e-06
1.4791500244140625 8.999101636517378e-06
1.4801500244140624 8.961518954796095e-06
1.4811500244140625 8.78971943166107e-06
1.4821500244140624 8.690205415607326e-06
1.4831500244140625 8.503956552077498e-06
1.4841500244140624 8.618891006335617e-06
1.4851500244140625 8.563145594153967e-06
1.4861500244140624 9.056749081032144e-06
1.4871500244140625 9.14878108435207e-06
1.4881500244140624 9.722310415883032e-06
1.4891500244140625 9.591952613037493e-06
1.4901500244140624 9.61252662818879e-06
1.4911500244140625 9.382040265740621e-06
1.4921500244140624 9.3989733270266e-06
1.4931500244140625 9.669778583985236e-06
1.4941500244140624 9.884914357422128e-06
1.4951500244140625 1.0014207994875808e-05
1.4961500244140624 9.737863567554288e-06
1.4971500244140625 9.475600478860239e-06
1.4981500244140624 9.076026746899718e-06
1.4991500244140625 9.107436635531485e-06
1.5001500244140624 9.151987356340719e-06
1.5011500244140625 9.306725696660578e-06
1.5021500244140624 9.239724927788807e-06
1.5031500244140625 9.343201333346466e-06
1.5041500244140624 9.16946944521947e-06
1.5051500244140625 9.552475983380443e-06
1.5061500244140624 9.733222735424837e-06
1.5071500244140625 1.0122777700113754e-05
1.5081500244140624 1.0070013619648915e-05
1.5091500244140625 1.0085802706372404e-05
1.5101500244140624 1.0037919273599983e-05
1.5111500244140625 9.761825203895569e-06
1.5121500244140624 9.437315360022089e-06
1.5131500244140625 9.506871186507246e-06
1.5141500244140624 9.834523144592014e-06
1.5151500244140625 1.0300145691467657e-05
1.5161500244140624 1.0539142207966911e-05
1.5171500244140625 1.0663318809949688e-05
1.5181500244140624 1.0385165029826262e-05
1.5191500244140625 1.0178546071983874e-05
1.5201500244140624 1.0422078258771862e-05
1.5211500244140626 1.0938199832000666e-05
1.5221500244140624 1.0790133059749173e-05
1.5231500244140626 1.067484528498931e-05
1.5241500244140624 1.029587648291555e-05
1.5251500244140626 1.0301425225204893e-05
1.5261500244140624 1.0250716909973157e-05
1.5271500244140626 1.0362273767694002e-05
1.5281500244140624 1.030595261707074e-05
1.5291500244140626 9.979839928241239e-06
1.5301500244140624 9.441532569730449e-06
1.5311500244140626 9.58179615231024e-06
1.5321500244140625 9.837060157830517e-06
1.5331500244140626 1.0274417323267294e-05
1.5341500244140625 1.024929877732777e-05
1.5351500244140626 9.83461019738267e-06
1.5361500244140625 9.831330842441982e-06
1.5371500244140626 9.829711893366442e-06
1.5381500244140625 1.0590934220494496e-05
1.5391500244140626 1.081799228106522e-05
1.5401500244140625 1.0535710219604275e-05
1.5411500244140626 1.0098642734293308e-05
1.5421500244140625 1.0031405254267157e-05
1.5431500244140626 1.0524641903531218e-05
1.5441500244140625 1.0467739258375432e-05
1.5451500244140626 1.0325989504862164e-05
1.5461500244140625 9.90182251876427e-06
1.5471500244140626 9.699443730318712e-06
1.5481500244140625 9.64056124858972e-06
1.5491500244140626 9.992996864538228e-06
1.5501500244140625 1.0349612372616928e-05
1.5511500244140626 1.0511950046444933e-05
1.5521500244140625 1.0745003302064205e-05
1.5531500244140626 1.0784417778874438e-05
1.5541500244140625 1.1221229926579527e-05
1.5551500244140626 1.0583974653854964e-05
1.5561500244140625 1.0844892434154946e-05
1.5571500244140626 1.0349919062314763e-05
1.5581500244140625 1.1179346539494062e-05
1.5591500244140626 1.1350033132152425e-05
1.5601500244140625 1.1548304335317677e-05
1.5611500244140626 1.2015531150003274e-05
1.5621500244140625 1.1789094553225572e-05
1.5631500244140626 1.2198677803907131e-05
1.5641500244140625 1.1482798856579595e-05
1.5651500244140626 1.1415187683370376e-05
1.5661500244140625 1.081521079565088e-05
1.5671500244140626 1.0443412595325047e-05
1.5681500244140625 1.0456013777810669e-05
1.5691500244140626 1.0759384086769486e-05
1.5701500244140625 1.0999950269858042e-05
1.5711500244140626 1.0912113616036043e-05
1.5721500244140625 1.116414683767491e-05
1.5731500244140626 1.1533397741408812e-05
1.5741500244140625 1.1669406667351723e-05
1.5751500244140626 1.1474315542727708e-05
1.5761500244140625 1.1498679846732154e-05
1.5771500244140626 1.1822777515691189e-05
1.5781500244140625 1.1462746252719729e-05
1.5791500244140626 1.1105701107428307e-05
1.5801500244140625 1.131873881806516e-05
1.5811500244140626 1.1728259010447396e-05
1.5821500244140625 1.2355782091617584e-05
1.5831500244140626 1.1809207887078325e-05
1.5841500244140625 1.1842474600093232e-05
1.5851500244140626 1.1286977743212545e-05
1.5861500244140625 1.1762867668747073e-05
1.5871500244140626 1.1023475284067292e-05
1.5881500244140625 1.0794700679576231e-05
1.5891500244140624 1.0720244026742876e-05
1.5901500244140625 1.1729938689515822e-05
1.5911500244140624 1.1974150030356314e-05
1.5921500244140625 1.184014215444525e-05
1.5931500244140624 1.1550406537329157e-05
1.5941500244140625 1.194881327036354e-05
1.5951500244140624 1.2049076742389135e-05
1.5961500244140625 1.180069126550936e-05
1.5971500244140624 1.1282566637318165e-05
1.5981500244140625 1.1169730957287055e-05
1.5991500244140624 1.1226799752977158e-05
1.6001500244140625 1.1996219917717908e-05
1.6011500244140624 1.189839094877243e-05
1.6021500244140625 1.177859867716001e-05
1.6031500244140624 1.134156094243129e-05
1.6041500244140625 1.1045572270328801e-05
1.6051500244140624 1.120303796293835e-05
1.6061500244140625 1.0730129821846883e-05
1.6071500244140624 1.1341934247563284e-05
1.6081500244140625 1.1983807586754362e-05
1.6091500244140624 1.2596036669694715e-05
1.6101500244140625 1.2739236570066875e-05
1.6111500244140624 1.2411168879932827e-05
1.6121500244140625 1.2665713438764214e-05
1.6131500244140624 1.2208800116139983e-05
1.6141500244140625 1.2333019921142195e-05
1.6151500244140624 1.2100401024023692e-05
1.6161500244140625 1.2432189994595115e-05
1.6171500244140624 1.2654463320763575e-05
1.6181500244140625 1.2872636757998002e-05
1.6191500244140624 1.3063145516854192e-05
1.6201500244140625 1.2960417791166237e-05
1.6211500244140624 1.2721057800162167e-05
1.6221500244140625 1.280512337365912e-05
1.6231500244140624 1.3398555521335864e-05
1.6241500244140625 1.4462634377802413e-05
1.6251500244140624 1.5704792199863327e-05
1.6261500244140625 1.5684955546425447e-05
1.6271500244140624 1.4969522340430151e-05
1.6281500244140625 1.4327829056936831e-05
1.6291500244140624 1.4348370152422123e-05
1.6301500244140625 1.5153236583703094e-05
1.6311500244140624 1.491935768475135e-05
1.6321500244140625 1.5450154508774477e-05
1.6331500244140624 1.5233234605855413e-05
1.6341500244140625 1.524387897613148e-05
1.6351500244140624 1.5001428805084693e-05
1.6361500244140625 1.500513650373452e-05
1.6371500244140624 1.5489088707706992e-05
1.6381500244140625 1.5580834329335227e-05
1.6391500244140624 1.650707110659116e-05
1.6401500244140625 1.6182715642369456e-05
1.6411500244140624 1.5408687888541158e-05
1.6421500244140625 1.4429349038336013e-05
1.6431500244140624 1.4609569011049138e-05
1.6441500244140625 1.536270668212738e-05
1.6451500244140624 1.5845783184179e-05
1.6461500244140626 1.560675756384929e-05
1.6471500244140624 1.536905881948769e-05
1.6481500244140626 1.5116112254973917e-05
1.6491500244140624 1.4654114557844072e-05
1.6501500244140626 1.4802931109443308e-05
1.6511500244140624 1.4615237790470321e-05
1.6521500244140626 1.542997882804937e-05
1.6531500244140624 1.5299163448313874e-05
1.6541500244140626 1.5053532293273342e-05
1.6551500244140624 1.4296981195608776e-05
1.6561500244140626 1.354801882472303e-05
1.6571500244140625 1.3020714331004356e-05
1.6581500244140626 1.2527821042264503e-05
1.6591500244140625 1.241566884952287e-05
1.6601500244140626 1.3311678905867869e-05
1.6611500244140625 1.4484157759903206e-05
1.6621500244140626 1.5733126654393143e-05
1.6631500244140625 1.5699053312548332e-05
1.6641500244140626 1.5013541172568995e-05
1.6651500244140625 1.4338621145321263e-05
1.6661500244140626 1.3339013223432834e-05
1.6671500244140625 1.3947069851888551e-05
1.6681500244140626 1.3749940941731136e-05
1.6691500244140625 1.4731811049083869e-05
1.6701500244140626 1.4639785513281823e-05
1.6711500244140625 1.503432117816475e-05
1.6721500244140626 1.4847387792542576e-05
1.6731500244140625 1.4262615521955823e-05
1.6741500244140626 1.4505564209280742e-05
1.6751500244140625 1.424313432330059e-05
1.6761500244140626 1.4342383171121281e-05
1.6771500244140625 1.4067978805138003e-05
1.6781500244140626 1.4264539867225619e-05
1.6791500244140625 1.4255916596286825e-05
1.6801500244140626 1.3591412247882948e-05
1.6811500244140625 1.3460447856535513e-05
1.6821500244140626 1.3993286734653844e-05
1.6831500244140625 1.4731233370386894e-05
1.6841500244140626 1.5275124460458756e-05
1.6851500244140625 1.5016240067780018e-05
1.6861500244140626 1.6037012295176585e-05
1.6871500244140625 1.606038784504765e-05
1.6881500244140626 1.6039017743120592e-05
1.6891500244140625 1.5225404252608616e-05
1.6901500244140626 1.5023607476097013e-05
1.6911500244140625 1.4348020777106285e-05
1.6921500244140626 1.4508488691515391e-05
1.6931500244140625 1.4401039936476282e-05
1.6941500244140626 1.546739109067453e-05
1.6951500244140625 1.5254192209492127e-05
1.6961500244140626 1.5199448809855514e-05
1.6971500244140625 1.5255883336067199e-05
1.6981500244140626 1.5123565551928347e-05
1.6991500244140625 1.4880765488164292e-05
1.7001500244140626 1.4514746532465022e-05
1.7011500244140625 1.4359371012283696e-05
1.7021500244140626 1.4813365544089014e-05
1.7031500244140625 1.4679017864788573e-05
1.7041500244140626 1.4834894488255184e-05
1.7051500244140625 1.4624655531305407e-05
1.7061500244140626 1.5087163256895214e-05
1.7071500244140625 1.4332928824135e-05
1.7081500244140626 1.5089532179344034e-05
1.7091500244140625 1.535711551292075e-05
1.7101500244140626 1.57027633395046e-05
1.7111500244140625 1.53208767167396e-05
1.7121500244140626 1.584007340069446e-05
1.7131500244140625 1.6831432391578954e-05
1.7141500244140624 1.7068991308204e-05
1.7151500244140625 1.7368059165568814e-05
1.7161500244140624 1.767013441874749e-05
1.7171500244140625 1.7256103326669997e-05
1.7181500244140624 1.632677210080955e-05
1.7191500244140625 1.6093381240756974e-05
1.7201500244140624 1.6786468913778664e-05
1.7211500244140625 1.6432580046562683e-05
1.7221500244140624 1.6898697811282343e-05
1.7231500244140625 1.6374901299261383e-05
1.7241500244140624 1.720455138840609e-05
1.7251500244140625 1.6522424605985482e-05
1.7261500244140624 1.642399001866579e-05
1.7271500244140625 1.7094627772975296e-05
1.7281500244140624 1.7268059956323768e-05
1.7291500244140625 1.70786889632129e-05
1.7301500244140624 1.57966911016653e-05
1.7311500244140625 1.5674801155303915e-05
1.7321500244140624 1.583301319947673e-05
1.7331500244140625 1.6435682126838298e-05
1.7341500244140624 1.6502886493172908e-05
1.7351500244140625 1.7630114323563046e-05
1.7361500244140624 1.7930345428693627e-05
1.7371500244140625 1.8540389007992213e-05
1.7381500244140624 1.9143153654618393e-05
1.7391500244140625 1.8765849138920505e-05
1.7401500244140624 1.767281572230988e-05
1.7411500244140625 1.6420143397731913e-05
1.7421500244140624 1.564706792123616e-05
1.7431500244140625 1.6167203430086374e-05
1.7441500244140624 1.7069255570984547e-05
1.7451500244140625 1.8378067891009982e-05
1.7461500244140624 1.9446028939758738e-05
1.7471500244140625 1.8018863500199383e-05
1.7481500244140624 1.753263899849521e-05
1.7491500244140625 1.7146520032030013e-05
1.7501500244140624 1.8523304283411966e-05
1.7511500244140625 1.8749777615691226e-05
1.7521500244140624 1.7861476581957604e-05
1.7531500244140625 1.827936334949401e-05
1.7541500244140624 1.7906622055711016e-05
1.7551500244140625 1.8638911036153635e-05
1.7561500244140624 1.809497661371198e-05
1.7571500244140625 1.824232102889154e-05
1.7581500244140624 1.8230084355713593e-05
1.7591500244140625 1.8231907678354118e-05
1.7601500244140624 1.7759848851710558e-05
1.7611500244140625 1.8601343165048292e-05
1.7621500244140624 1.7444120926989448e-05
1.7631500244140625 1.8364367489185596e-05
1.7641500244140624 1.74669420812279e-05
1.7651500244140625 1.8502622066686553e-05
1.7661500244140624 1.8932967860665583e-05
1.7671500244140625 1.9338517837847272e-05
1.7681500244140624 1.948608784005046e-05
1.7691500244140625 1.9356820007993113e-05
1.7701500244140624 1.8389518760765593e-05
1.7711500244140626 1.9057235525300103e-05
1.7721500244140624 1.926089753396809e-05
1.7731500244140626 1.9558996557154586e-05
1.7741500244140624 1.9215833162888885e-05
1.7751500244140626 1.876225112937391e-05
1.7761500244140624 2.0018202097465597e-05
1.7771500244140626 1.926355542511576e-05
1.7781500244140624 1.939418777409527e-05
1.7791500244140626 1.879088464193046e-05
1.7801500244140624 1.9332075672638085e-05
1.7811500244140626 1.8933042237121196e-05
1.7821500244140625 1.9275501059989135e-05
1.7831500244140626 2.0339263266780307e-05
1.7841500244140625 2.162473431477944e-05
1.7851500244140626 2.1033782072158326e-05
1.7861500244140625 1.9806286630531152e-05
1.7871500244140626 1.9702369916356277e-05
1.7881500244140625 2.0616024396278787e-05
1.7891500244140626 2.1322786601053346e-05
1.7901500244140625 2.029298455454409e-05
1.7911500244140626 1.9654060015454888e-05
1.7921500244140625 1.9842374216144286e-05
1.7931500244140626 2.0298793161701826e-05
1.7941500244140625 2.0278876699093314e-05
1.7951500244140626 2.0366837011857164e-05
1.7961500244140625 2.056529357408484e-05
1.7971500244140626 2.1273934463452962e-05
1.7981500244140625 2.078937327799698e-05
1.7991500244140626 2.0349760953750876e-05
1.8001500244140625 2.029344323091209e-05
1.8011500244140626 2.1460136631503703e-05
1.8021500244140625 2.2730324288002312e-05
1.8031500244140626 2.2741660941392184e-05
1.8041500244140625 2.1956958678654502e-05
1.8051500244140626 2.179870239665939e-05
1.8061500244140625 2.2172241135396895e-05
1.8071500244140626 2.3337614515589345e-05
1.8081500244140625 2.2801495312402646e-05
1.8091500244140626 2.228851546533406e-05
1.8101500244140625 2.2252778807241055e-05
1.8111500244140626 2.356203337613907e-05
1.8121500244140625 2.3753574480199147e-05
1.8131500244140626 2.3886846740626624e-05
1.8141500244140625 2.3989027831703424e-05
1.8151500244140626 2.5934223344342572e-05
1.8161500244140625 2.4781182097891964e-05
1.8171500244140626 2.4179343341125384e-05
1.8181500244140625 2.3428837044371502e-05
1.8191500244140626 2.519029916988479e-05
1.8201500244140625 2.6778846772180664e-05
1.8211500244140626 2.6544721848848797e-05
1.8221500244140625 2.6433282893978892e-05
1.8231500244140626 2.545342728909519e-05
1.8241500244140625 2.597709419205785e-05
1.8251500244140626 2.658464428451326e-05
1.8261500244140625 2.766617780758275e-05
1.8271500244140626 2.807027530959911e-05
1.8281500244140625 2.8280159717218746e-05
1.8291500244140626 2.766824068708552e-05
1.8301500244140625 2.7360349841829804e-05
1.8311500244140626 2.752026749981774e-05
1.8321500244140625 2.806973747081227e-05
1.8331500244140626 3.020777522275845e-05
1.8341500244140625 2.9551247652206158e-05
1.8351500244140626 3.0433622240606285e-05
1.8361500244140625 2.8207189817395474e-05
1.8371500244140626 2.8577038707832493e-05
1.8381500244140625 2.6941756303939555e-05
1.8391500244140624 2.7568269934919145e-05
1.8401500244140625 2.9184854485922395e-05
1.8411500244140624 3.0599105844481125e-05
1.8421500244140625 3.184747571746508e-05
1.8431500244140624 3.0338073201063605e-05
1.8441500244140625 2.9856089709533584e-05
1.8451500244140624 2.8454259865813783e-05
1.8461500244140625 2.7545697780119047e-05
1.8471500244140624 2.681390666920278e-05
1.8481500244140625 2.8489214212944113e-05
1.8491500244140624 2.9962649827616083e-05
1.8501500244140625 3.005248313355777e-05
1.8511500244140624 2.9342872245858113e-05
1.8521500244140625 2.9655756791018775e-05
1.8531500244140624 3.056468467952477e-05
1.8541500244140625 3.083444459156858e-05
1.8551500244140624 2.9974055683447258e-05
1.8561500244140625 3.0816354426658816e-05
1.8571500244140624 3.075324438719286e-05
1.8581500244140625 3.210197875483168e-05
1.8591500244140624 3.101161422414912e-05
1.8601500244140625 3.097603977140453e-05
1.8611500244140624 3.1019941024068336e-05
1.8621500244140625 3.211963352643782e-05
1.8631500244140624 3.223466583424145e-05
1.8641500244140625 3.169444234420856e-05
1.8651500244140624 3.066123877134588e-05
1.8661500244140625 3.0176817542976805e-05
1.8671500244140624 2.8414200577470997e-05
1.8681500244140625 2.9574839605225458e-05
1.8691500244140624 2.8460316308256655e-05
1.8701500244140625 3.147207769668765e-05
1.8711500244140624 3.0327386533220612e-05
1.8721500244140625 3.135964998768436e-05
1.8731500244140624 2.9705217780752316e-05
1.8741500244140625 2.9045980061507892e-05
1.8751500244140624 2.899719428064095e-05
1.8761500244140625 2.8439976481927764e-05
1.8771500244140624 2.9422681933889786e-05
1.8781500244140625 2.9677372011873455e-05
1.8791500244140624 2.8341129784368804e-05
1.8801500244140625 2.7309433143171997e-05
1.8811500244140624 2.6558898906740878e-05
1.8821500244140625 2.746257905123962e-05
1.8831500244140624 2.8405002473543085e-05
1.8841500244140625 2.8585813318689667e-05
1.8851500244140624 2.8657943217290775e-05
1.8861500244140625 2.9360619632320273e-05
1.8871500244140624 2.973994524735544e-05
1.8881500244140625 3.055105425624384e-05
1.8891500244140624 3.0516985700362265e-05
1.8901500244140625 3.0806417990889815e-05
1.8911500244140624 3.163448120984766e-05
1.8921500244140625 3.022342532252272e-05
1.8931500244140624 3.242942297624217e-05
1.8941500244140625 3.0930520863168775e-05
1.8951500244140624 3.08859022334218e-05
1.8961500244140626 2.8059176790217557e-05
1.8971500244140624 2.895921675695313e-05
1.8981500244140626 3.089085350640945e-05
1.8991500244140624 3.1258723336375414e-05
1.9001500244140626 3.0923517834809086e-05
1.9011500244140624 2.9658118987249e-05
1.9021500244140626 3.059936040598485e-05
1.9031500244140624 3.050862914986081e-05
1.9041500244140626 3.2536514465593636e-05
1.9051500244140624 3.170135637952222e-05
1.9061500244140626 3.1486431964569626e-05
1.9071500244140625 3.112669749599364e-05
1.9081500244140626 3.090741345658898e-05
1.9091500244140625 3.231353462777203e-05
1.9101500244140626 3.0089269081751505e-05
1.9111500244140625 2.9622919909242126e-05
1.9121500244140626 2.7577916625887156e-05
1.9131500244140625 2.63359501130051e-05
1.9141500244140626 2.7900564536038373e-05
1.9151500244140625 2.8261474540664087e-05
1.9161500244140626 2.967015891853306e-05
1.9171500244140625 2.888411464583542e-05
1.9181500244140626 3.06800734769139e-05
1.9191500244140625 3.26404412690964e-05
1.9201500244140626 3.3433788921684026e-05
1.9211500244140625 3.330113883647654e-05
1.9221500244140626 3.218476893380284e-05
1.9231500244140625 3.254042783131202e-05
1.9241500244140626 3.1694370166709024e-05
1.9251500244140625 3.138019910289182e-05
1.9261500244140626 3.042994998395443e-05
1.9271500244140625 3.193233886526691e-05
1.9281500244140626 3.320366661581728e-05
1.9291500244140625 3.475991129461262e-05
1.9301500244140626 3.370801659507884e-05
1.9311500244140625 3.4378905418432423e-05
1.9321500244140626 3.29774400840203e-05
1.9331500244140625 3.2929921419256266e-05
1.9341500244140626 3.155858023092151e-05
1.9351500244140625 3.199896904536419e-05
1.9361500244140626 3.398028900846839e-05
1.9371500244140625 3.4947050217952995e-05
1.9381500244140626 3.454338552223312e-05
1.9391500244140625 3.386938556407889e-05
1.9401500244140626 3.516849880624148e-05
1.9411500244140625 3.7347000971850415e-05
1.9421500244140626 3.8332728565567066e-05
1.9431500244140625 3.767866977593965e-05
1.9441500244140626 3.584554884582758e-05
1.9451500244140625 3.616470817683472e-05
1.9461500244140626 3.770536380923457e-05
1.9471500244140625 4.0134373638365004e-05
1.9481500244140626 3.8470544386655095e-05
1.9491500244140625 3.79701789158086e-05
1.9501500244140626 3.827151635454761e-05
1.9511500244140625 3.938381534276737e-05
1.9521500244140626 4.0334658438546786e-05
1.9531500244140625 3.911371653278669e-05
1.9541500244140626 3.9083554357704196e-05
1.9551500244140625 3.7182062191681734e-05
1.9561500244140626 3.74088154381348e-05
1.9571500244140625 3.970754100009799e-05
1.9581500244140626 4.1544321251826147e-05
1.9591500244140625 4.2038855867253404e-05
1.9601500244140626 4.203256426586046e-05
1.9611500244140625 4.05715925929447e-05
1.9621500244140626 4.176253633987573e-05
1.9631500244140625 4.0973988620357374e-05
1.9641500244140624 4.23603965383437e-05
1.9651500244140625 4.180918085492319e-05
1.9661500244140624 4.037344647157524e-05
1.9671500244140625 4.025808871827192e-05
1.9681500244140624 3.939690611635645e-05
1.9691500244140625 4.002970177680254e-05
1.9701500244140624 3.666515850151578e-05
1.9711500244140625 3.54773597791791e-05
1.9721500244140624 3.428181633353233e-05
1.9731500244140625 3.6548435067137085e-05
1.9741500244140624 3.7331177542606985e-05
1.9751500244140625 3.750530226776997e-05
1.9761500244140624 3.613065462559462e-05
1.9771500244140625 3.597388018129601e-05
1.9781500244140624 3.5601026999453705e-05
1.9791500244140625 3.557041804823611e-05
1.9801500244140624 3.3557656635012894e-05
1.9811500244140625 3.3882144424650406e-05
1.9821500244140624 3.4979824494156574e-05
1.9831500244140625 3.8757304557495646e-05
1.9841500244140624 3.844908774933882e-05
1.9851500244140625 3.6451431094772287e-05
1.9861500244140624 3.198411548510194e-05
1.9871500244140625 3.157331659975979e-05
1.9881500244140624 3.1954019020001095e-05
1.9891500244140625 3.5027228813204503e-05
1.9901500244140624 3.6915150833212675e-05
1.9911500244140625 3.8384808382640284e-05
1.9921500244140624 3.591820183727476e-05
1.9931500244140625 3.4130029897722936e-05
1.9941500244140624 3.381761774006817e-05
1.9951500244140625 3.4609537882109485e-05
1.9961500244140624 3.443020887465941e-05
1.9971500244140625 3.367541435485085e-05
1.9981500244140624 3.286701213154528e-05
1.9991500244140625 3.445726457155414e-05
2.0001500244140624 3.354376337180535e-05
2.0011500244140623 3.636231335500876e-05
2.0021500244140626 3.517393669527438e-05
2.0031500244140625 3.639477667295271e-05
2.0041500244140624 3.4237803322159584e-05
2.0051500244140623 3.310549538582563e-05
2.0061500244140626 3.3451586754785643e-05
2.0071500244140625 3.596212456209792e-05
2.0081500244140624 3.579998337146309e-05
2.0091500244140623 3.650898915818995e-05
2.0101500244140627 3.5168631519708366e-05
2.0111500244140625 3.609368939780526e-05
2.0121500244140624 3.507392144658499e-05
2.0131500244140623 3.493458472399248e-05
2.0141500244140627 3.542605218374067e-05
2.0151500244140625 3.7027223087433316e-05
2.0161500244140624 3.7941209868424466e-05
2.0171500244140623 3.713601579268773e-05
2.0181500244140627 3.419279276082913e-05
2.0191500244140625 3.5158449059559236e-05
2.0201500244140624 3.564190455815859e-05
2.0211500244140623 3.802674874249432e-05
2.0221500244140627 3.495665215369728e-05
2.0231500244140626 3.632047394704488e-05
2.0241500244140624 3.5422654925949045e-05
2.0251500244140623 3.762738960277703e-05
2.0261500244140627 3.727656530423296e-05
2.0271500244140626 3.841317983137237e-05
2.0281500244140624 3.787635644483897e-05
2.0291500244140623 3.80481099192467e-05
2.0301500244140627 3.581161766002575e-05
2.0311500244140626 3.766051209014323e-05
2.0321500244140625 3.7638642049084106e-05
2.0331500244140623 3.849737346172333e-05
2.0341500244140627 3.725302198694812e-05
2.0351500244140626 3.817234240058396e-05
2.0361500244140625 4.116352233621809e-05
2.0371500244140623 4.077061364013287e-05
2.0381500244140627 4.05075747726692e-05
2.0391500244140626 3.796338000231319e-05
2.0401500244140625 3.9984537805947984e-05
2.0411500244140623 4.021588609450393e-05
2.0421500244140627 4.096857763619886e-05
2.0431500244140626 3.959239667488468e-05
2.0441500244140625 3.869520500302315e-05
2.0451500244140624 3.7618367156634724e-05
2.0461500244140627 3.769444870866007e-05
2.0471500244140626 3.8241485340727706e-05
2.04814990234375 3.9778986376606754e-05
2.04914990234375 3.954279107145137e-05
2.05014990234375 3.990552103560832e-05
2.05114990234375 3.876742648167743e-05
2.05214990234375 3.785748707337512e-05
2.05314990234375 3.671080469050342e-05
2.05414990234375 3.9442550235738353e-05
2.05514990234375 4.190197654275431e-05
2.05614990234375 4.277945082220767e-05
2.05714990234375 4.2253241667317014e-05
2.05814990234375 4.172655365740259e-05
2.05914990234375 4.299988375148839e-05
2.06014990234375 3.957363518161906e-05
2.06114990234375 3.7919642248501384e-05
2.06214990234375 3.841663581422633e-05
2.06314990234375 4.101436016046339e-05
2.06414990234375 4.329216666519642e-05
2.06514990234375 4.2366441856655804e-05
2.06614990234375 4.3830945570435786e-05
2.06714990234375 4.200104106631544e-05
2.06814990234375 4.3016763197051146e-05
2.06914990234375 4.296036281933387e-05
2.07014990234375 4.4009734152091873e-05
2.07114990234375 4.3310510615507766e-05
2.07214990234375 4.367236047983169e-05
2.07314990234375 4.377131919480032e-05
2.07414990234375 4.1955968675514056e-05
2.07514990234375 4.0058604596803586e-05
2.07614990234375 4.0406197982115876e-05
2.07714990234375 4.2431083663056295e-05
2.07814990234375 4.302234569978383e-05
2.07914990234375 4.467788799148467e-05
2.08014990234375 4.5432450198051007e-05
2.08114990234375 4.4270617007795314e-05
2.08214990234375 4.246314806449745e-05
2.08314990234375 4.228563125555714e-05
2.08414990234375 4.470790063755379e-05
2.08514990234375 4.441439096505444e-05
2.08614990234375 4.5840973293201786e-05
2.08714990234375 4.627935769450333e-05
2.08814990234375 4.623464826080534e-05
2.08914990234375 4.373196590070923e-05
2.09014990234375 4.2999085401081375e-05
2.09114990234375 4.4323264672938326e-05
2.09214990234375 4.256000250784887e-05
2.09314990234375 4.3054878866920874e-05
2.09414990234375 4.320932215907508e-05
2.09514990234375 4.5962389041152264e-05
2.09614990234375 4.427434410899877e-05
2.09714990234375 4.485817781339089e-05
2.09814990234375 4.3460923091818885e-05
2.09914990234375 4.6097912256502445e-05
2.10014990234375 4.6510628890246154e-05
2.10114990234375 4.8861456000142626e-05
2.10214990234375 4.7203016260431866e-05
2.10314990234375 4.687838308099243e-05
2.10414990234375 4.6718236990272996e-05
2.10514990234375 4.6837229488624466e-05
2.10614990234375 4.5998540913893106e-05
2.10714990234375 4.598080904947386e-05
2.10814990234375 4.8449820217986897e-05
2.10914990234375 4.762101142356793e-05
2.11014990234375 4.6187332417402005e-05
2.11114990234375 4.639986333333784e-05
2.11214990234375 4.769962591429551e-05
2.11314990234375 4.734322894364595e-05
2.11414990234375 4.5926650054752825e-05
2.11514990234375 4.533614756332504e-05
2.11614990234375 4.700474337571197e-05
2.11714990234375 4.814344665242567e-05
2.11814990234375 4.86418092623353e-05
2.11914990234375 4.96704995425211e-05
2.12014990234375 4.715878775136338e-05
2.12114990234375 4.823238640609715e-05
2.12214990234375 4.657397357126077e-05
2.12314990234375 4.77069564577606e-05
2.12414990234375 4.7540977183315495e-05
2.12514990234375 4.8436600611441666e-05
2.12614990234375 5.180850211117003e-05
2.12714990234375 5.483523269908297e-05
2.12814990234375 5.239180185728603e-05
2.12914990234375 5.109548051324156e-05
2.13014990234375 4.896592917955585e-05
2.13114990234375 5.1058790025611714e-05
2.13214990234375 4.733260514007675e-05
2.13314990234375 4.651805541167657e-05
2.13414990234375 4.558967917950616e-05
2.13514990234375 4.732360520089666e-05
2.13614990234375 4.7105546368079066e-05
2.13714990234375 4.779266969611247e-05
2.13814990234375 4.934424586180184e-05
2.13914990234375 5.116535298940208e-05
2.14014990234375 5.289004701707098e-05
2.14114990234375 5.301387618399329e-05
2.14214990234375 5.30396971023745e-05
2.14314990234375 5.381809392323096e-05
2.14414990234375 5.473625846207142e-05
2.14514990234375 5.431735474202368e-05
2.14614990234375 5.4907361045479776e-05
2.14714990234375 5.513769005321794e-05
2.14814990234375 5.5949118298788865e-05
2.14914990234375 5.252038749555747e-05
2.15014990234375 5.1492415885958403e-05
2.15114990234375 5.021072510215971e-05
2.15214990234375 5.1453873618609376e-05
2.15314990234375 5.229404868765011e-05
2.15414990234375 5.335319528563156e-05
2.15514990234375 5.690109967771504e-05
2.15614990234375 5.382074819256862e-05
2.15714990234375 4.941808344382379e-05
2.15814990234375 4.839154451878534e-05
2.15914990234375 4.9337961245328186e-05
2.16014990234375 5.3093970960213085e-05
2.16114990234375 5.3993325370053453e-05
2.16214990234375 5.7104058667189556e-05
2.16314990234375 5.7359920400712227e-05
2.16414990234375 5.537627989219294e-05
2.16514990234375 5.2524144347343175e-05
2.16614990234375 5.313520009318988e-05
2.16714990234375 5.3586137687994366e-05
2.16814990234375 5.718319004194603e-05
2.16914990234375 5.4337036692433886e-05
2.17014990234375 5.2934687377678036e-05
2.17114990234375 5.335889963640108e-05
2.17214990234375 5.391275510191917e-05
2.17314990234375 5.441506082812945e-05
2.17414990234375 5.008502915087674e-05
2.17514990234375 4.8961645613114044e-05
2.17614990234375 4.809440527525212e-05
2.17714990234375 5.004563575817478e-05
2.17814990234375 5.1290742639038296e-05
2.17914990234375 5.1093230851822433e-05
2.18014990234375 4.8962071951892635e-05
2.18114990234375 4.888589856111341e-05
2.18214990234375 4.8550827325218256e-05
2.18314990234375 4.93366348867615e-05
2.18414990234375 5.0358098103768295e-05
2.18514990234375 5.190497109045585e-05
2.18614990234375 5.189078911725018e-05
2.18714990234375 5.195568160464366e-05
2.18814990234375 5.051667595075236e-05
2.18914990234375 5.099232360306713e-05
2.19014990234375 5.455995030287239e-05
2.19114990234375 5.225060300694571e-05
2.19214990234375 5.010099201980565e-05
2.19314990234375 4.6828759627209773e-05
2.19414990234375 5.085150349057384e-05
2.19514990234375 5.4994707202745816e-05
2.19614990234375 5.6712756243844824e-05
2.19714990234375 5.904479624910486e-05
2.19814990234375 5.87596335551805e-05
2.19914990234375 6.204099756562048e-05
2.20014990234375 6.260540077669754e-05
2.20114990234375 6.424712120658822e-05
2.20214990234375 6.401812399013174e-05
2.20314990234375 6.488090122325552e-05
2.20414990234375 6.512214067495532e-05
2.20514990234375 6.850111091302501e-05
2.20614990234375 6.555686911775007e-05
2.20714990234375 6.514950137999324e-05
2.20814990234375 6.311464899530013e-05
2.20914990234375 7.085050973627302e-05
2.21014990234375 7.385905573351516e-05
2.21114990234375 7.542140626658996e-05
2.21214990234375 7.241806118852564e-05
2.21314990234375 7.000897441887194e-05
2.21414990234375 6.825472486929762e-05
2.21514990234375 7.044850796875027e-05
2.21614990234375 7.361782093842824e-05
2.21714990234375 7.579073620339235e-05
2.21814990234375 7.064926179332867e-05
2.21914990234375 7.075974924696817e-05
2.22014990234375 7.149261422455311e-05
2.22114990234375 7.604479065371885e-05
2.22214990234375 7.69258476793766e-05
2.22314990234375 7.498915824625228e-05
2.22414990234375 7.652811395625274e-05
2.22514990234375 7.951564103778867e-05
2.22614990234375 8.133905111915536e-05
2.22714990234375 8.025126428239877e-05
2.22814990234375 7.808856924788818e-05
2.22914990234375 7.939272870620092e-05
2.23014990234375 8.061688134653703e-05
2.23114990234375 8.052764098263449e-05
2.23214990234375 7.898442654146089e-05
2.23314990234375 8.028850683735477e-05
2.23414990234375 8.161745499819517e-05
2.23514990234375 7.905923916647833e-05
2.23614990234375 7.357519740859667e-05
2.23714990234375 7.570512696272798e-05
2.23814990234375 7.899569606201515e-05
2.23914990234375 8.241282310336828e-05
2.24014990234375 8.358232107841306e-05
2.24114990234375 8.819001261144876e-05
2.24214990234375 9.37504114376174e-05
2.24314990234375 9.358679565290609e-05
2.24414990234375 9.048226703372268e-05
2.24514990234375 8.660713831583659e-05
2.24614990234375 8.922995689014593e-05
2.24714990234375 9.18322687761651e-05
2.24814990234375 9.562095316747824e-05
2.24914990234375 8.992481666306655e-05
2.25014990234375 9.008738419248e-05
2.25114990234375 9.230588355826008e-05
2.25214990234375 9.797475093768703e-05
2.25314990234375 9.747353589369191e-05
2.25414990234375 9.45499228934447e-05
2.25514990234375 9.451919545729955e-05
2.25614990234375 9.390918227533499e-05
2.25714990234375 9.62832063022587e-05
2.25814990234375 8.981788530945778e-05
2.25914990234375 9.077105567687088e-05
2.26014990234375 8.766676609714827e-05
2.26114990234375 9.13069179902474e-05
2.26214990234375 9.372920936180485e-05
2.26314990234375 9.52489125645823e-05
2.26414990234375 9.652755637135772e-05
2.26514990234375 9.356467674175897e-05
2.26614990234375 9.527448771728409e-05
2.26714990234375 9.816071949899197e-05
2.26814990234375 9.486334657089578e-05
2.26914990234375 9.331362787634134e-05
2.27014990234375 8.595310306797425e-05
2.27114990234375 8.76390892598364e-05
2.27214990234375 8.379201922151776e-05
2.27314990234375 8.287572871065803e-05
2.27414990234375 8.428777309341563e-05
2.27514990234375 8.090632760690318e-05
2.27614990234375 8.041028657721149e-05
2.27714990234375 7.625009243686994e-05
2.27814990234375 7.756350458496146e-05
2.27914990234375 7.47368044944273e-05
2.28014990234375 6.884740510334571e-05
2.28114990234375 6.425436120480299e-05
2.28214990234375 6.13927473831508e-05
2.28314990234375 6.492859787411161e-05
2.28414990234375 6.405675990713968e-05
2.28514990234375 6.112873036828305e-05
2.28614990234375 5.618224541346232e-05
2.28714990234375 5.6997393257915974e-05
2.28814990234375 5.8852558334668475e-05
2.28914990234375 5.7065782861577136e-05
2.29014990234375 5.470964488469891e-05
2.29114990234375 5.320464985238181e-05
2.29214990234375 5.2835323537389444e-05
2.29314990234375 5.115950117922492e-05
2.29414990234375 4.7102898824959994e-05
2.29514990234375 4.390153749328521e-05
2.29614990234375 4.0086421908603786e-05
2.29714990234375 4.3196702738189035e-05
2.29814990234375 4.338670858285494e-05
2.29914990234375 4.626162350177765e-05
2.30014990234375 4.083080398332742e-05
2.30114990234375 3.943735940588845e-05
2.30214990234375 3.611206697920958e-05
2.30314990234375 3.8327546790242195e-05
2.30414990234375 3.757221210334036e-05
2.30514990234375 3.722181569577919e-05
2.30614990234375 3.6774459036274084e-05
2.30714990234375 3.815903354229199e-05
2.30814990234375 3.712533222925332e-05
2.30914990234375 3.6230187656150924e-05
2.31014990234375 3.399350887371434e-05
2.31114990234375 3.3169276494946744e-05
2.31214990234375 3.200377880906066e-05
2.31314990234375 3.1568972238649926e-05
2.31414990234375 3.321792102522321e-05
2.31514990234375 3.448173429610001e-05
2.31614990234375 3.5569835195524825e-05
2.31714990234375 3.4253932018246914e-05
2.31814990234375 3.1524561086876523e-05
2.31914990234375 3.1528604579054646e-05
2.32014990234375 3.2724461052566765e-05
2.32114990234375 3.322507746310698e-05
2.32214990234375 3.20277073317104e-05
2.32314990234375 3.0503987800329925e-05
2.32414990234375 3.0607386854373744e-05
2.32514990234375 3.116162364474601e-05
2.32614990234375 2.9756965684807958e-05
2.32714990234375 2.8919201189031206e-05
2.32814990234375 2.8295460053616096e-05
2.32914990234375 2.8409595446040235e-05
2.33014990234375 2.982507020028101e-05
2.33114990234375 2.854161042099198e-05
2.33214990234375 2.8226854952259193e-05
2.33314990234375 2.6529721346580317e-05
2.33414990234375 2.7329223230481147e-05
2.33514990234375 2.7864598669111727e-05
2.33614990234375 2.7971810971697172e-05
2.33714990234375 2.7534124544925155e-05
2.33814990234375 2.678480128654175e-05
2.33914990234375 2.7928862255066634e-05
2.34014990234375 2.7671961838172544e-05
2.34114990234375 2.7400991724183164e-05
2.34214990234375 2.609439944434497e-05
2.34314990234375 2.656131310181485e-05
2.34414990234375 2.6817116627676616e-05
2.34514990234375 2.6969242478824328e-05
2.34614990234375 2.6709989178925752e-05
2.34714990234375 2.672064920059509e-05
2.34814990234375 2.5380156002938748e-05
2.34914990234375 2.5578483732210268e-05
2.35014990234375 2.650746584145559e-05
2.35114990234375 2.839407676623927e-05
2.35214990234375 2.673868012304107e-05
2.35314990234375 2.606098126206133e-05
2.35414990234375 2.5569829158484936e-05
2.35514990234375 2.6953354633102812e-05
2.35614990234375 2.7841483501510486e-05
2.35714990234375 2.7353813509560287e-05
2.35814990234375 2.7584099055578314e-05
2.35914990234375 2.5920452187872598e-05
2.36014990234375 2.5547731978197894e-05
2.36114990234375 2.404090870792667e-05
2.36214990234375 2.471018893023332e-05
2.36314990234375 2.6913489887697832e-05
2.36414990234375 2.8791812041567434e-05
2.36514990234375 2.819500423760878e-05
2.36614990234375 2.635170446915759e-05
2.36714990234375 2.562354111837016e-05
2.36814990234375 2.5965100050800374e-05
2.36914990234375 2.7063848812960913e-05
2.37014990234375 2.7896317963798844e-05
2.37114990234375 2.9985872356014118e-05
2.37214990234375 3.0344551325672198e-05
2.37314990234375 3.180018884854184e-05
2.37414990234375 2.9976833353026044e-05
2.37514990234375 3.01497486523456e-05
2.37614990234375 3.0000444191197554e-05
2.37714990234375 3.3948879895938765e-05
2.37814990234375 3.4426299906853175e-05
2.37914990234375 3.550632235904535e-05
2.38014990234375 3.403645577943987e-05
2.38114990234375 3.449021812735332e-05
2.38214990234375 3.427325903127591e-05
2.38314990234375 3.492024520205127e-05
2.38414990234375 3.615856300004655e-05
2.38514990234375 3.64591610721416e-05
2.38614990234375 3.769836336788204e-05
2.38714990234375 4.0238853026595374e-05
2.38814990234375 4.294011172735029e-05
2.38914990234375 4.484751830912298e-05
2.39014990234375 4.564437601301406e-05
2.39114990234375 4.7666691761049966e-05
2.39214990234375 5.027644957105319e-05
2.39314990234375 5.326631892886426e-05
2.39414990234375 5.4710324232776955e-05
2.39514990234375 5.4766811016533116e-05
2.39614990234375 5.634598796152406e-05
2.39714990234375 5.868825181904767e-05
2.39814990234375 6.0227342053420023e-05
2.39914990234375 6.185409354252948e-05
2.40014990234375 6.25427807163861e-05
2.40114990234375 6.515120828731192e-05
2.40214990234375 6.636362471100356e-05
2.40314990234375 6.603270458678405e-05
2.40414990234375 6.66715618636873e-05
2.40514990234375 6.63803383294079e-05
2.40614990234375 6.698464405619436e-05
2.40714990234375 6.571002770215273e-05
2.40814990234375 6.504061217937206e-05
2.40914990234375 6.737977059351075e-05
2.41014990234375 6.553461878663964e-05
2.41114990234375 6.688623844335477e-05
2.41214990234375 6.446469471686417e-05
2.41314990234375 6.710825591451592e-05
2.41414990234375 6.584351054496236e-05
2.41514990234375 6.390730126036539e-05
2.41614990234375 6.085469542692105e-05
2.41714990234375 5.8646009614070256e-05
2.41814990234375 5.862677469849586e-05
2.41914990234375 5.978790680981345e-05
2.42014990234375 6.073775804705091e-05
2.42114990234375 6.104931856195132e-05
2.42214990234375 5.9810630045831206e-05
2.42314990234375 5.849637815521822e-05
2.42414990234375 5.87199680093262e-05
2.42514990234375 5.736798668901126e-05
2.42614990234375 5.8796448736555046e-05
2.42714990234375 5.6938167350987596e-05
2.42814990234375 5.933321908944182e-05
2.42914990234375 5.904840408927864e-05
2.43014990234375 6.319269796626435e-05
2.43114990234375 6.454303860664367e-05
2.43214990234375 6.631971906042762e-05
2.43314990234375 6.587297759122319e-05
2.43414990234375 6.666456970075766e-05
2.43514990234375 6.880372090058193e-05
2.43614990234375 7.03249659596218e-05
2.43714990234375 7.275550522738034e-05
2.43814990234375 7.301704181979101e-05
2.43914990234375 7.378231837517685e-05
2.44014990234375 7.49381243561705e-05
2.44114990234375 7.843862908581892e-05
2.44214990234375 8.184457146045236e-05
2.44314990234375 8.65721247262425e-05
2.44414990234375 8.921504020690918e-05
2.44514990234375 9.258331110080083e-05
2.44614990234375 9.720361274149683e-05
2.44714990234375 0.00010151233213643233
2.44814990234375 0.00010468696761462426
2.44914990234375 0.00010497967816061444
2.45014990234375 0.00010826386718286408
2.45114990234375 0.00011200295554267034
2.45214990234375 0.00011754431140919528
2.45314990234375 0.00011928784454034433
2.45414990234375 0.00012071532300776905
2.45514990234375 0.00012223782328267893
2.45614990234375 0.0001255346110297574
2.45714990234375 0.00012808955584963164
2.45814990234375 0.0001261765230447054
2.45914990234375 0.00012519301329221992
2.46014990234375 0.0001276265684929159
2.46114990234375 0.00012792593489090602
2.46214990234375 0.000125283801721202
2.46314990234375 0.00012428240229686103
2.46414990234375 0.00012694585654470655
2.46514990234375 0.00012711781077086925
2.46614990234375 0.00012502313177618714
2.46714990234375 0.0001238348324679666
2.46814990234375 0.00012436866553293334
2.46914990234375 0.00011987584332625071
2.47014990234375 0.00011727790969113508
2.47114990234375 0.00011883851037257247
2.47214990234375 0.0001227617212053802
2.47314990234375 0.00012418796618779502
2.47414990234375 0.00012122742107344998
2.47514990234375 0.00012078856635424824
2.47614990234375 0.00011979708758493265
2.47714990234375 0.00011949588855107626
2.47814990234375 0.00011734826593763297
2.47914990234375 0.00011488736710614628
2.48014990234375 0.00011731140005091826
2.48114990234375 0.00012216233337918918
2.48214990234375 0.00012922144494950771
2.48314990234375 0.00013162440102961327
2.48414990234375 0.00013236217925118073
2.48514990234375 0.0001333375564879841
2.48614990234375 0.00013935443324347339
2.48714990234375 0.00013907579912079705
2.48814990234375 0.00014540188842349582
2.48914990234375 0.00014734059882660707
2.49014990234375 0.0001565529757903682
2.49114990234375 0.00016115234026478395
2.49214990234375 0.0001727255081964864
2.49314990234375 0.0001908584208124214
2.49414990234375 0.0002077679874168502
2.49514990234375 0.0002239581652813487
2.49614990234375 0.00024289252029524908
2.49714990234375 0.00027215200165907544
2.49814990234375 0.00031066587194800377
2.49914990234375 0.0003518405184149742
2.50014990234375 0.00040107835084199903
2.50114990234375 0.00045984174642297953
2.50214990234375 0.0005333057335681385
2.50314990234375 0.0006107245675391621
2.50414990234375 0.000693810482819875
2.50514990234375 0.0007773722294304107
2.50614990234375 0.0008659032815032535
2.50714990234375 0.0009518998447391722
2.50814990234375 0.0010390756362014348
2.50914990234375 0.0011257146712806492
2.51014990234375 0.0012151607871055603
2.51114990234375 0.0012989773352940878
2.51214990234375 0.001378359016444948
2.51314990234375 0.0014583218925529053
2.51414990234375 0.0015311683383252882
2.51514990234375 0.0015914162165588802
2.51614990234375 0.0016375954449176788
2.51714990234375 0.0016778672072622514
2.51814990234375 0.001717002871963713
2.51914990234375 0.001740332990884781
2.52014990234375 0.0017524014578925238
2.52114990234375 0.0017450267904334596
2.52214990234375 0.001727387011051178
2.52314990234375 0.0016947793298297462
2.52414990234375 0.0016540895567999946
2.52514990234375 0.0016046818925274744
2.52614990234375 0.0015577984684043463
2.52714990234375 0.0015027940107716455
2.52814990234375 0.001445638007587857
2.52914990234375 0.0013783569965097639
2.53014990234375 0.0013150299919976126
2.53114990234375 0.001260092763437165
2.53214990234375 0.0012022727727890015
2.53314990234375 0.0011466967811187107
2.53414990234375 0.0010894620087411667
2.53514990234375 0.0010488010115093655
2.53614990234375 0.001018778673476643
2.53714990234375 0.0009877698868513108
2.53814990234375 0.0009674806230598027
2.53914990234375 0.0009533476084470748
2.54014990234375 0.0009485865135987599
2.54114990234375 0.0009487137695153554
2.54214990234375 0.0009497799227635067
2.54314990234375 0.0009607762429449295
2.54414990234375 0.0009826272477706274
2.54514990234375 0.0010133471257156796
2.54614990234375 0.0010575836896896363
2.54714990234375 0.0010963864624500275
2.54814990234375 0.0011600519054465823
2.54914990234375 0.0012070503499772812
2.55014990234375 0.0012593244595660103
2.55114990234375 0.001298413889275657
2.55214990234375 0.0013549155493577322
2.55314990234375 0.0014099227719836763
2.55414990234375 0.001466622451941172
2.55514990234375 0.0015285832186539968
2.55614990234375 0.0015775994459788004
2.55714990234375 0.0016209352182017431
2.55814990234375 0.0016633582280741795
2.55914990234375 0.0017119494411680432
2.56014990234375 0.0017519879009988573
2.56114990234375 0.0017809761232799957
2.56214990234375 0.001808447672261132
2.56314990234375 0.0018324584431118431
2.56414990234375 0.0018373373316393957
2.56514990234375 0.0018334723346763184
2.56614990234375 0.0018363778789838156
2.56714990234375 0.0018258532053894469
2.56814990234375 0.0018071854280100929
2.56914990234375 0.001764970322450002
2.57014990234375 0.001721162348985672
2.57114990234375 0.0016942945784992644
2.57214990234375 0.001662439008553823
2.57314990234375 0.0016323245565096536
2.57414990234375 0.0015665793253315818
2.57514990234375 0.0015129583411746554
2.57614990234375 0.0014605814384089574
2.57714990234375 0.001411410437689887
2.57814990234375 0.0013690347638395095
2.57914990234375 0.0013204788747760985
2.58014990234375 0.0012810629937383864
2.58114990234375 0.001228150443898307
2.58214990234375 0.0011753172261847388
2.58314990234375 0.0011340221100383334
2.58414990234375 0.0011035398890574773
2.58514990234375 0.0010773848907815087
2.58614990234375 0.0010441912710666657
2.58714990234375 0.0010242639399237103
2.58814990234375 0.000996016686161359
2.58914990234375 0.000977804536620776
2.59014990234375 0.000948446641365687
2.59114990234375 0.0009415055894189411
2.59214990234375 0.0009349743359618717
2.59314990234375 0.0009156995763381321
2.59414990234375 0.0009087095657984416
2.59514990234375 0.0008868410189946493
2.59614990234375 0.0008745680666632123
2.59714990234375 0.0008690306047598521
2.59814990234375 0.0008762447784344356
2.59914990234375 0.0008873749027649562
