microns transmission
0.39914999389648437 3.3008220270858144e-07
0.40014999389648437 2.0499432465983758e-07
0.40114999389648437 1.3662145620645875e-07
0.40214999389648437 1.0729414824852926e-07
0.40314999389648437 1.1187681516015383e-07
0.40414999389648437 8.513538290837945e-08
0.4051499938964844 9.808885665090688e-08
0.4061499938964844 1.320693327884944e-07
0.4071499938964844 1.4702010717096118e-07
0.4081499938964844 9.762590692099751e-08
0.4091499938964844 7.613634867552498e-08
0.4101499938964844 1.1512528441867985e-07
0.4111499938964844 6.590775286794167e-07
0.4121499938964844 2.0526462433028627e-06
0.4131499938964844 6.0875945685741805e-06
0.4141499938964844 1.2310415752128593e-05
0.4151499938964844 1.9484465786566335e-05
0.4161499938964844 2.457324350770149e-05
0.4171499938964844 2.6966804483284553e-05
0.4181499938964844 2.8034045567942987e-05
0.4191499938964844 2.906457469281223e-05
0.4201499938964844 3.019448576702012e-05
0.4211499938964844 2.9220857864452735e-05
0.4221499938964844 2.4981774234523376e-05
0.4231499938964844 1.7818467717410793e-05
0.4241499938964844 1.0302123038046476e-05
0.4251499938964844 4.67477623412075e-06
0.4261499938964844 1.592800053913379e-06
0.4271499938964844 4.944598610260679e-07
0.4281499938964844 1.5594464571222492e-07
0.4291499938964844 1.1937345459875655e-07
0.4301499938964844 1.4178709154618237e-07
0.4311499938964844 1.5608460290768752e-07
0.4321499938964844 1.4645359516525976e-07
0.4331499938964844 1.0507999134625993e-07
0.4341499938964844 7.95192744639116e-08
0.4351499938964844 1.0619418248363704e-07
0.4361499938964844 5.182843649167681e-08
0.4371499938964844 9.51906809277937e-08
0.4381499938964844 9.133536938420328e-08
0.43914999389648435 1.0361410721514298e-07
0.44014999389648435 1.2538089131967447e-07
0.44114999389648435 1.5878224429697082e-07
0.44214999389648435 1.9350668543182003e-07
0.44314999389648435 1.965162407903244e-07
0.44414999389648435 2.1043378801167814e-07
0.44514999389648435 2.393918334241284e-07
0.44614999389648435 2.7344630224332735e-07
0.44714999389648435 3.348178365235476e-07
0.44814999389648436 4.1514996862840935e-07
0.44914999389648436 4.136798795823576e-07
0.45014999389648436 3.584202770273097e-07
0.45114999389648436 2.3369382183267993e-07
0.45214999389648436 2.1783842081883147e-07
0.45314999389648436 2.187082898469978e-07
0.45414999389648436 2.922845123976003e-07
0.45514999389648436 2.5658660888439046e-07
0.45614999389648436 2.3376042867716432e-07
0.45714999389648436 1.5507252870743888e-07
0.45814999389648436 1.750638184767123e-07
0.45914999389648437 1.9878860774468087e-07
0.46014999389648437 2.711604419245204e-07
0.46114999389648437 3.046333333461209e-07
0.46214999389648437 2.5160733356541543e-07
0.46314999389648437 2.464800541525215e-07
0.46414999389648437 1.4204304798740945e-07
0.46514999389648437 1.3088981554313742e-07
0.46614999389648437 1.0836339417884407e-07
0.4671499938964844 1.3509674380173127e-07
0.4681499938964844 1.6312806565110803e-07
0.4691499938964844 1.696052878388501e-07
0.4701499938964844 2.1393759905347702e-07
0.4711499938964844 1.88324365925949e-07
0.4721499938964844 1.487998736049434e-07
0.4731499938964844 7.636329842538223e-08
0.4741499938964844 1.0696276551690351e-07
0.4751499938964844 9.119329165881615e-08
0.4761499938964844 1.5761776630441994e-07
0.4771499938964844 1.1481482107574456e-07
0.4781499938964844 1.504405985100179e-07
0.4791499938964844 1.173124051925514e-07
0.4801499938964844 1.822422287419319e-07
0.4811499938964844 1.3802422484252317e-07
0.4821499938964844 1.3643135086264616e-07
0.4831499938964844 7.275373199790004e-08
0.4841499938964844 7.192428658974058e-08
0.4851499938964844 4.036946364354638e-08
0.4861499938964844 7.09436970572044e-08
0.4871499938964844 9.899503700240409e-08
0.4881499938964844 1.1854810154668073e-07
0.4891499938964844 1.5855408389972881e-07
0.4901499938964844 2.063798717699683e-07
0.4911499938964844 2.1982842616551247e-07
0.4921499938964844 1.3088601498327065e-07
0.4931499938964844 6.43901446335033e-08
0.4941499938964844 8.687065509308903e-08
0.4951499938964844 1.1206288009151739e-07
0.4961499938964844 1.41340956983803e-07
0.4971499938964844 1.6042314010237628e-07
0.4981499938964844 2.392926186682113e-07
0.4991499938964844 2.769799570728142e-07
0.5001499938964844 2.809213478598909e-07
0.5011499938964844 2.4623043182773566e-07
0.5021499938964844 2.1798816457400487e-07
0.5031499938964844 1.8087187437960179e-07
0.5041499938964844 1.3158239020051433e-07
0.5051499938964844 1.4110850137151308e-07
0.5061499938964844 1.8252303674692882e-07
0.5071499938964844 2.5080258132624696e-07
0.5081499938964844 3.1159899258960244e-07
0.5091499938964844 2.9584939006276223e-07
0.5101499938964844 2.1697925576762914e-07
0.5111499938964844 1.5814740055593762e-07
0.5121500244140625 1.4906134637529235e-07
0.5131500244140625 2.2993023675452507e-07
0.5141500244140625 1.9208466508441942e-07
0.5151500244140625 1.7476353162157764e-07
0.5161500244140625 1.1280843332054739e-07
0.5171500244140625 1.215361694434986e-07
0.5181500244140625 1.4352393992685582e-07
0.5191500244140625 1.8865089321905436e-07
0.5201500244140626 1.9019702612767098e-07
0.5211500244140626 2.397780787620639e-07
0.5221500244140626 3.0352357510230216e-07
0.5231500244140626 4.458103942144791e-07
0.5241500244140626 4.371367216056873e-07
0.5251500244140626 4.1513335379346947e-07
0.5261500244140624 2.822382363129902e-07
0.5271500244140624 2.1922927050906554e-07
0.5281500244140624 2.470312875225823e-07
0.5291500244140624 2.3227724240213221e-07
0.5301500244140624 2.121055738118432e-07
0.5311500244140624 1.628621392531689e-07
0.5321500244140625 2.315623414182887e-07
0.5331500244140625 2.3578623894435524e-07
0.5341500244140625 1.6522088192990243e-07
0.5351500244140625 1.2259384650153354e-07
0.5361500244140625 1.501183766637758e-07
0.5371500244140625 1.4016918813691209e-07
0.5381500244140625 1.2139240121259813e-07
0.5391500244140625 1.1018762253339138e-07
0.5401500244140625 1.5991225570684736e-07
0.5411500244140625 1.3857394440918035e-07
0.5421500244140625 1.176648035854871e-07
0.5431500244140625 1.062904708406778e-07
0.5441500244140625 1.549719713188501e-07
0.5451500244140625 1.6905067960297043e-07
0.5461500244140625 2.2014463271485203e-07
0.5471500244140625 2.273661863770747e-07
0.5481500244140625 2.749272375189725e-07
0.5491500244140625 2.8435541733213336e-07
0.5501500244140625 3.1495025117086095e-07
0.5511500244140625 3.975130312028341e-07
0.5521500244140625 4.403143045945197e-07
0.5531500244140625 4.923927998687659e-07
0.5541500244140625 4.408244805947309e-07
0.5551500244140625 4.3645198780318933e-07
0.5561500244140625 4.3591745149266593e-07
0.5571500244140625 4.309988313859018e-07
0.5581500244140625 3.469475167447753e-07
0.5591500244140625 2.44560702008635e-07
0.5601500244140625 2.2375344188832164e-07
0.5611500244140625 2.7119867607123326e-07
0.5621500244140625 2.7430493395917843e-07
0.5631500244140625 2.589130680361349e-07
0.5641500244140625 2.544559134144543e-07
0.5651500244140625 2.6440084184287115e-07
0.5661500244140625 3.26991050517083e-07
0.5671500244140625 3.2708352389616055e-07
0.5681500244140625 3.959221834924796e-07
0.5691500244140625 3.5715987501640075e-07
0.5701500244140625 3.914664638513285e-07
0.5711500244140625 3.744833177026723e-07
0.5721500244140625 4.1677766502188104e-07
0.5731500244140625 3.8199645940848214e-07
0.5741500244140625 3.117457395597335e-07
0.5751500244140625 2.790856271733193e-07
0.5761500244140625 3.227707050731018e-07
0.5771500244140625 4.011313366289768e-07
0.5781500244140625 4.271543043109381e-07
0.5791500244140625 4.630361905179193e-07
0.5801500244140625 5.585755611213648e-07
0.5811500244140625 6.564535902321546e-07
0.5821500244140625 6.425449545430536e-07
0.5831500244140625 6.122896431608954e-07
0.5841500244140625 5.022339246352204e-07
0.5851500244140625 4.1108248195895517e-07
0.5861500244140625 3.370300894150408e-07
0.5871500244140625 3.8942181062237885e-07
0.5881500244140625 4.538617253678644e-07
0.5891500244140625 4.7241139125415234e-07
0.5901500244140625 4.935388238259798e-07
0.5911500244140625 5.270663435415676e-07
0.5921500244140625 5.776886003635203e-07
0.5931500244140625 6.034808878515227e-07
0.5941500244140625 7.363194769520002e-07
0.5951500244140625 8.514280004116396e-07
0.5961500244140625 1.043478081960024e-06
0.5971500244140625 1.8458596201122014e-06
0.5981500244140625 4.951794762746431e-06
0.5991500244140625 1.8265105738666736e-05
0.6001500244140625 6.098466977063153e-05
0.6011500244140625 0.00022540512029081583
0.6021500244140625 0.0011674996258483992
0.6031500244140625 0.004784988595379724
0.6041500244140625 0.01859243306848738
0.6051500244140625 0.06077037864261204
0.6061500244140625 0.1439155854119195
0.6071500244140625 0.26590304692586264
0.6081500244140625 0.4007825258043078
0.6091500244140625 0.5152907265557184
0.6101500244140625 0.5910441843668619
0.6111500244140625 0.6297738393147787
0.6121500244140625 0.6533231396145289
0.6131500244140625 0.6778944481743706
0.6141500244140625 0.7110828314887152
0.6151500244140625 0.750992448594835
0.6161500244140625 0.7904507700602214
0.6171500244140625 0.8267293633355035
0.6181500244140625 0.856915791829427
0.6191500244140625 0.8806766933865019
0.6201500244140625 0.8982434675428602
0.6211500244140625 0.9082107798258464
0.6221500244140625 0.9144278038872613
0.6231500244140625 0.9162372419569228
0.6241500244140625 0.9152882893880208
0.6251500244140625 0.9134186723497179
0.6261500244140625 0.9105408986409504
0.6271500244140625 0.9086388651529949
0.6281500244140625 0.9057849968804255
0.6291500244140625 0.9014670223659939
0.6301500244140625 0.8966112179226344
0.6311500244140625 0.8921794128417969
0.6321500244140625 0.8929019758436414
0.6331500244140625 0.8991325124104818
0.6341500244140625 0.9086233520507813
0.6351500244140625 0.9183189222547743
0.6361500244140625 0.9242472754584418
0.6371500244140625 0.9264839257134332
0.6381500244140625 0.9259298197428386
0.6391500244140625 0.9247657860649957
0.6401500244140625 0.9259347534179687
0.6411500244140625 0.9300484720865886
0.6421500244140625 0.9342476823594835
0.6431500244140625 0.9366292995876735
0.6441500244140625 0.9348232608371309
0.6451500244140626 0.9308598158094616
0.6461500244140626 0.927844721476237
0.6471500244140626 0.9276139322916667
0.6481500244140626 0.9315531921386718
0.6491500244140626 0.9377922312418621
0.6501500244140626 0.9437734052870007
0.6511500244140624 0.9491573418511284
0.6521500244140624 0.9513580661349824
0.6531500244140624 0.9485718875461153
0.6541500244140624 0.9418291982014974
0.6551500244140624 0.9326055569118925
0.6561500244140624 0.9228042432996962
0.6571500244140625 0.9134783596462672
0.6581500244140625 0.9057161373562281
0.6591500244140625 0.9003333621554905
0.6601500244140625 0.8972958797878691
0.6611500244140625 0.8976806216769749
0.6621500244140625 0.9023898400200738
0.6631500244140625 0.9107772403293187
0.6641500244140625 0.9199480183919271
0.6651500244140625 0.9275086890326605
0.6661500244140625 0.930588158501519
0.6671500244140625 0.9289680989583333
0.6681500244140625 0.9252692837185329
0.6691500244140625 0.9226868523491754
0.6701500244140625 0.921628926595052
0.6711500244140625 0.921038572523329
0.6721500244140625 0.9200779808892144
0.6731500244140625 0.9202859581841364
0.6741500244140625 0.9205519443088108
0.6751500244140625 0.9203501807318792
0.6761500244140625 0.9198670111762152
0.6771500244140625 0.9198763190375433
0.6781500244140625 0.9221175977918837
0.6791500244140625 0.9264830610487196
0.6801500244140625 0.9315139346652562
0.6811500244140625 0.9347233327229817
0.6821500244140625 0.935164523654514
0.6831500244140625 0.9338581339518229
0.6841500244140625 0.9332557762993707
0.6851500244140625 0.933489490085178
0.6861500244140625 0.9351064046223958
0.6871500244140625 0.9377268303765192
0.6881500244140625 0.9425615946451823
0.6891500244140625 0.9484583621554903
0.6901500244140625 0.9520389980740016
0.6911500244140625 0.9497479248046875
0.6921500244140625 0.9412789832221138
0.6931500244140625 0.9265403323703343
0.6941500244140625 0.9076963382297093
0.6951500244140625 0.88958374871148
0.6961500244140625 0.8763612196180556
0.6971500244140625 0.8721199459499782
0.6981500244140625 0.8769478098551433
0.6991500244140625 0.8893730248345268
0.7001500244140625 0.9050568559434679
0.7011500244140625 0.920681160820855
0.7021500244140625 0.9320079803466796
0.7031500244140625 0.938030522664388
0.7041500244140625 0.9388848368326823
0.7051500244140625 0.9373338063557942
0.7061500244140625 0.9361908382839625
0.7071500244140625 0.9376723141140407
0.7081500244140625 0.9415752665201823
0.7091500244140625 0.9455707380506727
0.7101500244140625 0.943959206475152
0.7111500244140625 0.93495113796658
0.7121500244140625 0.9204424201117622
0.7131500244140625 0.9065818023681641
0.7141500244140625 0.899857915242513
0.7151500244140625 0.8993241543240016
0.7161500244140625 0.9000840335422093
0.7171500244140625 0.8936397213406032
0.7181500244140625 0.8777361636691624
0.7191500244140625 0.8570987870958117
0.7201500244140625 0.8399015469021266
0.7211500244140625 0.8343174828423393
0.7221500244140625 0.8436675855848523
0.7231500244140625 0.8647642940945094
0.7241500244140625 0.8906324513753254
0.7251500244140625 0.9149012671576606
0.7261500244140625 0.9350206502278645
0.7271500244140625 0.948688481648763
0.7281500244140625 0.9564401075575087
0.7291500244140625 0.9594579145643446
0.7301500244140625 0.9582524871826172
0.7311500244140625 0.9506289418538411
0.7321500244140625 0.9366586473253038
0.7331500244140625 0.9191122266981335
0.7341500244140625 0.9005658467610677
0.7351500244140625 0.8837659454345703
0.7361500244140625 0.8722028266059029
0.7371500244140625 0.8673650783962675
0.7381500244140625 0.868259980943468
0.7391500244140625 0.8705594804551867
0.7401500244140625 0.8709631771511503
0.7411500244140625 0.8695630221896703
0.7421500244140625 0.8702013142903645
0.7431500244140625 0.8775241004096137
0.7441500244140625 0.8912778981526692
0.7451500244140625 0.9083661227756078
0.7461500244140625 0.9235559590657552
0.7471500244140625 0.935400390625
0.7481500244140625 0.942435828314887
0.7491500244140625 0.9475207773844402
0.7501500244140625 0.9500317721896703
0.7511500244140625 0.9499019368489583
0.7521500244140625 0.9434194946289063
0.7531500244140625 0.9293955400254991
0.7541500244140625 0.909325205485026
0.7551500244140625 0.8883459133572047
0.7561500244140625 0.8725558725992839
0.7571500244140625 0.8651903788248698
0.7581500244140625 0.8643769751654732
0.7591500244140625 0.8652208879258899
0.7601500244140625 0.8644028133816191
0.7611500244140625 0.8630396355523005
0.7621500244140625 0.8650761074490017
0.7631500244140625 0.874187723795573
0.7641500244140625 0.890618396335178
0.7651500244140625 0.9113450876871745
0.7661500244140625 0.9294219716389973
0.7671500244140625 0.9419191996256511
0.7681500244140625 0.9456525505913629
0.7691500244140625 0.943631829155816
0.7701500244140626 0.9366614702012803
0.7711500244140626 0.9285523139105902
0.7721500244140626 0.9189755757649739
0.7731500244140626 0.9083171081542969
0.7741500244140626 0.8974878777398003
0.7751500244140626 0.887892354329427
0.7761500244140624 0.8795361497667102
0.7771500244140624 0.8645111083984375
0.7781500244140624 0.8363606431749132
0.7791500244140624 0.7869130282931859
0.7801500244140624 0.7157596630520291
0.7811500244140624 0.6232784271240235
0.7821500244140625 0.5174345440334744
0.7831500244140625 0.40801103591918947
0.7841500244140625 0.30638792249891494
0.7851500244140625 0.21964238908555772
0.7861500244140625 0.15129775471157494
0.7871500244140625 0.10119156890445286
0.7881500244140625 0.0671617963578966
0.7891500244140625 0.044912477069430884
0.7901500244140625 0.03108116255866157
0.7911500244140625 0.021730628940794205
0.7921500244140625 0.015508098867204455
0.7931500244140625 0.01084149585829841
0.7941500244140625 0.007665027909808689
0.7951500244140625 0.005510798063543109
0.7961500244140625 0.003995823860168457
0.7971500244140625 0.002908337662617366
0.7981500244140625 0.002119619564877616
0.7991500244140625 0.001559764552447531
0.8001500244140625 0.0011592855718400741
0.8011500244140625 0.0008650394570496346
0.8021500244140625 0.0006490354239940643
0.8031500244140625 0.0004911141263114082
0.8041500244140625 0.00037656239751312473
0.8051500244140625 0.0002919579897489813
0.8061500244140625 0.00023018743325438763
0.8071500244140625 0.00018512705651422341
0.8081500244140625 0.00015155719593167304
0.8091500244140625 0.00012553197073025834
0.8101500244140625 0.00010460053311867846
0.8111500244140625 8.770409971475601e-05
0.8121500244140625 7.560094482161932e-05
0.8131500244140625 6.698031444102526e-05
0.8141500244140625 6.0792226706528004e-05
0.8151500244140625 5.547020248033934e-05
0.8161500244140625 5.139497483873533e-05
0.8171500244140625 4.7804869375088146e-05
0.8181500244140625 4.5149453087813325e-05
0.8191500244140625 4.2444373506845694e-05
0.8201500244140625 4.0291189151402147e-05
0.8211500244140625 3.815788064255483e-05
0.8221500244140625 3.692149844331046e-05
0.8231500244140625 3.601975241003351e-05
0.8241500244140625 3.569097322825756e-05
0.8251500244140625 3.506993279895848e-05
0.8261500244140625 3.460907516354281e-05
0.8271500244140625 3.3982816158742126e-05
0.8281500244140625 3.370867755923731e-05
0.8291500244140625 3.303685966077157e-05
0.8301500244140625 3.190152887125603e-05
0.8311500244140625 3.0613296322472805e-05
0.8321500244140625 3.0187978247542766e-05
0.8331500244140625 3.0832955542589646e-05
0.8341500244140625 3.14780341351353e-05
0.8351500244140625 3.0893461241955976e-05
0.8361500244140625 2.8605843270068165e-05
0.8371500244140625 2.5618901595913078e-05
0.8381500244140625 2.292621708572066e-05
0.8391500244140625 2.1949544463697946e-05
0.8401500244140625 2.279762979216886e-05
0.8411500244140625 2.4846930025685447e-05
0.8421500244140625 2.6698700453885572e-05
0.8431500244140625 2.7108057090825044e-05
0.8441500244140625 2.658860059455037e-05
0.8451500244140625 2.457326348424734e-05
0.8461500244140625 2.2437873040972688e-05
0.8471500244140625 1.9655538118159814e-05
0.8481500244140625 1.7634923972056842e-05
0.8491500244140625 1.620850502957991e-05
0.8501500244140625 1.6712617204272346e-05
0.8511500244140625 1.9058293245406178e-05
0.8521500244140625 2.1910767502251673e-05
0.8531500244140625 2.31661114634739e-05
0.8541500244140625 2.129577865869376e-05
0.8551500244140625 1.7657195098258347e-05
0.8561500244140625 1.4158531431567312e-05
0.8571500244140625 1.3735912009316366e-05
0.8581500244140625 1.5447539875450802e-05
0.8591500244140625 1.7764553844766457e-05
0.8601500244140625 1.9014569490856363e-05
0.8611500244140625 1.7740144523688487e-05
0.8621500244140625 1.536506328395464e-05
0.8631500244140625 1.3764495961368083e-05
0.8641500244140625 1.3372866283323977e-05
0.8651500244140625 1.4197731128749387e-05
0.8661500244140625 1.2964424599065044e-05
0.8671500244140625 1.0582150556122848e-05
0.8681500244140625 7.5400106298831014e-06
0.8691500244140625 4.766131131889791e-06
0.8701500244140625 4.481643954039112e-06
0.8711500244140625 5.140556085413787e-06
0.8721500244140625 7.962650564388657e-06
0.8731500244140625 9.74712376280292e-06
0.8741500244140625 9.601373865650112e-06
0.8751500244140625 6.361356085747221e-06
0.8761500244140625 3.166757908492141e-06
0.8771500244140625 1.9036092397526106e-06
0.8781500244140625 2.3014535736010088e-06
0.8791500244140625 3.457210670030106e-06
0.8801500244140625 4.4858540687956845e-06
0.8811500244140625 5.8642944866694885e-06
0.8821500244140625 5.0574856882108e-06
0.8831500244140625 4.211362661255238e-06
0.8841500244140625 3.4822743615473922e-06
0.8851500244140625 3.797570151870112e-06
0.8861500244140625 3.3477915879250494e-06
0.8871500244140625 2.104172126141298e-06
0.8881500244140625 1.1124027541854608e-06
0.8891500244140625 1.607014928171798e-06
0.8901500244140625 1.8100648154610136e-06
0.8911500244140625 2.8074749826966104e-06
0.8921500244140625 2.81498417000413e-06
0.8931500244140625 2.999891414774167e-06
0.8941500244140625 1.9376360326480346e-06
0.8951500244140626 4.147105451986179e-06
0.8961500244140626 6.796431077350382e-06
0.8971500244140626 2.259763510664925e-05
0.8981500244140626 3.420443387262316e-05
0.8991500244140626 4.46778440123631e-05
0.9001500244140626 4.123166824380557e-05
0.9011500244140624 3.911902817587058e-05
0.9021500244140624 3.933332679379317e-05
0.9031500244140624 3.8277412143846354e-05
0.9041500244140624 3.7701355241652985e-05
0.9051500244140624 3.5228013423167995e-05
0.9061500244140624 3.855571021429366e-05
0.9071500244140625 4.1328764831026394e-05
0.9081500244140625 4.2121910438355476e-05
0.9091500244140625 3.899935244893035e-05
0.9101500244140625 3.518158414711555e-05
0.9111500244140625 3.512416940389408e-05
0.9121500244140625 3.3589444226688806e-05
0.9131500244140625 3.2572771112124125e-05
0.9141500244140625 3.104917006567121e-05
0.9151500244140625 3.1788167802409996e-05
0.9161500244140625 3.14946798607707e-05
0.9171500244140625 3.075835657202536e-05
0.9181500244140625 3.003318871681889e-05
0.9191500244140625 2.890491211372945e-05
0.9201500244140625 2.740282203174299e-05
0.9211500244140625 2.7653363067656754e-05
0.9221500244140625 2.811339218169451e-05
0.9231500244140625 2.7730417851772572e-05
0.9241500244140625 2.5811866701891026e-05
0.9251500244140625 2.3737112060189246e-05
0.9261500244140625 2.3349912112785707e-05
0.9271500244140625 2.305525898312529e-05
0.9281500244140625 2.4122970126983192e-05
0.9291500244140625 2.344125881791115e-05
0.9301500244140625 2.3450618868486745e-05
0.9311500244140625 2.2646681302123597e-05
0.9321500244140625 2.3891203519370822e-05
0.9331500244140625 2.4457593293239674e-05
0.9341500244140625 2.552558874918355e-05
0.9351500244140625 2.4667004278550543e-05
0.9361500244140625 2.2923754424684573e-05
0.9371500244140625 2.2592165559116336e-05
0.9381500244140625 2.1585841249260636e-05
0.9391500244140625 2.1135860071000127e-05
0.9401500244140625 2.055615678222643e-05
0.9411500244140625 2.0555871176636885e-05
0.9421500244140625 2.156075452350908e-05
0.9431500244140625 2.027022096121477e-05
0.9441500244140625 1.9902309997835094e-05
0.9451500244140625 1.9193145498219464e-05
0.9461500244140625 1.8612169013876056e-05
0.9471500244140625 1.9005204473311704e-05
0.9481500244140625 1.8973067765020662e-05
0.9491500244140625 1.946305985459023e-05
0.9501500244140625 1.7682920830945174e-05
0.9511500244140625 1.7578030755329466e-05
0.9521500244140625 1.69240096066561e-05
0.9531500244140625 1.796291649548544e-05
0.9541500244140625 1.605038996785879e-05
0.9551500244140625 1.6048917831439113e-05
0.9561500244140625 1.5667323281781544e-05
0.9571500244140625 1.6577431104249427e-05
0.9581500244140625 1.709221448335383e-05
0.9591500244140625 1.7092550018181402e-05
0.9601500244140625 1.7245519880412352e-05
0.9611500244140625 1.6186982134564052e-05
0.9621500244140625 1.5595165443503192e-05
0.9631500244140625 1.5147873329826526e-05
0.9641500244140625 1.4979652154983745e-05
0.9651500244140625 1.5650486780537497e-05
0.9661500244140625 1.4998784625074928e-05
0.9671500244140625 1.4688760145670837e-05
0.9681500244140625 1.4046229965363938e-05
0.9691500244140625 1.4179891182316674e-05
0.9701500244140625 1.4276923482409783e-05
0.9711500244140625 1.4231899209941428e-05
0.9721500244140625 1.3654090257154572e-05
0.9731500244140625 1.3035620148811077e-05
0.9741500244140625 1.2408875498092836e-05
0.9751500244140625 1.2494803199337589e-05
0.9761500244140625 1.2726185377687216e-05
0.9771500244140625 1.3165374338212942e-05
0.9781500244140625 1.3095067632902e-05
0.9791500244140625 1.2656426600491007e-05
0.9801500244140625 1.287594554014504e-05
0.9811500244140625 1.3706033350899815e-05
0.9821500244140625 1.4227872274609076e-05
0.9831500244140625 1.3996467847997945e-05
0.9841500244140625 1.333973008311457e-05
0.9851500244140625 1.3201062231221134e-05
0.9861500244140625 1.3088441014082896e-05
0.9871500244140625 1.2451538027057217e-05
0.9881500244140625 1.2314798142243589e-05
0.9891500244140625 1.2141655962396825e-05
0.9901500244140625 1.2458332219264573e-05
0.9911500244140625 1.2116038835503988e-05
0.9921500244140625 1.1672552209347487e-05
0.9931500244140625 1.127408558709754e-05
0.9941500244140625 1.1469162224481503e-05
0.9951500244140625 1.1191626545041799e-05
0.9961500244140625 1.183187226868338e-05
0.9971500244140625 1.1939053397832646e-05
0.9981500244140625 1.1821072613303031e-05
0.9991500244140625 1.123739464674145e-05
1.0001500244140624 1.0590879052566986e-05
1.0011500244140625 1.0787506536063223e-05
1.0021500244140624 1.0978032239816255e-05
1.0031500244140625 1.1130510311987668e-05
1.0041500244140624 1.1236252677109508e-05
1.0051500244140625 1.1198753620394403e-05
1.0061500244140624 1.1159049657483894e-05
1.0071500244140625 1.1118727593889665e-05
1.0081500244140624 1.0622580884955823e-05
1.0091500244140625 1.1012312218857307e-05
1.0101500244140624 1.0894777563711007e-05
1.0111500244140625 1.1438071055130825e-05
1.0121500244140624 1.0736790201109314e-05
1.0131500244140625 1.0817603518565494e-05
1.0141500244140624 1.052769004470772e-05
1.0151500244140625 1.0267995595414604e-05
1.0161500244140624 9.544904524874355e-06
1.0171500244140625 8.854056682644618e-06
1.0181500244140624 9.467729897652234e-06
1.0191500244140625 1.0218729860045845e-05
1.0201500244140624 1.0552745532347925e-05
1.0211500244140626 1.0914950334053072e-05
1.0221500244140624 1.052582209619383e-05
1.0231500244140626 1.0361605285046002e-05
1.0241500244140624 9.852378150551682e-06
1.0251500244140626 9.719994462405642e-06
1.0261500244140624 1.0214473457179135e-05
1.0271500244140626 1.0116498322329586e-05
1.0281500244140624 1.0549385333433747e-05
1.0291500244140626 1.0043453528649276e-05
1.0301500244140624 9.934442544666428e-06
1.0311500244140626 9.517514198604557e-06
1.0321500244140625 9.555607038136157e-06
1.0331500244140626 8.946670956599215e-06
1.0341500244140625 8.52057936653081e-06
1.0351500244140626 8.361563474560776e-06
1.0361500244140625 8.605060801427398e-06
1.0371500244140626 8.984485369486113e-06
1.0381500244140625 9.11796265023036e-06
1.0391500244140626 9.727966195593276e-06
1.0401500244140625 9.58326815937956e-06
1.0411500244140626 9.326216273216736e-06
1.0421500244140625 8.870411871208085e-06
1.0431500244140626 9.191381137093737e-06
1.0441500244140625 9.885747438400155e-06
1.0451500244140626 9.730181708518002e-06
1.0461500244140625 8.970011646548906e-06
1.0471500244140626 8.108334732241929e-06
1.0481500244140625 7.941369290670588e-06
1.0491500244140626 8.38666559300489e-06
1.0501500244140625 8.184664701629016e-06
1.0511500244140626 8.893515397277143e-06
1.0521500244140625 8.841064280002481e-06
1.0531500244140626 9.113971221571168e-06
1.0541500244140625 8.641852635062403e-06
1.0551500244140626 8.813232351611887e-06
1.0561500244140625 9.393484538627997e-06
1.0571500244140626 9.260685506483745e-06
1.0581500244140625 9.103238310975333e-06
1.0591500244140626 8.390467070663968e-06
1.0601500244140625 8.591872044942445e-06
1.0611500244140626 8.455230789776477e-06
1.0621500244140625 8.631770162739687e-06
1.0631500244140626 8.921261501705482e-06
1.0641500244140625 8.809453768966099e-06
1.0651500244140626 9.129528771154582e-06
1.0661500244140625 8.363088385926353e-06
1.0671500244140626 8.363066461040741e-06
1.0681500244140625 8.108566204706827e-06
1.0691500244140626 8.289492430372369e-06
1.0701500244140625 8.087993289033571e-06
1.0711500244140626 7.894580808675122e-06
1.0721500244140625 7.946590000453094e-06
1.0731500244140626 8.14697226612932e-06
1.0741500244140625 7.907330679396787e-06
1.0751500244140626 7.3667257998345615e-06
1.0761500244140625 6.980089302588668e-06
1.0771500244140626 7.4773098781911855e-06
1.0781500244140625 7.90706538181338e-06
1.0791500244140626 8.484591057317122e-06
1.0801500244140625 8.14938574977633e-06
1.0811500244140626 8.707679096712833e-06
1.0821500244140625 8.667138236988749e-06
1.0831500244140626 8.400303195230662e-06
1.0841500244140625 7.652430471757221e-06
1.0851500244140626 7.679839165777798e-06
1.0861500244140625 7.799729614311623e-06
1.0871500244140626 7.68018770031631e-06
1.0881500244140625 7.246105362557702e-06
1.0891500244140624 7.74297028935204e-06
1.0901500244140625 7.797323762335712e-06
1.0911500244140624 7.849697916147609e-06
1.0921500244140625 7.658300779035523e-06
1.0931500244140624 7.870632560095854e-06
1.0941500244140625 7.906062140439948e-06
1.0951500244140624 7.519630146109396e-06
1.0961500244140625 7.415761485592358e-06
1.0971500244140624 6.940856239654951e-06
1.0981500244140625 7.252664460490147e-06
1.0991500244140624 6.977701494987639e-06
1.1001500244140625 7.572263518037895e-06
1.1011500244140624 7.415343425236643e-06
1.1021500244140625 7.829701385667755e-06
1.1031500244140624 7.914559165429738e-06
1.1041500244140625 8.023012584696214e-06
1.1051500244140624 8.009123396024936e-06
1.1061500244140625 7.72506218507058e-06
1.1071500244140624 7.457437136003539e-06
1.1081500244140625 7.535553433828884e-06
1.1091500244140624 7.5478692047504905e-06
1.1101500244140625 7.5699331419956355e-06
1.1111500244140624 7.361084507364365e-06
1.1121500244140625 7.415964112927516e-06
1.1131500244140624 7.653764138619104e-06
1.1141500244140625 7.695574830803606e-06
1.1151500244140624 8.052634075284005e-06
1.1161500244140625 8.74032292308079e-06
1.1171500244140624 9.392609871510002e-06
1.1181500244140625 1.0134671465493738e-05
1.1191500244140624 1.038497669570562e-05
1.1201500244140625 1.0911764499420922e-05
1.1211500244140624 1.1162886835841666e-05
1.1221500244140625 1.1948840045887562e-05
1.1231500244140624 1.2000841088593006e-05
1.1241500244140625 1.2370695541095405e-05
1.1251500244140624 1.2656757737406428e-05
1.1261500244140625 1.3320315499893492e-05
1.1271500244140624 1.3798903156485821e-05
1.1281500244140625 1.3713589869439601e-05
1.1291500244140624 1.3849453276230229e-05
1.1301500244140625 1.3936976643486156e-05
1.1311500244140624 1.4135391037497256e-05
1.1321500244140625 1.4542589843687086e-05
1.1331500244140624 1.4743625393344297e-05
1.1341500244140625 1.5334259822136827e-05
1.1351500244140624 1.493698878524204e-05
1.1361500244140625 1.5146694430667496e-05
1.1371500244140624 1.438500333784355e-05
1.1381500244140625 1.4323827862325643e-05
1.1391500244140624 1.3896105681649511e-05
1.1401500244140625 1.4067823455358545e-05
1.1411500244140624 1.4165491253758471e-05
1.1421500244140625 1.3690071258073052e-05
1.1431500244140624 1.358452809250189e-05
1.1441500244140625 1.2582947642335462e-05
1.1451500244140624 1.226351965063562e-05
1.1461500244140626 1.1499578378991122e-05
1.1471500244140624 1.1514701052672335e-05
1.1481500244140626 1.0986841257868542e-05
1.1491500244140624 1.073641340351767e-05
1.1501500244140626 1.0546111087832186e-05
1.1511500244140624 1.0056599146789973e-05
1.1521500244140626 9.24556360890468e-06
1.1531500244140624 8.820750259069931e-06
1.1541500244140626 8.596968966432743e-06
1.1551500244140624 8.539328183461393e-06
1.1561500244140626 8.389013366670244e-06
1.1571500244140625 8.534250405824018e-06
1.1581500244140626 8.838844563191135e-06
1.1591500244140625 8.748226229929262e-06
1.1601500244140626 8.72234729791267e-06
1.1611500244140625 8.21303233452555e-06
1.1621500244140626 8.155515598547128e-06
1.1631500244140625 7.640216176191136e-06
1.1641500244140626 7.721848734137085e-06
1.1651500244140625 7.559016359866493e-06
1.1661500244140626 7.575764062090051e-06
1.1671500244140625 7.2521113583611125e-06
1.1681500244140626 7.075148427651989e-06
1.1691500244140625 6.8331844845993666e-06
1.1701500244140626 7.050641191502412e-06
1.1711500244140625 6.891594578822454e-06
1.1721500244140626 7.17016887695839e-06
1.1731500244140625 7.366304635070264e-06
1.1741500244140626 7.804081089691155e-06
1.1751500244140625 7.754337534101472e-06
1.1761500244140626 7.793216629781657e-06
1.1771500244140625 7.452436968580716e-06
1.1781500244140626 7.505323543834189e-06
1.1791500244140625 7.273698639538554e-06
1.1801500244140626 7.516178043766156e-06
1.1811500244140625 7.697214281910825e-06
1.1821500244140626 7.646507777584095e-06
1.1831500244140625 7.788187811254627e-06
1.1841500244140626 8.347147571233413e-06
1.1851500244140625 8.499474497511982e-06
1.1861500244140626 8.049687862189278e-06
1.1871500244140625 7.733737842904195e-06
1.1881500244140626 7.661048439331353e-06
1.1891500244140625 7.89164151582453e-06
1.1901500244140626 7.800397062156764e-06
1.1911500244140625 7.930702154731587e-06
1.1921500244140626 8.142468868754803e-06
1.1931500244140625 7.72835208206541e-06
1.1941500244140626 7.558064599935379e-06
1.1951500244140625 7.551271377855704e-06
1.1961500244140626 8.002276299521327e-06
1.1971500244140625 8.171793564947116e-06
1.1981500244140626 8.101756878507635e-06
1.1991500244140625 7.881733149083125e-06
1.2001500244140626 7.70596444555041e-06
1.2011500244140625 7.998306601722208e-06
1.2021500244140626 8.008109806622896e-06
1.2031500244140625 8.160580311798388e-06
1.2041500244140626 8.16394135148989e-06
1.2051500244140625 8.506133777296379e-06
1.2061500244140626 8.288917209332188e-06
1.2071500244140625 8.177301885249713e-06
1.2081500244140626 7.752095245652729e-06
1.2091500244140625 8.064952497887942e-06
1.2101500244140626 7.63090793043375e-06
1.2111500244140625 7.76397478249338e-06
1.2121500244140626 7.492899959389535e-06
1.2131500244140625 7.852719281800091e-06
1.2141500244140624 7.829354856059783e-06
1.2151500244140625 7.931009749881923e-06
1.2161500244140624 7.87818959603707e-06
1.2171500244140625 8.038475579168233e-06
1.2181500244140624 7.965036978324254e-06
1.2191500244140625 7.865828552490306e-06
1.2201500244140624 7.529654087395304e-06
1.2211500244140625 7.432991082573101e-06
1.2221500244140624 7.65312902836336e-06
1.2231500244140625 7.503061788156628e-06
1.2241500244140624 7.804698090896838e-06
1.2251500244140625 7.536994396812385e-06
1.2261500244140624 7.937569753266871e-06
1.2271500244140625 7.84976272067676e-06
1.2281500244140624 7.629666425701644e-06
1.2291500244140625 7.348667584463125e-06
1.2301500244140624 6.888852868643072e-06
1.2311500244140625 6.805809421671761e-06
1.2321500244140624 6.705822047984434e-06
1.2331500244140625 6.641218593964974e-06
1.2341500244140624 6.6959387752124006e-06
1.2351500244140625 6.476588702450195e-06
1.2361500244140624 6.768867412271598e-06
1.2371500244140625 6.664521448935071e-06
1.2381500244140624 6.951613856169085e-06
1.2391500244140625 6.762962633123001e-06
1.2401500244140624 7.0381574591414805e-06
1.2411500244140625 7.042673468175862e-06
1.2421500244140624 7.3002618349467716e-06
1.2431500244140625 7.242093108490938e-06
1.2441500244140624 7.109098821981914e-06
1.2451500244140625 7.1213142170260345e-06
1.2461500244140624 7.325527840293944e-06
1.2471500244140625 7.796754103360903e-06
1.2481500244140624 7.757537403247422e-06
1.2491500244140625 7.694031422336897e-06
1.2501500244140624 7.529934583645727e-06
1.2511500244140625 7.906852988526226e-06
1.2521500244140624 8.23864894401696e-06
1.2531500244140625 8.560649908354714e-06
1.2541500244140624 8.748149589842393e-06
1.2551500244140625 8.895010946111548e-06
1.2561500244140624 8.552482597426408e-06
1.2571500244140625 8.722688718181517e-06
1.2581500244140624 8.779944748514227e-06
1.2591500244140625 9.47153907165759e-06
1.2601500244140624 9.229313452831571e-06
1.2611500244140625 9.421039269202285e-06
1.2621500244140624 9.733097071552441e-06
1.2631500244140625 1.0081158123082584e-05
1.2641500244140624 1.0055287081437808e-05
1.2651500244140625 9.560784932950306e-06
1.2661500244140624 9.561959951598611e-06
1.2671500244140625 9.623818655705288e-06
1.2681500244140624 9.337116369149752e-06
1.2691500244140625 9.0333179751825e-06
1.2701500244140624 8.572973504972956e-06
1.2711500244140626 8.480897651881807e-06
1.2721500244140624 8.321786558048593e-06
1.2731500244140626 8.20848469932874e-06
1.2741500244140624 8.667751681059599e-06
1.2751500244140626 8.785671347545252e-06
1.2761500244140624 8.724429191918008e-06
1.2771500244140626 8.280883711348805e-06
1.2781500244140624 7.739827528388965e-06
1.2791500244140626 7.479004497225914e-06
1.2801500244140624 7.681925393020113e-06
1.2811500244140626 7.961332513433365e-06
1.2821500244140625 8.040592009719046e-06
1.2831500244140626 7.88482229432298e-06
1.2841500244140625 7.542813416673906e-06
1.2851500244140626 7.535854626136521e-06
1.2861500244140625 6.942503451783625e-06
1.2871500244140626 7.158329632754127e-06
1.2881500244140625 6.620587405955625e-06
1.2891500244140626 7.137758722011414e-06
1.2901500244140625 7.12484438231008e-06
1.2911500244140626 7.471251624843314e-06
1.2921500244140625 7.183518739313716e-06
1.2931500244140626 7.306343565384546e-06
1.2941500244140625 7.201556258627939e-06
1.2951500244140626 7.1891273061434426e-06
1.2961500244140625 6.9995082837219035e-06
1.2971500244140626 7.168701073775689e-06
1.2981500244140625 7.496856786828074e-06
1.2991500244140626 7.90177986750172e-06
1.3001500244140625 8.098022080957889e-06
1.3011500244140626 8.17023334093392e-06
1.3021500244140625 8.542867144569754e-06
1.3031500244140626 8.533275298153361e-06
1.3041500244140625 8.497417891501553e-06
1.3051500244140626 8.416512799966666e-06
1.3061500244140625 8.98451770707551e-06
1.3071500244140626 9.486515256058838e-06
1.3081500244140625 9.42844270159387e-06
1.3091500244140626 1.0028906787435214e-05
1.3101500244140625 1.0283498235771225e-05
1.3111500244140626 1.0685241302578815e-05
1.3121500244140625 1.03914899389363e-05
1.3131500244140626 1.0350658234933184e-05
1.3141500244140625 1.0391022854795058e-05
1.3151500244140626 1.047848859646668e-05
1.3161500244140625 1.0494582303282285e-05
1.3171500244140626 1.073671129739119e-05
1.3181500244140625 1.0759971725444e-05
1.3191500244140626 1.0725000110040938e-05
1.3201500244140625 1.0329245124012231e-05
1.3211500244140626 1.019325922243297e-05
1.3221500244140625 1.0018928442150355e-05
1.3231500244140626 9.874391382456652e-06
1.3241500244140625 9.936099716772635e-06
1.3251500244140626 9.78843962204539e-06
1.3261500244140625 9.569242570756209e-06
1.3271500244140626 9.248902917736106e-06
1.3281500244140625 9.19344931996117e-06
1.3291500244140626 8.873338423048457e-06
1.3301500244140625 8.640727222276232e-06
1.3311500244140626 8.301794231455359e-06
1.3321500244140625 8.462161381935908e-06
1.3331500244140626 7.923587108962238e-06
1.3341500244140625 7.767715336134037e-06
1.3351500244140626 7.712363407740161e-06
1.3361500244140625 8.085320393244426e-06
1.3371500244140626 8.429750386211608e-06
1.3381500244140625 8.086795375371973e-06
1.3391500244140624 8.044137244319751e-06
1.3401500244140625 7.67729484424409e-06
1.3411500244140624 7.637036938427223e-06
1.3421500244140625 7.625174928560024e-06
1.3431500244140624 7.523366819239324e-06
1.3441500244140625 7.734900573268532e-06
1.3451500244140624 7.356200819938547e-06
1.3461500244140625 7.734675374295978e-06
1.3471500244140624 7.769348255048195e-06
1.3481500244140625 8.349443346055019e-06
1.3491500244140624 8.305934477700955e-06
1.3501500244140625 8.629206503327523e-06
1.3511500244140624 8.282064809463919e-06
1.3521500244140625 8.738452387559745e-06
1.3531500244140624 8.323354995809495e-06
1.3541500244140625 8.713672222155664e-06
1.3551500244140624 8.34624289483246e-06
1.3561500244140625 8.829206409346727e-06
1.3571500244140624 8.837828192756408e-06
1.3581500244140625 9.074923970426122e-06
1.3591500244140624 8.875687554892566e-06
1.3601500244140625 9.08542463245491e-06
1.3611500244140624 9.025159912804762e-06
1.3621500244140625 8.886596446649897e-06
1.3631500244140624 9.22366226505902e-06
1.3641500244140625 9.903106191712948e-06
1.3651500244140624 1.0929083348148397e-05
1.3661500244140625 1.0755779739055366e-05
1.3671500244140624 1.050760866039329e-05
1.3681500244140625 9.80573751601494e-06
1.3691500244140624 9.787825595897932e-06
1.3701500244140625 1.0111527840813828e-05
1.3711500244140624 1.0953845663203133e-05
1.3721500244140625 1.1477273268004257e-05
1.3731500244140624 1.1176161545639236e-05
1.3741500244140625 1.128254833424257e-05
1.3751500244140624 1.1807686209471689e-05
1.3761500244140625 1.2774002453726197e-05
1.3771500244140624 1.2313594601841436e-05
1.3781500244140625 1.2077867933031584e-05
1.3791500244140624 1.1768574412498208e-05
1.3801500244140625 1.1927813239809537e-05
1.3811500244140624 1.2337274383753539e-05
1.3821500244140625 1.2334108921802705e-05
1.3831500244140624 1.265279573595358e-05
1.3841500244140625 1.201330218464136e-05
1.3851500244140624 1.1668104497301909e-05
1.3861500244140625 1.1383109829492038e-05
1.3871500244140624 1.1255389545112848e-05
1.3881500244140625 1.1378226077391042e-05
1.3891500244140624 1.1113222766046722e-05
1.3901500244140625 1.0863793237755697e-05
1.3911500244140624 1.0552283298845093e-05
1.3921500244140625 1.0363443482977649e-05
1.3931500244140624 1.0174123259882133e-05
1.3941500244140625 9.775515581067237e-06
1.3951500244140624 9.795012043064668e-06
1.3961500244140626 9.63926968526923e-06
1.3971500244140624 9.82480162444214e-06
1.3981500244140626 9.373042525516616e-06
1.3991500244140624 9.438998790250884e-06
1.4001500244140626 8.956654734599092e-06
1.4011500244140624 9.066328057087957e-06
1.4021500244140626 9.00749311161538e-06
1.4031500244140624 9.182518891369303e-06
1.4041500244140626 8.77133305443244e-06
1.4051500244140624 8.564999766854778e-06
1.4061500244140626 8.109261204178134e-06
1.4071500244140625 8.12080410671317e-06
1.4081500244140626 8.520102193061676e-06
1.4091500244140625 8.429868677113618e-06
1.4101500244140626 8.988374934738709e-06
1.4111500244140625 8.357124558339517e-06
1.4121500244140626 8.633112172699637e-06
1.4131500244140625 8.54598901545008e-06
1.4141500244140626 8.807860431261361e-06
1.4151500244140625 8.80811331121044e-06
1.4161500244140626 8.35055543575436e-06
1.4171500244140625 8.121503698122172e-06
1.4181500244140626 8.350955775111085e-06
1.4191500244140625 8.970313485608332e-06
1.4201500244140626 9.269209306997558e-06
1.4211500244140625 8.64393032518112e-06
1.4221500244140626 8.368762210011482e-06
1.4231500244140625 8.170352601963613e-06
1.4241500244140626 8.780381435321436e-06
1.4251500244140625 8.302408257602817e-06
1.4261500244140626 8.138032151489622e-06
1.4271500244140625 7.665483669067422e-06
1.4281500244140626 7.890915213566688e-06
1.4291500244140625 8.084626751951873e-06
1.4301500244140626 8.28759932321393e-06
1.4311500244140625 8.249788532137044e-06
1.4321500244140626 7.67455720860097e-06
1.4331500244140625 7.98841705545783e-06
1.4341500244140626 8.286249746258059e-06
1.4351500244140625 8.954353139011398e-06
1.4361500244140626 8.778478238835102e-06
1.4371500244140625 8.680857135914266e-06
1.4381500244140626 8.41643700065712e-06
1.4391500244140625 8.698005048144195e-06
1.4401500244140626 9.234987600292597e-06
1.4411500244140625 9.393374008747437e-06
1.4421500244140626 9.185694571998384e-06
1.4431500244140625 8.432817606565853e-06
1.4441500244140626 8.488936776605745e-06
1.4451500244140625 8.587359269667003e-06
1.4461500244140626 8.544992888346314e-06
1.4471500244140625 8.2595280966618e-06
1.4481500244140626 8.075143947886923e-06
1.4491500244140625 7.767928893574411e-06
1.4501500244140626 8.017257981312771e-06
1.4511500244140625 7.779645190263787e-06
1.4521500244140626 8.10241650065614e-06
1.4531500244140625 8.066418102114566e-06
1.4541500244140626 8.449017251324323e-06
1.4551500244140625 8.635047189373937e-06
1.4561500244140626 8.332691051893764e-06
1.4571500244140625 8.226373659757277e-06
1.4581500244140626 8.837865057608322e-06
1.4591500244140625 9.17372093277259e-06
1.4601500244140626 9.416024937915305e-06
1.4611500244140625 8.99625741617961e-06
1.4621500244140626 9.201577631756663e-06
1.4631500244140625 8.571947239235872e-06
1.4641500244140624 8.569055482641692e-06
1.4651500244140625 8.470784329498808e-06
1.4661500244140624 9.125641016806994e-06
1.4671500244140625 9.02326467136542e-06
1.4681500244140624 8.95145517360005e-06
1.4691500244140625 8.941601457384726e-06
1.4701500244140624 8.985710058671733e-06
1.4711500244140625 8.89672613185313e-06
1.4721500244140624 8.779406974402568e-06
1.4731500244140625 8.687561170922387e-06
1.4741500244140624 8.624693275325828e-06
1.4751500244140625 8.739429888212019e-06
1.4761500244140624 8.888019753309587e-06
1.4771500244140625 9.308372908789251e-06
1.4781500244140624 9.201109383462205e-06
1.4791500244140625 8.990417700260878e-06
1.4801500244140624 9.090566309168934e-06
1.4811500244140625 8.672731605151462e-06
1.4821500244140624 8.814363908540043e-06
1.4831500244140625 8.447918226011098e-06
1.4841500244140624 8.714886175261602e-06
1.4851500244140625 8.466439903713762e-06
1.4861500244140624 8.73779845682697e-06
1.4871500244140625 8.983839587825868e-06
1.4881500244140624 9.24168335687783e-06
1.4891500244140625 9.037702952304649e-06
1.4901500244140624 8.801466578410733e-06
1.4911500244140625 9.067226783372461e-06
1.4921500244140624 9.49429283435974e-06
1.4931500244140625 1.000059050663064e-05
1.4941500244140624 1.0162573695803683e-05
1.4951500244140625 1.00748797154261e-05
1.4961500244140624 9.879636086730493e-06
1.4971500244140625 9.770754711805945e-06
1.4981500244140624 9.44881176110357e-06
1.4991500244140625 9.009851492010057e-06
1.5001500244140624 9.12362800186707e-06
1.5011500244140625 8.988298100626302e-06
1.5021500244140624 9.115712794785698e-06
1.5031500244140625 8.852745070018702e-06
1.5041500244140624 8.972588952423797e-06
1.5051500244140625 9.316229908209707e-06
1.5061500244140624 9.441218183686336e-06
1.5071500244140625 9.484324255026878e-06
1.5081500244140624 9.364819464584193e-06
1.5091500244140625 9.4080162105254e-06
1.5101500244140624 9.737972351205018e-06
1.5111500244140625 9.798324317671362e-06
1.5121500244140624 9.853275195281541e-06
1.5131500244140625 9.70619277925127e-06
1.5141500244140624 1.0026548665741252e-05
1.5151500244140625 1.0028854659241105e-05
1.5161500244140624 1.032311980250395e-05
1.5171500244140625 1.0077929214781358e-05
1.5181500244140624 9.813491035149328e-06
1.5191500244140625 9.585038771749372e-06
1.5201500244140624 9.50621518616875e-06
1.5211500244140626 9.934126800443565e-06
1.5221500244140624 9.198105350757639e-06
1.5231500244140626 9.282031678594649e-06
1.5241500244140624 8.728990150201652e-06
1.5251500244140626 9.46763159138047e-06
1.5261500244140624 9.513662015605304e-06
1.5271500244140626 1.0064271304549444e-05
1.5281500244140624 9.97819478571829e-06
1.5291500244140626 9.825028116918273e-06
1.5301500244140624 9.586185656694902e-06
1.5311500244140626 9.446361283254292e-06
1.5321500244140625 9.266741948926612e-06
1.5331500244140626 9.26613781808151e-06
1.5341500244140625 9.442629978164201e-06
1.5351500244140626 9.307061878239943e-06
1.5361500244140625 9.16249972457687e-06
1.5371500244140626 8.91913200676855e-06
1.5381500244140625 9.891493504659996e-06
1.5391500244140626 1.0076718948160608e-05
1.5401500244140625 1.0129019372268684e-05
1.5411500244140626 9.510802531925342e-06
1.5421500244140625 9.228277291792133e-06
1.5431500244140626 9.67759716634949e-06
1.5441500244140625 1.0097295356293518e-05
1.5451500244140626 1.0358761388084126e-05
1.5461500244140625 9.785224101506175e-06
1.5471500244140626 9.229886927641928e-06
1.5481500244140625 9.065254190419283e-06
1.5491500244140626 9.595647764702638e-06
1.5501500244140625 1.0012407502573398e-05
1.5511500244140626 1.0371406743716861e-05
1.5521500244140625 1.0469843400642276e-05
1.5531500244140626 1.0554843401122425e-05
1.5541500244140625 1.0737666161730886e-05
1.5551500244140626 1.02711877035391e-05
1.5561500244140625 1.0637415948116946e-05
1.5571500244140626 1.0373524209070539e-05
1.5581500244140625 1.1178515010720326e-05
1.5591500244140626 1.0712598773857785e-05
1.5601500244140625 1.1084798413018387e-05
1.5611500244140626 1.1344204993090696e-05
1.5621500244140625 1.1445325217209757e-05
1.5631500244140626 1.1539556694010066e-05
1.5641500244140625 1.0869328850983744e-05
1.5651500244140626 1.0587025705414514e-05
1.5661500244140625 1.0627257547134327e-05
1.5671500244140626 1.0331077048451535e-05
1.5681500244140625 1.0847630651874675e-05
1.5691500244140626 1.061075612799161e-05
1.5701500244140625 1.1037241589898865e-05
1.5711500244140626 1.071743874086274e-05
1.5721500244140625 1.0889515461814075e-05
1.5731500244140626 1.06291908175788e-05
1.5741500244140625 1.1541424771874316e-05
1.5751500244140626 1.1627565901209086e-05
1.5761500244140625 1.1977657882703676e-05
1.5771500244140626 1.1156235446429087e-05
1.5781500244140625 1.0407153879188828e-05
1.5791500244140626 1.0185770612830917e-05
1.5801500244140625 1.0297212219383156e-05
1.5811500244140626 1.0946270388861496e-05
1.5821500244140625 1.1138371321269206e-05
1.5831500244140626 1.101525843195203e-05
1.5841500244140625 1.0678636285269426e-05
1.5851500244140626 1.011454442050308e-05
1.5861500244140625 1.0848047030675744e-05
1.5871500244140626 1.0755816345206565e-05
1.5881500244140625 1.1053409737845262e-05
1.5891500244140624 1.0729579824126428e-05
1.5901500244140625 1.1119514755490755e-05
1.5911500244140624 1.1524408667658765e-05
1.5921500244140625 1.1651830799463724e-05
1.5931500244140624 1.148430611162136e-05
1.5941500244140625 1.1698467359464203e-05
1.5951500244140624 1.129392812597669e-05
1.5961500244140625 1.1419737323497732e-05
1.5971500244140624 1.0890146885584627e-05
1.5981500244140625 1.1312002768843537e-05
1.5991500244140624 1.1371359448983436e-05
1.6001500244140625 1.1856549988604253e-05
1.6011500244140624 1.1643653399207527e-05
1.6021500244140625 1.1403117354752288e-05
1.6031500244140624 1.1710697241748373e-05
1.6041500244140625 1.139552235448112e-05
1.6051500244140624 1.2064577248464857e-05
1.6061500244140625 1.1179884831007157e-05
1.6071500244140624 1.2050659732065266e-05
1.6081500244140625 1.2145754234451383e-05
1.6091500244140624 1.2777528932525052e-05
1.6101500244140625 1.285936450585723e-05
1.6111500244140624 1.2850492235480084e-05
1.6121500244140625 1.3057958826215733e-05
1.6131500244140624 1.2637263086314003e-05
1.6141500244140625 1.3141420980294544e-05
1.6151500244140624 1.3235813239589334e-05
1.6161500244140625 1.3919892306956981e-05
1.6171500244140624 1.3770575686875319e-05
1.6181500244140625 1.4222505657623212e-05
1.6191500244140624 1.399657895995511e-05
1.6201500244140625 1.4195555510620277e-05
1.6211500244140624 1.394796780207091e-05
1.6221500244140625 1.4214732218533754e-05
1.6231500244140624 1.4498645517354209e-05
1.6241500244140625 1.509979444866379e-05
1.6251500244140624 1.5559887720478904e-05
1.6261500244140625 1.507126105328401e-05
1.6271500244140624 1.427730661816895e-05
1.6281500244140625 1.3996460086976488e-05
1.6291500244140624 1.378748242536353e-05
1.6301500244140625 1.4351015625935464e-05
1.6311500244140624 1.3719471171498299e-05
1.6321500244140625 1.4293486666348244e-05
1.6331500244140624 1.4280276761079829e-05
1.6341500244140625 1.4042511142583356e-05
1.6351500244140624 1.3581338959435623e-05
1.6361500244140625 1.3185381087371046e-05
1.6371500244140624 1.3770148830695284e-05
1.6381500244140625 1.3927329952518145e-05
1.6391500244140624 1.437792114706503e-05
1.6401500244140625 1.3833191219924223e-05
1.6411500244140624 1.3180513374714387e-05
1.6421500244140625 1.2291332241147757e-05
1.6431500244140624 1.2411833352719743e-05
1.6441500244140625 1.338935224339366e-05
1.6451500244140624 1.4070781051284737e-05
1.6461500244140626 1.398448987553517e-05
1.6471500244140624 1.3444076628527708e-05
1.6481500244140626 1.3077918879894747e-05
1.6491500244140624 1.3620360081808434e-05
1.6501500244140626 1.360303567101558e-05
1.6511500244140624 1.3755363438071475e-05
1.6521500244140626 1.369828228942222e-05
1.6531500244140624 1.3728812207571334e-05
1.6541500244140626 1.4034396735951305e-05
1.6551500244140624 1.4230521240582068e-05
1.6561500244140626 1.400427349532644e-05
1.6571500244140625 1.3365720191763507e-05
1.6581500244140626 1.2357488998936282e-05
1.6591500244140625 1.2570785539638664e-05
1.6601500244140626 1.3524391041654677e-05
1.6611500244140625 1.4531271169996922e-05
1.6621500244140626 1.5222157817333936e-05
1.6631500244140625 1.4787731148923438e-05
1.6641500244140626 1.3606467271327144e-05
1.6651500244140625 1.3212655062994193e-05
1.6661500244140626 1.2808373883470064e-05
1.6671500244140625 1.3838652133320767e-05
1.6681500244140626 1.3599551101732588e-05
1.6691500244140625 1.3798669032338594e-05
1.6701500244140626 1.3703247790949213e-05
1.6711500244140625 1.403230332976414e-05
1.6721500244140626 1.4246964258038336e-05
1.6731500244140625 1.4227399887103175e-05
1.6741500244140626 1.4564935376660694e-05
1.6751500244140625 1.5057283324292965e-05
1.6761500244140626 1.529390225186944e-05
1.6771500244140625 1.4579744569750296e-05
1.6781500244140626 1.3886582261572283e-05
1.6791500244140625 1.3313512188485925e-05
1.6801500244140626 1.2838955477087034e-05
1.6811500244140625 1.3073875387716626e-05
1.6821500244140626 1.3977316622104908e-05
1.6831500244140625 1.4681294431082075e-05
1.6841500244140626 1.476156331288318e-05
1.6851500244140625 1.4579135458916427e-05
1.6861500244140626 1.574155318343805e-05
1.6871500244140625 1.5628421032387347e-05
1.6881500244140626 1.538619541356133e-05
1.6891500244140625 1.4356604208134942e-05
1.6901500244140626 1.449083094485104e-05
1.6911500244140625 1.3960727697445286e-05
1.6921500244140626 1.4339691131479212e-05
1.6931500244140625 1.493940220421387e-05
1.6941500244140626 1.578666554349992e-05
1.6951500244140625 1.5151365660130978e-05
1.6961500244140626 1.4396731146714753e-05
1.6971500244140625 1.4418721095555358e-05
1.6981500244140626 1.5034589968207807e-05
1.6991500244140625 1.4682868883634608e-05
1.7001500244140626 1.4363051029957001e-05
1.7011500244140625 1.4015914380757345e-05
1.7021500244140626 1.4706077700894738e-05
1.7031500244140625 1.4871586786790026e-05
1.7041500244140626 1.4684593511952294e-05
1.7051500244140625 1.4800000289041137e-05
1.7061500244140626 1.5168513507685727e-05
1.7071500244140625 1.4643584533284108e-05
1.7081500244140626 1.5590816813831526e-05
1.7091500244140625 1.5502464569484192e-05
1.7101500244140626 1.6044915602025056e-05
1.7111500244140625 1.4574976715569695e-05
1.7121500244140626 1.5108318895929391e-05
1.7131500244140625 1.594884553924203e-05
1.7141500244140624 1.6629497727586163e-05
1.7151500244140625 1.644145555069877e-05
1.7161500244140624 1.6482501135518153e-05
1.7171500244140625 1.563808324539827e-05
1.7181500244140624 1.5018783225160505e-05
1.7191500244140625 1.4769078827359611e-05
1.7201500244140624 1.5796956657949424e-05
1.7211500244140625 1.582127788828479e-05
1.7221500244140624 1.6078723387585748e-05
1.7231500244140625 1.5197669983737999e-05
1.7241500244140624 1.5749178775068786e-05
1.7251500244140625 1.5814324401112067e-05
1.7261500244140624 1.682067225273285e-05
1.7271500244140625 1.7302892196716536e-05
1.7281500244140624 1.6979234448323647e-05
1.7291500244140625 1.627286999589867e-05
1.7301500244140624 1.557123666215274e-05
1.7311500244140625 1.5441247831202216e-05
1.7321500244140624 1.5821433367414606e-05
1.7331500244140625 1.6222111234027477e-05
1.7341500244140624 1.661733116230203e-05
1.7351500244140625 1.7006177869107985e-05
1.7361500244140624 1.6957253424657718e-05
1.7371500244140625 1.7281949985772372e-05
1.7381500244140624 1.8075544568192625e-05
1.7391500244140625 1.780168567266729e-05
1.7401500244140624 1.6722706819160117e-05
1.7411500244140625 1.5375117719587355e-05
1.7421500244140624 1.5520585519779062e-05
1.7431500244140625 1.642844885484212e-05
1.7441500244140624 1.758704013708565e-05
1.7451500244140625 1.8156180028907126e-05
1.7461500244140624 1.8855392182659776e-05
1.7471500244140625 1.7731925472617148e-05
1.7481500244140624 1.7781401078941094e-05
1.7491500244140625 1.7313187838428553e-05
1.7501500244140624 1.8521684299533566e-05
1.7511500244140625 1.8150502065610553e-05
1.7521500244140624 1.7390332132991816e-05
1.7531500244140625 1.7245718821262318e-05
1.7541500244140624 1.7429921103434434e-05
1.7551500244140625 1.801745319325063e-05
1.7561500244140624 1.7093671097730596e-05
1.7571500244140625 1.6923533338639468e-05
1.7581500244140624 1.7368722344852157e-05
1.7591500244140625 1.834134907565183e-05
1.7601500244140624 1.773430125063492e-05
1.7611500244140625 1.8516153407593568e-05
1.7621500244140624 1.7879690017758144e-05
1.7631500244140625 1.8754707804570597e-05
1.7641500244140624 1.7398198963039453e-05
1.7651500244140625 1.7549766667394176e-05
1.7661500244140624 1.7746331221941448e-05
1.7671500244140625 1.8920263456594616e-05
1.7681500244140624 1.9874531232441462e-05
1.7691500244140625 2.00470965096934e-05
1.7701500244140624 1.8408763118916088e-05
1.7711500244140626 1.8019705441676907e-05
1.7721500244140624 1.7413529050019052e-05
1.7731500244140626 1.8548079145451385e-05
1.7741500244140624 1.892649348721736e-05
1.7751500244140626 1.9141645558799307e-05
1.7761500244140624 1.953128311369154e-05
1.7771500244140626 1.853524539102283e-05
1.7781500244140624 1.8910828900213042e-05
1.7791500244140626 1.8508611246943475e-05
1.7801500244140624 1.931883782769243e-05
1.7811500244140626 1.812337768367595e-05
1.7821500244140625 1.8685406539589168e-05
1.7831500244140626 1.841793988003499e-05
1.7841500244140625 1.9918107557007003e-05
1.7851500244140626 1.9509491847000186e-05
1.7861500244140625 1.9014421850442888e-05
1.7871500244140626 1.9678595191281704e-05
1.7881500244140625 1.9895221986290483e-05
1.7891500244140626 2.076878872079154e-05
1.7901500244140625 1.9098499970924527e-05
1.7911500244140626 1.904298447900348e-05
1.7921500244140625 1.8897543454335795e-05
1.7931500244140626 1.9656385605533916e-05
1.7941500244140625 1.9658402177608674e-05
1.7951500244140626 2.0310432236227723e-05
1.7961500244140625 2.0728428951568078e-05
1.7971500244140626 2.108308577185704e-05
1.7981500244140625 2.0639505625392e-05
1.7991500244140626 1.9917601150357062e-05
1.8001500244140625 2.0068129912639655e-05
1.8011500244140626 2.1247238877953752e-05
1.8021500244140625 2.247140665228168e-05
1.8031500244140626 2.2467592368937204e-05
1.8041500244140625 2.1800967709471784e-05
1.8051500244140626 2.1585666626277895e-05
1.8061500244140625 2.2228166667951475e-05
1.8071500244140626 2.2743324645691446e-05
1.8081500244140625 2.261799449721972e-05
1.8091500244140626 2.1971243097343376e-05
1.8101500244140625 2.2754709676115047e-05
1.8111500244140626 2.332017433622645e-05
1.8121500244140625 2.3914058951454028e-05
1.8131500244140626 2.396850898447964e-05
1.8141500244140625 2.4754451070394778e-05
1.8151500244140626 2.5816165531675018e-05
1.8161500244140625 2.4872700062890848e-05
1.8171500244140626 2.42660155830284e-05
1.8181500244140625 2.4518647955523595e-05
1.8191500244140626 2.6659470103267166e-05
1.8201500244140625 2.8228622395545243e-05
1.8211500244140626 2.6884677871647813e-05
1.8221500244140625 2.6192441323979036e-05
1.8231500244140626 2.4831988331344394e-05
1.8241500244140625 2.5460352707240317e-05
1.8251500244140626 2.6419283563478124e-05
1.8261500244140625 2.7253019054316808e-05
1.8271500244140626 2.749890451216035e-05
1.8281500244140625 2.6695336887819898e-05
1.8291500244140626 2.6806833274248573e-05
1.8301500244140625 2.6860683380315698e-05
1.8311500244140626 2.7667985866881073e-05
1.8321500244140625 2.7741838194843792e-05
1.8331500244140626 2.904018050887518e-05
1.8341500244140625 2.6904529012325738e-05
1.8351500244140626 2.725576567980978e-05
1.8361500244140625 2.5613063222004306e-05
1.8371500244140626 2.664962757585777e-05
1.8381500244140625 2.556075109168887e-05
1.8391500244140624 2.6289510230223335e-05
1.8401500244140625 2.7830063675840696e-05
1.8411500244140624 2.9117299968169796e-05
1.8421500244140625 2.9773743202288947e-05
1.8431500244140624 2.837721879283587e-05
1.8441500244140625 2.7767524330152403e-05
1.8451500244140624 2.653272537928488e-05
1.8461500244140625 2.6203237422224543e-05
1.8471500244140624 2.5431525427848102e-05
1.8481500244140625 2.7308549680229685e-05
1.8491500244140624 2.7971118947284087e-05
1.8501500244140625 2.861087650267614e-05
1.8511500244140624 2.6359404695944653e-05
1.8521500244140625 2.6770165552281668e-05
1.8531500244140624 2.6532435893184604e-05
1.8541500244140625 2.8125755747573242e-05
1.8551500244140624 2.7296659277959e-05
1.8561500244140625 2.9238086814681688e-05
1.8571500244140624 2.8559394284254977e-05
1.8581500244140625 3.0105462711718347e-05
1.8591500244140624 2.87832681917482e-05
1.8601500244140625 2.8131961977730193e-05
1.8611500244140624 2.7219061222341326e-05
1.8621500244140625 2.8101762291043995e-05
1.8631500244140624 2.9537172263695132e-05
1.8641500244140625 2.9251083421210445e-05
1.8651500244140624 2.7748501290463735e-05
1.8661500244140625 2.8126125689595936e-05
1.8671500244140624 2.657575351703498e-05
1.8681500244140625 2.9304762526104846e-05
1.8691500244140624 2.8177923522889613e-05
1.8701500244140625 3.102040461574992e-05
1.8711500244140624 2.9467321259693968e-05
1.8721500244140625 2.961602113727066e-05
1.8731500244140624 2.8492961234102644e-05
1.8741500244140625 2.76971577356259e-05
1.8751500244140624 2.7958360086712576e-05
1.8761500244140625 2.6850284387667975e-05
1.8771500244140624 2.756084781140089e-05
1.8781500244140625 2.786177210509777e-05
1.8791500244140624 2.8146277699205615e-05
1.8801500244140625 2.7546101094534e-05
1.8811500244140624 2.723498787317011e-05
1.8821500244140625 2.7761767721838417e-05
1.8831500244140624 2.7919813162750664e-05
1.8841500244140625 2.7719375470446215e-05
1.8851500244140624 2.754096769624286e-05
1.8861500244140625 2.8778132206449904e-05
1.8871500244140624 2.8487969862504137e-05
1.8881500244140625 2.88737089269691e-05
1.8891500244140624 2.8687295659134783e-05
1.8901500244140625 2.9138983227312564e-05
1.8911500244140624 3.039289421091477e-05
1.8921500244140625 2.977834859242042e-05
1.8931500244140624 3.1444464241051016e-05
1.8941500244140625 3.025054077928265e-05
1.8951500244140624 2.9383879931022726e-05
1.8961500244140626 2.7086873435311854e-05
1.8971500244140624 2.723699047540625e-05
1.8981500244140626 2.86407890315685e-05
1.8991500244140624 2.991661920936571e-05
1.9001500244140626 3.006037660977906e-05
1.9011500244140624 2.8964665511416062e-05
1.9021500244140626 2.8675078776561547e-05
1.9031500244140624 2.8509897852523457e-05
1.9041500244140626 3.0925601410369076e-05
1.9051500244140624 3.169421908549137e-05
1.9061500244140626 3.054271581479245e-05
1.9071500244140625 2.9835859054906503e-05
1.9081500244140626 2.9046984596384898e-05
1.9091500244140625 3.134408344825109e-05
1.9101500244140626 3.0480083336846697e-05
1.9111500244140625 3.0201722402125598e-05
1.9121500244140626 2.8548477890176902e-05
1.9131500244140625 2.7107120129383274e-05
1.9141500244140626 2.7110020940502485e-05
1.9151500244140625 2.7465168645398487e-05
1.9161500244140626 2.806189288902614e-05
1.9171500244140625 2.9451760670377147e-05
1.9181500244140626 3.137689083814621e-05
1.9191500244140625 3.275705992968546e-05
1.9201500244140626 3.2065680974887474e-05
1.9211500244140625 3.0774503118462026e-05
1.9221500244140626 3.0388862101568113e-05
1.9231500244140625 3.142945675386323e-05
1.9241500244140626 3.220141787702838e-05
1.9251500244140625 3.256468361036645e-05
1.9261500244140626 3.098172704792685e-05
1.9271500244140625 3.09481536452141e-05
1.9281500244140626 3.218783893518977e-05
1.9291500244140625 3.5011878806269835e-05
1.9301500244140626 3.510739783652955e-05
1.9311500244140625 3.4570065585689416e-05
1.9321500244140626 3.341438533324334e-05
1.9331500244140625 3.318751851717631e-05
1.9341500244140626 3.243917418229911e-05
1.9351500244140625 3.14770732074976e-05
1.9361500244140626 3.269243183442289e-05
1.9371500244140625 3.2665129595746596e-05
1.9381500244140626 3.259905639828907e-05
1.9391500244140625 3.26307009284695e-05
1.9401500244140626 3.3885673878507485e-05
1.9411500244140625 3.7138295463389814e-05
1.9421500244140626 3.7703247896085185e-05
1.9431500244140625 3.742036720116933e-05
1.9441500244140626 3.6589682050463225e-05
1.9451500244140625 3.649289849110775e-05
1.9461500244140626 3.886602172214124e-05
1.9471500244140625 3.852972734926475e-05
1.9481500244140626 3.75820297954811e-05
1.9491500244140625 3.6434464467068515e-05
1.9501500244140626 3.714427326081528e-05
1.9511500244140625 3.859040793031454e-05
1.9521500244140626 3.956605576806598e-05
1.9531500244140625 3.7689652656101524e-05
1.9541500244140626 3.645151801821258e-05
1.9551500244140625 3.3750090903292096e-05
1.9561500244140626 3.5273836304744083e-05
1.9571500244140625 3.674874289168252e-05
1.9581500244140626 3.929442182804148e-05
1.9591500244140625 3.825746088599166e-05
1.9601500244140626 3.891911512861649e-05
1.9611500244140625 3.751689180110892e-05
1.9621500244140626 3.8422140965445174e-05
1.9631500244140625 3.715381000397934e-05
1.9641500244140624 3.829435781679219e-05
1.9651500244140625 3.796949310021268e-05
1.9661500244140624 3.734039763609568e-05
1.9671500244140625 3.637993216721548e-05
1.9681500244140624 3.697424920068847e-05
1.9691500244140625 3.7493544578966166e-05
1.9701500244140624 3.500342472559876e-05
1.9711500244140625 3.3662048841102255e-05
1.9721500244140624 3.257749783289102e-05
1.9731500244140625 3.449782548058364e-05
1.9741500244140624 3.468791203987267e-05
1.9751500244140625 3.5395284390283955e-05
1.9761500244140624 3.4188902160773676e-05
1.9771500244140625 3.390646539628506e-05
1.9781500244140624 3.401168673816655e-05
1.9791500244140625 3.521167000548707e-05
1.9801500244140624 3.403863352206018e-05
1.9811500244140625 3.390329476031992e-05
1.9821500244140624 3.47334883796672e-05
1.9831500244140625 3.8070310838520525e-05
1.9841500244140624 3.758427273068164e-05
1.9851500244140625 3.4976946707401016e-05
1.9861500244140624 3.210116539978318e-05
1.9871500244140625 3.152750199660659e-05
1.9881500244140624 3.309577988046739e-05
1.9891500244140625 3.549342198918263e-05
1.9901500244140624 3.770833550434973e-05
1.9911500244140625 3.842545362810295e-05
1.9921500244140624 3.6008422418187063e-05
1.9931500244140625 3.39867554915448e-05
1.9941500244140624 3.359917551279068e-05
1.9951500244140625 3.398997140013509e-05
1.9961500244140624 3.525698169444998e-05
1.9971500244140625 3.4541420431600674e-05
1.9981500244140624 3.459130801881353e-05
1.9991500244140625 3.50696601284047e-05
2.0001500244140624 3.419381333515048e-05
2.0011500244140623 3.677713788217968e-05
2.0021500244140626 3.520866649018394e-05
2.0031500244140625 3.719103444988529e-05
2.0041500244140624 3.508837220983373e-05
2.0051500244140623 3.4837576871116955e-05
2.0061500244140626 3.455108005760444e-05
2.0071500244140625 3.6806418922626304e-05
2.0081500244140624 3.6487985505825944e-05
2.0091500244140623 3.6760231273041835e-05
2.0101500244140627 3.591854461572237e-05
2.0111500244140625 3.648142252738277e-05
2.0121500244140624 3.6848542125274736e-05
2.0131500244140623 3.558538000409802e-05
2.0141500244140627 3.606009064242244e-05
2.0151500244140625 3.6570119878484144e-05
2.0161500244140624 3.8976695181594955e-05
2.0171500244140623 3.8175129900789926e-05
2.0181500244140627 3.685398208391335e-05
2.0191500244140625 3.6521243034965455e-05
2.0201500244140624 3.811083785775635e-05
2.0211500244140623 3.887398349535134e-05
2.0221500244140627 3.7502603760610024e-05
2.0231500244140626 3.853239636454318e-05
2.0241500244140624 3.677777066412899e-05
2.0251500244140623 3.749485515678922e-05
2.0261500244140627 3.580331931718521e-05
2.0271500244140626 3.852671607294017e-05
2.0281500244140624 3.836549378724562e-05
2.0291500244140623 3.8301799860265517e-05
2.0301500244140627 3.677278886445694e-05
2.0311500244140626 3.718769669325815e-05
2.0321500244140625 3.845930228837662e-05
2.0331500244140623 3.76158787144555e-05
2.0341500244140627 3.730126863552464e-05
2.0351500244140626 3.803825963081585e-05
2.0361500244140625 4.21085418201983e-05
2.0371500244140623 4.2252370880709744e-05
2.0381500244140627 4.2124310146189396e-05
2.0391500244140626 3.935139264083571e-05
2.0401500244140625 3.993331920355558e-05
2.0411500244140623 3.995355580829912e-05
2.0421500244140627 4.0060955668903055e-05
2.0431500244140626 3.975946430323851e-05
2.0441500244140625 4.020216538467341e-05
2.0451500244140624 4.089681974922617e-05
2.0461500244140627 3.957288883005579e-05
2.0471500244140626 3.868828941550519e-05
2.04814990234375 3.8478698374496565e-05
2.04914990234375 4.013798975696166e-05
2.05014990234375 4.218076562715902e-05
2.05114990234375 4.086985330407818e-05
2.05214990234375 3.858096406070722e-05
2.05314990234375 3.667793624723951e-05
2.05414990234375 3.925868516994848e-05
2.05514990234375 4.245953841341867e-05
2.05614990234375 4.341707099229097e-05
2.05714990234375 4.487283476110962e-05
2.05814990234375 4.5298819637133026e-05
2.05914990234375 4.536048974841833e-05
2.06014990234375 4.182305264597137e-05
2.06114990234375 3.950605815690425e-05
2.06214990234375 4.0327028837054965e-05
2.06314990234375 4.224297849254476e-05
2.06414990234375 4.332035055591001e-05
2.06514990234375 4.248193180602458e-05
2.06614990234375 4.376753259243237e-05
2.06714990234375 4.272718163621095e-05
2.06814990234375 4.355803442498048e-05
2.06914990234375 4.404016253021028e-05
2.07014990234375 4.5936595803747574e-05
2.07114990234375 4.570688198631008e-05
2.07214990234375 4.5690849268188074e-05
2.07314990234375 4.3691378086805346e-05
2.07414990234375 4.2204620678805645e-05
2.07514990234375 4.0428040600899196e-05
2.07614990234375 4.257103195413947e-05
2.07714990234375 4.492600396689441e-05
2.07814990234375 4.551315731886361e-05
2.07914990234375 4.461308501453862e-05
2.08014990234375 4.3245886400755906e-05
2.08114990234375 4.188756872382429e-05
2.08214990234375 4.3645175949980815e-05
2.08314990234375 4.342129583367043e-05
2.08414990234375 4.458646083043681e-05
2.08514990234375 4.461845538268487e-05
2.08614990234375 4.605736583471298e-05
2.08714990234375 4.901811739222872e-05
2.08814990234375 4.771918420576387e-05
2.08914990234375 4.6525827298561734e-05
2.09014990234375 4.484959153665435e-05
2.09114990234375 4.440951161086559e-05
2.09214990234375 4.2381946825318865e-05
2.09314990234375 4.2919320468273426e-05
2.09414990234375 4.4331288275619345e-05
2.09514990234375 4.686333911700382e-05
2.09614990234375 4.5237822147707146e-05
2.09714990234375 4.612142271879647e-05
2.09814990234375 4.508524822692077e-05
2.09914990234375 4.681744819713964e-05
2.10014990234375 4.721959535446431e-05
2.10114990234375 4.8394375998112885e-05
2.10214990234375 4.561704169544908e-05
2.10314990234375 4.599632177915838e-05
2.10414990234375 4.6742383597625636e-05
2.10514990234375 4.730462665773101e-05
2.10614990234375 4.632379083583753e-05
2.10714990234375 4.638272078914775e-05
2.10814990234375 4.934799650477038e-05
2.10914990234375 4.8568417939047025e-05
2.11014990234375 4.723861813545227e-05
2.11114990234375 4.692258468518655e-05
2.11214990234375 4.750362338705195e-05
2.11314990234375 4.888701097418864e-05
2.11414990234375 4.747411546607812e-05
2.11514990234375 4.720453793803851e-05
2.11614990234375 4.6412839243809385e-05
2.11714990234375 4.834884725924996e-05
2.11814990234375 4.673220889849796e-05
2.11914990234375 4.8342573249505616e-05
2.12014990234375 4.652778204116556e-05
2.12114990234375 4.92520092262162e-05
2.12214990234375 4.742033262219693e-05
2.12314990234375 4.8260535630914895e-05
2.12414990234375 4.833915063904391e-05
2.12514990234375 4.8901338337196237e-05
2.12614990234375 5.027898845987187e-05
2.12714990234375 5.202736912502182e-05
2.12814990234375 5.184108494884438e-05
2.12914990234375 5.122484639286995e-05
2.13014990234375 5.02435149004062e-05
2.13114990234375 5.0927753456764755e-05
2.13214990234375 4.808877775859501e-05
2.13314990234375 4.685653451209267e-05
2.13414990234375 4.542314214631915e-05
2.13514990234375 4.727498214277957e-05
2.13614990234375 4.5955323407219526e-05
2.13714990234375 4.681856992344062e-05
2.13814990234375 4.752667103376653e-05
2.13914990234375 5.0850176873306436e-05
2.14014990234375 5.144442793809705e-05
2.14114990234375 5.2519836463034155e-05
2.14214990234375 5.203216284927395e-05
2.14314990234375 5.2426603312293694e-05
2.14414990234375 5.2536593543158646e-05
2.14514990234375 5.203143693506718e-05
2.14614990234375 5.2776512586408185e-05
2.14714990234375 5.3677087546222734e-05
2.14814990234375 5.4891054622001116e-05
2.14914990234375 5.2914436285694436e-05
2.15014990234375 5.163848348375823e-05
2.15114990234375 5.175041603959269e-05
2.15214990234375 5.4547830691768056e-05
2.15314990234375 5.4805690629614716e-05
2.15414990234375 5.497308085776038e-05
2.15514990234375 5.6809868353108566e-05
2.15614990234375 5.395744668526783e-05
2.15714990234375 4.933687237401803e-05
2.15814990234375 4.9598614892197985e-05
2.15914990234375 5.084148711628385e-05
2.16014990234375 5.447810050100088e-05
2.16114990234375 5.450410613169273e-05
2.16214990234375 5.886737929864063e-05
2.16314990234375 5.859303339901898e-05
2.16414990234375 5.79615289138423e-05
2.16514990234375 5.3490059864189883e-05
2.16614990234375 5.5585970791677634e-05
2.16714990234375 5.516957957297564e-05
2.16814990234375 5.91957237985399e-05
2.16914990234375 5.7244743220508096e-05
2.17014990234375 5.478408239367936e-05
2.17114990234375 5.433620833274391e-05
2.17214990234375 5.3317289178570105e-05
2.17314990234375 5.485111795779731e-05
2.17414990234375 5.206623062905338e-05
2.17514990234375 5.130630503926012e-05
2.17614990234375 5.0550046790805126e-05
2.17714990234375 5.07489415920443e-05
2.17814990234375 5.0410977047350666e-05
2.17914990234375 4.931520618912246e-05
2.18014990234375 4.757053839663665e-05
2.18114990234375 4.748266759432024e-05
2.18214990234375 4.81833993560738e-05
2.18314990234375 4.9033543715874356e-05
2.18414990234375 5.054276902228594e-05
2.18514990234375 4.956327430489991e-05
2.18614990234375 5.0527604503764055e-05
2.18714990234375 5.1025999192562376e-05
2.18814990234375 5.19076610604922e-05
2.18914990234375 5.133372628026538e-05
2.19014990234375 5.3657437674701214e-05
2.19114990234375 5.3072081775301025e-05
2.19214990234375 5.263095204201009e-05
2.19314990234375 5.221743291864793e-05
2.19414990234375 5.4161436855793e-05
2.19514990234375 5.719471308920119e-05
2.19614990234375 5.751157852096691e-05
2.19714990234375 5.793111864477396e-05
2.19814990234375 6.11413311627176e-05
2.19914990234375 6.320929309974114e-05
2.20014990234375 6.543260533362628e-05
2.20114990234375 6.267544554753436e-05
2.20214990234375 6.306433791501656e-05
2.20314990234375 6.364520432220566e-05
2.20414990234375 6.420765434288316e-05
2.20514990234375 6.833416409790516e-05
2.20614990234375 6.947047594520782e-05
2.20714990234375 7.133650127798319e-05
2.20814990234375 7.068441042469606e-05
2.20914990234375 7.366779260337353e-05
2.21014990234375 7.294498487479157e-05
2.21114990234375 7.265647097180287e-05
2.21214990234375 7.162834414177471e-05
2.21314990234375 7.24425854989224e-05
2.21414990234375 7.030458810428779e-05
2.21514990234375 7.065214734110568e-05
2.21614990234375 7.09285085192985e-05
2.21714990234375 7.400961023651891e-05
2.21814990234375 6.91652794679006e-05
2.21914990234375 7.078377685199181e-05
2.22014990234375 7.012751212136612e-05
2.22114990234375 7.335580626709593e-05
2.22214990234375 7.360484606275956e-05
2.22314990234375 7.145874719652865e-05
2.22414990234375 7.500675869070822e-05
2.22514990234375 7.856898734139072e-05
2.22614990234375 8.254418201330635e-05
2.22714990234375 8.056606062584454e-05
2.22814990234375 7.578924712207582e-05
2.22914990234375 7.56257368872563e-05
2.23014990234375 7.450512299935023e-05
2.23114990234375 7.684466377314594e-05
2.23214990234375 7.360935573362641e-05
2.23314990234375 7.849948842906288e-05
2.23414990234375 8.002845622185206e-05
2.23514990234375 8.067181282159356e-05
2.23614990234375 7.315882999036048e-05
2.23714990234375 7.561826198879216e-05
2.23814990234375 7.763911349078019e-05
2.23914990234375 8.406208000249334e-05
2.24014990234375 8.587266421980328e-05
2.24114990234375 8.962956205424336e-05
2.24214990234375 9.024950416965619e-05
2.24314990234375 8.993385100944176e-05
2.24414990234375 8.913900547971328e-05
2.24514990234375 8.85786173037357e-05
2.24614990234375 8.944374457415609e-05
2.24714990234375 8.97807643438379e-05
2.24814990234375 9.220505443712076e-05
2.24914990234375 8.668874183462724e-05
2.25014990234375 8.546119452350669e-05
2.25114990234375 8.7473104811377e-05
2.25214990234375 9.298309062918028e-05
2.25314990234375 9.592266753315925e-05
2.25414990234375 9.688851734002432e-05
2.25514990234375 9.823311534192829e-05
2.25614990234375 9.899417662786114e-05
2.25714990234375 9.966193801826902e-05
2.25814990234375 9.581001578933664e-05
2.25914990234375 9.278378552860685e-05
2.26014990234375 8.669201491607559e-05
2.26114990234375 8.543974461240901e-05
2.26214990234375 9.05471041591631e-05
2.26314990234375 9.371569845825433e-05
2.26414990234375 9.893976979785496e-05
2.26514990234375 9.684679719309012e-05
2.26614990234375 0.00010047388263046741
2.26714990234375 9.947719362874826e-05
2.26814990234375 9.632053991986645e-05
2.26914990234375 9.352178416318365e-05
2.27014990234375 9.056998830702572e-05
2.27114990234375 8.927155079113112e-05
2.27214990234375 8.223382497413291e-05
2.27314990234375 7.914402470406559e-05
2.27414990234375 7.827002762092484e-05
2.27514990234375 7.66286078012652e-05
2.27614990234375 7.669542191757097e-05
2.27714990234375 7.356732307622831e-05
2.27814990234375 7.562436163425445e-05
2.27914990234375 7.390440648628607e-05
2.28014990234375 7.006410612828201e-05
2.28114990234375 6.825993561910258e-05
2.28214990234375 6.628834797690312e-05
2.28314990234375 6.87947657166256e-05
2.28414990234375 6.65124397103985e-05
2.28514990234375 5.976249412116077e-05
2.28614990234375 5.694560758355591e-05
2.28714990234375 5.608527507219049e-05
2.28814990234375 5.9796869237389825e-05
2.28914990234375 5.796140008088615e-05
2.29014990234375 5.740929550180833e-05
2.29114990234375 5.55257892443074e-05
2.29214990234375 5.505910453697045e-05
2.29314990234375 5.2964075778921444e-05
2.29414990234375 4.911310349901517e-05
2.29514990234375 4.516752643717659e-05
2.29614990234375 4.1834499117814834e-05
2.29714990234375 4.3945622682157484e-05
2.29814990234375 4.296351689845323e-05
2.29914990234375 4.371311127518614e-05
2.30014990234375 4.085539400370584e-05
2.30114990234375 4.014832614403633e-05
2.30214990234375 3.852574930836757e-05
2.30314990234375 3.867942167239057e-05
2.30414990234375 3.883334083689584e-05
2.30514990234375 3.901058005996877e-05
2.30614990234375 3.931333440252476e-05
2.30714990234375 4.001201673721274e-05
2.30814990234375 3.8230419935037696e-05
2.30914990234375 3.6361255786485146e-05
2.31014990234375 3.4910192092259724e-05
2.31114990234375 3.572621331032779e-05
2.31214990234375 3.519664027003778e-05
2.31314990234375 3.382276821260651e-05
2.31414990234375 3.270049036170045e-05
2.31514990234375 3.440053357432286e-05
2.31614990234375 3.626132435682747e-05
2.31714990234375 3.640145994722843e-05
2.31814990234375 3.3953425526205043e-05
2.31914990234375 3.405873560243183e-05
2.32014990234375 3.340795662047135e-05
2.32114990234375 3.2726185292833375e-05
2.32214990234375 3.0993225259913336e-05
2.32314990234375 3.06043184051911e-05
2.32414990234375 3.0612105296717754e-05
2.32514990234375 3.1060926460971434e-05
2.32614990234375 2.9804502199921342e-05
2.32714990234375 2.9925776697281332e-05
2.32814990234375 2.9556954331282113e-05
2.32914990234375 2.9380784318264984e-05
2.33014990234375 3.046535757473773e-05
2.33114990234375 2.9699452117913296e-05
2.33214990234375 3.026304197394185e-05
2.33314990234375 2.7438056293047132e-05
2.33414990234375 2.7745217602286074e-05
2.33514990234375 2.7344240030894674e-05
2.33614990234375 2.8555201004362772e-05
2.33714990234375 2.7489828773670725e-05
2.33814990234375 2.7069309985058172e-05
2.33914990234375 2.803678469111522e-05
2.34014990234375 2.8449264613704546e-05
2.34114990234375 2.8363723411328256e-05
2.34214990234375 2.6984200036774076e-05
2.34314990234375 2.7480142242792578e-05
2.34414990234375 2.8261326563855014e-05
2.34514990234375 2.86242021765146e-05
2.34614990234375 2.8949296619329186e-05
2.34714990234375 2.8397112360431085e-05
2.34814990234375 2.688905120723777e-05
2.34914990234375 2.6671926801403366e-05
2.35014990234375 2.7235804332627187e-05
2.35114990234375 2.867441339832213e-05
2.35214990234375 2.6774443427307735e-05
2.35314990234375 2.6325888207389246e-05
2.35414990234375 2.6878903671685193e-05
2.35514990234375 2.8347556944936514e-05
2.35614990234375 2.833432905996839e-05
2.35714990234375 2.8004730120301245e-05
2.35814990234375 2.7939047819624343e-05
2.35914990234375 2.8174673207104207e-05
2.36014990234375 2.7313788887113333e-05
2.36114990234375 2.6304452266130184e-05
2.36214990234375 2.6963450169811644e-05
2.36314990234375 2.8655951221783957e-05
2.36414990234375 3.0390597983366907e-05
2.36514990234375 2.9742155844966568e-05
2.36614990234375 2.86856435963677e-05
2.36714990234375 2.777035115286708e-05
2.36814990234375 2.753357014929255e-05
2.36914990234375 2.893672816248404e-05
2.37014990234375 3.002159944218066e-05
2.37114990234375 3.260992700234056e-05
2.37214990234375 3.221142028147976e-05
2.37314990234375 3.3387909125950605e-05
2.37414990234375 3.2333521327624716e-05
2.37514990234375 3.344153131668766e-05
2.37614990234375 3.386581704641382e-05
2.37714990234375 3.6849696965267264e-05
2.37814990234375 3.708648210805323e-05
2.37914990234375 3.952488613625367e-05
2.38014990234375 3.988183698513442e-05
2.38114990234375 4.0698761586099864e-05
2.38214990234375 4.060575091797445e-05
2.38314990234375 4.1309888992044665e-05
2.38414990234375 4.254998716836174e-05
2.38514990234375 4.408656593619122e-05
2.38614990234375 4.572580904803342e-05
2.38714990234375 4.9560039511157414e-05
2.38814990234375 4.990565383599863e-05
2.38914990234375 5.1750113877157376e-05
2.39014990234375 5.225606728345156e-05
2.39114990234375 5.541966089771854e-05
2.39214990234375 5.6980602546698524e-05
2.39314990234375 5.905571652369368e-05
2.39414990234375 5.996239630298483e-05
2.39514990234375 6.096571839104097e-05
2.39614990234375 6.297564910103877e-05
2.39714990234375 6.371734663844108e-05
2.39814990234375 6.229398927340905e-05
2.39914990234375 6.261093438499503e-05
2.40014990234375 6.23064400214288e-05
2.40114990234375 6.360470627744992e-05
2.40214990234375 6.294254110091262e-05
2.40314990234375 6.19554617959592e-05
2.40414990234375 6.239248646630182e-05
2.40514990234375 6.138309318986204e-05
2.40614990234375 6.201953161507845e-05
2.40714990234375 6.065129664623075e-05
2.40814990234375 5.93962354792489e-05
2.40914990234375 5.999303164167537e-05
2.41014990234375 5.887123704370525e-05
2.41114990234375 6.031968734330601e-05
2.41214990234375 5.937438613424699e-05
2.41314990234375 6.0110133037798936e-05
2.41414990234375 5.943443057023817e-05
2.41514990234375 5.814840447985464e-05
2.41614990234375 5.779253681086832e-05
2.41714990234375 5.5382315897279315e-05
2.41814990234375 5.715599387056299e-05
2.41914990234375 5.859688027865358e-05
2.42014990234375 6.036058223495881e-05
2.42114990234375 5.983989427073133e-05
2.42214990234375 5.863905522144503e-05
2.42314990234375 5.987462949835592e-05
2.42414990234375 6.166368619435364e-05
2.42514990234375 6.131763621750806e-05
2.42614990234375 6.1945294857853e-05
2.42714990234375 6.021695315010019e-05
2.42814990234375 6.340020336210727e-05
2.42914990234375 6.50720184461938e-05
2.43014990234375 6.903314807762703e-05
2.43114990234375 7.19340688859423e-05
2.43214990234375 7.378047642608484e-05
2.43314990234375 7.68173827479283e-05
2.43414990234375 7.96403678961926e-05
2.43514990234375 8.340192286090717e-05
2.43614990234375 8.381871196130911e-05
2.43714990234375 8.636660770409636e-05
2.43814990234375 8.662973116669388e-05
2.43914990234375 8.908295900457435e-05
2.44014990234375 9.051159852080875e-05
2.44114990234375 9.478519981106123e-05
2.44214990234375 9.73591860383749e-05
2.44314990234375 0.00010025008581578732
2.44414990234375 0.00010291576075057189
2.44514990234375 0.00010522994626727366
2.44614990234375 0.00011049400083720684
2.44714990234375 0.00011200077831745148
2.44814990234375 0.00011277275470395883
2.44914990234375 0.00011051830007798141
2.45014990234375 0.00011471891154845557
2.45114990234375 0.0001182227571391397
2.45214990234375 0.00012219032272696494
2.45314990234375 0.00011984578851196503
2.45414990234375 0.00011869775441785655
2.45514990234375 0.00011672974357174503
2.45614990234375 0.00011650835474332174
2.45714990234375 0.00011783852138453061
2.45814990234375 0.00011464564336670771
2.45914990234375 0.00011493231066399151
2.46014990234375 0.00011719103281696639
2.46114990234375 0.00011648276613818273
2.46214990234375 0.00011382713396516109
2.46314990234375 0.00010948193466497792
2.46414990234375 0.00011145322480135493
2.46514990234375 0.00010944790103369289
2.46614990234375 0.00010827301173574394
2.46714990234375 0.00010782745563321643
2.46814990234375 0.00010938954436116748
2.46914990234375 0.00010600931011140347
2.47014990234375 0.00010352863102323479
2.47114990234375 0.00010512493240336577
2.47214990234375 0.00010788445567919148
2.47314990234375 0.00011238915742271475
2.47414990234375 0.0001124343006975121
2.47514990234375 0.00011417900005148518
2.47614990234375 0.00011307652108371258
2.47714990234375 0.00011427154350611897
2.47814990234375 0.00011573308871852027
2.47914990234375 0.00011589187818268935
2.48014990234375 0.0001190191124462419
2.48114990234375 0.00012707232394152217
2.48214990234375 0.00013553027994930744
2.48314990234375 0.0001410758909251955
2.48414990234375 0.00014347829131616487
2.48514990234375 0.00014824603477285966
2.48614990234375 0.00015745365681747598
2.48714990234375 0.00016580138976375264
2.48814990234375 0.00018084524613287714
2.48914990234375 0.00019188239135675962
2.49014990234375 0.00021015592333343294
2.49114990234375 0.00023091125612457593
2.49214990234375 0.00026736461040046484
2.49314990234375 0.00031038236700826216
2.49414990234375 0.0003561325412657526
2.49514990234375 0.0004007374536659983
2.49614990234375 0.00045778712050782315
2.49714990234375 0.0005253020922342936
2.49814990234375 0.0006013597754968537
2.49914990234375 0.0006741628009412025
2.50014990234375 0.0007499154491557015
2.50114990234375 0.0008302290075355107
2.50214990234375 0.0009145572036504745
2.50314990234375 0.0009980974677536224
2.50414990234375 0.0010819021695190007
2.50514990234375 0.0011632787850168018
2.50614990234375 0.0012438807719283634
2.50714990234375 0.0013199795534213385
2.50814990234375 0.0013847912020153472
2.50914990234375 0.0014471431076526643
2.51014990234375 0.0015009949770238662
2.51114990234375 0.001549275881714291
2.51214990234375 0.001580323212676578
2.51314990234375 0.0015979823304547202
2.51414990234375 0.0016067931056022644
2.51514990234375 0.001601031207376056
2.51614990234375 0.0015858558813730875
2.51714990234375 0.0015618235369523367
2.51814990234375 0.0015381973319583471
2.51914990234375 0.0015068788826465606
2.52014990234375 0.0014686412281460235
2.52114990234375 0.0014203967650731405
2.52214990234375 0.0013721759948465558
2.52314990234375 0.0013210436701774598
2.52414990234375 0.0012698146866427526
2.52514990234375 0.001214863798684544
2.52614990234375 0.001168419453832838
2.52714990234375 0.0011185156636767917
2.52814990234375 0.0010767048845688502
2.52914990234375 0.001033819028072887
2.53014990234375 0.0010020470453633201
2.53114990234375 0.000980222448706627
2.53214990234375 0.0009567710591687097
2.53314990234375 0.0009427824119726817
2.53414990234375 0.0009351165841023128
2.53514990234375 0.0009488221837414635
2.53614990234375 0.0009698324816094505
2.53714990234375 0.000994729341732131
2.53814990234375 0.001021059329311053
2.53914990234375 0.0010566747768057717
2.54014990234375 0.0010945201168457667
2.54114990234375 0.0011391244414779877
2.54214990234375 0.0011800146599610646
2.54314990234375 0.0012176213247908486
2.54414990234375 0.001263939986626307
2.54514990234375 0.0013125086575746536
2.54614990234375 0.0013700327773888907
2.54714990234375 0.0014181716740131378
2.54814990234375 0.0014813286893897585
2.54914990234375 0.0015254520210954878
2.55014990234375 0.00157540135913425
2.55114990234375 0.00160631333788236
2.55214990234375 0.0016527558863162995
2.55314990234375 0.0016815005573961469
2.55414990234375 0.001708505004644394
2.55514990234375 0.0017305593523714276
2.55614990234375 0.0017414792213175032
2.55714990234375 0.001745497551229265
2.55814990234375 0.001737510081794527
2.55914990234375 0.001734713200065825
2.56014990234375 0.0017280660900804734
2.56114990234375 0.0017182513243622253
2.56214990234375 0.0016969054275088843
2.56314990234375 0.001675817651881112
2.56414990234375 0.0016363822089301217
2.56514990234375 0.0016010276642110612
2.56614990234375 0.0015693511068820953
2.56714990234375 0.0015225742095046576
2.56814990234375 0.0014804499844710032
2.56914990234375 0.0014239703284369576
2.57014990234375 0.001379910111427307
2.57114990234375 0.0013422186672687531
2.57214990234375 0.0013067619999249777
2.57314990234375 0.0012730094459321765
2.57414990234375 0.0012185213383701114
2.57514990234375 0.0011759186701642142
2.57614990234375 0.001139079001214769
2.57714990234375 0.0011116235537661444
2.57814990234375 0.001087816763255331
2.57914990234375 0.0010631698866685232
2.58014990234375 0.001035323449307018
2.58114990234375 0.0010019462803999583
2.58214990234375 0.0009782700820101633
2.58314990234375 0.0009712917854388554
2.58414990234375 0.000954681783914566
2.58514990234375 0.0009573069049252404
2.58614990234375 0.0009457216991318597
2.58714990234375 0.0009549093412028419
2.58814990234375 0.0009270825816525352
2.58914990234375 0.0009117581695318222
2.59014990234375 0.0008972249180078507
2.59114990234375 0.0008937944720188777
2.59214990234375 0.0008865181687805386
2.59314990234375 0.0008629226684570313
2.59414990234375 0.0008687697764899997
2.59514990234375 0.000849765804078844
2.59614990234375 0.0008314914339118535
2.59714990234375 0.0008228785875770782
2.59814990234375 0.0008283588621351455
2.59914990234375 0.000844170612593492
