microns transmission
0.39854998779296874 8.151883204909893e-08
0.39954998779296874 4.969883239761923e-08
0.40054998779296874 8.921546471659289e-08
0.40154998779296874 4.02389063195822e-08
0.40254998779296874 1.0289636859006635e-07
0.40354998779296875 5.028723873756746e-08
0.40454998779296875 9.17842514051396e-08
0.40554998779296875 1.7539699607975006e-07
0.40654998779296875 5.138626996388969e-07
0.40754998779296875 8.836941803262259e-07
0.40854998779296875 1.4733289717696607e-05
0.40954998779296875 0.00024227893600861232
0.41054998779296875 0.00046578709036111833
0.41154998779296875 0.0006383214642604191
0.41254998779296875 0.000733861376841863
0.41354998779296875 0.0005651015291611353
0.41454998779296875 0.0003645788008968035
0.41554998779296876 0.00020791706318656604
0.41654998779296876 0.0001057420608898004
0.41754998779296876 8.60156367222468e-05
0.41854998779296876 9.30201696852843e-05
0.41954998779296876 9.306622358659903e-05
0.42054998779296876 0.0001127558791389068
0.42154998779296876 0.0001369340345263481
0.42254998779296876 0.0001514201331883669
0.42354998779296876 0.00015038579702377318
0.42454998779296876 0.00011461645054320493
0.42554998779296876 6.964330561459064e-05
0.42654998779296877 3.56476070980231e-05
0.42754998779296877 1.2918843422085047e-05
0.42854998779296877 4.443236296841253e-06
0.42954998779296877 3.146751647970329e-06
0.43054998779296877 2.124687598552555e-06
0.43154998779296877 1.3278659753268585e-06
0.43254998779296877 1.0106805954516555e-06
0.43354998779296877 6.606960717666273e-07
0.4345499877929688 5.004108970751986e-07
0.4355499877929688 4.273953103014113e-07
0.4365499877929688 4.1670720141458635e-07
0.4375499877929688 1.5429233523415558e-07
0.4385499877929688 2.034168998458578e-07
0.4395499877929688 3.813280068006482e-09
0.4405499877929687 5.2015643226728984e-08
0.4415499877929687 5.809606020257263e-08
0.4425499877929687 9.999999939225291e-11
0.4435499877929687 1.0030250753819323e-07
0.4445499877929687 5.954415311926198e-08
0.4455499877929687 1.0208855504364087e-07
0.44654998779296873 1.0909416571003306e-07
0.44754998779296873 9.999999939225291e-11
0.44854998779296873 7.1758086050977e-08
0.44954998779296873 6.108689866538934e-08
0.45054998779296873 7.773996377006634e-08
0.45154998779296873 9.999999939225291e-11
0.45254998779296873 1.1813209865133937e-08
0.45354998779296873 5.585330118999347e-08
0.45454998779296873 2.1457740331243258e-07
0.45554998779296874 2.05521294750118e-07
0.45654998779296874 1.2497212196649342e-07
0.45754998779296874 6.602763010417807e-08
0.45854998779296874 1.980401642261616e-07
0.45954998779296874 1.858838494387764e-08
0.46054998779296874 1.2606921397188367e-07
0.46154998779296874 2.2237096951964002e-07
0.46254998779296874 8.039915009009727e-08
0.46354998779296874 1.4492866284854244e-07
0.46454998779296874 1.7839240172179415e-07
0.46554998779296874 1.8325919931191e-08
0.46654998779296875 1.2838009787389617e-07
0.46754998779296875 7.773753623041557e-08
0.46854998779296875 3.718958431579248e-08
0.46954998779296875 1.5762213176155153e-07
0.47054998779296875 4.5101667129898715e-08
0.47154998779296875 2.5874793815698167e-07
0.47254998779296875 9.999999939225291e-11
0.47354998779296875 2.4265709726023487e-07
0.47454998779296875 9.274385585437509e-08
0.47554998779296875 4.7666312639194076e-08
0.47654998779296875 2.574002367812985e-07
0.47754998779296876 7.794949700231277e-08
0.47854998779296876 1.8629906965846505e-07
0.47954998779296876 1.0420942089695018e-07
0.48054998779296876 1.483343279081358e-07
0.48154998779296876 1.5269293726305478e-07
0.48254998779296876 3.3169534363608476e-08
0.48354998779296876 1.0406321052869317e-07
0.48454998779296876 1.976716369730032e-07
0.48554998779296876 1.7103771824622526e-07
0.48654998779296876 2.4982139924153064e-07
0.48754998779296876 1.2625292129087028e-07
0.48854998779296877 2.4252953759666224e-07
0.48954998779296877 1.453478580515366e-07
0.49054998779296877 9.300826640116591e-08
0.49154998779296877 1.2644430322931535e-07
0.49254998779296877 1.4931590158084874e-07
0.49354998779296877 3.971233733561045e-07
0.49454998779296877 1.4187426738014133e-07
0.49554998779296877 9.999999939225291e-11
0.49654998779296877 7.784539775457233e-08
0.4975499877929688 9.999999939225291e-11
0.4985499877929688 9.745574399921964e-08
0.4995499877929688 5.64030361675331e-08
0.5005499877929688 9.289386677361714e-08
0.5015499877929688 5.942144560992328e-08
0.5025499877929688 7.464762989369452e-08
0.5035499877929688 9.999999939225291e-11
0.5045499877929688 6.762102995772068e-08
0.5055499877929688 8.953783435572404e-08
0.5065499877929688 3.006332078688464e-08
0.5075499877929688 1.0886920639071226e-07
0.5085499877929688 1.1010930188367259e-08
0.5095499877929688 1.585132478491384e-07
0.5105499877929688 3.7935133854934595e-08
0.5115499877929688 2.2194789478883573e-08
0.5125499877929688 3.357241171582833e-08
0.5135499877929688 7.127304494739899e-08
0.5145499877929688 1.8789183536445837e-08
0.5155499877929688 7.598222696654962e-08
0.5165499877929688 5.2896516888149374e-08
0.5175499877929688 2.1408321875545272e-07
0.5185499877929688 1.7244708336268862e-07
0.5195499877929688 7.973263867218823e-08
0.5205499877929688 6.932473064935607e-08
0.5215499877929688 1.2284907522068048e-07
0.5225499877929688 1.3506592874061123e-07
0.5235499877929688 2.4085956586835283e-07
0.5245499877929688 2.406679050181992e-07
0.5255499877929688 6.999318616548085e-08
0.5265499877929688 1.2181196663796355e-07
0.5275499877929688 6.8224433332394105e-09
0.5285499877929688 6.491101354792287e-08
0.5295499877929688 1.301781276197289e-07
0.5305499877929688 3.8457120050831386e-07
0.5315499877929688 3.316510092924811e-08
0.5325499877929688 2.8420343369361943e-07
0.5335499877929688 2.291900333754408e-07
0.5345499877929687 2.1904687222592165e-08
0.5355499877929687 2.124975981132593e-07
0.5365499877929687 1.0443516885061399e-07
0.5375499877929687 5.5683818800389416e-08
0.5385499877929687 7.963984782755062e-08
0.5395499877929687 1.1494836482661697e-07
0.5405499877929687 9.999999939225291e-11
0.5415499877929687 1.7708622484254494e-07
0.5425499877929687 5.4354383083321524e-08
0.5435499877929687 9.439784965555495e-08
0.5445499877929687 1.9496926446057235e-07
0.5455499877929687 1.1067288899842728e-07
0.5465499877929687 2.0356407124684968e-07
0.5475499877929687 3.461775001293669e-07
0.5485499877929687 1.7491626749688294e-07
0.5495499877929687 9.293776540353349e-08
0.5505499877929687 2.271928678965196e-07
0.5515499877929687 2.3421043200263132e-07
0.5525499877929687 2.502957007285052e-07
0.5535499877929687 1.0794052589820543e-07
0.5545499877929687 1.943240022228565e-07
0.5555499877929687 3.072724272594011e-07
0.5565499877929687 2.932468002351622e-07
0.5575499877929687 3.681297372774376e-07
0.5585499877929687 2.4085693136536675e-07
0.5595499877929687 1.0560944701865083e-07
0.5605499877929687 1.5102443285286426e-07
0.5615499877929687 2.845746651776911e-07
0.5625499877929687 1.7429343643016182e-07
0.5635499877929687 2.3606276348194417e-07
0.5645499877929687 7.986313751947212e-08
0.5655499877929687 1.2999876465376778e-07
0.5665499877929687 2.1058520057219237e-07
0.5675499877929687 6.680521169440586e-08
0.5685499877929687 1.0197178653470473e-07
0.5695499877929687 4.1866867324102944e-08
0.5705499877929687 5.7885997595263913e-08
0.5715499877929687 1.5110448657651433e-07
0.5725499877929687 1.9778286817503006e-07
0.5735499877929687 3.065872321409794e-07
0.5745499877929687 1.923950640048133e-07
0.5755499877929687 7.841817174873237e-08
0.5765499877929687 2.0070736961012396e-07
0.5775499877929687 1.0442742222949163e-07
0.5785499877929687 4.300719597634857e-08
0.5795499877929687 1.4994470196446248e-07
0.5805499877929687 1.685535865666073e-07
0.5815499877929687 7.952465769752356e-08
0.5825499877929687 3.173697950842325e-07
0.5835499877929687 2.2066776485492784e-07
0.5845499877929687 1.0955540382144117e-07
0.5855499877929687 1.2564823009597603e-07
0.5865499877929687 2.161526026611682e-07
0.5875499877929687 1.5743530639156235e-07
0.5885499877929687 2.6015602998086253e-07
0.5895499877929687 7.441694414171234e-08
0.5905499877929687 6.803779380485745e-08
0.5915499877929687 3.2951509031893996e-07
0.5925499877929687 1.0727973555428131e-07
0.5935499877929687 1.7427397021189489e-07
0.5945499877929687 4.333535227551977e-08
0.5955499877929687 1.8521448206835583e-07
0.5965499877929688 1.334975331701571e-07
0.5975499877929688 6.131835445621902e-08
0.5985499877929688 1.746486335226412e-07
0.5995499877929688 2.2108025405032094e-07
0.6005499877929688 1.7882583354852005e-07
0.6015499877929688 1.65562954255923e-07
0.6025499877929688 2.1300326807249804e-07
0.6035499877929688 2.0902019969071263e-07
0.6045499877929688 9.600576423333488e-08
0.6055499877929688 1.0732793609413704e-07
0.6065499877929688 5.701531068010486e-08
0.6075499877929688 2.4870219931472095e-07
0.6085499877929688 5.2530632069410404e-08
0.6095499877929688 1.8349129883669473e-07
0.6105499877929688 1.5838850231375545e-07
0.6115499877929688 3.511117332285115e-07
0.6125499877929688 1.8346324092514503e-07
0.6135499877929688 1.3570366415175763e-07
0.6145499877929688 1.703565006512993e-07
0.6155499877929688 2.8106594474053283e-08
0.6165499877929688 2.7093760358217387e-08
0.6175499877929688 5.858290968478268e-08
0.6185499877929688 1.8624286667545676e-07
0.6195499877929688 2.735252625522359e-07
0.6205499877929688 7.650730099525068e-08
0.6215499877929688 1.474204964324599e-07
0.6225499877929688 7.73085649422948e-09
0.6235499877929688 5.884709702641544e-08
0.6245499877929688 1.983124672921832e-07
0.6255499877929688 9.242381601085961e-08
0.6265499877929688 1.4920099905187575e-07
0.6275499877929688 9.853295371916223e-08
0.6285499877929688 1.7081088268848058e-07
0.6295499877929688 2.502765346434899e-07
0.6305499877929688 2.0790563212358393e-07
0.6315499877929688 2.5702680432004856e-07
0.6325499877929688 3.2523636643115117e-07
0.6335499877929688 2.7290817039708296e-07
0.6345499877929688 9.807195662385007e-08
0.6355499877929688 8.306934129601965e-08
0.6365499877929688 2.670331923582125e-07
0.6375499877929688 3.097877682497104e-07
0.6385499877929688 2.643409364585144e-07
0.6395499877929688 2.157687322323909e-07
0.6405499877929688 2.631389664505453e-07
0.6415499877929688 1.9582005734264384e-07
0.6425499877929688 2.718794651930996e-07
0.6435499877929688 8.362241447142557e-08
0.6445499877929688 1.3877939485003785e-07
0.6455499877929688 2.0314136539430668e-07
0.6465499877929688 2.639045366474117e-07
0.6475499877929688 4.340579592584012e-07
0.6485499877929688 3.8039580734524256e-07
0.6495499877929688 3.4881095416494646e-07
0.6505499877929688 2.9431702690393044e-07
0.6515499877929688 3.0477853821745765e-07
0.6525499877929688 2.959469626754678e-07
0.6535499877929688 3.3202003881645703e-07
0.6545499877929688 3.066406012900794e-07
0.6555499877929688 3.573652732787499e-07
0.6565499877929688 3.0881560329968726e-07
0.6575499877929688 3.2265103072859347e-07
0.6585499877929688 3.6761912876196825e-07
0.6595499877929687 3.823196432980088e-07
0.6605499877929687 4.3980840321940683e-07
0.6615499877929687 3.254729017498903e-07
0.6625499877929687 3.437040686549153e-07
0.6635499877929687 3.7704276716491824e-07
0.6645499877929687 4.418294944722826e-07
0.6655499877929687 4.4716756140890843e-07
0.6665499877929687 5.485641789467385e-07
0.6675499877929687 5.256169364050341e-07
0.6685499877929687 4.037164035253227e-07
0.6695499877929687 5.16751897521317e-07
0.6705499877929687 5.096578994804682e-07
0.6715499877929687 6.099507785014188e-07
0.6725499877929687 5.942929055890999e-07
0.6735499877929687 6.196795099337275e-07
0.6745499877929687 6.363888678606599e-07
0.6755499877929687 5.147190919766823e-07
0.6765499877929687 5.703026787765945e-07
0.6775499877929687 4.78085809542487e-07
0.6785499877929687 6.694635764385263e-07
0.6795499877929687 7.697687397012488e-07
0.6805499877929687 4.7635963710490616e-07
0.6815499877929687 6.044638454720067e-07
0.6825499877929687 6.741378577620101e-07
0.6835499877929687 8.842124225338921e-07
0.6845499877929687 8.539553527953103e-07
0.6855499877929687 9.067755308933556e-07
0.6865499877929687 8.588123455410824e-07
0.6875499877929687 1.1906366853509097e-06
0.6885499877929687 9.279343066737056e-07
0.6895499877929687 9.458636244138081e-07
0.6905499877929687 9.227970440406352e-07
0.6915499877929687 9.445240721106529e-07
0.6925499877929687 9.762137293970833e-07
0.6935499877929687 1.015392238817488e-06
0.6945499877929687 1.1228814400965347e-06
0.6955499877929687 9.997873470031966e-07
0.6965499877929687 1.0230857393859576e-06
0.6975499877929687 9.80908395528483e-07
0.6985499877929687 9.314720227848738e-07
0.6995499877929687 1.01578509202227e-06
0.7005499877929687 1.2118100615528721e-06
0.7015499877929687 1.1343092531509077e-06
0.7025499877929687 1.0898431355599314e-06
0.7035499877929687 1.0339450091123581e-06
0.7045499877929687 1.0287725308444352e-06
0.7055499877929687 8.483803928053628e-07
0.7065499877929687 1.035012464853935e-06
0.7075499877929687 9.119058813666925e-07
0.7085499877929687 1.0336198465665803e-06
0.7095499877929687 1.2195023009553551e-06
0.7105499877929687 1.0516899540865172e-06
0.7115499877929687 1.1716949666151777e-06
0.7125499877929687 1.257330101604263e-06
0.7135499877929687 1.293071618420072e-06
0.7145499877929687 1.3719500081303218e-06
0.7155499877929687 1.4159783556048446e-06
0.7165499877929687 1.2790620773254582e-06
0.7175499877929687 1.353579330801343e-06
0.7185499877929687 1.313519993952165e-06
0.7195499877929687 1.4467963289159038e-06
0.7205499877929687 1.1411833353728677e-06
0.7215499877929688 1.3010873468980813e-06
0.7225499877929688 1.4205863408278673e-06
0.7235499877929688 1.4490153504690775e-06
0.7245499877929688 1.4984280278440565e-06
0.7255499877929688 1.520652003819123e-06
0.7265499877929688 1.4264563651522622e-06
0.7275499877929688 1.4621213874003538e-06
0.7285499877929688 1.2137543186933424e-06
0.7295499877929688 1.3408183682865151e-06
0.7305499877929688 1.3041597170134386e-06
0.7315499877929688 1.1771056597353891e-06
0.7325499877929688 1.2947453312032545e-06
0.7335499877929688 1.1488756717881187e-06
0.7345499877929688 1.2070343170004586e-06
0.7355499877929688 1.249628015405809e-06
0.7365499877929688 1.161966332195637e-06
0.7375499877929688 1.291994340135716e-06
0.7385499877929688 1.1821499841365342e-06
0.7395499877929688 1.3144697004463523e-06
0.7405499877929688 1.3385199660357708e-06
0.7415499877929688 1.3732410055429985e-06
0.7425499877929688 1.2405773547167578e-06
0.7435499877929688 1.4224783323394755e-06
0.7445499877929688 1.4210786806264272e-06
0.7455499877929688 1.4580656716134398e-06
0.7465499877929688 1.3115853653289379e-06
0.7475499877929688 1.4825223479419947e-06
0.7485499877929688 1.4148220119144147e-06
0.7495499877929688 1.6237176411474743e-06
0.7505499877929688 1.5211939656486114e-06
0.7515499877929688 1.6076816245913505e-06
0.7525499877929688 1.5733299854521952e-06
0.7535499877929688 1.8407696431192257e-06
0.7545499877929688 1.4592949689055482e-06
0.7555499877929688 1.8058409720348814e-06
0.7565499877929688 1.6327853275773426e-06
0.7575499877929688 1.8461260090892514e-06
0.7585499877929688 2.0047630338619152e-06
0.7595499877929688 1.7614966782275588e-06
0.7605499877929688 1.8129356612917037e-06
0.7615499877929688 1.8564290076028556e-06
0.7625499877929688 2.247158360357086e-06
0.7635499877929688 2.0387399611839405e-06
0.7645499877929688 1.974183008618032e-06
0.7655499877929688 2.140050637535751e-06
0.7665499877929688 2.2922099742572755e-06
0.7675499877929688 2.2895516788897415e-06
0.7685499877929688 2.152472976983214e-06
0.7695499877929688 2.5703489761023474e-06
0.7705499877929688 2.5316376801735413e-06
0.7715499877929688 2.692816099928071e-06
0.7725499877929688 2.4965082896718132e-06
0.7735499877929688 2.6390373144143568e-06
0.7745499877929688 2.7549396812294916e-06
0.7755499877929688 3.020560640531282e-06
0.7765499877929688 3.322084570148339e-06
0.7775499877929688 3.3245903129378958e-06
0.7785499877929688 4.0476132805148765e-06
0.7795499877929688 4.928499887076517e-06
0.7805499877929688 7.622852960291007e-06
0.7815499877929688 1.268406320984165e-05
0.7825499877929688 2.4659542832523583e-05
0.7835499877929688 5.509219287584226e-05
0.7845499877929687 0.0001270092992732922
0.7855499877929687 0.00029805536692341166
0.7865499877929687 0.0007197504738966625
0.7875499877929687 0.0018644416828950247
0.7885499877929687 0.005036282539367676
0.7895499877929687 0.013568930228551228
0.7905499877929687 0.03453737338383993
0.7915499877929687 0.07751344362894694
0.7925499877929687 0.14938729921976723
0.7935499877929687 0.24978273391723632
0.7945499877929687 0.3684163029988607
0.7955499877929687 0.49005020141601563
0.7965499877929687 0.6029623031616211
0.7975499877929687 0.7006195576985677
0.7985499877929687 0.7779638926188152
0.7995499877929687 0.8324209594726563
0.8005499877929687 0.8716007741292318
0.8015499877929687 0.8965451558430989
0.8025499877929687 0.9157172393798828
0.8035499877929687 0.9327567036946615
0.8045499877929687 0.9503232828776043
0.8055499877929687 0.9548336537679036
0.8065499877929687 0.9476248168945313
0.8075499877929687 0.9263783009847004
0.8085499877929687 0.8984493764241536
0.8095499877929687 0.8717831929524739
0.8105499877929687 0.8584506479899089
0.8115499877929687 0.8560069020589193
0.8125499877929687 0.8602581024169922
0.8135499877929687 0.8607506052652996
0.8145499877929687 0.8585696411132813
0.8155499877929687 0.8470602925618489
0.8165499877929687 0.8363630676269531
0.8175499877929687 0.8390860239664714
0.8185499877929687 0.8591048177083332
0.8195499877929687 0.8839312235514324
0.8205499877929687 0.9190363057454427
0.8215499877929687 0.9430644989013672
0.8225499877929687 0.9609490203857421
0.8235499877929687 0.9672670491536458
0.8245499877929687 0.9668578592936199
0.8255499877929687 0.9540598042805989
0.8265499877929687 0.9381224568684895
0.8275499877929687 0.9303826649983723
0.8285499877929687 0.9284567515055339
0.8295499877929687 0.9326624806722005
0.8305499877929687 0.93947998046875
0.8315499877929687 0.9394927215576172
0.8325499877929687 0.9336987813313802
0.8335499877929687 0.9220776112874348
0.8345499877929687 0.9082925415039063
0.8355499877929687 0.8980050404866536
0.8365499877929687 0.8936814880371093
0.8375499877929687 0.8949461364746094
0.8385499877929687 0.9008430989583333
0.8395499877929687 0.9073837534586588
0.8405499877929687 0.913794911702474
0.8415499877929687 0.9167739105224609
0.8425499877929687 0.9249567413330078
0.8435499877929687 0.9338690694173176
0.8445499877929687 0.9425253041585286
0.8455499877929687 0.9500249735514323
0.8465499877929688 0.9543221282958985
0.8475499877929688 0.9529167938232422
0.8485499877929688 0.9540953826904297
0.8495499877929688 0.9589406840006511
0.8505499877929688 0.9610755157470703
0.8515499877929688 0.9659516398111979
0.8525499877929688 0.9597824350992838
0.8535499877929688 0.9536912790934245
0.8545499877929688 0.9445266977945964
0.8555499877929688 0.9344627888997395
0.8565499877929688 0.9261983998616536
0.8575499877929688 0.9186688232421875
0.8585499877929688 0.9149896240234375
0.8595499877929688 0.905078125
0.8605499877929688 0.8988633219401042
0.8615499877929688 0.892454350789388
0.8625499877929688 0.8830739339192708
0.8635499877929688 0.8829882558186849
0.8645499877929688 0.8914905548095703
0.8655499877929688 0.8937997945149739
0.8665499877929688 0.9069897715250651
0.8675499877929688 0.9232896931966146
0.8685499877929688 0.9329133860270182
0.8695499877929688 0.9420051574707031
0.8705499877929688 0.9561544036865235
0.8715499877929688 0.9602289326985677
0.8725499877929688 0.9674795023600261
0.8735499877929688 0.9686146799723307
0.8745499877929688 0.9655314381917317
0.8755499877929688 0.9531492869059245
0.8765499877929688 0.9464270273844402
0.8775499877929688 0.9430978393554688
0.8785499877929688 0.9318953959147136
0.8795499877929688 0.9136263783772786
0.8805499877929688 0.9146633148193359
0.8815499877929688 0.9085089874267578
0.8825499877929688 0.8986344909667969
0.8835499877929688 0.9003426361083985
0.8845499877929688 0.8877836354573567
0.8855499877929688 0.8643857320149739
0.8865499877929688 0.8517030334472656
0.8875499877929688 0.8494759877522786
0.8885499877929688 0.8749865976969402
0.8895499877929688 0.8683953603108724
0.8905499877929688 0.8940082041422527
0.8915499877929688 0.9223048146565754
0.8925499877929688 0.9404585266113281
0.8935499877929688 0.9475756581624348
0.8945499877929688 0.9527980550130208
0.8955499877929688 0.962813237508138
0.8965499877929688 0.9719512176513672
0.8975499877929688 0.9530284627278646
0.8985499877929688 0.9433152262369792
0.8995499877929688 0.9379266103108723
0.9005499877929688 0.9242587534586589
0.9015499877929688 0.909824701944987
0.9025499877929688 0.8978315734863281
0.9035499877929688 0.8838036346435547
0.9045499877929688 0.8713821665445964
0.9055499877929688 0.8643789927164715
0.9065499877929688 0.8550476328531902
0.9075499877929688 0.8488584391276042
0.9085499877929688 0.8494866689046223
0.9095499877929687 0.852481689453125
0.9105499877929687 0.8647052256266277
0.9115499877929687 0.8725068918863933
0.9125499877929687 0.8840348052978516
0.9135499877929687 0.9046266682942707
0.9145499877929687 0.9133052571614583
0.9155499877929687 0.9319460550944011
0.9165499877929687 0.9512659962972004
0.9175499877929687 0.9622716267903645
0.9185499877929687 0.9722501373291016
0.9195499877929687 0.9761679077148437
0.9205499877929687 0.9767155202229817
0.9215499877929687 0.9818008677164713
0.9225499877929687 0.9765930430094402
0.9235499877929687 0.9711844889322917
0.9245499877929687 0.9578335062662761
0.9255499877929687 0.9499045562744141
0.9265499877929687 0.9418693288167317
0.9275499877929687 0.9318321228027344
0.9285499877929687 0.9205400848388672
0.9295499877929687 0.917156982421875
0.9305499877929687 0.9110528818766277
0.9315499877929687 0.9092224375406901
0.9325499877929687 0.907037124633789
0.9335499877929687 0.9049359130859375
0.9345499877929687 0.9031872304280598
0.9355499877929687 0.9022362772623699
0.9365499877929687 0.9007996877034504
0.9375499877929687 0.9048231506347656
0.9385499877929687 0.9070674387613933
0.9395499877929687 0.9141768137613933
0.9405499877929687 0.9286674499511719
0.9415499877929687 0.939840087890625
0.9425499877929687 0.9527275848388672
0.9435499877929687 0.9598977406819661
0.9445499877929687 0.9714731852213542
0.9455499877929687 0.9747290802001953
0.9465499877929687 0.9805921936035156
0.9475499877929687 0.9756785837809245
0.9485499877929687 0.967998784383138
0.9495499877929687 0.9625433858235677
0.9505499877929687 0.9556931813557942
0.9515499877929687 0.948871790568034
0.9525499877929687 0.9379156239827473
0.9535499877929687 0.9338334401448567
0.9545499877929687 0.9248096211751302
0.9555499877929687 0.9227664947509766
0.9565499877929687 0.9195985921223958
0.9575499877929687 0.9165471649169922
0.9585499877929687 0.9145784250895183
0.9595499877929687 0.9192266591389974
0.9605499877929687 0.9204498545328776
0.9615499877929687 0.9252620951334636
0.9625499877929687 0.9357411448160807
0.9635499877929687 0.947389628092448
0.9645499877929687 0.9586246236165364
0.9655499877929687 0.9694816335042318
0.9665499877929687 0.9789673868815104
0.9675499877929687 0.9833595275878906
0.9685499877929687 0.988763427734375
0.9695499877929687 0.9953563435872396
0.9705499877929687 0.9885931905110676
0.9715499877929688 0.9866873168945313
0.9725499877929688 0.9833897399902344
0.9735499877929688 0.9790916697184245
0.9745499877929688 0.973095448811849
0.9755499877929688 0.9709690093994141
0.9765499877929688 0.962579854329427
0.9775499877929688 0.9560935719807943
0.9785499877929688 0.9440659840901692
0.9795499877929688 0.9380399068196614
0.9805499877929688 0.9289893849690755
0.9815499877929688 0.9268521881103515
0.9825499877929688 0.9311631774902344
0.9835499877929688 0.938983154296875
0.9845499877929688 0.9499928283691407
0.9855499877929688 0.9660001881917317
0.9865499877929688 0.9773995208740235
0.9875499877929688 0.9894324239095051
0.9885499877929688 0.9922181447347005
0.9895499877929688 0.9976589965820313
0.9905499877929688 0.9947512308756511
0.9915499877929688 0.9938318888346355
0.9925499877929688 0.9905800628662109
0.9935499877929688 0.9845625559488933
0.9945499877929688 0.975410664876302
0.9955499877929688 0.9799640146891276
0.9965499877929688 0.9752417500813801
0.9975499877929688 0.9768304697672526
0.9985499877929688 0.9775027974446614
0.9995499877929688 0.9757155354817708
1.0005499877929687 0.9647478230794271
1.0015499877929688 0.9219180552164714
1.0025499877929687 0.8433302307128906
1.0035499877929688 0.7261426544189453
1.0045499877929687 0.5820439275105794
1.0055499877929688 0.4619698715209961
1.0065499877929687 0.3746937306722005
1.0075499877929688 0.3006767400105794
1.0085499877929687 0.2442306645711263
1.0095499877929688 0.1960594304402669
1.0105499877929687 0.16788536071777344
1.0115499877929688 0.13551376660664877
1.0125499877929687 0.12118950208028158
1.0135499877929688 0.1025568675994873
1.0145499877929687 0.08982175509134928
1.0155499877929688 0.07549630641937256
1.0165499877929687 0.06936148325602214
1.0175499877929688 0.05960505326588948
1.0185499877929687 0.05233506043752034
1.0195499877929688 0.04364107608795166
1.0205499877929687 0.034018143018086755
1.0215499877929688 0.025387149651845298
1.0225499877929687 0.018809330066045123
1.0235499877929688 0.013264106512069702
1.024550048828125 0.009220463633537292
1.025550048828125 0.0063796671231587734
1.026550048828125 0.0044365465641021725
1.027550048828125 0.0030652999877929686
1.028550048828125 0.0021807503203550974
1.029550048828125 0.0015610217054684958
1.030550048828125 0.0011191750069459278
1.031550048828125 0.0008239758014678955
1.032550048828125 0.0006118592247366905
1.033550048828125 0.0004562416672706604
1.034550048828125 0.0003460099299748739
1.035550048828125 0.0002648988055686156
1.036550048828125 0.0002053237333893776
1.037550048828125 0.00016034943362077075
1.038550048828125 0.00012685276878376803
1.039550048828125 0.00010549526972075303
1.040550048828125 8.519350240627924e-05
1.041550048828125 6.945791343847911e-05
1.042550048828125 5.701625098784764e-05
1.043550048828125 4.8717510265608624e-05
1.044550048828125 4.186864942312241e-05
1.045550048828125 3.6464506605019174e-05
1.046550048828125 3.241145672897498e-05
1.047550048828125 3.0034816979120173e-05
1.048550048828125 2.5916136025140682e-05
1.049550048828125 2.301255629087488e-05
1.050550048828125 2.1985203493386506e-05
1.051550048828125 2.035168930888176e-05
1.052550048828125 1.9074353234221537e-05
1.053550048828125 1.765101371953885e-05
1.054550048828125 1.604646327905357e-05
1.055550048828125 1.5523263330881792e-05
1.056550048828125 1.5694873097042244e-05
1.057550048828125 1.4759966482718786e-05
1.058550048828125 1.4842319845532376e-05
1.059550048828125 1.4126236783340573e-05
1.060550048828125 1.3641503561909e-05
1.061550048828125 1.2325259934489926e-05
1.062550048828125 1.4686769961069028e-05
1.063550048828125 1.1924576247110963e-05
1.064550048828125 1.2505076980839173e-05
1.065550048828125 1.0796203278005122e-05
1.066550048828125 1.3419526706760127e-05
1.067550048828125 1.2756710251172382e-05
1.068550048828125 1.0868250004326303e-05
1.069550048828125 1.0068076274668176e-05
1.070550048828125 1.1788523212696116e-05
1.071550048828125 1.0887403429175418e-05
1.072550048828125 1.0296579372758668e-05
1.073550048828125 1.1510270026822884e-05
1.074550048828125 1.2685466402520735e-05
1.075550048828125 9.742990951053798e-06
1.076550048828125 1.1664746562018991e-05
1.077550048828125 1.075051026418805e-05
1.078550048828125 1.0974020309125382e-05
1.079550048828125 1.1485276433328789e-05
1.080550048828125 1.2190499886249502e-05
1.081550048828125 1.2807086653386553e-05
1.082550048828125 1.0372940838957828e-05
1.083550048828125 1.0815658994639915e-05
1.084550048828125 1.227485326429208e-05
1.085550048828125 1.060127979144454e-05
1.086550048828125 1.1195943225175142e-05
1.087550048828125 1.0774343584974606e-05
1.088550048828125 9.451402584090828e-06
1.089550048828125 1.0275927294666569e-05
1.090550048828125 1.0436509425441424e-05
1.091550048828125 9.561185142956674e-06
1.092550048828125 9.528647642582656e-06
1.093550048828125 1.0345453241219123e-05
1.094550048828125 1.0295932879671454e-05
1.095550048828125 1.0028609540313483e-05
1.096550048828125 1.0918936071296532e-05
1.097550048828125 1.0774759963775675e-05
1.098550048828125 1.0486344108358025e-05
1.099550048828125 9.762266417965292e-06
1.100550048828125 8.461949182674288e-06
1.101550048828125 9.888579370453954e-06
1.102550048828125 9.971692925319076e-06
1.103550048828125 8.596726499187449e-06
1.104550048828125 1.0345415212213993e-05
1.105550048828125 9.787311622252065e-06
1.106550048828125 9.96362146300574e-06
1.107550048828125 9.032796369865537e-06
1.108550048828125 1.0092943363512557e-05
1.109550048828125 9.649660399494073e-06
1.110550048828125 9.739397016043463e-06
1.111550048828125 8.581466390751302e-06
1.112550048828125 1.0832139329674345e-05
1.113550048828125 1.0976120053480069e-05
1.114550048828125 9.561743160399298e-06
1.115550048828125 1.0025407730912169e-05
1.116550048828125 9.89461919137587e-06
1.117550048828125 1.0035040904767811e-05
1.118550048828125 9.483069685908655e-06
1.119550048828125 1.047507665740947e-05
1.120550048828125 1.0729560162872076e-05
1.121550048828125 1.0565383515010278e-05
1.122550048828125 1.0503316686178248e-05
1.123550048828125 1.0076540638692677e-05
1.124550048828125 9.654608632748325e-06
1.125550048828125 1.0232379815230768e-05
1.126550048828125 9.049885751058658e-06
1.127550048828125 9.2617948151504e-06
1.128550048828125 1.0855129997556407e-05
1.129550048828125 1.1777093168348075e-05
1.130550048828125 9.905274297731619e-06
1.131550048828125 1.0279196624954541e-05
1.132550048828125 1.0228170625244578e-05
1.133550048828125 9.426643761495748e-06
1.134550048828125 1.2357423547655345e-05
1.135550048828125 1.1442673082153003e-05
1.136550048828125 9.656329833281537e-06
1.137550048828125 9.97929503985991e-06
1.138550048828125 1.0193247386875253e-05
1.139550048828125 1.0290064577323694e-05
1.140550048828125 1.1065993458032608e-05
1.141550048828125 9.264389130597314e-06
1.142550048828125 1.1063273220012586e-05
1.143550048828125 9.682301509504517e-06
1.144550048828125 1.0475406888872385e-05
1.145550048828125 9.738347919968267e-06
1.146550048828125 9.225917359193167e-06
1.147550048828125 1.0270323449124892e-05
1.148550048828125 9.282575726198652e-06
1.149550048828125 9.449725815405449e-06
1.150550048828125 1.0546686438222726e-05
1.151550048828125 1.0325400508008897e-05
1.152550048828125 1.0501881285260122e-05
1.153550048828125 1.0917220109452804e-05
1.154550048828125 1.0875139851123095e-05
1.155550048828125 1.1095829928914706e-05
1.156550048828125 9.49200999457389e-06
1.157550048828125 1.0466336583097776e-05
1.158550048828125 9.542315771492819e-06
1.159550048828125 9.799838492957254e-06
1.160550048828125 1.006685468989114e-05
1.161550048828125 1.0883099942778546e-05
1.162550048828125 9.606412107435366e-06
1.163550048828125 9.097599928888181e-06
1.164550048828125 1.0121971329984564e-05
1.165550048828125 1.0631263333683212e-05
1.166550048828125 9.405214805155992e-06
1.167550048828125 9.064937476068735e-06
1.168550048828125 9.51908101948599e-06
1.169550048828125 8.713875819618504e-06
1.170550048828125 9.202659712173044e-06
1.171550048828125 9.857282275334001e-06
1.172550048828125 1.0008035460487008e-05
1.173550048828125 9.618264933427174e-06
1.174550048828125 9.70012741163373e-06
1.175550048828125 9.238844892630974e-06
1.176550048828125 9.209147150007387e-06
1.177550048828125 9.350687420616547e-06
1.178550048828125 9.669760086884102e-06
1.179550048828125 8.57262290082872e-06
1.180550048828125 8.257253017897408e-06
1.181550048828125 9.440397843718528e-06
1.182550048828125 8.415431172276536e-06
1.183550048828125 9.546843163358668e-06
1.184550048828125 7.779430986071626e-06
1.185550048828125 9.41127073019743e-06
1.186550048828125 9.024175233207643e-06
1.187550048828125 8.13674763776362e-06
1.188550048828125 8.593148668296636e-06
1.189550048828125 9.83365500966708e-06
1.190550048828125 9.685922026013336e-06
1.191550048828125 8.836628209489087e-06
1.192550048828125 9.876567055471242e-06
1.193550048828125 9.319317953971525e-06
1.194550048828125 8.105113714312514e-06
1.195550048828125 9.79306719576319e-06
1.196550048828125 8.451486743676165e-06
1.197550048828125 8.775750951220591e-06
1.198550048828125 9.06570969770352e-06
1.199550048828125 9.296305167178313e-06
1.200550048828125 8.400198227415482e-06
1.201550048828125 8.968660258688033e-06
1.202550048828125 8.676093614970645e-06
1.203550048828125 8.842379708463947e-06
1.204550048828125 8.77562677487731e-06
1.205550048828125 8.659507924069962e-06
1.206550048828125 8.088279864750802e-06
1.207550048828125 7.802087930031121e-06
1.208550048828125 7.660690462216735e-06
1.209550048828125 8.46601634596785e-06
1.210550048828125 8.424279706863066e-06
1.211550048828125 8.765172096900642e-06
1.212550048828125 8.479555447896323e-06
1.213550048828125 9.009566080446044e-06
1.214550048828125 7.339867491585513e-06
1.215550048828125 8.75304026218752e-06
1.216550048828125 8.277452822464208e-06
1.217550048828125 8.377689712991318e-06
1.218550048828125 8.846548735164105e-06
1.219550048828125 8.616201424350342e-06
1.220550048828125 9.43941743268321e-06
1.221550048828125 9.637920108313362e-06
1.222550048828125 8.547726126077274e-06
1.223550048828125 8.10458732303232e-06
1.224550048828125 7.3775453104948006e-06
1.225550048828125 8.641614113003015e-06
1.226550048828125 9.137823556860288e-06
1.227550048828125 9.251937735825776e-06
1.228550048828125 8.722932931656638e-06
1.229550048828125 9.46683925576508e-06
1.230550048828125 8.203509108473858e-06
1.231550048828125 8.330375615817805e-06
1.232550048828125 9.107836328136423e-06
1.233550048828125 8.217230982457598e-06
1.234550048828125 8.884770989728471e-06
1.235550048828125 8.655081619508565e-06
1.236550048828125 9.255678160116076e-06
1.237550048828125 8.490197166490057e-06
1.238550048828125 8.862639078870416e-06
1.239550048828125 8.659527714674672e-06
1.240550048828125 8.713751255224148e-06
1.241550048828125 9.515285103892287e-06
1.242550048828125 8.968214970082045e-06
1.243550048828125 8.404521504417061e-06
1.244550048828125 9.17167926672846e-06
1.245550048828125 9.374838749257226e-06
1.246550048828125 8.145724035178621e-06
1.247550048828125 8.399522048421204e-06
1.248550048828125 8.648986307283243e-06
1.249550048828125 9.36272592904667e-06
1.250550048828125 9.053387135888139e-06
1.251550048828125 8.327956893481314e-06
1.252550048828125 9.58760540621976e-06
1.253550048828125 8.24749527964741e-06
1.254550048828125 8.645163616165519e-06
1.255550048828125 8.902970002964138e-06
1.256550048828125 8.478251014215252e-06
1.257550048828125 9.168699422540764e-06
1.258550048828125 8.766976922440032e-06
1.259550048828125 8.49999642620484e-06
1.260550048828125 8.647169064109524e-06
1.261550048828125 8.290633171175918e-06
1.262550048828125 8.59879597555846e-06
1.263550048828125 9.221117361448705e-06
1.264550048828125 7.764090163012346e-06
1.265550048828125 8.76635293631504e-06
1.266550048828125 8.985887786063054e-06
1.267550048828125 7.904908658626179e-06
1.268550048828125 7.883349511151512e-06
1.269550048828125 9.076113735015193e-06
1.270550048828125 8.411131178339322e-06
1.271550048828125 8.632316021248698e-06
1.272550048828125 9.516768623143434e-06
1.273550048828125 9.97461883040766e-06
1.274550048828125 9.299295488744974e-06
1.275550048828125 1.0143849261415501e-05
1.276550048828125 8.258119147891799e-06
1.277550048828125 9.253889050645133e-06
1.278550048828125 9.670549382766089e-06
1.279550048828125 1.0534597095102072e-05
1.280550048828125 1.0568439805259307e-05
1.281550048828125 1.0717300077279408e-05
1.282550048828125 8.565013995394111e-06
1.283550048828125 1.0731049890940388e-05
1.284550048828125 1.1105800125127037e-05
1.285550048828125 1.058493663246433e-05
1.286550048828125 1.1018536752089857e-05
1.287550048828125 1.095324366663893e-05
1.288550048828125 1.2744733442862829e-05
1.289550048828125 1.2181843242918451e-05
1.290550048828125 1.1984713297958176e-05
1.291550048828125 1.2040026873971025e-05
1.292550048828125 1.1433520121499896e-05
1.293550048828125 1.2320460130771e-05
1.294550048828125 1.2482170326014359e-05
1.295550048828125 1.1991613234082858e-05
1.296550048828125 1.3117643150811393e-05
1.297550048828125 1.3321646644423405e-05
1.298550048828125 1.2746349675580859e-05
1.299550048828125 1.2884973548352719e-05
1.300550048828125 1.27800270759811e-05
1.301550048828125 1.3124166677395503e-05
1.302550048828125 1.3869010144844651e-05
1.303550048828125 1.2867099915941556e-05
1.304550048828125 1.2974449976657828e-05
1.305550048828125 1.2533660046756268e-05
1.306550048828125 1.0790606805433829e-05
1.307550048828125 1.3081826424847047e-05
1.308550048828125 1.1998629973580439e-05
1.309550048828125 1.2944346526637673e-05
1.310550048828125 1.2316616872946421e-05
1.311550048828125 1.2596840194116037e-05
1.312550048828125 1.2820526802291472e-05
1.313550048828125 1.1528586425508063e-05
1.314550048828125 1.2262886545310419e-05
1.315550048828125 1.1710936669260263e-05
1.316550048828125 1.1258050023267668e-05
1.317550048828125 1.2177499787261089e-05
1.318550048828125 1.1518299967671435e-05
1.319550048828125 1.137992017902434e-05
1.320550048828125 1.1545279994606971e-05
1.321550048828125 1.2156149993340175e-05
1.322550048828125 1.1628450204928716e-05
1.323550048828125 1.0833436778436105e-05
1.324550048828125 1.1974903366838891e-05
1.325550048828125 1.2628133408725261e-05
1.326550048828125 1.1462939825529854e-05
1.327550048828125 1.1162909989555676e-05
1.328550048828125 1.1123629907766979e-05
1.329550048828125 1.140738643395404e-05
1.330550048828125 9.563516165750722e-06
1.331550048828125 1.1572606551150481e-05
1.332550048828125 1.0964163423826296e-05
1.333550048828125 1.1803206677238148e-05
1.334550048828125 1.1189110033834975e-05
1.335550048828125 1.2120713169376057e-05
1.336550048828125 1.1673383414745331e-05
1.337550048828125 1.1581697035580874e-05
1.338550048828125 1.1836893390864134e-05
1.339550048828125 1.2226999582101901e-05
1.340550048828125 1.0788496971751253e-05
1.341550048828125 1.0897407773882151e-05
1.342550048828125 1.1138009916370113e-05
1.343550048828125 1.228492978649835e-05
1.344550048828125 1.1983736573408048e-05
1.345550048828125 1.109098355906705e-05
1.346550048828125 1.1465886297325293e-05
1.347550048828125 1.2016443458075325e-05
1.348550048828125 1.2231366708874702e-05
1.349550048828125 1.1516100106139977e-05
1.350550048828125 1.229255033346514e-05
1.351550048828125 1.203914328167836e-05
1.352550048828125 1.1598329486635824e-05
1.353550048828125 1.1733686939502756e-05
1.354550048828125 1.1268616653978824e-05
1.355550048828125 1.3436739876245458e-05
1.356550048828125 1.3138656892503302e-05
1.357550048828125 1.2259439875682195e-05
1.358550048828125 1.359654978538553e-05
1.359550048828125 1.20208067043374e-05
1.360550048828125 1.1400916846469045e-05
1.361550048828125 1.0579951534358163e-05
1.362550048828125 1.2220096541568637e-05
1.363550048828125 1.2418079810837906e-05
1.364550048828125 1.4257676666602492e-05
1.365550048828125 1.1030886477480333e-05
1.366550048828125 1.2350230244919658e-05
1.367550048828125 1.396720336439709e-05
1.368550048828125 1.137597990843157e-05
1.369550048828125 1.2690496320525806e-05
1.370550048828125 1.3862876609588663e-05
1.371550048828125 1.0838050317640107e-05
1.372550048828125 1.2361123226583005e-05
1.373550048828125 1.2542859573538105e-05
1.374550048828125 1.1430433563267191e-05
1.375550048828125 1.3811326740930479e-05
1.376550048828125 1.2936170290534694e-05
1.377550048828125 1.4771123339111607e-05
1.378550048828125 1.295575328792135e-05
1.379550048828125 1.54811330139637e-05
1.380550048828125 1.1652720083172123e-05
1.381550048828125 1.3484420099606117e-05
1.382550048828125 1.270083322500189e-05
1.383550048828125 1.3047976729770501e-05
1.384550048828125 1.2515130219981074e-05
1.385550048828125 1.0841679371272524e-05
1.386550048828125 1.2770373529444139e-05
1.387550048828125 1.2513470137491822e-05
1.388550048828125 1.1695706440756718e-05
1.389550048828125 1.2835036808003982e-05
1.390550048828125 1.3131619974349934e-05
1.391550048828125 1.4872843554864328e-05
1.392550048828125 1.289698644541204e-05
1.393550048828125 1.3537013437598943e-05
1.394550048828125 1.2186159923051794e-05
1.395550048828125 1.245014990369479e-05
1.396550048828125 1.2229620090996225e-05
1.397550048828125 1.3745659962296487e-05
1.398550048828125 1.365186374944945e-05
1.399550048828125 1.2194926772887508e-05
1.400550048828125 1.3808196720977623e-05
1.401550048828125 1.212095996985833e-05
1.402550048828125 1.2413230336581666e-05
1.403550048828125 1.2691196364661057e-05
1.404550048828125 1.1717273543278377e-05
1.405550048828125 1.2525023582081001e-05
1.406550048828125 1.3038513328259189e-05
1.407550048828125 1.2504793315504987e-05
1.408550048828125 1.171633639993767e-05
1.409550048828125 1.2619113161539037e-05
1.410550048828125 1.0907042499942084e-05
1.411550048828125 1.1080233380198478e-05
1.412550048828125 1.0874623355145257e-05
1.413550048828125 1.1697470132882397e-05
1.414550048828125 1.2213659938424825e-05
1.415550048828125 1.395958320548137e-05
1.416550048828125 1.1071933355803291e-05
1.417550048828125 1.0064450131418805e-05
1.418550048828125 1.1271096688384812e-05
1.419550048828125 1.1743133654817939e-05
1.420550048828125 1.0577783298989136e-05
1.421550048828125 1.1138863240679104e-05
1.422550048828125 1.2050133276109893e-05
1.423550048828125 1.2256646684060494e-05
1.424550048828125 1.2332463714604575e-05
1.425550048828125 1.0674731650700171e-05
1.426550048828125 1.2415590075155098e-05
1.427550048828125 1.1796936548004549e-05
1.428550048828125 1.1209270451217889e-05
1.429550048828125 1.2013450032100081e-05
1.430550048828125 1.1503446924810607e-05
1.431550048828125 1.1001072901611526e-05
1.432550048828125 1.1757536558434367e-05
1.433550048828125 1.1250110110267998e-05
1.434550048828125 1.0994770176087816e-05
1.435550048828125 1.1746783275157214e-05
1.436550048828125 1.2264233470583955e-05
1.437550048828125 1.1278529806683462e-05
1.438550048828125 1.0228108731098473e-05
1.439550048828125 1.158751353311042e-05
1.440550048828125 1.3090563006699085e-05
1.441550048828125 1.2568476377055049e-05
1.442550048828125 1.1623069876804948e-05
1.443550048828125 1.1138870225598414e-05
1.444550048828125 1.2524309568107128e-05
1.445550048828125 1.1129970274244745e-05
1.446550048828125 1.2090546467031043e-05
1.447550048828125 1.0787681870472927e-05
1.448550048828125 1.088785647880286e-05
1.449550048828125 1.1594816654299695e-05
1.450550048828125 1.1746563638250033e-05
1.451550048828125 1.3063586860274274e-05
1.452550048828125 1.201745355501771e-05
1.453550048828125 1.1661779911567767e-05
1.454550048828125 1.0978639281044404e-05
1.455550048828125 1.1711289795736472e-05
1.456550048828125 1.169008978952964e-05
1.457550048828125 1.0836256745581825e-05
1.458550048828125 1.2781853244329493e-05
1.459550048828125 1.2724009963373344e-05
1.460550048828125 1.1527740086118381e-05
1.461550048828125 1.2353979982435704e-05
1.462550048828125 1.153585345794757e-05
1.463550048828125 1.2840043442944687e-05
1.464550048828125 1.3163586457570394e-05
1.465550048828125 1.1437575643261273e-05
1.466550048828125 1.2146999749044577e-05
1.467550048828125 1.2603676877915859e-05
1.468550048828125 1.1466807142520945e-05
1.469550048828125 1.1514989892020821e-05
1.470550048828125 1.2730906795089443e-05
1.471550048828125 1.3322676920021574e-05
1.472550048828125 1.3126870229219397e-05
1.473550048828125 1.2471280448759596e-05
1.474550048828125 1.2708733168741067e-05
1.475550048828125 1.1837573256343603e-05
1.476550048828125 1.1639333485315244e-05
1.477550048828125 1.282967976294458e-05
1.478550048828125 1.3911053538322448e-05
1.479550048828125 1.196912683856984e-05
1.480550048828125 1.2869236525148153e-05
1.481550048828125 1.3935043243691325e-05
1.482550048828125 1.2692209954063099e-05
1.483550048828125 1.2026140078281361e-05
1.484550048828125 1.3013373439510662e-05
1.485550048828125 1.346106679799656e-05
1.486550048828125 1.500445689695577e-05
1.487550048828125 1.4428203382218878e-05
1.488550048828125 1.2965336985265215e-05
1.489550048828125 1.5336329815909267e-05
1.490550048828125 1.3532426673918963e-05
1.491550048828125 1.2823832997431357e-05
1.492550048828125 1.3703503257905442e-05
1.493550048828125 1.3273810036480427e-05
1.494550048828125 1.56466798701634e-05
1.495550048828125 1.4176229791094858e-05
1.496550048828125 1.4296513206015032e-05
1.497550048828125 1.1897286555419367e-05
1.498550048828125 1.3466703239828349e-05
1.499550048828125 1.360920335476597e-05
1.500550048828125 1.4182936477785308e-05
1.501550048828125 1.3790530307839315e-05
1.502550048828125 1.3135036764045556e-05
1.503550048828125 1.3043770256141823e-05
1.504550048828125 1.253299027060469e-05
1.505550048828125 1.3748493511229754e-05
1.506550048828125 1.3692439921821158e-05
1.507550048828125 1.4518606864536803e-05
1.508550048828125 1.4071423405160506e-05
1.509550048828125 1.4270949953546126e-05
1.510550048828125 1.2501943080375592e-05
1.511550048828125 1.321735675446689e-05
1.512550048828125 1.209782320074737e-05
1.513550048828125 1.1909513268619776e-05
1.514550048828125 1.214738314350446e-05
1.515550048828125 1.3986133271828294e-05
1.516550048828125 1.3093519955873489e-05
1.517550048828125 1.2884970055893064e-05
1.518550048828125 1.3539313028256099e-05
1.519550048828125 1.4233589948465426e-05
1.520550048828125 1.316475992401441e-05
1.521550048828125 1.3233683227250974e-05
1.522550048828125 1.4564036391675472e-05
1.523550048828125 1.1939336157714326e-05
1.524550048828125 1.3752800102035205e-05
1.525550048828125 1.3260830116147798e-05
1.526550048828125 1.364050976311167e-05
1.527550048828125 1.2622283150752384e-05
1.528550048828125 1.4115683346365888e-05
1.529550048828125 1.4498173259198666e-05
1.530550048828125 1.3810852930570642e-05
1.531550048828125 1.3233406546836098e-05
1.532550048828125 1.3423813506960868e-05
1.533550048828125 1.432430309553941e-05
1.534550048828125 1.2239026448999841e-05
1.535550048828125 1.3173709933956463e-05
1.536550048828125 1.3212546473369003e-05
1.537550048828125 1.3748966933538515e-05
1.538550048828125 1.3910220004618168e-05
1.539550048828125 1.2998350042228896e-05
1.540550048828125 1.2694830074906349e-05
1.541550048828125 1.36464461684227e-05
1.542550048828125 1.2707750235373777e-05
1.543550048828125 1.2892776867374778e-05
1.544550048828125 1.4750276847432058e-05
1.545550048828125 1.3926973333582281e-05
1.546550048828125 1.3330120127648115e-05
1.547550048828125 1.4845589951922496e-05
1.548550048828125 1.3903089954207342e-05
1.549550048828125 1.2183383805677295e-05
1.550550048828125 1.4296533384670814e-05
1.551550048828125 1.3781309826299548e-05
1.552550048828125 1.2246543386330206e-05
1.553550048828125 1.3430493418127298e-05
1.554550048828125 1.4539330344026287e-05
1.555550048828125 1.3945213286206126e-05
1.556550048828125 1.4435826645543177e-05
1.557550048828125 1.478765004624923e-05
1.558550048828125 1.4319203328341246e-05
1.559550048828125 1.3024723545337718e-05
1.560550048828125 1.4262476470321417e-05
1.561550048828125 1.5540766374518473e-05
1.562550048828125 1.5173026671012241e-05
1.563550048828125 1.2573536951094866e-05
1.564550048828125 1.4671410123507182e-05
1.565550048828125 1.4129440144946177e-05
1.566550048828125 1.3703703492258985e-05
1.567550048828125 1.395428281587859e-05
1.568550048828125 1.4453396433964371e-05
1.569550048828125 1.3380046390617888e-05
1.570550048828125 1.616978629802664e-05
1.571550048828125 1.4989360158021252e-05
1.572550048828125 1.6419753665104507e-05
1.573550048828125 1.421286336456736e-05
1.574550048828125 1.4978173033644755e-05
1.575550048828125 1.5082486594716708e-05
1.576550048828125 1.6223296600704392e-05
1.577550048828125 1.5030430319408577e-05
1.578550048828125 1.4848133626704414e-05
1.579550048828125 1.604594678307573e-05
1.580550048828125 1.565498998388648e-05
1.581550048828125 1.523265343469878e-05
1.582550048828125 1.640242990106344e-05
1.583550048828125 1.7102993248651427e-05
1.584550048828125 1.4872330163295071e-05
1.585550048828125 1.7470909903446833e-05
1.586550048828125 1.4290133646378915e-05
1.587550048828125 1.6373646600792807e-05
1.588550048828125 1.5170446907480558e-05
1.589550048828125 1.6825529746711255e-05
1.590550048828125 1.666642997103433e-05
1.591550048828125 1.574694993905723e-05
1.592550048828125 1.508734654635191e-05
1.593550048828125 1.505478013617297e-05
1.594550048828125 1.5828516722346346e-05
1.595550048828125 1.3925899984315039e-05
1.596550048828125 1.4591173191244405e-05
1.597550048828125 1.6243280066798132e-05
1.598550048828125 1.6424086643382905e-05
1.599550048828125 1.490386319346726e-05
1.600550048828125 1.4842206534619134e-05
1.601550048828125 1.765176304616034e-05
1.602550048828125 1.5252499918763835e-05
1.603550048828125 1.394886989146471e-05
1.604550048828125 1.566296676173806e-05
1.605550048828125 1.574769305686156e-05
1.606550048828125 1.4492060290649534e-05
1.607550048828125 1.4641266704226535e-05
1.608550048828125 1.5297660138458013e-05
1.609550048828125 1.646904624067247e-05
1.610550048828125 1.6125616772721213e-05
1.611550048828125 1.7291023395955564e-05
1.612550048828125 1.514073306073745e-05
1.613550048828125 1.6340073198080063e-05
1.614550048828125 1.5629959913591545e-05
1.615550048828125 1.6338643229876953e-05
1.616550048828125 1.4489340052629511e-05
1.617550048828125 1.649669681986173e-05
1.618550048828125 1.4080280282845099e-05
1.619550048828125 1.676239655353129e-05
1.620550048828125 1.58199369131277e-05
1.621550048828125 1.6497393371537328e-05
1.622550048828125 1.6703710425645113e-05
1.623550048828125 1.6064663650467992e-05
1.624550048828125 1.64643966127187e-05
1.625550048828125 1.6798613360151647e-05
1.626550048828125 1.7131793623169263e-05
1.627550048828125 1.6039796561623614e-05
1.628550048828125 1.5258743272473414e-05
1.629550048828125 1.4947960153222084e-05
1.630550048828125 1.4379256560156743e-05
1.631550048828125 1.515309636791547e-05
1.632550048828125 1.6747000239168603e-05
1.633550048828125 1.613874298830827e-05
1.634550048828125 1.564559681961934e-05
1.635550048828125 1.6747483362754184e-05
1.636550048828125 1.6411313166220982e-05
1.637550048828125 1.682804354156057e-05
1.638550048828125 1.5795250268032152e-05
1.639550048828125 1.565280642050008e-05
1.640550048828125 1.726396692295869e-05
1.641550048828125 1.569254983526965e-05
1.642550048828125 1.8733406517033775e-05
1.643550048828125 1.655103328327338e-05
1.644550048828125 1.6720016331722337e-05
1.645550048828125 1.706886338070035e-05
1.646550048828125 1.692594688696166e-05
1.647550048828125 1.605774004322787e-05
1.648550048828125 1.8684500052283207e-05
1.649550048828125 1.8640129904573163e-05
1.650550048828125 1.7792196789135536e-05
1.651550048828125 1.8219516690199574e-05
1.652550048828125 1.7976743401959537e-05
1.653550048828125 1.7789776514594753e-05
1.654550048828125 1.8211323379849393e-05
1.655550048828125 1.8872483633458614e-05
1.656550048828125 1.5017389863108595e-05
1.657550048828125 1.789079358180364e-05
1.658550048828125 1.6901909839361905e-05
1.659550048828125 1.6561843222007155e-05
1.660550048828125 1.8536663458993036e-05
1.661550048828125 1.8476669987042744e-05
1.662550048828125 1.9186016482611495e-05
1.663550048828125 1.6226346682136256e-05
1.664550048828125 1.925904342594246e-05
1.665550048828125 1.712707996678849e-05
1.666550048828125 1.7481966642662884e-05
1.667550048828125 1.6905606413880985e-05
1.668550048828125 1.4713116688653827e-05
1.669550048828125 1.6957710031419992e-05
1.670550048828125 1.796038666119178e-05
1.671550048828125 1.9596376611540714e-05
1.672550048828125 2.0126476883888244e-05
1.673550048828125 1.7261009973784287e-05
1.674550048828125 1.66354700922966e-05
1.675550048828125 1.7370143517230948e-05
1.676550048828125 1.7655666451901196e-05
1.677550048828125 1.9034420450528463e-05
1.678550048828125 1.7736636800691484e-05
1.679550048828125 1.8910713649044434e-05
1.680550048828125 1.8018486443907022e-05
1.681550048828125 1.903607005563875e-05
1.682550048828125 2.2546127438545228e-05
1.683550048828125 2.1388563327491282e-05
1.684550048828125 1.8209010207404693e-05
1.685550048828125 1.8163323402404786e-05
1.686550048828125 1.79376732558012e-05
1.687550048828125 1.6943836817517878e-05
1.688550048828125 1.7779373253385228e-05
1.689550048828125 2.0326163697366915e-05
1.690550048828125 1.7950576342021426e-05
1.691550048828125 1.8803717102855445e-05
1.692550048828125 1.873080657484631e-05
1.693550048828125 1.7656420047084492e-05
1.694550048828125 1.90695736091584e-05
1.695550048828125 2.0653433166444303e-05
1.696550048828125 1.7943949981903036e-05
1.697550048828125 1.780949959841867e-05
1.698550048828125 1.9779366751511893e-05
1.699550048828125 2.1671036568780742e-05
1.700550048828125 2.1047329840560755e-05
1.701550048828125 1.8397180441146095e-05
1.702550048828125 1.963842698993782e-05
1.703550048828125 1.960518032622834e-05
1.704550048828125 1.7109363495061797e-05
1.705550048828125 2.1859869981805483e-05
1.706550048828125 2.057126723229885e-05
1.707550048828125 2.0042789401486516e-05
1.708550048828125 1.6421459925671418e-05
1.709550048828125 1.990033973318835e-05
1.710550048828125 1.8075816333293913e-05
1.711550048828125 1.9507539691403507e-05
1.712550048828125 1.948092986519138e-05
1.713550048828125 1.981722035755714e-05
1.714550048828125 1.7874283172811072e-05
1.715550048828125 2.1621173558135828e-05
1.716550048828125 1.6913076785082618e-05
1.717550048828125 1.8201323691755532e-05
1.718550048828125 1.8447856806839506e-05
1.719550048828125 1.929478991466264e-05
1.720550048828125 2.0064859806249537e-05
1.721550048828125 1.997047608407835e-05
1.722550048828125 1.7910449920843047e-05
1.723550048828125 2.062762971036136e-05
1.724550048828125 1.894527697004378e-05
1.725550048828125 2.096454380080104e-05
1.726550048828125 2.180403641735514e-05
1.727550048828125 1.9221382681280376e-05
1.728550048828125 2.1586069681992133e-05
1.729550048828125 1.999313671452304e-05
1.730550048828125 2.1335260632137456e-05
1.731550048828125 1.9864950251455107e-05
1.732550048828125 2.2025566237668194e-05
1.733550048828125 1.9928193263088665e-05
1.734550048828125 2.0947186276316642e-05
1.735550048828125 2.470916680370768e-05
1.736550048828125 1.9650732865557076e-05
1.737550048828125 2.4772429217894875e-05
1.738550048828125 2.553955651819706e-05
1.739550048828125 1.9991103714952864e-05
1.740550048828125 2.3087380298723777e-05
1.741550048828125 2.2595707171907028e-05
1.742550048828125 2.476411017899712e-05
1.743550048828125 2.2968476793418326e-05
1.744550048828125 2.417241999258598e-05
1.745550048828125 2.3107209708541633e-05
1.746550048828125 2.1507589456935725e-05
1.747550048828125 2.6287569974859557e-05
1.748550048828125 2.5380659693231185e-05
1.749550048828125 2.355274666721622e-05
1.750550048828125 2.150562281409899e-05
1.751550048828125 2.3727649822831153e-05
1.752550048828125 2.3747439651439584e-05
1.753550048828125 2.1711709753920637e-05
1.754550048828125 2.226395687709252e-05
1.755550048828125 2.0580546309550606e-05
1.756550048828125 2.464676663900415e-05
1.757550048828125 2.4562143565466006e-05
1.758550048828125 2.1563322904209295e-05
1.759550048828125 2.449128311127424e-05
1.760550048828125 2.4694954045116902e-05
1.761550048828125 2.081861331438025e-05
1.762550048828125 2.218406026562055e-05
1.763550048828125 2.1279215967903535e-05
1.764550048828125 2.1213589934632183e-05
1.765550048828125 2.6747502852231263e-05
1.766550048828125 2.4310176571210228e-05
1.767550048828125 2.3881145752966405e-05
1.768550048828125 2.201264025643468e-05
1.769550048828125 2.247974664593736e-05
1.770550048828125 2.376539632678032e-05
1.771550048828125 2.1231793410455188e-05
1.772550048828125 2.3396233251939215e-05
1.773550048828125 2.5546407171835503e-05
1.774550048828125 2.353309731309613e-05
1.775550048828125 2.2970947126547494e-05
1.776550048828125 2.2117787351210914e-05
1.777550048828125 2.4595899352182947e-05
1.778550048828125 2.608352340757847e-05
1.779550048828125 2.5412989780306818e-05
1.780550048828125 2.5751590728759767e-05
1.781550048828125 2.2871166778107487e-05
1.782550048828125 2.7800189175953468e-05
1.783550048828125 2.3384963472684225e-05
1.784550048828125 2.3316593530277408e-05
1.785550048828125 2.5158600571254886e-05
1.786550048828125 2.3736036382615566e-05
1.787550048828125 2.456563680122296e-05
1.788550048828125 2.2877813316881658e-05
1.789550048828125 2.4300833077480397e-05
1.790550048828125 2.7538636544098457e-05
1.791550048828125 2.175347957139214e-05
1.792550048828125 2.3611796398957572e-05
1.793550048828125 2.3071055766195057e-05
1.794550048828125 2.2670366646101078e-05
1.795550048828125 2.2893249988555907e-05
1.796550048828125 2.232393017038703e-05
1.797550048828125 2.5213862924526134e-05
1.798550048828125 2.6279796535770095e-05
1.799550048828125 2.8092083521187306e-05
1.800550048828125 2.3856762951860824e-05
1.801550048828125 2.6358939552058778e-05
1.802550048828125 2.3654657416045665e-05
1.803550048828125 2.6233053455750146e-05
1.804550048828125 2.6840933132916687e-05
1.805550048828125 2.6581953279674052e-05
1.806550048828125 2.4797643224398295e-05
1.807550048828125 2.8174122950683036e-05
1.808550048828125 2.5723370102544627e-05
1.809550048828125 2.7389953223367533e-05
1.810550048828125 2.875402026499311e-05
1.811550048828125 2.566085662692785e-05
1.812550048828125 2.31930303076903e-05
1.813550048828125 2.754764320949713e-05
1.814550048828125 3.0616593236724535e-05
1.815550048828125 2.950576366856694e-05
1.816550048828125 3.0710543505847454e-05
1.817550048828125 2.7213359717279674e-05
1.818550048828125 2.870509633794427e-05
1.819550048828125 3.424757315466801e-05
1.820550048828125 3.0213996457556883e-05
1.821550048828125 3.3463300205767154e-05
1.822550048828125 3.149281954392791e-05
1.823550048828125 3.380631329491735e-05
1.824550048828125 2.8028443145255246e-05
1.825550048828125 3.2617926287154357e-05
1.826550048828125 2.901155035942793e-05
1.827550048828125 3.057606052607298e-05
1.828550048828125 3.177661991988619e-05
1.829550048828125 3.57257598079741e-05
1.830550048828125 2.8917103384931883e-05
1.831550048828125 3.5330687339107196e-05
1.832550048828125 3.3525580850740277e-05
1.833550048828125 3.639505011960864e-05
1.834550048828125 3.435821350043019e-05
1.835550048828125 3.424627939239144e-05
1.836550048828125 3.2531609758734706e-05
1.837550048828125 3.486485996594032e-05
1.838550048828125 3.0306919943541287e-05
1.839550048828125 3.5289890753726164e-05
1.840550048828125 3.1147486685464775e-05
1.841550048828125 3.470267712449034e-05
1.842550048828125 3.586485283449292e-05
1.843550048828125 3.396176034584641e-05
1.844550048828125 3.291190369054675e-05
1.845550048828125 3.804944998895129e-05
1.846550048828125 3.3848194094995656e-05
1.847550048828125 3.354663029313087e-05
1.848550048828125 3.281862630198399e-05
1.849550048828125 3.555548299724857e-05
1.850550048828125 3.346591722220182e-05
1.851550048828125 3.5113083043446144e-05
1.852550048828125 3.5346580358843004e-05
1.853550048828125 3.3053203175465266e-05
1.854550048828125 3.597505313033859e-05
1.855550048828125 3.477718758707245e-05
1.856550048828125 3.2129480193058646e-05
1.857550048828125 3.6596006248146294e-05
1.858550048828125 3.467390313744545e-05
1.859550048828125 3.742710609609882e-05
1.860550048828125 3.738001299401125e-05
1.861550048828125 3.580677323043347e-05
1.862550048828125 3.809809762363633e-05
1.863550048828125 3.8382216977576415e-05
1.864550048828125 3.462860981623332e-05
1.865550048828125 3.719929295281569e-05
1.866550048828125 3.655888062591354e-05
1.867550048828125 3.15496566084524e-05
1.868550048828125 3.545842987174789e-05
1.869550048828125 3.576473332941532e-05
1.870550048828125 3.2368529743204515e-05
1.871550048828125 3.347728323812286e-05
1.872550048828125 3.936833546807368e-05
1.873550048828125 3.6291847160706916e-05
1.874550048828125 3.504547368114193e-05
1.875550048828125 3.836691922818621e-05
1.876550048828125 3.7608302664011715e-05
1.877550048828125 3.7031023142238456e-05
1.878550048828125 3.415085297698776e-05
1.879550048828125 3.6315159716953835e-05
1.880550048828125 3.811462394272288e-05
1.881550048828125 3.2811490042756e-05
1.882550048828125 3.54998962332805e-05
1.883550048828125 3.429811680689454e-05
1.884550048828125 3.209710664426287e-05
1.885550048828125 3.806446911767125e-05
1.886550048828125 3.509173713003596e-05
1.887550048828125 3.558052626127998e-05
1.888550048828125 3.764205612242222e-05
1.889550048828125 3.308605325097839e-05
1.890550048828125 4.086389283960064e-05
1.891550048828125 3.8305716589093206e-05
1.892550048828125 3.723783961807688e-05
1.893550048828125 3.624734623978535e-05
1.894550048828125 3.237591978783409e-05
1.895550048828125 3.9229982066899536e-05
1.896550048828125 3.603045673420032e-05
1.897550048828125 3.618163289502263e-05
1.898550048828125 4.0711186981449526e-05
1.899550048828125 3.341122297570109e-05
1.900550048828125 3.479678261404236e-05
1.901550048828125 3.496949328109622e-05
1.902550048828125 3.35896930967768e-05
1.903550048828125 3.7492619982610145e-05
1.904550048828125 3.632319315026204e-05
1.905550048828125 3.922245698049665e-05
1.906550048828125 3.8397558964788916e-05
1.907550048828125 3.873084904626012e-05
1.908550048828125 3.960417583584786e-05
1.909550048828125 3.233996297543248e-05
1.910550048828125 4.115080072854956e-05
1.911550048828125 3.8094904739409684e-05
1.912550048828125 4.211748639742534e-05
1.913550048828125 3.4618993134548266e-05
1.914550048828125 3.925998229533434e-05
1.915550048828125 4.33370703831315e-05
1.916550048828125 3.859719649578134e-05
1.917550048828125 3.5125422291457655e-05
1.918550048828125 3.892209070424239e-05
1.919550048828125 4.0741092525422574e-05
1.920550048828125 3.79932865810891e-05
1.921550048828125 4.1321366249273225e-05
1.922550048828125 3.889665938913822e-05
1.923550048828125 3.603717001775901e-05
1.924550048828125 3.414980291078488e-05
1.925550048828125 3.983260365203023e-05
1.926550048828125 3.537931634734074e-05
1.927550048828125 4.07071706528465e-05
1.928550048828125 3.720332713176807e-05
1.929550048828125 3.6054509691894055e-05
1.930550048828125 4.261620653172334e-05
1.931550048828125 3.7475676896671455e-05
1.932550048828125 3.802616925289234e-05
1.933550048828125 3.983256717522939e-05
1.934550048828125 3.7000603042542936e-05
1.935550048828125 3.895976270238558e-05
1.936550048828125 3.884063257525365e-05
1.937550048828125 3.9214434412618475e-05
1.938550048828125 3.526832986002167e-05
1.939550048828125 3.738292415315906e-05
1.940550048828125 4.1109150430808464e-05
1.941550048828125 3.356384656702479e-05
1.942550048828125 4.0661622770130633e-05
1.943550048828125 3.5190530276546876e-05
1.944550048828125 4.1991697313884896e-05
1.945550048828125 3.33688974690934e-05
1.946550048828125 3.340020077303052e-05
1.947550048828125 3.993934641281764e-05
1.948550048828125 3.754337318241596e-05
1.949550048828125 3.646306305502852e-05
1.950550048828125 3.708798671141267e-05
1.951550048828125 3.543600362415115e-05
1.952550048828125 4.0086079388856886e-05
1.953550048828125 3.326204683010777e-05
1.954550048828125 3.6589783461143575e-05
1.955550048828125 3.686393067861596e-05
1.956550048828125 4.3546279581884546e-05
1.957550048828125 3.629247968395551e-05
1.958550048828125 3.759930298353235e-05
1.959550048828125 3.477723027269045e-05
1.960550048828125 3.853380292033156e-05
1.961550048828125 3.832372060666481e-05
1.962550048828125 3.816262353211641e-05
1.963550048828125 3.314066600675384e-05
1.964550048828125 4.518367350101471e-05
1.965550048828125 3.92806661936144e-05
1.966550048828125 4.1371157082418607e-05
1.967550048828125 3.6721864404777685e-05
1.968550048828125 4.282210332651933e-05
1.969550048828125 4.5233106551071005e-05
1.970550048828125 3.6104969525088866e-05
1.971550048828125 4.108434698234002e-05
1.972550048828125 3.7104672907541194e-05
1.973550048828125 3.724576362098257e-05
1.974550048828125 4.3018773042907316e-05
1.975550048828125 3.7009410249690214e-05
1.976550048828125 3.897336932520071e-05
1.977550048828125 3.9666286514451103e-05
1.978550048828125 3.476746535549561e-05
1.979550048828125 4.159030659745137e-05
1.980550048828125 3.791574078301589e-05
1.981550048828125 3.9768177084624765e-05
1.982550048828125 3.704879044865569e-05
1.983550048828125 3.6816166248172524e-05
1.984550048828125 3.7845394108444455e-05
1.985550048828125 3.787435979271928e-05
1.986550048828125 4.231524653732777e-05
1.987550048828125 3.6027409757177034e-05
1.988550048828125 4.1350761118034526e-05
1.989550048828125 3.56058698768417e-05
1.990550048828125 4.1295633030434444e-05
1.991550048828125 3.726665008192261e-05
1.992550048828125 3.4939280400673545e-05
1.993550048828125 4.1451440192759034e-05
1.994550048828125 4.107557237148285e-05
1.995550048828125 3.723007083560029e-05
1.996550048828125 3.9360126635680596e-05
1.997550048828125 4.49891962731878e-05
1.998550048828125 3.9675049483776094e-05
1.999550048828125 4.2009390890598295e-05
2.000550048828125 3.876755712553859e-05
2.001550048828125 3.974902365977566e-05
2.002550048828125 3.843598921472827e-05
2.003550048828125 4.550669652720292e-05
2.004550048828125 4.249884436527888e-05
2.005550048828125 4.554070997983217e-05
2.006550048828125 4.125201065714161e-05
2.007550048828125 4.330880008637905e-05
2.008550048828125 3.917517295728127e-05
2.009550048828125 4.135581975181897e-05
2.010550048828125 4.0349403861910104e-05
2.011550048828125 3.9283050379405424e-05
2.012550048828125 4.4375226522485415e-05
2.013550048828125 3.843864348406593e-05
2.014550048828125 3.6517959864189226e-05
2.015550048828125 3.96896293386817e-05
2.016550048828125 4.234765656292438e-05
2.017550048828125 4.5191051128009956e-05
2.018550048828125 4.233369138091803e-05
2.019550048828125 3.7610436944911873e-05
2.020550048828125 4.655347981800635e-05
2.021550048828125 3.5522656980901955e-05
2.022550048828125 4.0717967009792726e-05
2.023550048828125 4.258817993104458e-05
2.024550048828125 3.690688249965509e-05
2.025550048828125 3.772127985333403e-05
2.026550048828125 4.739489561567704e-05
2.027550048828125 4.9334609260161716e-05
2.028550048828125 4.234683079024156e-05
2.029550048828125 4.745237994939089e-05
2.030550048828125 3.5571486999591196e-05
2.031550048828125 5.197050360341866e-05
2.032550048828125 4.08469932153821e-05
2.033550048828125 4.805486338833968e-05
2.034550048828125 3.540874769290288e-05
2.035550048828125 4.36272860194246e-05
2.036550048828125 4.411151943107446e-05
2.037550048828125 4.195327560106914e-05
2.038550048828125 4.480826668441296e-05
2.039550048828125 4.8520929800967376e-05
2.040550048828125 4.249079308162133e-05
2.041550048828125 5.106616299599409e-05
2.042550048828125 4.463925026357174e-05
2.043550048828125 4.442078061401844e-05
2.044550048828125 4.664718949546416e-05
2.045550048828125 4.248883885641892e-05
2.046550048828125 4.084009366730849e-05
2.047550048828125 4.9085143643120925e-05
2.048550048828125 5.1218008932967975e-05
2.049550048828125 4.446469557782014e-05
2.050550048828125 5.1396323057512444e-05
2.051550048828125 5.02634234726429e-05
2.052550048828125 4.4565003675719096e-05
2.053550048828125 4.475119368483623e-05
2.054550048828125 4.8566906092067556e-05
2.055550048828125 4.115933862825234e-05
2.056550048828125 3.8108149698625005e-05
2.057550048828125 4.6683296871682e-05
2.058550048828125 4.1054533794522287e-05
2.059550048828125 4.287691942105691e-05
2.060550048828125 4.707957462718089e-05
2.061550048828125 4.709677305072546e-05
2.062550048828125 4.6615507453680035e-05
2.063550048828125 4.938102016846339e-05
2.064550048828125 4.7503509558737276e-05
2.065550048828125 4.8922056642671426e-05
2.066550048828125 4.648142494261265e-05
2.067550048828125 4.8257728728155296e-05
2.068550048828125 5.2548951158920925e-05
2.069550048828125 5.198365232596795e-05
2.070550048828125 4.850176628679037e-05
2.071550048828125 5.349180350701015e-05
2.072550048828125 4.765932603428761e-05
2.073550048828125 4.790492666264375e-05
2.074550048828125 4.025564684222142e-05
2.075550048828125 4.376600729301572e-05
2.076550048828125 4.700414991627137e-05
2.077550048828125 4.5326681186755493e-05
2.078550048828125 5.955948649595182e-05
2.079550048828125 4.428412920484941e-05
2.080550048828125 5.223265072951714e-05
2.081550048828125 5.476309917867184e-05
2.082550048828125 4.809046629816294e-05
2.083550048828125 4.200184717774391e-05
2.084550048828125 5.191720556467772e-05
2.085550048828125 4.598247352987528e-05
2.086550048828125 4.285531584173441e-05
2.087550048828125 4.074594005942345e-05
2.088550048828125 4.645152172694604e-05
2.089550048828125 4.9845236353576184e-05
2.090550048828125 4.7916628730793794e-05
2.091550048828125 4.232444024334351e-05
2.092550048828125 5.287770026673873e-05
2.093550048828125 5.3085006463030975e-05
2.094550048828125 5.2932271112998324e-05
2.095550048828125 5.687608383595944e-05
2.096550048828125 5.382889260848363e-05
2.097550048828125 4.5219802608092626e-05
2.098550048828125 5.118426711608966e-05
2.099550048828125 5.476197383056085e-05
2.100550048828125 5.2139032632112504e-05
2.101550048828125 5.640670967598756e-05
2.102550048828125 5.381868686527014e-05
2.103550048828125 5.287316006918748e-05
2.104550048828125 4.88608842715621e-05
2.105550048828125 6.057261023670435e-05
2.106550048828125 6.40089934070905e-05
2.107550048828125 5.049478417883317e-05
2.108550048828125 4.987004368255536e-05
2.109550048828125 5.6850936574240525e-05
2.110550048828125 4.925400018692017e-05
2.111550048828125 5.3340946324169635e-05
2.112550048828125 5.3604987139503166e-05
2.113550048828125 5.548934917896986e-05
2.114550048828125 5.143268189082543e-05
2.115550048828125 5.724404938519001e-05
2.116550048828125 5.7167303748428824e-05
2.117550048828125 5.7714559758702914e-05
2.118550048828125 5.818897858262062e-05
2.119550048828125 5.113215961803992e-05
2.120550048828125 5.4525756277143954e-05
2.121550048828125 5.679725669324398e-05
2.122550048828125 5.478151297817628e-05
2.123550048828125 6.15024147555232e-05
2.124550048828125 5.7152726997931796e-05
2.125550048828125 6.0710568601886434e-05
2.126550048828125 5.6881966690222424e-05
2.127550048828125 5.3275786340236666e-05
2.128550048828125 4.926170688122511e-05
2.129550048828125 5.447057386239369e-05
2.130550048828125 5.353155390669902e-05
2.131550048828125 5.652512734134992e-05
2.132550048828125 6.027051402876775e-05
2.133550048828125 5.8050146326422694e-05
2.134550048828125 5.5847087254126866e-05
2.135550048828125 6.172027283658584e-05
2.136550048828125 5.670979308585326e-05
2.137550048828125 5.910863168537617e-05
2.138550048828125 5.776730055610339e-05
2.139550048828125 5.337677119920652e-05
2.140550048828125 6.44312131529053e-05
2.141550048828125 5.8910924320419626e-05
2.142550048828125 6.056912088145812e-05
2.143550048828125 5.377324608465035e-05
2.144550048828125 5.3793440262476606e-05
2.145550048828125 5.9363573479155704e-05
2.146550048828125 6.387806963175535e-05
2.147550048828125 5.6057410935560864e-05
2.148550048828125 5.939969327300787e-05
2.149550048828125 6.101849023252726e-05
2.150550048828125 6.091928730408351e-05
2.151550048828125 5.34066262965401e-05
2.152550048828125 6.0778370437522724e-05
2.153550048828125 5.383084062486887e-05
2.154550048828125 6.203067023307085e-05
2.155550048828125 5.8472530605892345e-05
2.156550048828125 5.4834467979768914e-05
2.157550048828125 6.067217017213504e-05
2.158550048828125 6.68329233303666e-05
2.159550048828125 5.532316553095977e-05
2.160550048828125 6.761994057645401e-05
2.161550048828125 5.618953301260869e-05
2.162550048828125 6.469533313065768e-05
2.163550048828125 6.533976954718431e-05
2.164550048828125 6.068291297803323e-05
2.165550048828125 6.869273260235786e-05
2.166550048828125 6.360395345836878e-05
2.167550048828125 6.190126296132804e-05
2.168550048828125 6.316419690847396e-05
2.169550048828125 6.938381896664699e-05
2.170550048828125 6.567279032121103e-05
2.171550048828125 6.333280354738236e-05
2.172550048828125 5.5470016474525136e-05
2.173550048828125 6.169056985527277e-05
2.174550048828125 5.586793646216392e-05
2.175550048828125 6.367089382062356e-05
2.176550048828125 5.494604042420785e-05
2.177550048828125 6.0485503636300566e-05
2.178550048828125 6.132892332971095e-05
2.179550048828125 6.540508630375067e-05
2.180550048828125 5.068524274975061e-05
2.181550048828125 5.389372818171978e-05
2.182550048828125 5.890839577962955e-05
2.183550048828125 5.4016346111893654e-05
2.184550048828125 6.401695931951206e-05
2.185550048828125 5.6903773608307047e-05
2.186550048828125 4.9383385727802914e-05
2.187550048828125 5.591781654705604e-05
2.188550048828125 6.193408897767464e-05
2.189550048828125 6.105723325163126e-05
2.190550048828125 5.000210832804442e-05
2.191550048828125 6.335827987641096e-05
2.192550048828125 6.818258358786504e-05
2.193550048828125 6.356578630705674e-05
2.194550048828125 5.527918071796496e-05
2.195550048828125 6.643134945382674e-05
2.196550048828125 6.267336352417867e-05
2.197550048828125 6.848757155239582e-05
2.198550048828125 5.8604854469497995e-05
2.199550048828125 6.360320995251338e-05
2.200550048828125 8.222952174643675e-05
2.201550048828125 8.096422379215559e-05
2.202550048828125 7.81721497575442e-05
2.203550048828125 6.998278045405943e-05
2.204550048828125 8.189929028352103e-05
2.205550048828125 8.062009544422229e-05
2.206550048828125 8.374677350123724e-05
2.207550048828125 8.121793779234091e-05
2.208550048828125 7.991798998167119e-05
2.209550048828125 7.487754958371322e-05
2.210550048828125 7.658103480935096e-05
2.211550048828125 8.593501523137093e-05
2.212550048828125 8.598308699826399e-05
2.213550048828125 8.029596569637457e-05
2.214550048828125 9.237473830580711e-05
2.215550048828125 7.97515952338775e-05
2.216550048828125 9.39612773557504e-05
2.217550048828125 7.744240884979566e-05
2.218550048828125 8.714196582635245e-05
2.219550048828125 9.107854527731737e-05
2.220550048828125 8.381055667996406e-05
2.221550048828125 8.719780171910922e-05
2.222550048828125 7.421297642091911e-05
2.223550048828125 8.250287733972072e-05
2.224550048828125 9.580671787261962e-05
2.225550048828125 8.866996814807256e-05
2.226550048828125 8.919820499916872e-05
2.227550048828125 9.669412858784199e-05
2.228550048828125 8.788486321767171e-05
2.229550048828125 8.60142381861806e-05
2.230550048828125 9.282885740200677e-05
2.231550048828125 8.526087117691836e-05
2.232550048828125 8.593631287415823e-05
2.233550048828125 8.274919042984644e-05
2.234550048828125 8.362398482859135e-05
2.235550048828125 8.722101959089437e-05
2.236550048828125 9.351997636258602e-05
2.237550048828125 9.586609589556852e-05
2.238550048828125 9.381360374391079e-05
2.239550048828125 0.00010779083395997682
2.240550048828125 9.625140267113844e-05
2.241550048828125 9.613986437519392e-05
2.242550048828125 9.871100385983786e-05
2.243550048828125 9.619057488938173e-05
2.244550048828125 0.00010051170053581396
2.245550048828125 9.918326822419962e-05
2.246550048828125 0.0001040359865874052
2.247550048828125 9.556064382195473e-05
2.248550048828125 0.00010588321524361769
2.249550048828125 0.00011501926618317762
2.250550048828125 0.00011722863341371218
2.251550048828125 9.616904581586519e-05
2.252550048828125 0.00010841459967195987
2.253550048828125 0.00011269423179328441
2.254550048828125 9.884572277466456e-05
2.255550048828125 9.792112124462923e-05
2.256550048828125 0.00011120776645839214
2.257550048828125 0.00012137213411430517
2.258550048828125 0.00011768916621804237
2.259550048828125 0.0001124207985897859
2.260550048828125 0.0001276049328347047
2.261550048828125 0.00012304823535184064
2.262550048828125 0.0001141250009338061
2.263550048828125 0.00012020633245507876
2.264550048828125 0.00012241953052580357
2.265550048828125 0.00011564396632214388
2.266550048828125 0.0001266397318492333
2.267550048828125 0.00010672876611351967
2.268550048828125 0.00012201813360055289
2.269550048828125 0.00010454243669907251
2.270550048828125 0.00010206270031630993
2.271550048828125 0.00010541756326953569
2.272550048828125 0.00011759146427114805
2.273550048828125 0.00011522790106634299
2.274550048828125 9.143313703437647e-05
2.275550048828125 9.843050191799799e-05
2.276550048828125 9.890599176287651e-05
2.277550048828125 0.00010963543318212032
2.278550048828125 8.710373193025589e-05
2.279550048828125 8.970890504618486e-05
2.280550048828125 9.107128406564394e-05
2.281550048828125 9.385862698157628e-05
2.282550048828125 7.822058318803707e-05
2.283550048828125 7.605461869388818e-05
2.284550048828125 7.792252426346142e-05
2.285550048828125 7.436042185872794e-05
2.286550048828125 6.969878915697337e-05
2.287550048828125 8.165106487770876e-05
2.288550048828125 7.580732461065054e-05
2.289550048828125 7.023382311065992e-05
2.290550048828125 6.013932482649882e-05
2.291550048828125 7.366046309471131e-05
2.292550048828125 6.183034274727106e-05
2.293550048828125 6.460577559967835e-05
2.294550048828125 6.55880430713296e-05
2.295550048828125 6.291867078592379e-05
2.296550048828125 6.298191069314878e-05
2.297550048828125 4.918986621002356e-05
2.298550048828125 5.843429360538721e-05
2.299550048828125 5.475063032160203e-05
2.300550048828125 6.166789680719375e-05
2.301550048828125 5.180854039887588e-05
2.302550048828125 4.8601377444962666e-05
2.303550048828125 4.846269420037667e-05
2.304550048828125 5.139790009707212e-05
2.305550048828125 5.180605376760165e-05
2.306550048828125 4.5696549738446874e-05
2.307550048828125 4.902503297974666e-05
2.308550048828125 4.69027537231644e-05
2.309550048828125 4.627627010146777e-05
2.310550048828125 4.546577886988719e-05
2.311550048828125 4.503884042302768e-05
2.312550048828125 4.088847277065118e-05
2.313550048828125 4.611855217566092e-05
2.314550048828125 4.3997913599014284e-05
2.315550048828125 3.9426319611569244e-05
2.316550048828125 4.174665703127782e-05
2.317550048828125 4.04976502371331e-05
2.318550048828125 3.996782004833222e-05
2.319550048828125 3.803925355896354e-05
2.320550048828125 4.114226438105106e-05
2.321550048828125 4.167697392404079e-05
2.322550048828125 4.2519432802995046e-05
2.323550048828125 4.0213886337975666e-05
2.324550048828125 4.1854693554341795e-05
2.325550048828125 4.086637248595555e-05
2.326550048828125 3.97875524746875e-05
2.327550048828125 3.995161969214678e-05
2.328550048828125 4.0193769770363967e-05
2.329550048828125 3.597566935544213e-05
2.330550048828125 4.212782097359498e-05
2.331550048828125 4.448546717564265e-05
2.332550048828125 3.6015119403600695e-05
2.333550048828125 4.3725046950081984e-05
2.334550048828125 3.873282034570972e-05
2.335550048828125 3.905515419319272e-05
2.336550048828125 4.206610377877951e-05
2.337550048828125 4.092690069228411e-05
2.338550048828125 3.8203132959703604e-05
2.339550048828125 4.389096361895402e-05
2.340550048828125 4.135872547825177e-05
2.341550048828125 4.336314120640357e-05
2.342550048828125 4.2146473812560244e-05
2.343550048828125 4.205197716752688e-05
2.344550048828125 4.277349449694157e-05
2.345550048828125 4.08514899512132e-05
2.346550048828125 4.5585773574809236e-05
2.347550048828125 4.1530656938751537e-05
2.348550048828125 4.58546324322621e-05
2.349550048828125 4.408057623853286e-05
2.350550048828125 4.6537797898054125e-05
2.351550048828125 4.5447497007747485e-05
2.352550048828125 4.5331069268286226e-05
2.353550048828125 5.0119006385405855e-05
2.354550048828125 4.503516635547082e-05
2.355550048828125 4.991705995053053e-05
2.356550048828125 4.945060859123866e-05
2.357550048828125 5.0662072996298476e-05
2.358550048828125 5.5793863721191885e-05
2.359550048828125 5.1859097244838876e-05
2.360550048828125 5.603835297127564e-05
2.361550048828125 5.775951469937961e-05
2.362550048828125 5.875465925782919e-05
2.363550048828125 5.952433217316866e-05
2.364550048828125 6.0383530023197336e-05
2.365550048828125 6.461656652390956e-05
2.366550048828125 6.688821750382582e-05
2.367550048828125 6.59477710723877e-05
2.368550048828125 7.286526262760162e-05
2.369550048828125 7.641357835382223e-05
2.370550048828125 8.04150446007649e-05
2.371550048828125 7.843593135476113e-05
2.372550048828125 8.5793553541104e-05
2.373550048828125 8.745481260120869e-05
2.374550048828125 9.474482387304306e-05
2.375550048828125 9.72499077518781e-05
2.376550048828125 0.00010625023084382216
2.377550048828125 0.00010720486752688885
2.378550048828125 0.00011385246800879637
2.379550048828125 0.00012292699888348578
2.380550048828125 0.00012749803252518177
2.381550048828125 0.00013641853195925553
2.382550048828125 0.00014864409963289896
2.383550048828125 0.00014911289947728315
2.384550048828125 0.00016313727324207623
2.385550048828125 0.00016953319932023686
2.386550048828125 0.00018475430086255075
2.387550048828125 0.00019069840510686239
2.388550048828125 0.00020103723431626956
2.389550048828125 0.00021918759991725284
2.390550048828125 0.0002263553316394488
2.391550048828125 0.00023823393508791923
2.392550048828125 0.0002524872062106927
2.393550048828125 0.0002689268005390962
2.394550048828125 0.0002803802986939748
2.395550048828125 0.00028794893994927407
2.396550048828125 0.00030730819950501126
2.397550048828125 0.0003230210393667221
2.398550048828125 0.0003393204386035601
2.399550048828125 0.0003528032451868057
2.400550048828125 0.0003648462022344271
2.401550048828125 0.0003838824356595675
2.402550048828125 0.0003892711674173673
2.403550048828125 0.0004015538965662321
2.404550048828125 0.000416521392762661
2.405550048828125 0.0004300729682048162
2.406550048828125 0.00044466140369574226
2.407550048828125 0.00045036443819602333
2.408550048828125 0.0004622127736608187
2.409550048828125 0.00047557283192873
2.410550048828125 0.0004792554428180059
2.411550048828125 0.0004853571703036626
2.412550048828125 0.0004957921927173933
2.413550048828125 0.0005031083896756172
2.414550048828125 0.000511042761305968
2.415550048828125 0.0005126049617926279
2.416550048828125 0.0005134586368997891
2.417550048828125 0.000526887538532416
2.418550048828125 0.0005203871677319209
2.419550048828125 0.0005382609243194262
2.420550048828125 0.0005345917368928591
2.421550048828125 0.0005466756348808607
2.422550048828125 0.0005391257380445799
2.423550048828125 0.0005437370017170906
2.424550048828125 0.0005509036531051
2.425550048828125 0.0005401833231250445
2.426550048828125 0.0005583008006215096
2.427550048828125 0.0005599568039178849
2.428550048828125 0.0005642958357930184
2.429550048828125 0.0005551348626613617
2.430550048828125 0.0005752582103013993
2.431550048828125 0.000572576696674029
2.432550048828125 0.0005761127670605978
2.433550048828125 0.000583268627524376
2.434550048828125 0.0005915312096476555
2.435550048828125 0.0005905895680189132
2.436550048828125 0.0006047054752707482
2.437550048828125 0.0006110013027985891
2.438550048828125 0.0006191115578015646
2.439550048828125 0.0006339105715354284
2.440550048828125 0.0006354744732379914
2.441550048828125 0.0006454231093327205
2.442550048828125 0.0006661747892697652
2.443550048828125 0.0006742670883735021
2.444550048828125 0.000688565969467163
2.445550048828125 0.0007013831535975139
2.446550048828125 0.0007202827433745066
2.447550048828125 0.00073579174776872
2.448550048828125 0.000755419060587883
2.449550048828125 0.0007797405620416004
2.450550048828125 0.0008049188802639644
2.451550048828125 0.0008396071443955104
2.452550048828125 0.0008526406188805898
2.453550048828125 0.0008761753390232722
2.454550048828125 0.0009200528512398402
2.455550048828125 0.0009528857966264088
2.456550048828125 0.0009860026836395264
2.457550048828125 0.0010247169931729633
2.458550048828125 0.001066400334239006
2.459550048828125 0.001114204004406929
2.460550048828125 0.0011560123413801194
2.461550048828125 0.0012099680056174595
2.462550048828125 0.0012706109881401061
2.463550048828125 0.001321007659037908
2.464550048828125 0.0013830506801605226
2.465550048828125 0.001450279305378596
2.466550048828125 0.0015229946374893189
2.467550048828125 0.0016054163376490274
2.468550048828125 0.0016790140171845755
2.469550048828125 0.0017637773354848227
2.470550048828125 0.0018656329810619353
2.471550048828125 0.0019720817108949025
2.472550048828125 0.002083560029665629
2.473550048828125 0.002211039662361145
2.474550048828125 0.0023394623398780823
2.475550048828125 0.002446331282456716
2.476550048828125 0.0026197182138760883
2.477550048828125 0.0027873824040095013
2.478550048828125 0.002966531614462535
2.479550048828125 0.003145548701286316
2.480550048828125 0.003354337314764659
2.481550048828125 0.0035654009381930036
2.482550048828125 0.0037853793303171796
2.483550048828125 0.0040491039554278055
2.484550048828125 0.004323754012584686
2.485550048828125 0.004629118740558625
2.486550048828125 0.00493746002515157
2.487550048828125 0.0052458435297012326
2.488550048828125 0.005621109406153361
2.489550048828125 0.00603895366191864
2.490550048828125 0.006431134740511576
2.491550048828125 0.006866696079572042
2.492550048828125 0.007375130454699198
2.493550048828125 0.007905001242955526
2.494550048828125 0.008410858909289042
2.495550048828125 0.008993759552637736
2.496550048828125 0.009563281536102294
2.497550048828125 0.0102046134074529
2.498550048828125 0.010809836784998576
2.499550048828125 0.011524500052134196
2.500550048828125 0.012274830341339112
2.501550048828125 0.013018826643625896
2.502550048828125 0.01381838321685791
2.503550048828125 0.014639850457509358
2.504550048828125 0.015494003295898437
2.505550048828125 0.016338690121968587
2.506550048828125 0.017177173296610514
2.507550048828125 0.0180813995997111
2.508550048828125 0.01907157341639201
2.509550048828125 0.01996483325958252
2.510550048828125 0.02090221643447876
2.511550048828125 0.02185091972351074
2.512550048828125 0.022788676420847573
2.513550048828125 0.023758676846822105
2.514550048828125 0.024721993605295815
2.515550048828125 0.025649687449137367
2.516550048828125 0.026538426876068114
2.517550048828125 0.027582343419392905
2.518550048828125 0.028462982972462973
2.519550048828125 0.029289913177490235
2.520550048828125 0.030514926115671793
2.521550048828125 0.031300813357035315
2.522550048828125 0.032316673596700034
2.523550048828125 0.033062819639841715
2.524550048828125 0.033884437084198
2.525550048828125 0.03481566429138184
2.526550048828125 0.03557164033253988
2.527550048828125 0.03644087314605713
2.528550048828125 0.037391900221506756
2.529550048828125 0.03825703938802084
2.530550048828125 0.03916210333506266
2.531550048828125 0.04037594795227051
2.532550048828125 0.04128495693206787
2.533550048828125 0.04231684525807698
2.534550048828125 0.04354948997497558
2.535550048828125 0.04473815600077311
2.536550048828125 0.04623474915822347
2.537550048828125 0.04792202313741048
2.538550048828125 0.04958163897196452
2.539550048828125 0.05132798035939534
2.540550048828125 0.05312820593516032
2.541550048828125 0.05489087104797363
2.542550048828125 0.05681345780690511
2.543550048828125 0.059040643374125165
2.544550048828125 0.06101998329162597
2.545550048828125 0.06357861200968425
2.546550048828125 0.06679235935211182
2.547550048828125 0.07007929642995198
2.548550048828125 0.07358461538950603
2.549550048828125 0.07795228004455566
2.550550048828125 0.08247738202412924
2.551550048828125 0.08764691352844238
2.552550048828125 0.09317226727803549
2.553550048828125 0.09991140365600586
2.554550048828125 0.10630537033081054
2.555550048828125 0.11425623575846354
2.556550048828125 0.12278889973958335
2.557550048828125 0.1326012357076009
2.558550048828125 0.1454245662689209
2.559550048828125 0.1590603001912435
2.560550048828125 0.17378706614176434
2.561550048828125 0.18951910018920898
2.562550048828125 0.2071956952412923
2.563550048828125 0.2232916259765625
2.564550048828125 0.24229363123575848
2.565550048828125 0.26193312962849935
2.566550048828125 0.2814481989542643
2.567550048828125 0.30089163462320967
2.568550048828125 0.32137037913004557
2.569550048828125 0.3423921330769857
2.570550048828125 0.36115648905436193
2.571550048828125 0.38144090016682947
2.572550048828125 0.40052337646484376
2.573550048828125 0.4179266611735026
2.574550048828125 0.4348978932698568
2.575550048828125 0.4482155990600586
2.576550048828125 0.4590460332234701
2.577550048828125 0.47142923990885416
2.578550048828125 0.4799793243408203
2.579550048828125 0.4832103983561198
2.580550048828125 0.489556770324707
2.581550048828125 0.4907025655110677
2.582550048828125 0.48872800191243493
2.583550048828125 0.48703072865804037
2.584550048828125 0.4843938191731771
2.585550048828125 0.4770525995890299
2.586550048828125 0.47080623626708984
2.587550048828125 0.45974742889404296
2.588550048828125 0.4499331029256185
2.589550048828125 0.4376206970214844
2.590550048828125 0.42382033030192057
2.591550048828125 0.4078661855061849
2.592550048828125 0.39432056427001955
2.593550048828125 0.3787906392415365
2.594550048828125 0.3632475026448568
2.595550048828125 0.34773320515950523
2.596550048828125 0.3350770696004232
2.597550048828125 0.32161436080932615
2.598550048828125 0.3098487663269043
