microns transmission
0.39854998779296874 2.3676922644414826e-07
0.39954998779296874 4.971914768248098e-07
0.40054998779296874 1.986189029897408e-07
0.40154998779296874 9.679999912748372e-11
0.40254998779296874 8.501636495239495e-08
0.40354998779296875 6.167502540381046e-08
0.40454998779296875 5.305180578337361e-07
0.40554998779296875 9.679999912748372e-11
0.40654998779296875 5.896840031383022e-08
0.40754998779296875 4.120005905861035e-07
0.40854998779296875 5.771427337701121e-07
0.40954998779296875 3.4934559759373467e-06
0.41054998779296875 6.39932540555795e-06
0.41154998779296875 2.0857970230281354e-05
0.41254998779296875 0.00022125657026966412
0.41354998779296875 0.000573467326660951
0.41454998779296875 0.0008926268666982651
0.41554998779296876 0.0011253843208154043
0.41654998779296876 0.001073374996582667
0.41754998779296876 0.0007313914597034454
0.41854998779296876 0.0004278062035640081
0.41954998779296876 0.000177776999771595
0.42054998779296876 4.6042172859112424e-05
0.42154998779296876 2.8463756510366997e-05
0.42254998779296876 1.4557522954419255e-05
0.42354998779296876 4.852780257351697e-06
0.42454998779296876 4.6837110858177765e-07
0.42554998779296876 9.326003099256278e-08
0.42654998779296877 6.821686397392076e-08
0.42754998779296877 6.185243226634423e-08
0.42854998779296877 1.885758358562602e-07
0.42954998779296877 9.679999912748372e-11
0.43054998779296877 7.984040028811515e-08
0.43154998779296877 9.679999912748372e-11
0.43254998779296877 1.8186039982677944e-07
0.43354998779296877 4.316753361284971e-08
0.4345499877929688 9.679999912748372e-11
0.4355499877929688 2.4896183716075862e-08
0.4365499877929688 9.904190020115777e-08
0.4375499877929688 7.854186619600986e-08
0.4385499877929688 1.4077639737782495e-07
0.4395499877929688 9.679999912748372e-11
0.4405499877929687 1.1488933606251805e-07
0.4415499877929687 9.679999912748372e-11
0.4425499877929687 8.748270236817271e-08
0.4435499877929687 1.1541419415432111e-07
0.4445499877929687 9.679999912748372e-11
0.4455499877929687 9.679999912748372e-11
0.44654998779296873 7.553903120793848e-09
0.44754998779296873 9.679999912748372e-11
0.44854998779296873 2.7193720694522007e-08
0.44954998779296873 2.8371450063365464e-08
0.45054998779296873 1.3167179364614867e-08
0.45154998779296873 9.679999912748372e-11
0.45254998779296873 2.5367996689359034e-07
0.45354998779296873 9.679999912748372e-11
0.45454998779296873 9.679999912748372e-11
0.45554998779296874 9.679999912748372e-11
0.45654998779296874 1.0717315717556631e-07
0.45754998779296874 9.679999912748372e-11
0.45854998779296874 2.3689176623283478e-08
0.45954998779296874 9.679999912748372e-11
0.46054998779296874 9.679999912748372e-11
0.46154998779296874 1.6794863464989856e-07
0.46254998779296874 9.679999912748372e-11
0.46354998779296874 1.3675866777399885e-07
0.46454998779296874 9.679999912748372e-11
0.46554998779296874 2.2249631835317512e-07
0.46654998779296875 5.4341786297484875e-08
0.46754998779296875 1.1837416505677822e-07
0.46854998779296875 1.0048703271259285e-07
0.46954998779296875 2.647377959874575e-07
0.47054998779296875 8.052371344232275e-08
0.47154998779296875 1.3056499922707114e-08
0.47254998779296875 1.0614210251169709e-07
0.47354998779296875 3.314661262265872e-07
0.47454998779296875 1.5551354711836512e-07
0.47554998779296875 2.8291932198184117e-07
0.47654998779296875 4.471039695393605e-07
0.47754998779296876 1.8087949986996438e-07
0.47854998779296876 1.4917610094459614e-07
0.47954998779296876 1.5344400541295045e-08
0.48054998779296876 6.578876777870354e-08
0.48154998779296876 2.36692121688975e-07
0.48254998779296876 2.803545006221005e-07
0.48354998779296876 1.8545707696363916e-07
0.48454998779296876 1.0314646494850402e-07
0.48554998779296876 1.4377826807946784e-07
0.48654998779296876 2.385943995856602e-07
0.48754998779296876 2.1750096342051012e-07
0.48854998779296877 1.3165856049823787e-08
0.48954998779296877 3.015471988850512e-08
0.49054998779296877 2.234723069705069e-07
0.49154998779296877 1.3874645529377006e-07
0.49254998779296877 2.0981406279929614e-07
0.49354998779296877 1.0929523424074716e-07
0.49454998779296877 9.679999912748372e-11
0.49554998779296877 1.439030970532921e-07
0.49654998779296877 5.062400608342917e-07
0.4975499877929688 9.264713052440735e-08
0.4985499877929688 5.974403372022152e-10
0.4995499877929688 4.4639165768245446e-08
0.5005499877929688 5.133051253084868e-08
0.5015499877929688 2.1035550768525963e-07
0.5025499877929688 1.1873238160357383e-07
0.5035499877929688 1.4202913393231616e-07
0.5045499877929688 2.395919076055482e-07
0.5055499877929688 1.7977446361783223e-07
0.5065499877929688 2.944098681230874e-07
0.5075499877929688 1.3225969958045406e-07
0.5085499877929688 1.6745113581073668e-07
0.5095499877929688 4.1289096770924515e-07
0.5105499877929688 6.774442915672789e-08
0.5115499877929688 1.7875034025098084e-07
0.5125499877929688 2.3081310549362873e-07
0.5135499877929688 1.2242483011644843e-07
0.5145499877929688 2.7111311510452653e-07
0.5155499877929688 3.341390947753098e-07
0.5165499877929688 1.6348950794053962e-07
0.5175499877929688 9.679999912748372e-11
0.5185499877929688 1.427743314478628e-07
0.5195499877929688 7.925726866512643e-08
0.5205499877929688 6.190443111009358e-08
0.5215499877929688 2.6740870756232956e-07
0.5225499877929688 1.7098242839352906e-08
0.5235499877929688 2.323317403352121e-07
0.5245499877929688 9.679999912748372e-11
0.5255499877929688 3.1670992939325515e-07
0.5265499877929688 4.0607933139350885e-07
0.5275499877929688 2.4472513745562213e-07
0.5285499877929688 7.050488200081399e-08
0.5295499877929688 1.294043121635724e-07
0.5305499877929688 3.290613161273844e-07
0.5315499877929688 2.8224832931300626e-07
0.5325499877929688 3.1148886205182674e-08
0.5335499877929688 2.3703082964251127e-07
0.5345499877929687 5.0953804088630746e-08
0.5355499877929687 2.1669000185890278e-07
0.5365499877929687 2.3778203201985093e-08
0.5375499877929687 2.7041353556948403e-07
0.5385499877929687 6.130066608397063e-08
0.5395499877929687 3.988987130772633e-07
0.5405499877929687 8.49649018845137e-08
0.5415499877929687 2.473042998947979e-07
0.5425499877929687 1.390130843977507e-07
0.5435499877929687 1.7974563668291905e-07
0.5445499877929687 1.988476348439387e-07
0.5455499877929687 2.3441854028286948e-09
0.5465499877929687 1.987140036134131e-07
0.5475499877929687 8.120791335386457e-08
0.5485499877929687 2.5558513780943317e-07
0.5495499877929687 2.4823703301220706e-07
0.5505499877929687 1.2125419819615977e-07
0.5515499877929687 1.171762974057818e-08
0.5525499877929687 2.721823633085781e-07
0.5535499877929687 5.102226956902692e-07
0.5545499877929687 1.411173963461465e-08
0.5555499877929687 2.1808496664258807e-07
0.5565499877929687 2.526171526066416e-07
0.5575499877929687 4.0451104117285775e-07
0.5585499877929687 2.2041904010154194e-07
0.5595499877929687 1.8134480424869538e-07
0.5605499877929687 9.679999912748372e-11
0.5615499877929687 3.1657406383741224e-07
0.5625499877929687 4.1981956504362947e-07
0.5635499877929687 2.3730167261722575e-07
0.5645499877929687 3.1588006701592043e-07
0.5655499877929687 6.691681865807671e-08
0.5665499877929687 4.7050499976108994e-08
0.5675499877929687 2.1001679752608028e-07
0.5685499877929687 1.8962983713954884e-07
0.5695499877929687 2.1785537076842348e-07
0.5705499877929687 3.9158715094226677e-08
0.5715499877929687 3.0436854239942096e-08
0.5725499877929687 4.6376200604214544e-08
0.5735499877929687 1.6357587893089942e-07
0.5745499877929687 9.679290693990576e-08
0.5755499877929687 1.111774668742053e-07
0.5765499877929687 7.74116332724617e-08
0.5775499877929687 9.679999912748372e-11
0.5785499877929687 1.2501053568018486e-07
0.5795499877929687 7.983673199281802e-08
0.5805499877929687 2.7939810410456307e-07
0.5815499877929687 9.904686686823539e-08
0.5825499877929687 1.9997717048821547e-07
0.5835499877929687 1.6129836777345474e-07
0.5845499877929687 1.6286889231942325e-07
0.5855499877929687 6.939339844673024e-08
0.5865499877929687 2.2760419786512404e-07
0.5875499877929687 1.739178652086319e-07
0.5885499877929687 1.9479953288955206e-08
0.5895499877929687 9.679999912748372e-11
0.5905499877929687 7.922603177945575e-09
0.5915499877929687 3.054117934553346e-08
0.5925499877929687 1.38378094781307e-07
0.5935499877929687 1.4395139699511599e-08
0.5945499877929687 1.8977724266733276e-07
0.5955499877929687 2.6031326728255995e-07
0.5965499877929688 1.2048645589087433e-07
0.5975499877929688 9.679999912748372e-11
0.5985499877929688 9.679999912748372e-11
0.5995499877929688 1.7965426331774854e-08
0.6005499877929688 2.743044024100527e-07
0.6015499877929688 1.2363333415403114e-07
0.6025499877929688 1.5280094513236973e-07
0.6035499877929688 1.2124243022881843e-07
0.6045499877929688 1.2908749726333233e-07
0.6055499877929688 1.3859056487023716e-07
0.6065499877929688 1.7349622938311883e-08
0.6075499877929688 7.356602288825324e-08
0.6085499877929688 3.252248340383327e-07
0.6095499877929688 3.1324916714462836e-07
0.6105499877929688 1.4641806818242267e-07
0.6115499877929688 1.7692539668878738e-07
0.6125499877929688 1.2031130615911913e-07
0.6135499877929688 4.232902938383631e-07
0.6145499877929688 1.7646877798445833e-07
0.6155499877929688 2.1940073262764297e-07
0.6165499877929688 1.95213128032871e-07
0.6175499877929688 2.0057490253281667e-07
0.6185499877929688 1.6268792698189335e-08
0.6195499877929688 2.7383107105076e-07
0.6205499877929688 2.815091253675443e-07
0.6215499877929688 3.4388113514675446e-07
0.6225499877929688 2.642116548183064e-07
0.6235499877929688 1.8860090146214742e-07
0.6245499877929688 2.7400426915846765e-07
0.6255499877929688 4.496876075184749e-07
0.6265499877929688 1.5952403235412288e-07
0.6275499877929688 1.1323749359526402e-07
0.6285499877929688 2.386524541482989e-07
0.6295499877929688 5.313368274073582e-07
0.6305499877929688 5.114317173138261e-07
0.6315499877929688 2.6962460127973503e-07
0.6325499877929688 5.482606623748628e-07
0.6335499877929688 5.528011145846298e-07
0.6345499877929688 3.2228110285359435e-07
0.6355499877929688 7.319931683014147e-07
0.6365499877929688 4.617327552599212e-07
0.6375499877929688 7.237445121669832e-07
0.6385499877929688 9.111339529669729e-08
0.6395499877929688 3.763087321810114e-07
0.6405499877929688 6.626900358241983e-07
0.6415499877929688 3.829585330095142e-07
0.6425499877929688 3.8390250059213337e-07
0.6435499877929688 4.3661743499493846e-07
0.6445499877929688 3.4629173266390955e-07
0.6455499877929688 5.362711332660789e-07
0.6465499877929688 5.015693386667408e-07
0.6475499877929688 4.0352186867191143e-07
0.6485499877929688 4.036456660590678e-07
0.6495499877929688 7.205449825657221e-07
0.6505499877929688 4.404782763837526e-07
0.6515499877929688 6.144791283683542e-07
0.6525499877929688 5.622714282556748e-07
0.6535499877929688 3.576482352703655e-07
0.6545499877929688 7.048512391823654e-07
0.6555499877929688 5.915353419065165e-07
0.6565499877929688 8.302316806900005e-07
0.6575499877929688 6.953396708316479e-07
0.6585499877929688 5.921869887970388e-07
0.6595499877929687 5.375056935008615e-07
0.6605499877929687 5.886256500768164e-07
0.6615499877929687 6.266312751298149e-07
0.6625499877929687 7.711166351024682e-07
0.6635499877929687 8.553964289603754e-07
0.6645499877929687 8.426298154518008e-07
0.6655499877929687 9.377229919967551e-07
0.6665499877929687 6.96624241148432e-07
0.6675499877929687 9.256104385713115e-07
0.6685499877929687 9.42563953382584e-07
0.6695499877929687 8.186875857063569e-07
0.6705499877929687 1.1540524671242262e-06
0.6715499877929687 1.0624875721987336e-06
0.6725499877929687 7.331671076826751e-07
0.6735499877929687 1.1731770064216107e-06
0.6745499877929687 1.2009208633874854e-06
0.6755499877929687 1.1280389541449647e-06
0.6765499877929687 9.446798988695567e-07
0.6775499877929687 8.618012846757968e-07
0.6785499877929687 1.172333674427743e-06
0.6795499877929687 8.880252183492605e-07
0.6805499877929687 9.493798521968227e-07
0.6815499877929687 1.0687119356589391e-06
0.6825499877929687 1.1350379888123523e-06
0.6835499877929687 1.0672139857585232e-06
0.6845499877929687 1.0137359640793875e-06
0.6855499877929687 1.122577353574646e-06
0.6865499877929687 1.1423806427046657e-06
0.6875499877929687 9.846828955536086e-07
0.6885499877929687 1.146948998211883e-06
0.6895499877929687 1.0769537523932134e-06
0.6905499877929687 1.1794846795964987e-06
0.6915499877929687 1.150444974579538e-06
0.6925499877929687 1.1725025008975838e-06
0.6935499877929687 1.0965256903242942e-06
0.6945499877929687 1.26292933903945e-06
0.6955499877929687 1.2846602961265793e-06
0.6965499877929687 1.278009707069335e-06
0.6975499877929687 1.5368936874438077e-06
0.6985499877929687 1.5583456843160092e-06
0.6995499877929687 1.2927007143540928e-06
0.7005499877929687 1.0695256059989334e-06
0.7015499877929687 1.0868059568262348e-06
0.7025499877929687 1.401473661341394e-06
0.7035499877929687 1.2952766701346263e-06
0.7045499877929687 1.412016038860505e-06
0.7055499877929687 1.2830743313922235e-06
0.7065499877929687 1.5167937090154738e-06
0.7075499877929687 1.513352666127806e-06
0.7085499877929687 1.585132316298162e-06
0.7095499877929687 1.6119239929442604e-06
0.7105499877929687 1.7971646836182722e-06
0.7115499877929687 1.5559460249884674e-06
0.7125499877929687 1.4037156749206284e-06
0.7135499877929687 1.6151779952148596e-06
0.7145499877929687 1.7323176628754785e-06
0.7155499877929687 1.5680736396461725e-06
0.7165499877929687 1.7355383412602047e-06
0.7175499877929687 2.1473646726614486e-06
0.7185499877929687 1.7764126823749392e-06
0.7195499877929687 1.8623376187557974e-06
0.7205499877929687 1.9657000181420393e-06
0.7215499877929688 1.8736153045513979e-06
0.7225499877929688 2.0030306768603623e-06
0.7235499877929688 1.739313690147052e-06
0.7245499877929688 1.739335663539047e-06
0.7255499877929688 2.05294432817027e-06
0.7265499877929688 1.6458399962478628e-06
0.7275499877929688 1.6353940009139478e-06
0.7285499877929688 1.8062130160008868e-06
0.7295499877929688 1.4857223141007125e-06
0.7305499877929688 1.2726059988684333e-06
0.7315499877929688 1.4220376518399765e-06
0.7325499877929688 1.8044613534584641e-06
0.7335499877929688 1.4450419985223561e-06
0.7345499877929688 1.0817017998003091e-06
0.7355499877929688 1.253362667436401e-06
0.7365499877929688 1.2771023223952702e-06
0.7375499877929688 1.2804271682398394e-06
0.7385499877929688 1.257730667324116e-06
0.7395499877929688 1.6531803218337396e-06
0.7405499877929688 1.571572987207522e-06
0.7415499877929688 1.4209506722788016e-06
0.7425499877929688 1.4084477152209728e-06
0.7435499877929688 1.706533027269567e-06
0.7445499877929688 1.5136560250539332e-06
0.7455499877929688 1.3990076452804109e-06
0.7465499877929688 1.6379887044119336e-06
0.7475499877929688 1.439400997090464e-06
0.7485499877929688 1.882672319576765e-06
0.7495499877929688 1.438893305021338e-06
0.7505499877929688 1.7239903293860455e-06
0.7515499877929688 1.8468283330245563e-06
0.7525499877929688 1.6958806372713297e-06
0.7535499877929688 1.657034687620277e-06
0.7545499877929688 1.9481860120625546e-06
0.7555499877929688 1.5412086698537073e-06
0.7565499877929688 1.4681950172719857e-06
0.7575499877929688 1.5317843159815916e-06
0.7585499877929688 1.7310222998882332e-06
0.7595499877929688 2.0254356301544852e-06
0.7605499877929688 2.0960609739025436e-06
0.7615499877929688 1.9649593256569155e-06
0.7625499877929688 1.996316035122921e-06
0.7635499877929688 2.203632660287743e-06
0.7645499877929688 2.3870729395033173e-06
0.7655499877929688 2.397101343376562e-06
0.7665499877929688 2.2854122895902644e-06
0.7675499877929688 2.692667330848053e-06
0.7685499877929688 3.198610987359037e-06
0.7695499877929688 4.483704299976428e-06
0.7705499877929688 5.6348618818446995e-06
0.7715499877929688 8.463483536615968e-06
0.7725499877929688 1.2398089747875929e-05
0.7735499877929688 1.9499686701844135e-05
0.7745499877929688 3.083576681092381e-05
0.7755499877929688 4.666892035553853e-05
0.7765499877929688 6.883898905167977e-05
0.7775499877929688 9.89084473500649e-05
0.7785499877929688 0.00013957036659121514
0.7795499877929688 0.00018972206860780715
0.7805499877929688 0.0002649674688776334
0.7815499877929688 0.00037494776149590815
0.7825499877929688 0.0005575895061095556
0.7835499877929688 0.0009075328210989635
0.7845499877929687 0.001533664365609487
0.7855499877929687 0.002921282649040222
0.7865499877929687 0.006247273087501526
0.7875499877929687 0.013883380095163982
0.7885499877929687 0.031932197411855066
0.7895499877929687 0.07298178831736248
0.7905499877929687 0.1468467648824056
0.7915499877929687 0.26053566614786783
0.7925499877929687 0.4032016372680664
0.7935499877929687 0.5621777089436849
0.7945499877929687 0.6963906606038411
0.7955499877929687 0.7986347961425782
0.7965499877929687 0.8728158315022786
0.7975499877929687 0.9120121510823567
0.7985499877929687 0.9318324534098308
0.7995499877929687 0.9399702453613281
0.8005499877929687 0.9454161580403645
0.8015499877929687 0.9436949412027995
0.8025499877929687 0.9344485982259114
0.8035499877929687 0.9252603658040364
0.8045499877929687 0.914112065633138
0.8055499877929687 0.9040396118164062
0.8065499877929687 0.8899867502848308
0.8075499877929687 0.8760286204020182
0.8085499877929687 0.865267333984375
0.8095499877929687 0.8642296091715496
0.8105499877929687 0.8695779673258464
0.8115499877929687 0.8816151682535808
0.8125499877929687 0.8963637034098307
0.8135499877929687 0.9077755482991536
0.8145499877929687 0.9234517669677734
0.8155499877929687 0.928694788614909
0.8165499877929687 0.9361946360270182
0.8175499877929687 0.943268559773763
0.8185499877929687 0.9496864827473958
0.8195499877929687 0.9521928151448568
0.8205499877929687 0.9551028442382813
0.8215499877929687 0.958610127766927
0.8225499877929687 0.9515476989746093
0.8235499877929687 0.9469324493408203
0.8245499877929687 0.9403435770670573
0.8255499877929687 0.9300737508138021
0.8265499877929687 0.9236718241373698
0.8275499877929687 0.917865473429362
0.8285499877929687 0.9166983032226562
0.8295499877929687 0.9173391977945964
0.8305499877929687 0.9130320231119792
0.8315499877929687 0.9143440500895182
0.8325499877929687 0.914223403930664
0.8335499877929687 0.9132505289713542
0.8345499877929687 0.9116010030110676
0.8355499877929687 0.9213267517089844
0.8365499877929687 0.9304769388834636
0.8375499877929687 0.9410078938802083
0.8385499877929687 0.9490823872884114
0.8395499877929687 0.9529075622558594
0.8405499877929687 0.9568078867594402
0.8415499877929687 0.9621611022949219
0.8425499877929687 0.9603714497884114
0.8435499877929687 0.9564598592122395
0.8445499877929687 0.9532498168945313
0.8455499877929687 0.9424443054199219
0.8465499877929688 0.9361654154459635
0.8475499877929688 0.926725107828776
0.8485499877929688 0.9209504699707032
0.8495499877929688 0.9202715555826824
0.8505499877929688 0.9220194498697917
0.8515499877929688 0.9280115509033203
0.8525499877929688 0.9290179951985676
0.8535499877929688 0.9280399068196614
0.8545499877929688 0.9315518188476563
0.8555499877929688 0.9284066772460937
0.8565499877929688 0.9336666870117187
0.8575499877929688 0.9383070882161458
0.8585499877929688 0.9454860178629558
0.8595499877929688 0.9500834147135417
0.8605499877929688 0.9625672403971355
0.8615499877929688 0.967792689005534
0.8625499877929688 0.9654107157389323
0.8635499877929688 0.9604800415039062
0.8645499877929688 0.9612303415934246
0.8655499877929688 0.9627699025472005
0.8665499877929688 0.973480224609375
0.8675499877929688 0.9635005696614583
0.8685499877929688 0.9548280334472656
0.8695499877929688 0.9548086039225261
0.8705499877929688 0.9536022186279297
0.8715499877929688 0.9385414123535156
0.8725499877929688 0.9440303293863933
0.8735499877929688 0.9419344075520832
0.8745499877929688 0.9441190338134766
0.8755499877929688 0.9346712239583332
0.8765499877929688 0.9352098083496094
0.8775499877929688 0.9491951497395833
0.8785499877929688 0.9498167673746746
0.8795499877929688 0.9461273447672527
0.8805499877929688 0.9605235544840496
0.8815499877929688 0.9528043874104817
0.8825499877929688 0.9649968465169271
0.8835499877929688 0.9558116658528646
0.8845499877929688 0.969951909383138
0.8855499877929688 0.9546205902099609
0.8865499877929688 0.9434514872233073
0.8875499877929688 0.9733262634277344
0.8885499877929688 0.9834841918945313
0.8895499877929688 0.9736770629882813
0.8905499877929688 0.9498747253417968
0.8915499877929688 0.9594268035888672
0.8925499877929688 0.9540064493815105
0.8935499877929688 0.9505821228027344
0.8945499877929688 0.9505459086100261
0.8955499877929688 0.942814458211263
0.8965499877929688 0.9254632059733073
0.8975499877929688 0.940198465983073
0.8985499877929688 0.9411172993977864
0.8995499877929688 0.9352117156982422
0.9005499877929688 0.9382523600260417
0.9015499877929688 0.9377805074055989
0.9025499877929688 0.9407266235351562
0.9035499877929688 0.9373200225830078
0.9045499877929688 0.9380930836995443
0.9055499877929688 0.946822509765625
0.9065499877929688 0.9455629475911458
0.9075499877929688 0.9430359903971355
0.9085499877929688 0.9502332305908203
0.9095499877929687 0.9515570576985677
0.9105499877929687 0.952581278483073
0.9115499877929687 0.9550324503580729
0.9125499877929687 0.9574476114908854
0.9135499877929687 0.9579788716634114
0.9145499877929687 0.9618572235107422
0.9155499877929687 0.9597263336181641
0.9165499877929687 0.9659733327229817
0.9175499877929687 0.9613113403320312
0.9185499877929687 0.9661415354410807
0.9195499877929687 0.9648778788248699
0.9205499877929687 0.9624509175618489
0.9215499877929687 0.9617561594645183
0.9225499877929687 0.9619960530598958
0.9235499877929687 0.9626195017496745
0.9245499877929687 0.9600338745117187
0.9255499877929687 0.9637609608968098
0.9265499877929687 0.962925287882487
0.9275499877929687 0.9611668650309245
0.9285499877929687 0.9622332000732422
0.9295499877929687 0.9627720642089844
0.9305499877929687 0.9633832550048829
0.9315499877929687 0.964014180501302
0.9325499877929687 0.9645625813802083
0.9335499877929687 0.9631114451090496
0.9345499877929687 0.964301986694336
0.9355499877929687 0.9625861104329426
0.9365499877929687 0.9632181803385417
0.9375499877929687 0.9621071624755859
0.9385499877929687 0.9590691630045574
0.9395499877929687 0.9593018086751302
0.9405499877929687 0.9580626169840495
0.9415499877929687 0.9543529764811198
0.9425499877929687 0.9532997385660807
0.9435499877929687 0.951780039469401
0.9445499877929687 0.9499981943766277
0.9455499877929687 0.9503002421061199
0.9465499877929687 0.9493384806315105
0.9475499877929687 0.9488317362467449
0.9485499877929687 0.9525234985351563
0.9495499877929687 0.9553429412841797
0.9505499877929687 0.9542551422119141
0.9515499877929687 0.9628951263427734
0.9525499877929687 0.9583612060546876
0.9535499877929687 0.9606801350911458
0.9545499877929687 0.9617541758219401
0.9555499877929687 0.9624057261149089
0.9565499877929687 0.9620884704589844
0.9575499877929687 0.960521952311198
0.9585499877929687 0.9661933898925781
0.9595499877929687 0.9610184733072917
0.9605499877929687 0.9611667633056641
0.9615499877929687 0.961385777791341
0.9625499877929687 0.9614233652750651
0.9635499877929687 0.9612024688720703
0.9645499877929687 0.9633290100097657
0.9655499877929687 0.9611490631103515
0.9665499877929687 0.9592196146647136
0.9675499877929687 0.9622821299235027
0.9685499877929687 0.9619701639811198
0.9695499877929687 0.9621710713704427
0.9705499877929687 0.9629251607259114
0.9715499877929688 0.9634946187337239
0.9725499877929688 0.9638726043701172
0.9735499877929688 0.9643476867675781
0.9745499877929688 0.9568677012125651
0.9755499877929688 0.9635179901123047
0.9765499877929688 0.9580527496337891
0.9775499877929688 0.957562484741211
0.9785499877929688 0.9610438791910808
0.9795499877929688 0.9586513010660808
0.9805499877929688 0.9558145904541016
0.9815499877929688 0.9645395406087239
0.9825499877929688 0.9634184265136718
0.9835499877929688 0.9640567270914714
0.9845499877929688 0.9644654846191406
0.9855499877929688 0.9669735972086589
0.9865499877929688 0.9631610616048176
0.9875499877929688 0.9637413787841796
0.9885499877929688 0.9669685872395832
0.9895499877929688 0.9657615661621094
0.9905499877929688 0.9682120768229168
0.9915499877929688 0.9634054311116536
0.9925499877929688 0.9648029073079427
0.9935499877929688 0.9606311798095704
0.9945499877929688 0.9613753509521484
0.9955499877929688 0.9596431732177735
0.9965499877929688 0.9570975240071614
0.9975499877929688 0.9489471435546875
0.9985499877929688 0.9289438883463542
0.9995499877929688 0.8990933227539063
1.0005499877929687 0.8422196197509766
1.0015499877929688 0.7731873830159505
1.0025499877929687 0.680373255411784
1.0035499877929688 0.5761473973592123
1.0045499877929687 0.49960522969563803
1.0055499877929688 0.4145089721679687
1.0065499877929687 0.34744853973388673
1.0075499877929688 0.28163750330607096
1.0085499877929687 0.2389146677652995
1.0095499877929688 0.19723770777384442
1.0105499877929687 0.16722046534220378
1.0115499877929688 0.14504136721293132
1.0125499877929687 0.1229757022857666
1.0135499877929688 0.10460349718729654
1.0145499877929687 0.0928952693939209
1.0155499877929688 0.0804655377070109
1.0165499877929687 0.06824966748555501
1.0175499877929688 0.05698193709055583
1.0185499877929687 0.045553739865620925
1.0195499877929688 0.03500534296035766
1.0205499877929687 0.02679291327794393
1.0215499877929688 0.01999902327855428
1.0225499877929687 0.013887550036112467
1.0235499877929688 0.010972006718317669
1.024550048828125 0.007794355352719625
1.025550048828125 0.005699119170506795
1.026550048828125 0.0040219630797704055
1.027550048828125 0.0030099163452784222
1.028550048828125 0.0022289706766605378
1.029550048828125 0.0015839900076389313
1.030550048828125 0.001296678682168325
1.031550048828125 0.000959348554412524
1.032550048828125 0.0007373189181089402
1.033550048828125 0.000564289353787899
1.034550048828125 0.0004449089989066124
1.035550048828125 0.00034085970371961594
1.036550048828125 0.000275189404686292
1.037550048828125 0.000225121167798837
1.038550048828125 0.0001741800643503666
1.039550048828125 0.00014244489992658297
1.040550048828125 0.00011544733308255673
1.041550048828125 9.43655800074339e-05
1.042550048828125 7.73901507879297e-05
1.043550048828125 6.310040596872568e-05
1.044550048828125 5.404835722098748e-05
1.045550048828125 4.29365939150254e-05
1.046550048828125 3.650046962623795e-05
1.047550048828125 3.144591969127456e-05
1.048550048828125 2.484127956752976e-05
1.049550048828125 2.510505650813381e-05
1.050550048828125 2.0290543713296453e-05
1.051550048828125 1.7343393604581555e-05
1.052550048828125 1.46601601348569e-05
1.053550048828125 1.3142559910193085e-05
1.054550048828125 7.745843904558569e-06
1.055550048828125 1.2168203247711063e-05
1.056550048828125 1.2561519785473746e-05
1.057550048828125 8.963054666916529e-06
1.058550048828125 9.281357439855734e-06
1.059550048828125 7.386500171075264e-06
1.060550048828125 6.6029558850762746e-06
1.061550048828125 7.858443617199858e-06
1.062550048828125 5.104041289693365e-06
1.063550048828125 3.845678157547994e-06
1.064550048828125 5.25595338937516e-06
1.065550048828125 4.585158894769847e-06
1.066550048828125 7.679218736787637e-06
1.067550048828125 3.196672381212314e-06
1.068550048828125 8.292136869082848e-06
1.069550048828125 6.297819005946318e-06
1.070550048828125 5.565792283353707e-06
1.071550048828125 3.558509973421072e-06
1.072550048828125 6.2535355876510346e-06
1.073550048828125 5.3460426473369204e-06
1.074550048828125 4.623149773882081e-06
1.075550048828125 1.4980791919771975e-06
1.076550048828125 8.381720399484038e-06
1.077550048828125 2.187675703074395e-06
1.078550048828125 3.930004410600911e-06
1.079550048828125 4.258156210804979e-06
1.080550048828125 6.371578007626037e-06
1.081550048828125 1.7124699904040122e-06
1.082550048828125 2.3350590102684993e-06
1.083550048828125 1.343658232970668e-06
1.084550048828125 2.4622903197949835e-06
1.085550048828125 1.5903772002652991e-06
1.086550048828125 2.3415230922789003e-06
1.087550048828125 4.389400031262388e-06
1.088550048828125 1.929307240281138e-06
1.089550048828125 7.3128453611085805e-06
1.090550048828125 2.983821626306356e-06
1.091550048828125 1.8079822477753047e-06
1.092550048828125 1.6074619005923553e-06
1.093550048828125 5.095495531956354e-06
1.094550048828125 4.000862633499007e-06
1.095550048828125 1.3076656228575936e-06
1.096550048828125 1.0014912891846232e-06
1.097550048828125 5.985289074790975e-06
1.098550048828125 1.879706600667793e-06
1.099550048828125 9.89397944287281e-07
1.100550048828125 3.522544672402243e-06
1.101550048828125 4.895931342616678e-06
1.102550048828125 4.090900086642553e-06
1.103550048828125 4.0387523547439723e-07
1.104550048828125 2.2517890223146727e-06
1.105550048828125 1.8303448693283522e-06
1.106550048828125 3.9965773876993185e-07
1.107550048828125 2.2262666607275606e-06
1.108550048828125 2.5398589302009593e-06
1.109550048828125 1.7913523212579699e-06
1.110550048828125 6.306854193098843e-06
1.111550048828125 1.2498322260512397e-06
1.112550048828125 5.212269898038358e-06
1.113550048828125 1.404792640945137e-06
1.114550048828125 3.1502300407737494e-06
1.115550048828125 2.579552334888528e-06
1.116550048828125 4.427064947473506e-06
1.117550048828125 5.634815509741505e-06
1.118550048828125 3.6961233126930893e-06
1.119550048828125 3.4372002119198442e-06
1.120550048828125 2.9301746690180154e-06
1.121550048828125 5.616825947072357e-06
1.122550048828125 4.630809999071062e-06
1.123550048828125 6.096059995167973e-08
1.124550048828125 2.6851492778708535e-06
1.125550048828125 1.814651938426929e-06
1.126550048828125 3.297678388965626e-06
1.127550048828125 3.834297337258856e-06
1.128550048828125 1.2426866162436786e-06
1.129550048828125 7.255826494656503e-06
1.130550048828125 4.0262033386776845e-06
1.131550048828125 1.8570179721185318e-06
1.132550048828125 1.834298370037383e-06
1.133550048828125 2.581325000695263e-06
1.134550048828125 1.0396834356167043e-06
1.135550048828125 4.544530044465016e-06
1.136550048828125 1.8529867035492012e-06
1.137550048828125 3.4869422961492092e-06
1.138550048828125 5.0792069911646345e-06
1.139550048828125 1.7305388852643468e-06
1.140550048828125 4.272094423261781e-06
1.141550048828125 1.921335957983198e-06
1.142550048828125 4.635588556993752e-06
1.143550048828125 4.117520099195341e-06
1.144550048828125 2.5948450396147864e-06
1.145550048828125 2.0620440288136403e-06
1.146550048828125 3.188974709094812e-06
1.147550048828125 1.19158891417707e-06
1.148550048828125 4.7837303524526455e-06
1.149550048828125 3.232237650081515e-06
1.150550048828125 2.621125313453376e-06
1.151550048828125 1.8877275094079475e-06
1.152550048828125 4.1405436544058225e-06
1.153550048828125 2.637574701414754e-06
1.154550048828125 1.7391539685451819e-06
1.155550048828125 3.7842906507042546e-06
1.156550048828125 6.431091514969012e-07
1.157550048828125 4.7200789170650144e-06
1.158550048828125 3.2532713278972854e-06
1.159550048828125 4.166423362524559e-06
1.160550048828125 2.336922043468803e-06
1.161550048828125 1.511458892006582e-06
1.162550048828125 2.368624360921482e-06
1.163550048828125 4.232725671802957e-06
1.164550048828125 2.753746327167998e-06
1.165550048828125 2.3881446850282374e-06
1.166550048828125 4.6848762819233045e-06
1.167550048828125 3.43552043583865e-06
1.168550048828125 3.1194393523037432e-06
1.169550048828125 2.2561193812483304e-06
1.170550048828125 4.79409306232507e-06
1.171550048828125 9.679999912748372e-11
1.172550048828125 5.905537594420215e-06
1.173550048828125 6.7423800161729255e-06
1.174550048828125 1.4305629498038521e-06
1.175550048828125 2.8802123172984767e-06
1.176550048828125 3.956412799720847e-06
1.177550048828125 3.8805135894411555e-06
1.178550048828125 1.5861620098197213e-06
1.179550048828125 3.79303489656498e-06
1.180550048828125 2.702315662948725e-06
1.181550048828125 1.5516175335505977e-06
1.182550048828125 4.029631769905488e-06
1.183550048828125 3.9908876836610335e-06
1.184550048828125 2.726354384018729e-06
1.185550048828125 2.240158307055632e-06
1.186550048828125 2.3155260229638467e-06
1.187550048828125 4.684638697654009e-06
1.188550048828125 5.119690031278878e-06
1.189550048828125 2.4026702400684978e-06
1.190550048828125 4.67091565951705e-06
1.191550048828125 3.465028324474891e-06
1.192550048828125 5.492839554790407e-06
1.193550048828125 2.0292723396172125e-06
1.194550048828125 2.8775352984666825e-06
1.195550048828125 3.3335670013912024e-06
1.196550048828125 2.499706655119856e-06
1.197550048828125 4.875387773305799e-06
1.198550048828125 1.5883095913900765e-06
1.199550048828125 3.958538000006228e-06
1.200550048828125 3.5116092961591975e-06
1.201550048828125 3.6029553545328478e-06
1.202550048828125 4.5263957387457295e-06
1.203550048828125 3.2755836339977877e-06
1.204550048828125 2.4901339929783715e-06
1.205550048828125 1.5004964712487614e-06
1.206550048828125 2.461760692919294e-06
1.207550048828125 5.878794278639058e-06
1.208550048828125 3.2081093134668965e-06
1.209550048828125 4.587541237318268e-06
1.210550048828125 3.0221029980263363e-06
1.211550048828125 3.9621361065655944e-06
1.212550048828125 3.0147154272223515e-06
1.213550048828125 3.819556344145288e-06
1.214550048828125 3.651298660164078e-06
1.215550048828125 2.4644456667980803e-06
1.216550048828125 6.162310213161012e-06
1.217550048828125 2.7541829816376166e-06
1.218550048828125 1.3051076386923675e-06
1.219550048828125 2.651294101572906e-06
1.220550048828125 6.584471363263825e-06
1.221550048828125 2.3609866426947216e-06
1.222550048828125 4.491065337788313e-06
1.223550048828125 4.36386859898145e-06
1.224550048828125 3.980760229751468e-06
1.225550048828125 2.9349939480501536e-06
1.226550048828125 2.20340031470793e-06
1.227550048828125 1.720703849885652e-06
1.228550048828125 3.433067662020524e-06
1.229550048828125 1.5346357244538922e-06
1.230550048828125 5.026897609544298e-06
1.231550048828125 6.318751669217211e-07
1.232550048828125 4.04365302529186e-06
1.233550048828125 2.266856220861276e-06
1.234550048828125 4.113447697212299e-06
1.235550048828125 4.2647833470255135e-06
1.236550048828125 1.8537148913081816e-06
1.237550048828125 1.0559552273736729e-06
1.238550048828125 1.7607879757027454e-06
1.239550048828125 5.806759581901133e-06
1.240550048828125 5.300640477798879e-06
1.241550048828125 4.839299363084137e-06
1.242550048828125 6.518669736882051e-06
1.243550048828125 1.647463320818924e-06
1.244550048828125 3.042023357314368e-06
1.245550048828125 5.635240328653405e-06
1.246550048828125 4.246059397701174e-06
1.247550048828125 1.835778224850889e-06
1.248550048828125 6.955201194311181e-06
1.249550048828125 4.511417646426708e-06
1.250550048828125 5.4059900382223225e-06
1.251550048828125 3.1243001042942824e-06
1.252550048828125 3.881725618460526e-06
1.253550048828125 1.3148628507527368e-06
1.254550048828125 2.5613518278759058e-06
1.255550048828125 2.9505416750907897e-06
1.256550048828125 3.51183630603676e-06
1.257550048828125 4.866817907895893e-06
1.258550048828125 3.6700323107652368e-06
1.259550048828125 3.072521067224443e-06
1.260550048828125 3.949740688161304e-06
1.261550048828125 5.73711198133727e-06
1.262550048828125 3.62167542334646e-06
1.263550048828125 1.0770944572868756e-06
1.264550048828125 1.016103769870824e-06
1.265550048828125 6.1025449152415e-06
1.266550048828125 4.907754191663116e-06
1.267550048828125 5.364153087915232e-06
1.268550048828125 3.2664320800298203e-06
1.269550048828125 4.132041455401729e-06
1.270550048828125 3.892609723455583e-06
1.271550048828125 6.021743950744471e-06
1.272550048828125 4.778439179062844e-06
1.273550048828125 1.7050977233642092e-06
1.274550048828125 3.2705233509962756e-06
1.275550048828125 3.0662232825307e-06
1.276550048828125 3.597584242622058e-06
1.277550048828125 5.33014147852858e-06
1.278550048828125 3.2963396127646164e-06
1.279550048828125 2.283515981010472e-06
1.280550048828125 4.932958981953561e-06
1.281550048828125 6.919307440208892e-06
1.282550048828125 4.578023314631234e-06
1.283550048828125 1.914103680367892e-06
1.284550048828125 2.504186365210141e-06
1.285550048828125 5.907328644146523e-06
1.286550048828125 3.0175702219518524e-06
1.287550048828125 3.9928870198006434e-06
1.288550048828125 4.458061982101451e-06
1.289550048828125 5.850708306146165e-06
1.290550048828125 4.915281703385214e-06
1.291550048828125 5.111356925529739e-06
1.292550048828125 4.788073323046167e-06
1.293550048828125 4.013205980299972e-06
1.294550048828125 1.3997868760876977e-06
1.295550048828125 3.910750480523954e-06
1.296550048828125 4.81192129276072e-06
1.297550048828125 3.183735292016839e-06
1.298550048828125 3.2298736429462833e-06
1.299550048828125 6.951367055686811e-06
1.300550048828125 6.525637193893393e-06
1.301550048828125 2.5448499945923687e-06
1.302550048828125 3.907770345297953e-06
1.303550048828125 4.563657760930558e-06
1.304550048828125 4.168708304253717e-06
1.305550048828125 3.54636344127357e-06
1.306550048828125 4.878105246461928e-06
1.307550048828125 4.661249598332991e-06
1.308550048828125 6.582438266680887e-06
1.309550048828125 3.6566910178711014e-06
1.310550048828125 4.5403533537561695e-06
1.311550048828125 3.2413752827172475e-06
1.312550048828125 4.346457668968166e-06
1.313550048828125 4.766131266175459e-06
1.314550048828125 5.538379579472045e-06
1.315550048828125 2.8251676121726633e-06
1.316550048828125 4.415193009966363e-06
1.317550048828125 4.2053620078756164e-06
1.318550048828125 4.771464640119424e-06
1.319550048828125 6.234807854828735e-06
1.320550048828125 6.446549280857047e-06
1.321550048828125 5.537665856536478e-06
1.322550048828125 6.546050038499137e-06
1.323550048828125 2.673892692352335e-06
1.324550048828125 3.91590108241265e-06
1.325550048828125 5.928891090055307e-06
1.326550048828125 3.970507047294329e-06
1.327550048828125 4.317986313253641e-06
1.328550048828125 3.883535391651094e-06
1.329550048828125 6.333696461903552e-06
1.330550048828125 4.500128173579772e-06
1.331550048828125 3.0577312766884763e-06
1.332550048828125 2.9071993291533243e-06
1.333550048828125 6.372723922443887e-06
1.334550048828125 4.991631916103264e-06
1.335550048828125 1.9442276728417106e-06
1.336550048828125 4.354608051168422e-06
1.337550048828125 6.4755933514485755e-06
1.338550048828125 6.390078342519701e-06
1.339550048828125 5.0827405842331555e-06
1.340550048828125 3.375494076559941e-06
1.341550048828125 5.445995193440467e-06
1.342550048828125 4.339351629217466e-06
1.343550048828125 5.338443637204667e-06
1.344550048828125 6.107040389906615e-06
1.345550048828125 2.161567632962639e-06
1.346550048828125 6.076115920829276e-06
1.347550048828125 5.943190578060845e-06
1.348550048828125 3.3276080891179546e-06
1.349550048828125 2.3988770165791114e-06
1.350550048828125 6.057087836476663e-06
1.351550048828125 5.215157483083507e-06
1.352550048828125 6.1821733834221955e-06
1.353550048828125 7.833518514720102e-06
1.354550048828125 7.610215145555561e-07
1.355550048828125 5.0698787284394105e-06
1.356550048828125 3.749188326764852e-06
1.357550048828125 7.052203291095793e-06
1.358550048828125 2.795573673211038e-06
1.359550048828125 4.936192417517304e-06
1.360550048828125 1.968919338348011e-06
1.361550048828125 6.9267191186857725e-06
1.362550048828125 5.26184206440424e-06
1.363550048828125 2.6838816120289266e-06
1.364550048828125 4.261879366822541e-06
1.365550048828125 3.1363803524679197e-06
1.366550048828125 4.8784666190234324e-06
1.367550048828125 2.5107222609221934e-06
1.368550048828125 4.54585407472526e-06
1.369550048828125 3.1387427103860927e-06
1.370550048828125 3.7659843898533536e-06
1.371550048828125 5.062249935387323e-06
1.372550048828125 3.884441975969821e-06
1.373550048828125 4.121951399914299e-06
1.374550048828125 3.349398272500063e-06
1.375550048828125 4.013042974596222e-06
1.376550048828125 6.159801268950105e-06
1.377550048828125 5.004177219234407e-06
1.378550048828125 4.3979324012373886e-06
1.379550048828125 9.679999912748372e-11
1.380550048828125 6.160341242017845e-06
1.381550048828125 6.246381478073696e-06
1.382550048828125 3.4706290656079847e-06
1.383550048828125 5.04638534039259e-06
1.384550048828125 6.2008419384559e-06
1.385550048828125 4.665285290904227e-06
1.386550048828125 6.693878191678474e-06
1.387550048828125 4.822179325856269e-06
1.388550048828125 2.1775392914680224e-06
1.389550048828125 4.8020507286613186e-06
1.390550048828125 4.319415893405676e-06
1.391550048828125 2.8909493509369593e-06
1.392550048828125 4.894349355405817e-06
1.393550048828125 4.832726262975484e-06
1.394550048828125 5.894747640316686e-06
1.395550048828125 7.161117779711882e-06
1.396550048828125 5.3036950218180815e-06
1.397550048828125 2.3875308496901226e-06
1.398550048828125 5.34035595289121e-06
1.399550048828125 6.173368116530279e-06
1.400550048828125 4.35287404494981e-06
1.401550048828125 6.3603540183976294e-06
1.402550048828125 2.604560722829774e-06
1.403550048828125 1.547407601636408e-06
1.404550048828125 2.9055999281505744e-06
1.405550048828125 4.8520889443655805e-06
1.406550048828125 7.596896418059865e-06
1.407550048828125 1.847289250607176e-06
1.408550048828125 3.6335534241516145e-06
1.409550048828125 2.700766102255632e-06
1.410550048828125 4.843102069571614e-06
1.411550048828125 8.300325910871228e-06
1.412550048828125 1.0444875056917862e-06
1.413550048828125 4.920321904743711e-06
1.414550048828125 7.316773020041486e-06
1.415550048828125 4.180138542627295e-06
1.416550048828125 3.1688754097558557e-06
1.417550048828125 7.058032788336277e-06
1.418550048828125 5.8949686354026195e-06
1.419550048828125 6.555647899707159e-06
1.420550048828125 5.306836974341422e-06
1.421550048828125 3.2158616522792725e-06
1.422550048828125 5.7404659067591034e-06
1.423550048828125 4.647746585154285e-06
1.424550048828125 6.854195380583405e-06
1.425550048828125 2.1011636514837543e-06
1.426550048828125 7.803514017723501e-06
1.427550048828125 2.1401166547245034e-06
1.428550048828125 6.175595723713438e-06
1.429550048828125 4.517352402520676e-06
1.430550048828125 6.061187013983726e-06
1.431550048828125 3.457528810857369e-06
1.432550048828125 5.592442951941242e-06
1.433550048828125 5.169574093694488e-06
1.434550048828125 2.033539688757931e-06
1.435550048828125 7.711438811384142e-06
1.436550048828125 2.7800427536324906e-06
1.437550048828125 6.790447320478657e-06
1.438550048828125 2.7268824002627905e-06
1.439550048828125 4.510128249724706e-06
1.440550048828125 3.2240140717476606e-06
1.441550048828125 6.565374496858567e-06
1.442550048828125 3.2939309797560173e-06
1.443550048828125 4.788331571035087e-06
1.444550048828125 5.845299262243012e-06
1.445550048828125 1.6949073202946844e-06
1.446550048828125 6.494274130091071e-06
1.447550048828125 4.272253572707996e-06
1.448550048828125 5.685399325254062e-06
1.449550048828125 2.9129008764735193e-06
1.450550048828125 6.717275997895438e-07
1.451550048828125 3.3006830684219795e-06
1.452550048828125 4.78016435711955e-06
1.453550048828125 5.774775927420706e-06
1.454550048828125 2.341787597591368e-06
1.455550048828125 6.652957332941393e-06
1.456550048828125 8.147788078834614e-06
1.457550048828125 5.846859809632103e-06
1.458550048828125 3.6439553756887714e-06
1.459550048828125 4.302756666826706e-06
1.460550048828125 5.781375123964002e-06
1.461550048828125 6.467661199470361e-06
1.462550048828125 4.701096525726219e-06
1.463550048828125 2.1005507733207196e-06
1.464550048828125 8.662608064090212e-06
1.465550048828125 5.997762394448122e-06
1.466550048828125 2.6787203387357296e-06
1.467550048828125 6.81975002711018e-06
1.468550048828125 6.66757725412026e-06
1.469550048828125 4.318993693838517e-06
1.470550048828125 3.951436471349249e-06
1.471550048828125 5.708858176755408e-06
1.472550048828125 5.9593615393775205e-06
1.473550048828125 4.838942162071665e-06
1.474550048828125 5.642496786701182e-06
1.475550048828125 8.043930865824222e-06
1.476550048828125 3.921132301911711e-06
1.477550048828125 6.623490965769937e-06
1.478550048828125 6.960466077240805e-06
1.479550048828125 4.072304679236064e-06
1.480550048828125 1.0723916348069907e-05
1.481550048828125 7.5290282256901265e-06
1.482550048828125 5.312587018124759e-06
1.483550048828125 9.451557998545468e-06
1.484550048828125 8.965951468174657e-06
1.485550048828125 2.2826732310932128e-06
1.486550048828125 4.987262752062331e-06
1.487550048828125 1.019149669446051e-05
1.488550048828125 8.551900779517988e-06
1.489550048828125 9.105991145285467e-06
1.490550048828125 9.864851793584723e-06
1.491550048828125 9.529152691053847e-06
1.492550048828125 9.015960386022925e-06
1.493550048828125 6.383083721933266e-06
1.494550048828125 1.0278320211606722e-05
1.495550048828125 5.115691553025196e-06
1.496550048828125 8.055981597863137e-06
1.497550048828125 5.239197053015232e-06
1.498550048828125 6.837964562388757e-06
1.499550048828125 4.6996220286625125e-06
1.500550048828125 6.538506907721361e-06
1.501550048828125 3.485769702820107e-06
1.502550048828125 6.330796459224075e-06
1.503550048828125 7.123213921052715e-06
1.504550048828125 7.4105385768537726e-06
1.505550048828125 5.328066278404245e-06
1.506550048828125 3.927282620376597e-06
1.507550048828125 5.963821507369479e-06
1.508550048828125 7.402305879319708e-06
1.509550048828125 6.8140759443243345e-06
1.510550048828125 4.465995686283956e-06
1.511550048828125 7.057668020327886e-06
1.512550048828125 5.26544473056371e-06
1.513550048828125 7.141151581890881e-06
1.514550048828125 5.4243466001935305e-06
1.515550048828125 7.585937855765223e-06
1.516550048828125 6.040226338276019e-06
1.517550048828125 6.248447850036124e-06
1.518550048828125 6.611610685164729e-06
1.519550048828125 5.657125342016419e-06
1.520550048828125 4.42137543965752e-06
1.521550048828125 5.991730819611499e-06
1.522550048828125 6.715492733443777e-06
1.523550048828125 6.220401846803725e-06
1.524550048828125 4.511998946933697e-06
1.525550048828125 7.0463607941443715e-06
1.526550048828125 5.911647943624606e-06
1.527550048828125 4.8013713482456905e-06
1.528550048828125 1.0199339982743066e-05
1.529550048828125 5.1235432814185824e-06
1.530550048828125 5.945860563466946e-06
1.531550048828125 4.696789255831391e-06
1.532550048828125 8.441316119084755e-06
1.533550048828125 5.1632820395752785e-06
1.534550048828125 6.259429210331291e-06
1.535550048828125 5.3655692803052566e-06
1.536550048828125 8.8633750177299e-06
1.537550048828125 7.76320928707719e-06
1.538550048828125 4.569907954040294e-06
1.539550048828125 5.863019226429363e-06
1.540550048828125 6.051430245861411e-06
1.541550048828125 1.0136040315652888e-05
1.542550048828125 3.858216320319722e-06
1.543550048828125 6.460307243590554e-06
1.544550048828125 5.90792556370919e-06
1.545550048828125 4.610238635602097e-06
1.546550048828125 8.636197696129481e-06
1.547550048828125 6.118918730256459e-06
1.548550048828125 1.219531016734739e-05
1.549550048828125 6.554277885394791e-06
1.550550048828125 9.711820023235637e-07
1.551550048828125 8.15528076297293e-06
1.552550048828125 5.743768706452102e-06
1.553550048828125 4.26268539740704e-06
1.554550048828125 3.64490178374884e-06
1.555550048828125 7.5115445846070845e-06
1.556550048828125 4.354620371789982e-06
1.557550048828125 1.0373394664687414e-05
1.558550048828125 7.0659210905432704e-06
1.559550048828125 6.485413177870214e-06
1.560550048828125 9.704385496055086e-06
1.561550048828125 5.853211914654821e-06
1.562550048828125 8.915242312165597e-06
1.563550048828125 1.1716440397625168e-05
1.564550048828125 8.309045030424992e-06
1.565550048828125 1.0088351167117555e-05
1.566550048828125 6.1186226472879445e-06
1.567550048828125 8.611101075075567e-06
1.568550048828125 6.051426001552803e-06
1.569550048828125 7.757887166614334e-06
1.570550048828125 5.350962843901167e-06
1.571550048828125 3.116824324630822e-06
1.572550048828125 9.74718015640974e-06
1.573550048828125 5.539436436568697e-06
1.574550048828125 8.3107171424975e-06
1.575550048828125 6.259355674653004e-06
1.576550048828125 1.0572773753665387e-05
1.577550048828125 5.1284903505196175e-06
1.578550048828125 8.698417223058642e-06
1.579550048828125 1.0650672484189272e-05
1.580550048828125 6.890074194719394e-06
1.581550048828125 6.3195487018674614e-06
1.582550048828125 9.153497327739993e-06
1.583550048828125 6.723498615125815e-06
1.584550048828125 7.81415292294696e-06
1.585550048828125 8.604013710282742e-06
1.586550048828125 9.862383012659848e-06
1.587550048828125 8.099967575011154e-06
1.588550048828125 4.423415715185304e-06
1.589550048828125 8.858260504590968e-06
1.590550048828125 9.678389178588986e-06
1.591550048828125 3.6477969842962922e-06
1.592550048828125 6.41623007444044e-06
1.593550048828125 1.7712129920255393e-06
1.594550048828125 5.56629830195258e-06
1.595550048828125 9.304405539296568e-06
1.596550048828125 8.24028878317525e-06
1.597550048828125 6.907719653099775e-06
1.598550048828125 7.798959171244253e-06
1.599550048828125 9.242701344192028e-06
1.600550048828125 9.349059546366334e-06
1.601550048828125 1.5145120150084067e-06
1.602550048828125 8.976385579444468e-06
1.603550048828125 3.736030679040899e-06
1.604550048828125 1.0818415903486312e-05
1.605550048828125 3.7356130390738446e-06
1.606550048828125 1.2224318537240227e-05
1.607550048828125 6.956494568536678e-06
1.608550048828125 7.008659740677103e-06
1.609550048828125 2.7752230137897033e-06
1.610550048828125 1.2145054060965777e-05
1.611550048828125 1.299010356888175e-05
1.612550048828125 5.262155997722099e-06
1.613550048828125 3.982793520359944e-06
1.614550048828125 1.0709910420700907e-05
1.615550048828125 1.1913689086213708e-05
1.616550048828125 7.030255655990913e-06
1.617550048828125 2.575333211014552e-06
1.618550048828125 1.199016347527504e-05
1.619550048828125 1.1840649725248416e-05
1.620550048828125 6.944969257650277e-06
1.621550048828125 5.06640887275959e-06
1.622550048828125 8.046673804832002e-06
1.623550048828125 6.722976395394653e-06
1.624550048828125 6.954553731096288e-06
1.625550048828125 8.4275296345974e-06
1.626550048828125 8.016815991140902e-06
1.627550048828125 9.95995612659802e-06
1.628550048828125 5.179337846736113e-06
1.629550048828125 9.436799397614474e-06
1.630550048828125 9.381273800196747e-06
1.631550048828125 1.0225102693463365e-05
1.632550048828125 9.883175371214748e-06
1.633550048828125 6.861536918828884e-06
1.634550048828125 1.2428643725191553e-05
1.635550048828125 6.553898565471172e-06
1.636550048828125 1.3157953120147188e-05
1.637550048828125 7.345904402124385e-06
1.638550048828125 7.422991329804063e-06
1.639550048828125 4.284487658878788e-06
1.640550048828125 6.514551350846887e-06
1.641550048828125 8.019509453636906e-06
1.642550048828125 4.801217874046415e-06
1.643550048828125 1.348001300357282e-05
1.644550048828125 6.139637747158607e-06
1.645550048828125 1.1052321448611717e-05
1.646550048828125 1.111921660291652e-05
1.647550048828125 1.0681892745196819e-05
1.648550048828125 9.313384459043542e-06
1.649550048828125 5.799889622721821e-06
1.650550048828125 1.4116500193874042e-05
1.651550048828125 1.0977431860131521e-05
1.652550048828125 1.1517250289519628e-05
1.653550048828125 5.876476449581484e-06
1.654550048828125 1.7191356358428794e-05
1.655550048828125 1.0127659188583492e-05
1.656550048828125 7.378456260388097e-06
1.657550048828125 5.38517691893503e-06
1.658550048828125 8.625444994928936e-06
1.659550048828125 9.305645556499561e-06
1.660550048828125 1.0543147412439186e-05
1.661550048828125 7.314682782938083e-06
1.662550048828125 5.643685290124267e-06
1.663550048828125 6.2908639665693045e-06
1.664550048828125 1.1367521171147625e-05
1.665550048828125 4.040835871516417e-06
1.666550048828125 6.918130287279685e-06
1.667550048828125 6.043695223828157e-06
1.668550048828125 8.628671639598907e-06
1.669550048828125 3.776423036470078e-06
1.670550048828125 4.4191863950497165e-06
1.671550048828125 6.818830637106052e-06
1.672550048828125 1.1412508320063352e-05
1.673550048828125 7.006823094949746e-06
1.674550048828125 8.53766658110544e-06
1.675550048828125 4.269270624111717e-06
1.676550048828125 1.1449296725913883e-05
1.677550048828125 8.075268706306815e-06
1.678550048828125 1.158770852877448e-05
1.679550048828125 1.4769630118583639e-05
1.680550048828125 9.679999912748372e-11
1.681550048828125 5.0364263006486e-06
1.682550048828125 5.8592445566318925e-06
1.683550048828125 6.21091884871324e-06
1.684550048828125 9.638958727009594e-06
1.685550048828125 3.882019470135371e-06
1.686550048828125 1.1682446735600631e-05
1.687550048828125 5.0517251414324475e-06
1.688550048828125 3.7038253117997283e-06
1.689550048828125 1.0715959748874109e-05
1.690550048828125 1.0336722674158712e-05
1.691550048828125 1.0065855630347898e-06
1.692550048828125 1.1850799977158506e-05
1.693550048828125 3.509189731024283e-06
1.694550048828125 1.1464768322184682e-05
1.695550048828125 6.969558986990402e-06
1.696550048828125 1.215190199824671e-05
1.697550048828125 7.578734948765487e-06
1.698550048828125 1.3923626201250982e-06
1.699550048828125 9.113871201407164e-06
1.700550048828125 3.7916021877511715e-06
1.701550048828125 6.668894978550574e-06
1.702550048828125 3.318926464999095e-06
1.703550048828125 7.414470164803788e-06
1.704550048828125 5.588741138732681e-06
1.705550048828125 5.540504159095386e-06
1.706550048828125 6.734868123506506e-06
1.707550048828125 5.417684636389216e-06
1.708550048828125 5.6715909158810975e-06
1.709550048828125 1.3312621546598773e-05
1.710550048828125 9.27516957744956e-06
1.711550048828125 3.3713955395568247e-06
1.712550048828125 7.945234538055956e-06
1.713550048828125 5.818806433429321e-06
1.714550048828125 1.0667529810840886e-05
1.715550048828125 8.511353905002275e-06
1.716550048828125 4.314626664078484e-06
1.717550048828125 7.556047445784012e-06
1.718550048828125 1.776638140048211e-06
1.719550048828125 3.988944420901438e-06
1.720550048828125 9.715137809204558e-06
1.721550048828125 7.486875401809811e-06
1.722550048828125 1.0017689201049506e-05
1.723550048828125 8.867043264520665e-06
1.724550048828125 6.57872180454433e-06
1.725550048828125 9.824412797267239e-06
1.726550048828125 1.0039362435539563e-05
1.727550048828125 5.427336970266575e-06
1.728550048828125 1.5767199996237954e-05
1.729550048828125 1.2649873776050905e-05
1.730550048828125 4.8683864103319745e-06
1.731550048828125 1.0021912360874314e-05
1.732550048828125 9.687130999130508e-06
1.733550048828125 7.496100345936915e-06
1.734550048828125 1.1787797751215597e-05
1.735550048828125 1.0137330294431498e-05
1.736550048828125 1.2240449820334714e-05
1.737550048828125 1.1635224412505825e-05
1.738550048828125 9.264565305784344e-06
1.739550048828125 9.15832604126384e-06
1.740550048828125 1.786603049064676e-05
1.741550048828125 9.921905196582277e-06
1.742550048828125 8.143561232524613e-06
1.743550048828125 5.373581952881068e-06
1.744550048828125 9.071523478875558e-06
1.745550048828125 1.1474373168312014e-05
1.746550048828125 1.0847806309660275e-05
1.747550048828125 7.194199909766516e-06
1.748550048828125 1.6097223075727624e-05
1.749550048828125 9.558195403466622e-06
1.750550048828125 9.462550127257904e-06
1.751550048828125 6.198075522358219e-06
1.752550048828125 3.780285925047977e-06
1.753550048828125 1.5612693193058173e-05
1.754550048828125 6.335918248320619e-06
1.755550048828125 1.8114593500892322e-05
1.756550048828125 3.7970845589748355e-06
1.757550048828125 1.3117473184441526e-05
1.758550048828125 8.271256228908897e-06
1.759550048828125 1.4646779745817185e-05
1.760550048828125 2.6411669387016443e-06
1.761550048828125 8.115927145505944e-06
1.762550048828125 3.4342632087902557e-06
1.763550048828125 1.2668509152717888e-05
1.764550048828125 9.24806964273254e-06
1.765550048828125 5.858551012352109e-06
1.766550048828125 8.913827283928791e-06
1.767550048828125 8.234895261315008e-06
1.768550048828125 7.069250520241136e-06
1.769550048828125 4.649098943142841e-06
1.770550048828125 1.2760753743350505e-05
1.771550048828125 8.962327459206184e-06
1.772550048828125 9.490809364554783e-06
1.773550048828125 7.607929486160477e-06
1.774550048828125 4.222992051146809e-06
1.775550048828125 1.5209303237497806e-05
1.776550048828125 1.0767907757932942e-05
1.777550048828125 8.865554894631108e-06
1.778550048828125 1.4736646553501487e-05
1.779550048828125 8.89765186002478e-06
1.780550048828125 7.819313905201853e-06
1.781550048828125 8.557093872999151e-06
1.782550048828125 1.195434791346391e-05
1.783550048828125 1.2075909956668813e-05
1.784550048828125 6.947179596560696e-06
1.785550048828125 1.050681748893112e-05
1.786550048828125 1.3550669730951387e-05
1.787550048828125 1.0586946154944599e-05
1.788550048828125 7.41418373460571e-06
1.789550048828125 4.7443976897435884e-06
1.790550048828125 3.0670302900640916e-06
1.791550048828125 1.5159639685104291e-05
1.792550048828125 6.3711078837513925e-06
1.793550048828125 1.1418218491598964e-05
1.794550048828125 5.143073309833804e-06
1.795550048828125 1.1127230633671085e-05
1.796550048828125 1.4579969768722852e-05
1.797550048828125 4.919840624400725e-06
1.798550048828125 9.970642471065123e-06
1.799550048828125 1.2842427822761238e-05
1.800550048828125 3.416755304594214e-06
1.801550048828125 8.392203987265627e-06
1.802550048828125 1.0803411326681574e-05
1.803550048828125 1.2403719980890553e-05
1.804550048828125 4.469414980121656e-06
1.805550048828125 1.1205659441960353e-05
1.806550048828125 9.703480754978955e-06
1.807550048828125 1.0043522149013976e-05
1.808550048828125 1.3942716953655083e-05
1.809550048828125 1.046480533356468e-05
1.810550048828125 1.768144352051119e-05
1.811550048828125 1.1225738999200985e-05
1.812550048828125 1.9515730285396177e-05
1.813550048828125 1.1704387919356426e-05
1.814550048828125 1.625006979641815e-05
1.815550048828125 1.6398133787636956e-05
1.816550048828125 6.6908516843492785e-06
1.817550048828125 1.110725977923721e-05
1.818550048828125 1.2527371873147785e-05
1.819550048828125 1.260971378845473e-05
1.820550048828125 5.1911876168257245e-06
1.821550048828125 6.810089786692212e-06
1.822550048828125 9.212802009036144e-06
1.823550048828125 2.220543334260583e-05
1.824550048828125 7.954900599240015e-06
1.825550048828125 1.3121449931835135e-05
1.826550048828125 4.290020015931262e-06
1.827550048828125 1.5503480875243742e-05
1.828550048828125 1.3160297142652173e-05
1.829550048828125 4.79857185518758e-07
1.830550048828125 2.0600686160226666e-05
1.831550048828125 1.3801100042959054e-05
1.832550048828125 2.3982916803409657e-05
1.833550048828125 5.137528448055188e-06
1.834550048828125 4.796705276627714e-06
1.835550048828125 1.9840516615658997e-05
1.836550048828125 1.599387110521396e-05
1.837550048828125 9.017420428184171e-06
1.838550048828125 1.0597298581463594e-05
1.839550048828125 1.6695096467932064e-05
1.840550048828125 2.3353856910640995e-05
1.841550048828125 2.893259671425952e-06
1.842550048828125 2.804091331419419e-06
1.843550048828125 1.4245686664556463e-05
1.844550048828125 1.625690298775832e-05
1.845550048828125 1.5049780098100503e-05
1.846550048828125 2.1519443253055213e-05
1.847550048828125 1.7636439685399335e-05
1.848550048828125 9.262222447432577e-06
1.849550048828125 2.397820275897781e-05
1.850550048828125 3.93442563191293e-06
1.851550048828125 1.5470074916568896e-05
1.852550048828125 1.602602656930685e-05
1.853550048828125 1.81340336954842e-05
1.854550048828125 7.98136267500619e-06
1.855550048828125 1.0185488887752096e-05
1.856550048828125 2.199908330415686e-05
1.857550048828125 5.8674515457823874e-06
1.858550048828125 1.3733029870005946e-05
1.859550048828125 1.7692156446476778e-05
1.860550048828125 8.664392128897211e-06
1.861550048828125 2.282974514165777e-06
1.862550048828125 1.8867100200926262e-05
1.863550048828125 1.55603668342034e-05
1.864550048828125 1.0710773640312255e-05
1.865550048828125 2.0588863216364217e-06
1.866550048828125 1.215672663723429e-05
1.867550048828125 1.7760440629596513e-05
1.868550048828125 1.3736526404197018e-05
1.869550048828125 1.132176451695462e-05
1.870550048828125 9.647819873255988e-06
1.871550048828125 1.7860013370712596e-05
1.872550048828125 1.3911283264557521e-05
1.873550048828125 8.864597087570777e-06
1.874550048828125 1.4944073045626283e-05
1.875550048828125 2.08676396869123e-05
1.876550048828125 2.1816259638095894e-05
1.877550048828125 6.205752724781633e-06
1.878550048828125 2.35709334568431e-05
1.879550048828125 1.2214518113372227e-05
1.880550048828125 9.485766325572816e-06
1.881550048828125 1.0668957062686484e-05
1.882550048828125 7.764792729479572e-06
1.883550048828125 9.72907718581458e-06
1.884550048828125 1.4480590277040998e-05
1.885550048828125 1.284752235126992e-05
1.886550048828125 1.4451133320108055e-05
1.887550048828125 1.3304610426227252e-05
1.888550048828125 1.029304771994551e-05
1.889550048828125 1.7895749770104886e-05
1.890550048828125 1.595719678637882e-05
1.891550048828125 1.0747732206558188e-05
1.892550048828125 1.2637751448589068e-05
1.893550048828125 1.740137968833248e-05
1.894550048828125 1.605897326953709e-05
1.895550048828125 9.946730985272249e-06
1.896550048828125 1.0608979888881247e-05
1.897550048828125 1.0806895055187245e-05
1.898550048828125 1.1443758363990734e-05
1.899550048828125 2.646752322713534e-05
1.900550048828125 1.301546658699711e-05
1.901550048828125 6.8640390721460184e-06
1.902550048828125 1.351057745826741e-05
1.903550048828125 1.227607640127341e-05
1.904550048828125 1.2069375370629132e-05
1.905550048828125 7.2186064404148686e-06
1.906550048828125 1.5941271752429504e-05
1.907550048828125 1.1220067002189656e-05
1.908550048828125 1.1389818973839283e-05
1.909550048828125 2.08824104629457e-05
1.910550048828125 2.1774313257386287e-05
1.911550048828125 1.1523820382232468e-05
1.912550048828125 1.685838021027545e-05
1.913550048828125 1.9112253406395513e-05
1.914550048828125 1.748847697551052e-05
1.915550048828125 1.3151865374917787e-05
1.916550048828125 1.1836315970867871e-05
1.917550048828125 2.2257409679392973e-05
1.918550048828125 1.2462556672592957e-05
1.919550048828125 9.118472284391406e-06
1.920550048828125 2.9645666557674607e-05
1.921550048828125 1.1715402749056618e-05
1.922550048828125 2.2899053680400052e-05
1.923550048828125 1.5769593107203644e-05
1.924550048828125 1.6993213212117552e-05
1.925550048828125 1.4540339276815455e-05
1.926550048828125 2.664329328884681e-05
1.927550048828125 1.466836469868819e-05
1.928550048828125 1.3408602486985426e-05
1.929550048828125 2.982490307961901e-05
1.930550048828125 2.4919596423084534e-05
1.931550048828125 2.4860676688452562e-05
1.932550048828125 4.226579389288905e-06
1.933550048828125 1.7991630205263694e-05
1.934550048828125 2.186786965467036e-05
1.935550048828125 1.2281087498801451e-05
1.936550048828125 1.110972467965136e-05
1.937550048828125 1.2660869785274069e-05
1.938550048828125 9.565637058888873e-06
1.939550048828125 2.65569263137877e-05
1.940550048828125 1.2515622074715793e-05
1.941550048828125 2.1419913585608205e-05
1.942550048828125 5.870643071830273e-06
1.943550048828125 1.8233640197043618e-05
1.944550048828125 1.7532046961908538e-05
1.945550048828125 1.192293285081784e-05
1.946550048828125 1.0923253527532022e-05
1.947550048828125 1.767834338049094e-05
1.948550048828125 1.2421875784858944e-05
1.949550048828125 1.9369852961972355e-05
1.950550048828125 1.6521070307741562e-05
1.951550048828125 1.3661412910247843e-05
1.952550048828125 1.3591353393470246e-05
1.953550048828125 1.44496470844994e-05
1.954550048828125 2.2649296248952547e-05
1.955550048828125 2.0295626794298492e-05
1.956550048828125 2.392082397515575e-05
1.957550048828125 1.7018569633364677e-05
1.958550048828125 1.911705321011444e-05
1.959550048828125 1.7934449715539813e-05
1.960550048828125 1.844174034583072e-05
1.961550048828125 1.1825711699202656e-05
1.962550048828125 1.1975443533932168e-05
1.963550048828125 1.4189753370980423e-05
1.964550048828125 9.78154605642582e-06
1.965550048828125 5.995562532916665e-06
1.966550048828125 1.582956329608957e-05
1.967550048828125 1.660651993006468e-05
1.968550048828125 3.067744692089036e-06
1.969550048828125 2.2059710463508964e-05
1.970550048828125 1.2714276478315394e-05
1.971550048828125 1.732520293444395e-05
1.972550048828125 1.6673076897859575e-05
1.973550048828125 2.0853006669009724e-05
1.974550048828125 1.385529641536228e-07
1.975550048828125 1.6296866815537213e-05
1.976550048828125 1.161047878364722e-05
1.977550048828125 1.807777987172206e-05
1.978550048828125 7.211723811148355e-06
1.979550048828125 1.7825113609433174e-05
1.980550048828125 2.8197220526635647e-05
1.981550048828125 1.190642574465291e-06
1.982550048828125 1.5757955455531677e-05
1.983550048828125 1.048279893218466e-05
1.984550048828125 2.2349689776698747e-05
1.985550048828125 1.6385104589211607e-06
1.986550048828125 9.28696827031672e-06
1.987550048828125 1.6703056559587518e-05
1.988550048828125 1.790671609342098e-05
1.989550048828125 4.780608485965842e-07
1.990550048828125 8.022066516180834e-06
1.991550048828125 1.3717568363063037e-05
1.992550048828125 3.23417573235929e-05
1.993550048828125 7.866962172776344e-06
1.994550048828125 7.80997691132749e-06
1.995550048828125 1.960131999415656e-05
1.996550048828125 6.28034046795456e-06
1.997550048828125 1.4196616830304264e-05
1.998550048828125 1.1086913776428749e-05
1.999550048828125 1.547446280407409e-05
2.000550048828125 1.8088465052035947e-05
2.001550048828125 1.0033311943213146e-05
2.002550048828125 1.16290949517861e-05
2.003550048828125 1.0416968337570627e-05
2.004550048828125 2.2809213260188698e-05
2.005550048828125 1.2868547540468473e-05
2.006550048828125 8.991809639458855e-06
2.007550048828125 4.397391700573886e-06
2.008550048828125 1.5772115051125484e-05
2.009550048828125 2.0475623120243348e-05
2.010550048828125 2.184800376805166e-05
2.011550048828125 1.2978983189289767e-05
2.012550048828125 6.756715689940998e-06
2.013550048828125 2.1850186555335916e-05
2.014550048828125 1.0233522528627265e-05
2.015550048828125 1.8260372259343666e-05
2.016550048828125 1.7567300237715243e-05
2.017550048828125 4.085825213140382e-06
2.018550048828125 2.6093370591600737e-05
2.019550048828125 1.0491204254018765e-05
2.020550048828125 3.34908968458573e-05
2.021550048828125 9.679999912748372e-11
2.022550048828125 2.5212621161093317e-05
2.023550048828125 1.863506699765575e-07
2.024550048828125 1.9374509574845432e-05
2.025550048828125 1.5932993264868855e-05
2.026550048828125 1.33365699245284e-05
2.027550048828125 1.7160936258733273e-05
2.028550048828125 1.6353386842335265e-05
2.029550048828125 1.4198267599567771e-05
2.030550048828125 1.255464102238572e-05
2.031550048828125 8.0144856088508e-06
2.032550048828125 1.3472220355955262e-05
2.033550048828125 1.4379014222261805e-05
2.034550048828125 1.0125183869217717e-05
2.035550048828125 1.4124068547971546e-05
2.036550048828125 3.4673544194596674e-06
2.037550048828125 1.1804013047367334e-05
2.038550048828125 2.2437830145160355e-05
2.039550048828125 1.8147523514926435e-05
2.040550048828125 1.3462483184412122e-05
2.041550048828125 6.193082721657936e-06
2.042550048828125 1.0740929865278303e-05
2.043550048828125 1.7251406873886784e-05
2.044550048828125 5.774988928874217e-06
2.045550048828125 1.299160726678868e-05
2.046550048828125 2.3144853378956517e-05
2.047550048828125 1.5083900264774759e-05
2.048550048828125 1.9527489397053916e-05
2.049550048828125 1.3140112860128284e-05
2.050550048828125 1.4493633061647415e-05
2.051550048828125 1.043667201884091e-05
2.052550048828125 1.3326707994565368e-05
2.053550048828125 2.4867920049776634e-05
2.054550048828125 3.203873367359241e-05
2.055550048828125 1.515704362342755e-05
2.056550048828125 1.0368044604547321e-05
2.057550048828125 1.0923137694286805e-05
2.058550048828125 1.667092360245685e-05
2.059550048828125 7.879606370503703e-06
2.060550048828125 6.311826849317489e-06
2.061550048828125 1.2369260075502097e-05
2.062550048828125 1.3167718871871514e-05
2.063550048828125 2.7346074348315595e-05
2.064550048828125 1.4457263362904388e-05
2.065550048828125 2.3581235632944934e-06
2.066550048828125 2.3149532886842886e-05
2.067550048828125 2.533532737288624e-05
2.068550048828125 4.775926606794083e-06
2.069550048828125 1.705514034256339e-05
2.070550048828125 1.4674758616213996e-05
2.071550048828125 1.1986883667608102e-05
2.072550048828125 6.321070308551077e-06
2.073550048828125 7.77839682996273e-06
2.074550048828125 2.3329783774291477e-05
2.075550048828125 2.949227462962038e-06
2.076550048828125 1.6599487862549724e-05
2.077550048828125 8.94757133210078e-06
2.078550048828125 2.5157373553762833e-05
2.079550048828125 5.097665571982546e-06
2.080550048828125 2.3246682054984073e-05
2.081550048828125 2.7569030256321035e-05
2.082550048828125 7.529497884342836e-06
2.083550048828125 1.1599462072119e-05
2.084550048828125 1.0655560666540015e-05
2.085550048828125 2.0982323524852595e-05
2.086550048828125 1.1636997417857249e-05
2.087550048828125 7.974844775162638e-06
2.088550048828125 2.8498186729848385e-05
2.089550048828125 9.679999912748372e-11
2.090550048828125 9.007086104467396e-06
2.091550048828125 2.5758515888204178e-05
2.092550048828125 1.983069310275217e-05
2.093550048828125 1.3166066880027453e-05
2.094550048828125 2.4377889931201936e-05
2.095550048828125 5.470551279191937e-06
2.096550048828125 3.6856857283661764e-05
2.097550048828125 1.2855580231795709e-05
2.098550048828125 8.519489783793688e-06
2.099550048828125 2.7097230001042285e-05
2.100550048828125 1.2376270606182515e-05
2.101550048828125 1.3404815884617466e-05
2.102550048828125 1.819362010185917e-05
2.103550048828125 2.836413293456038e-05
2.104550048828125 9.262254046310166e-06
2.105550048828125 1.2390138639822485e-05
2.106550048828125 2.8204567497596146e-05
2.107550048828125 1.548012951388955e-05
2.108550048828125 2.0923543100555738e-05
2.109550048828125 1.7090992051551622e-05
2.110550048828125 3.324267299224933e-05
2.111550048828125 7.183607532086356e-06
2.112550048828125 2.27885697192202e-05
2.113550048828125 5.2032899695782695e-06
2.114550048828125 2.0094389716784157e-05
2.115550048828125 2.3655397429441414e-05
2.116550048828125 2.79596036610504e-05
2.117550048828125 6.978915150807433e-06
2.118550048828125 1.0574762379815066e-05
2.119550048828125 1.8538796187688906e-05
2.120550048828125 1.1830173704462747e-05
2.121550048828125 1.0708749430318559e-05
2.122550048828125 3.923868061974645e-05
2.123550048828125 2.5849917825932304e-05
2.124550048828125 2.7985239867120982e-05
2.125550048828125 1.8392903342222174e-05
2.126550048828125 1.63038243772462e-05
2.127550048828125 1.6110254218801856e-05
2.128550048828125 1.1665940983220935e-05
2.129550048828125 2.8073296804601947e-05
2.130550048828125 6.205360463574413e-06
2.131550048828125 6.986218174983942e-06
2.132550048828125 1.5306092488269012e-05
2.133550048828125 1.3693795772269368e-05
2.134550048828125 1.898715039715171e-05
2.135550048828125 2.8734683680037655e-05
2.136550048828125 3.1696056636671226e-05
2.137550048828125 3.2468557668228946e-05
2.138550048828125 2.97806435264647e-05
2.139550048828125 3.946417826667196e-06
2.140550048828125 2.3338785201000668e-05
2.141550048828125 1.2479175784392283e-05
2.142550048828125 3.0491053281972804e-05
2.143550048828125 1.8662965546051663e-05
2.144550048828125 1.4683557286237676e-05
2.145550048828125 1.6631246350395182e-05
2.146550048828125 3.1387085715929664e-05
2.147550048828125 6.770080120380347e-06
2.148550048828125 1.4565154754867155e-05
2.149550048828125 2.5188346626237035e-05
2.150550048828125 7.931130492192887e-06
2.151550048828125 2.442368927101294e-05
2.152550048828125 3.5473909229040146e-05
2.153550048828125 1.7019499306722234e-05
2.154550048828125 3.6863842979073524e-05
2.155550048828125 2.8452829768260322e-05
2.156550048828125 2.3690760523701705e-05
2.157550048828125 1.9035193060214323e-05
2.158550048828125 1.6880916664376855e-05
2.159550048828125 2.1369363724564514e-05
2.160550048828125 6.768694787971559e-06
2.161550048828125 3.3719783338407676e-05
2.162550048828125 7.989261260566613e-06
2.163550048828125 1.8450377974659205e-05
2.164550048828125 4.389210371300578e-06
2.165550048828125 3.0570103166004026e-05
2.166550048828125 2.408651945491632e-05
2.167550048828125 1.68827164452523e-05
2.168550048828125 2.2480853755647936e-05
2.169550048828125 5.695812831231587e-06
2.170550048828125 1.5996362451528393e-05
2.171550048828125 4.969864695643385e-05
2.172550048828125 2.629617869607988e-06
2.173550048828125 3.1661126607408125e-05
2.174550048828125 3.2285576841483515e-05
2.175550048828125 1.0247015607918187e-05
2.176550048828125 7.943093670208512e-06
2.177550048828125 2.4399860218788184e-05
2.178550048828125 2.0921880301708974e-05
2.179550048828125 2.331507042981684e-05
2.180550048828125 2.648137044161558e-05
2.181550048828125 2.7379190238813556e-05
2.182550048828125 1.3038788902948184e-05
2.183550048828125 2.5123216522236667e-05
2.184550048828125 2.8370822935054697e-05
2.185550048828125 3.912859596312046e-05
2.186550048828125 7.446944675226775e-06
2.187550048828125 1.2048155379792053e-05
2.188550048828125 2.5372866075485946e-05
2.189550048828125 3.0056149698793886e-05
2.190550048828125 2.0111913327127694e-05
2.191550048828125 1.6672609296316904e-05
2.192550048828125 2.1517423059170447e-05
2.193550048828125 2.9736446061482033e-05
2.194550048828125 2.1736760002871356e-05
2.195550048828125 1.6726195661398436e-06
2.196550048828125 1.5855665163447457e-05
2.197550048828125 6.184941274553305e-06
2.198550048828125 2.6938640124474964e-05
2.199550048828125 1.3051858307638515e-05
2.200550048828125 3.765272287031015e-05
2.201550048828125 9.710532283474886e-06
2.202550048828125 5.239167716354132e-05
2.203550048828125 9.679999912748372e-11
2.204550048828125 1.817372462634618e-05
2.205550048828125 3.220710360134641e-05
2.206550048828125 1.550788040428112e-05
2.207550048828125 2.1625033114105462e-05
2.208550048828125 3.279532693947355e-05
2.209550048828125 1.6039271532915696e-06
2.210550048828125 2.5896982988342644e-05
2.211550048828125 4.4269825642307594e-05
2.212550048828125 2.9267213152100645e-05
2.213550048828125 2.8628813258061806e-05
2.214550048828125 2.18593655154109e-05
2.215550048828125 2.3592920042574407e-05
2.216550048828125 1.5872685529976965e-05
2.217550048828125 7.236993464395289e-06
2.218550048828125 3.887736704200506e-05
2.219550048828125 2.2117459836105505e-05
2.220550048828125 5.4703040223103016e-06
2.221550048828125 2.0227957478103538e-05
2.222550048828125 3.4154756770779694e-05
2.223550048828125 5.259309740116199e-05
2.224550048828125 1.7631615826907421e-06
2.225550048828125 3.328181259954969e-05
2.226550048828125 1.3220787630855806e-05
2.227550048828125 1.4458866401885946e-05
2.228550048828125 1.1403042260621869e-05
2.229550048828125 1.0469264157245324e-05
2.230550048828125 5.0544106246282655e-05
2.231550048828125 3.326570770392815e-05
2.232550048828125 2.0455252049555265e-05
2.233550048828125 4.682487963388364e-05
2.234550048828125 8.10676145041119e-06
2.235550048828125 4.3158389162272214e-05
2.236550048828125 5.7227276265621185e-05
2.237550048828125 1.6425172080660745e-05
2.238550048828125 2.2775645348618313e-05
2.239550048828125 5.15514596675833e-05
2.240550048828125 2.3773263674229383e-05
2.241550048828125 3.367083612829447e-05
2.242550048828125 5.5610849522054195e-05
2.243550048828125 3.637833487807699e-05
2.244550048828125 5.238557667105385e-05
2.245550048828125 6.539005165298779e-05
2.246550048828125 3.3268410867700974e-05
2.247550048828125 2.8640071492797383e-05
2.248550048828125 4.66638997507592e-05
2.249550048828125 7.723067848761644e-06
2.250550048828125 4.1143802615503474e-05
2.251550048828125 2.9385746456682684e-05
2.252550048828125 2.7219813006619612e-05
2.253550048828125 5.009526697297891e-05
2.254550048828125 2.521313998537759e-05
2.255550048828125 6.286639099319776e-05
2.256550048828125 7.287451221297185e-05
2.257550048828125 6.758557011683781e-05
2.258550048828125 9.679999912748372e-11
2.259550048828125 2.599632644970207e-05
2.260550048828125 3.8386183635642135e-05
2.261550048828125 4.743290909876426e-05
2.262550048828125 5.188939976505935e-06
2.263550048828125 3.268744330853224e-05
2.264550048828125 4.372359220503756e-05
2.265550048828125 2.8715406466896334e-05
2.266550048828125 2.333852152029673e-05
2.267550048828125 5.647966405376792e-05
2.268550048828125 2.2075919744869073e-05
2.269550048828125 2.2740903853749237e-05
2.270550048828125 1.282305113294709e-05
2.271550048828125 5.490830323348443e-05
2.272550048828125 4.8863633225361506e-05
2.273550048828125 5.016651043797301e-06
2.274550048828125 4.533224351083239e-05
2.275550048828125 2.2723164681034782e-05
2.276550048828125 9.601479347717637e-06
2.277550048828125 4.955022906263669e-05
2.278550048828125 1.1307806125842035e-05
2.279550048828125 2.9380510095506907e-05
2.280550048828125 2.059697218183665e-05
2.281550048828125 1.8377276525522272e-05
2.282550048828125 2.1133352032241725e-05
2.283550048828125 3.1434586271643636e-05
2.284550048828125 7.662766826494286e-06
2.285550048828125 2.0309676959489785e-05
2.286550048828125 7.297367167969545e-06
2.287550048828125 2.4638900455708305e-05
2.288550048828125 2.5394733529537917e-05
2.289550048828125 1.5378406969830395e-05
2.290550048828125 2.4577006697654725e-05
2.291550048828125 3.0380328440286302e-06
2.292550048828125 2.4731316758940615e-05
2.293550048828125 2.4378659824530282e-05
2.294550048828125 1.3378333145131666e-05
2.295550048828125 1.3941506816384691e-05
2.296550048828125 1.926399030101796e-05
2.297550048828125 2.0852579812829696e-05
2.298550048828125 1.574232669857641e-05
2.299550048828125 1.2111475613589089e-05
2.300550048828125 1.6228259773924947e-05
2.301550048828125 1.0869870505606133e-05
2.302550048828125 1.9581809756346047e-05
2.303550048828125 1.8371676560491323e-05
2.304550048828125 1.4280817898300786e-05
2.305550048828125 4.823928567473009e-07
2.306550048828125 2.2485710214823484e-05
2.307550048828125 1.3902636710554362e-05
2.308550048828125 1.6568016726523637e-05
2.309550048828125 1.2159080166990559e-05
2.310550048828125 1.952845021151006e-05
2.311550048828125 1.3621755254765351e-05
2.312550048828125 1.0151351406495479e-06
2.313550048828125 1.1408740732197959e-05
2.314550048828125 1.6648580009738606e-05
2.315550048828125 7.510512950830162e-06
2.316550048828125 7.971337230022377e-06
2.317550048828125 1.872043319356938e-05
2.318550048828125 9.753628595111272e-06
2.319550048828125 1.3088395159381132e-05
2.320550048828125 1.1417264953100432e-05
2.321550048828125 2.447617007419467e-05
2.322550048828125 2.629973770869043e-06
2.323550048828125 1.265341998077929e-05
2.324550048828125 1.284465581799547e-05
2.325550048828125 1.4224796323105694e-05
2.326550048828125 1.2200636556372046e-05
2.327550048828125 8.06384370662272e-06
2.328550048828125 1.1273753480054437e-05
2.329550048828125 1.5688810187081496e-05
2.330550048828125 1.822477323003113e-05
2.331550048828125 6.185002857819199e-06
2.332550048828125 1.8230516773959e-05
2.333550048828125 8.289709027546148e-06
2.334550048828125 1.312759006395936e-05
2.335550048828125 9.01709475632136e-06
2.336550048828125 1.7732113677387435e-05
2.337550048828125 1.7437373365586003e-05
2.338550048828125 1.827167618709306e-05
2.339550048828125 3.014552213160826e-06
2.340550048828125 1.0752981373419364e-05
2.341550048828125 1.7246923331792155e-05
2.342550048828125 1.3789280395333965e-05
2.343550048828125 6.483450609569749e-06
2.344550048828125 1.9498010321209828e-05
2.345550048828125 2.1091103941823043e-05
2.346550048828125 1.5132286741087834e-05
2.347550048828125 1.831450965255499e-05
2.348550048828125 2.529257986073693e-05
2.349550048828125 1.292239991016686e-05
2.350550048828125 2.6054349533903104e-06
2.351550048828125 2.61534129579862e-05
2.352550048828125 2.158119032780329e-05
2.353550048828125 2.5517236208543183e-05
2.354550048828125 8.155926576970765e-06
2.355550048828125 1.7396243832384545e-05
2.356550048828125 1.5035352553240956e-05
2.357550048828125 1.4113639093314608e-05
2.358550048828125 2.1609509518990912e-05
2.359550048828125 2.4180113493154445e-05
2.360550048828125 1.6786936903372407e-05
2.361550048828125 2.0681713164473572e-05
2.362550048828125 1.801801302159826e-05
2.363550048828125 2.3078100445369878e-05
2.364550048828125 2.6268376968801023e-05
2.365550048828125 1.7125110219543178e-05
2.366550048828125 2.0209929595390955e-05
2.367550048828125 2.7996869757771492e-05
2.368550048828125 2.9621326830238105e-05
2.369550048828125 2.9867013605932394e-05
2.370550048828125 2.767939974243442e-05
2.371550048828125 3.2292172933618226e-05
2.372550048828125 3.336073054621617e-05
2.373550048828125 3.1280170660465955e-05
2.374550048828125 1.4804902845450368e-05
2.375550048828125 5.082108235607545e-05
2.376550048828125 3.9809652759383124e-05
2.377550048828125 4.03038024281462e-05
2.378550048828125 3.8456883436689775e-05
2.379550048828125 3.5675286004940664e-05
2.380550048828125 4.9611829842130345e-05
2.381550048828125 3.9035462929556764e-05
2.382550048828125 4.265664766232173e-05
2.383550048828125 4.8830877058207986e-05
2.384550048828125 5.023922305554152e-05
2.385550048828125 5.704098691542943e-05
2.386550048828125 5.137543349216382e-05
2.387550048828125 6.823683623224496e-05
2.388550048828125 6.992486926416556e-05
2.389550048828125 6.181294408937295e-05
2.390550048828125 7.297546447565158e-05
2.391550048828125 7.562635311235984e-05
2.392550048828125 8.946132225294909e-05
2.393550048828125 8.809545387824378e-05
2.394550048828125 0.00010191690176725388
2.395550048828125 9.17357299476862e-05
2.396550048828125 9.945313135782877e-05
2.397550048828125 0.00012850486673414706
2.398550048828125 0.0001320653005192677
2.399550048828125 0.00012424266586701075
2.400550048828125 0.00015814342846473057
2.401550048828125 0.00014846886818607649
2.402550048828125 0.0001860736993451913
2.403550048828125 0.00018095077325900395
2.404550048828125 0.0001900980311135451
2.405550048828125 0.00021715357278784115
2.406550048828125 0.00024773786465326944
2.407550048828125 0.000226255568365256
2.408550048828125 0.00027248269567886987
2.409550048828125 0.00028991253425677616
2.410550048828125 0.00029606883103648824
2.411550048828125 0.0003339757025241852
2.412550048828125 0.0003517465045054754
2.413550048828125 0.0003472086414694786
2.414550048828125 0.0003766461337606112
2.415550048828125 0.0004037619257966677
2.416550048828125 0.00042851970841487253
2.417550048828125 0.0004446425040562948
2.418550048828125 0.0004970142741998036
2.419550048828125 0.0005030055964986483
2.420550048828125 0.0005254825328787168
2.421550048828125 0.0005491299306352933
2.422550048828125 0.0005764604359865189
2.423550048828125 0.0005929174025853475
2.424550048828125 0.0006047456959883371
2.425550048828125 0.00064032015701135
2.426550048828125 0.0006580687810977299
2.427550048828125 0.0006863841414451599
2.428550048828125 0.0007046046853065491
2.429550048828125 0.0006916515032450359
2.430550048828125 0.0007570225497086843
2.431550048828125 0.0007423606266578038
2.432550048828125 0.0007567599167426427
2.433550048828125 0.0007906745622555415
2.434550048828125 0.0007919176667928696
2.435550048828125 0.0008172545085350673
2.436550048828125 0.0008051940798759461
2.437550048828125 0.0008460891991853714
2.438550048828125 0.0008520694822072983
2.439550048828125 0.0008489138384660085
2.440550048828125 0.0008847206085920334
2.441550048828125 0.0008789834380149842
2.442550048828125 0.0009100579222043355
2.443550048828125 0.0008870589236418407
2.444550048828125 0.0009323144952456157
2.445550048828125 0.0009185658146937688
2.446550048828125 0.0009466784944136937
2.447550048828125 0.0009686198582251867
2.448550048828125 0.0009534162779649098
2.449550048828125 0.00096399520834287
2.450550048828125 0.0009943653146425883
2.451550048828125 0.0010339333365360897
2.452550048828125 0.0010445173581441244
2.453550048828125 0.001036018654704094
2.454550048828125 0.001041165664792061
2.455550048828125 0.001095856676499049
2.456550048828125 0.0010641643404960632
2.457550048828125 0.0011148120214541752
2.458550048828125 0.0011563726762930553
2.459550048828125 0.001142384335398674
2.460550048828125 0.0012006086856126785
2.461550048828125 0.0012069386492172878
2.462550048828125 0.0012368756781021754
2.463550048828125 0.00125763530532519
2.464550048828125 0.0012940330306688943
2.465550048828125 0.0013710743188858033
2.466550048828125 0.001383610318104426
2.467550048828125 0.0014337053398291268
2.468550048828125 0.0015223143001397452
2.469550048828125 0.0015363553166389465
2.470550048828125 0.0015901450316111246
2.471550048828125 0.0017220786710580192
2.472550048828125 0.0017518786092599234
2.473550048828125 0.0018201853334903718
2.474550048828125 0.0019286440312862396
2.475550048828125 0.0019903976221879323
2.476550048828125 0.002124195992946625
2.477550048828125 0.00218080997467041
2.478550048828125 0.002290926327308019
2.479550048828125 0.0024984966218471526
2.480550048828125 0.002585851351420085
2.481550048828125 0.0028048356374104815
2.482550048828125 0.0030090593298276263
2.483550048828125 0.003135056296984355
2.484550048828125 0.0033099523186683657
2.485550048828125 0.00361211101214091
2.486550048828125 0.0038323100407918293
2.487550048828125 0.004190310041109721
2.488550048828125 0.004478453695774078
2.489550048828125 0.004794561366240183
2.490550048828125 0.005181100169817606
2.491550048828125 0.005587527553240458
2.492550048828125 0.0061148401101430265
2.493550048828125 0.006592300534248352
2.494550048828125 0.006988800168037415
2.495550048828125 0.007711113691329956
2.496550048828125 0.008313201665878296
2.497550048828125 0.008982633153597513
2.498550048828125 0.009803052147229513
2.499550048828125 0.010601969957351685
2.500550048828125 0.011581643025080364
2.501550048828125 0.012276930014292399
2.502550048828125 0.013416966597239177
2.503550048828125 0.014473576545715332
2.504550048828125 0.015652883450190228
2.505550048828125 0.016892023483912152
2.506550048828125 0.018039426803588866
2.507550048828125 0.019551213582356772
2.508550048828125 0.020876019795735678
2.509550048828125 0.02233187675476074
2.510550048828125 0.023802799383799235
2.511550048828125 0.025375656286875405
2.512550048828125 0.027149862448374428
2.513550048828125 0.028510306676228843
2.514550048828125 0.03011406739552816
2.515550048828125 0.03175103267033895
2.516550048828125 0.03342988332112631
2.517550048828125 0.03513061682383219
2.518550048828125 0.03682430028915405
2.519550048828125 0.03844862699508667
2.520550048828125 0.03988341013590495
2.521550048828125 0.04178208669026692
2.522550048828125 0.0434992774327596
2.523550048828125 0.04494290351867676
2.524550048828125 0.04659968217213948
2.525550048828125 0.04823208014170329
2.526550048828125 0.049909202257792155
2.527550048828125 0.05143956979115804
2.528550048828125 0.05288042227427165
2.529550048828125 0.05448305447896321
2.530550048828125 0.055927573839823407
2.531550048828125 0.05795594374338786
2.532550048828125 0.05961996714274089
2.533550048828125 0.0613902997970581
2.534550048828125 0.06342836221059163
2.535550048828125 0.06564000288645427
2.536550048828125 0.06808112621307373
2.537550048828125 0.07067371368408203
2.538550048828125 0.07372800985972087
2.539550048828125 0.07740728378295898
2.540550048828125 0.08037912050882974
2.541550048828125 0.08428672154744467
2.542550048828125 0.08683238029479981
2.543550048828125 0.09095615069071451
2.544550048828125 0.0951493231455485
2.545550048828125 0.0999700133005778
2.546550048828125 0.10490353584289551
2.547550048828125 0.11139696756998697
2.548550048828125 0.11853470166524252
2.549550048828125 0.12380979855855306
2.550550048828125 0.13185193379720053
2.551550048828125 0.14119906743367514
2.552550048828125 0.15050783475240073
2.553550048828125 0.1608651351928711
2.554550048828125 0.17285043080647786
2.555550048828125 0.18334430694580078
2.556550048828125 0.19637060165405273
2.557550048828125 0.2096724319458008
2.558550048828125 0.22455856323242188
2.559550048828125 0.24049413681030274
2.560550048828125 0.2589937655131022
2.561550048828125 0.27126660029093425
2.562550048828125 0.2888906288146973
2.563550048828125 0.303129030863444
2.564550048828125 0.3223994700113932
2.565550048828125 0.33662776947021483
2.566550048828125 0.35470339457194006
2.567550048828125 0.36985790252685546
2.568550048828125 0.38074721018473306
2.569550048828125 0.39585166931152344
2.570550048828125 0.4024477005004883
2.571550048828125 0.41506834665934245
2.572550048828125 0.4235262552897135
2.573550048828125 0.4279115422566732
2.574550048828125 0.43270163218180335
2.575550048828125 0.4340952428181966
2.576550048828125 0.4354153315226237
2.577550048828125 0.43192629496256507
2.578550048828125 0.4274182001749674
2.579550048828125 0.42040124257405603
2.580550048828125 0.4185484313964844
2.581550048828125 0.4073249308268229
2.582550048828125 0.3988877614339193
2.583550048828125 0.3884872690836588
2.584550048828125 0.3798903147379557
2.585550048828125 0.3675109990437826
2.586550048828125 0.354044075012207
2.587550048828125 0.346080067952474
2.588550048828125 0.33296173095703124
2.589550048828125 0.3245708465576172
2.590550048828125 0.31275490442911785
2.591550048828125 0.3001256688435872
2.592550048828125 0.2919792048136393
2.593550048828125 0.2821793301900228
2.594550048828125 0.27109126408894857
2.595550048828125 0.2649755032857259
2.596550048828125 0.2560252316792806
2.597550048828125 0.25014389673868814
2.598550048828125 0.24679373423258466
