microns transmission
0.3982000122070313 1.3462486771587124e-07
0.3992000122070313 8.409423541127442e-08
0.4002000122070313 2.3299019576859967e-07
0.4012000122070313 1.9383758292887717e-07
0.4022000122070313 2.0758598271343307e-07
0.4032000122070313 9.197180872987252e-08
0.4042000122070312 1.2309880328409407e-07
0.4052000122070312 1.1644387240019842e-07
0.4062000122070312 7.248451717265267e-08
0.4072000122070312 4.776999169761906e-08
0.4082000122070312 1.4183014534769394e-07
0.4092000122070312 2.1297055098617393e-07
0.41020001220703123 2.1664846003016043e-07
0.41120001220703123 1.5437990438016414e-07
0.41220001220703123 1.4333306540178134e-07
0.41320001220703123 1.54564939191341e-07
0.41420001220703123 1.2084831329516197e-07
0.41520001220703123 6.035827162027059e-08
0.41620001220703123 4.227881865443489e-08
0.41720001220703123 1.7322486626941072e-07
0.41820001220703124 1.394572875658263e-07
0.41920001220703124 1.3621448861892796e-07
0.42020001220703124 7.349545620094489e-08
0.42120001220703124 1.0258107923198801e-07
0.42220001220703124 1.4553409046374418e-07
0.42320001220703124 7.704480427960115e-08
0.42420001220703124 4.795918124855803e-08
0.42520001220703124 8.23447894463906e-09
0.42620001220703124 3.3283089272294496e-09
0.42720001220703124 7.0388001136320905e-09
0.42820001220703124 3.1602244939440045e-08
0.42920001220703125 4.035647390290522e-08
0.43020001220703125 5.144964800665421e-08
0.43120001220703125 1.3270533952614016e-07
0.43220001220703125 1.5812565973247516e-07
0.43320001220703125 1.5342276568100192e-07
0.43420001220703125 4.4375320407870804e-08
0.43520001220703125 3.778131202657341e-08
0.43620001220703125 4.984663628526675e-08
0.43720001220703125 1.1165605969192744e-07
0.43820001220703125 8.407551890342468e-08
0.43920001220703125 1.0375813425531376e-07
0.44020001220703125 1.2417271082575274e-07
0.44120001220703126 1.638524155181089e-07
0.44220001220703126 1.4104650289503692e-07
0.44320001220703126 9.571689334957827e-08
0.44420001220703126 7.21933220611722e-08
0.44520001220703126 5.315052383498336e-08
0.44620001220703126 2.6582389987971227e-08
0.44720001220703126 1.6636821132583653e-08
0.44820001220703126 6.164568753636642e-08
0.44920001220703126 1.2233230751353592e-07
0.45020001220703126 2.2333105296053664e-07
0.45120001220703126 2.1178747298714978e-07
0.45220001220703127 1.5245308530253964e-07
0.45320001220703127 4.8494597512968896e-08
0.45420001220703127 6.217798710375335e-08
0.45520001220703127 1.045632746807554e-07
0.45620001220703127 1.2068495325855288e-07
0.45720001220703127 8.596082158677613e-08
0.45820001220703127 4.361765511835043e-08
0.45920001220703127 5.685714411088031e-08
0.4602000122070313 8.299878078451192e-08
0.4612000122070313 1.05770539860433e-07
0.4622000122070313 1.4974822937317988e-07
0.4632000122070313 1.495208443201711e-07
0.4642000122070313 1.1933099646298396e-07
0.4652000122070313 5.640653893992623e-08
0.4662000122070312 6.25978089195832e-08
0.4672000122070312 1.3518565403695485e-07
0.4682000122070312 1.5647035396939817e-07
0.4692000122070312 1.282728911948065e-07
0.4702000122070312 8.2108223025617e-08
0.4712000122070312 1.0957962759899292e-07
0.47220001220703123 1.3611992534122582e-07
0.47320001220703123 1.6353276165917106e-07
0.47420001220703123 1.1947309717837604e-07
0.47520001220703123 1.113712526892543e-07
0.47620001220703123 1.1318751355441728e-07
0.47720001220703123 1.2182041825268027e-07
0.47820001220703123 1.1746896510523974e-07
0.47920001220703123 6.116280091580013e-08
0.48020001220703123 8.93107442391362e-08
0.48120001220703124 7.775227570228081e-08
0.48220001220703124 9.777518154625081e-08
0.48320001220703124 6.268262682536848e-08
0.48420001220703124 8.672562704524645e-08
0.48520001220703124 1.0825126671400021e-07
0.48620001220703124 8.820131162225031e-08
0.48720001220703124 1.376602326658766e-07
0.48820001220703124 1.6104592138176265e-07
0.48920001220703124 1.7198785977316313e-07
0.49020001220703124 1.0159112470968049e-07
0.49120001220703124 8.906818655852868e-08
0.49220001220703125 1.326204926410668e-07
0.49320001220703125 1.7377406316477895e-07
0.49420001220703125 1.5192106312215495e-07
0.49520001220703125 1.5045640754903408e-07
0.49620001220703125 8.733651608139325e-08
0.49720001220703125 7.442926577382202e-08
0.49820001220703125 8.436653221465128e-08
0.49920001220703125 1.2327033245027348e-07
0.5002000122070313 1.0766756151821729e-07
0.5012000122070313 1.5375279593597843e-07
0.5022000122070313 1.3361475375598768e-07
0.5032000122070313 1.479623751264746e-07
0.5042000122070313 3.891028536706642e-08
0.5052000122070313 9.769936338857278e-08
0.5062000122070313 1.0667679358533632e-07
0.5072000122070313 1.715566800826925e-07
0.5082000122070313 9.400184400555467e-08
0.5092000122070313 8.744393650061965e-08
0.5102000122070313 1.4150563752066443e-07
0.5112000122070313 1.9490195893842906e-07
0.5122000122070313 2.4150924319757097e-07
0.5132000122070313 1.2804761680998115e-07
0.5142000122070313 1.1618729456072983e-07
0.5152000122070313 4.71159602977167e-08
0.5162000122070313 6.876188924821571e-08
0.5172000122070313 4.4463235215156756e-08
0.5182000122070313 5.4841769555243515e-08
0.5192000122070313 3.931323048433911e-08
0.5202000122070313 8.529703945134612e-08
0.5212000122070313 1.0417511540220895e-07
0.5222000122070313 1.396745769838898e-07
0.5232000122070313 1.0279596768371213e-07
0.5242000122070313 9.217654750888946e-08
0.5252000122070313 5.758907108817842e-08
0.5262000122070313 5.4536060965936096e-08
0.5272000122070313 1.12605053378524e-07
0.5282000122070313 1.564796388997536e-07
0.5292000122070313 1.5462045993588606e-07
0.5302000122070313 1.0442639940026291e-07
0.5312000122070313 6.086007371841617e-08
0.5322000122070313 8.48220283828422e-08
0.5332000122070313 1.0610850732481777e-07
0.5342000122070313 1.0029892602878317e-07
0.5352000122070313 1.1782924844321803e-07
0.5362000122070313 8.247864760847613e-08
0.5372000122070313 9.620907131610877e-08
0.5382000122070313 7.9022699974729e-08
0.5392000122070313 1.4423559819201315e-07
0.5402000122070313 1.4023514847336412e-07
0.5412000122070313 9.834655476560605e-08
0.5422000122070313 2.5686450799453393e-08
0.5432000122070313 6.797889400821254e-08
0.5442000122070313 8.613048113738209e-08
0.5452000122070313 9.014084497099222e-08
0.5462000122070313 6.149898988480925e-08
0.5472000122070313 8.280457808614492e-08
0.5482000122070313 1.298753427489727e-07
0.5492000122070313 1.317484162023498e-07
0.5502000122070313 1.0099701296814899e-07
0.5512000122070313 6.551519540802057e-08
0.5522000122070313 7.230882725670381e-08
0.5532000122070313 9.710390938444391e-08
0.5542000122070313 9.753824236883682e-08
0.5552000122070313 9.812320371831934e-08
0.5562000122070313 8.891532272237156e-08
0.5572000122070313 1.0349532782980318e-07
0.5582000122070313 6.385508435297679e-08
0.5592000122070313 3.644679125910007e-08
0.5602000122070312 1.190865627245488e-08
0.5612000122070312 1.190865627245488e-08
0.5622000122070312 2.6016341319292897e-08
0.5632000122070312 1.6703213975412092e-08
0.5642000122070312 1.6703213975412092e-08
0.5652000122070312 1.8736234649689247e-08
0.5662000122070312 4.514695619424932e-08
0.5672000122070312 1.0508188462882767e-07
0.5682000122070312 1.3134181396405134e-07
0.5692000122070312 1.6911130539180402e-07
0.5702000122070312 1.1611027147553603e-07
0.5712000122070312 7.350302145504708e-08
0.5722000122070312 2.5531138798168877e-08
0.5732000122070312 8.269172753255165e-08
0.5742000122070312 1.2078303218328775e-07
0.5752000122070312 1.1304426479144226e-07
0.5762000122070312 1.8000311202075954e-07
0.5772000122070312 1.4594531872802462e-07
0.5782000122070312 1.8107789828963267e-07
0.5792000122070312 7.940045354636204e-08
0.5802000122070312 1.6309426478579148e-07
0.5812000122070312 1.3665024299472053e-07
0.5822000122070312 1.6947323628200033e-07
0.5832000122070312 1.0353813345946131e-07
0.5842000122070312 1.1027325853341097e-07
0.5852000122070312 1.4541067279950763e-07
0.5862000122070312 1.902076064652647e-07
0.5872000122070312 2.130303300873493e-07
0.5882000122070312 1.348180867517041e-07
0.5892000122070312 1.1834934423779783e-07
0.5902000122070312 1.5420021465434926e-07
0.5912000122070312 1.8098667674672066e-07
0.5922000122070312 2.062719017380409e-07
0.5932000122070312 1.8306385855895412e-07
0.5942000122070312 2.4093680015842737e-07
0.5952000122070312 2.3209951355814458e-07
0.5962000122070312 2.1649706941258747e-07
0.5972000122070312 1.84373904508206e-07
0.5982000122070312 2.3772605559438082e-07
0.5992000122070312 2.785464999356514e-07
0.6002000122070312 2.8844430036972177e-07
0.6012000122070312 3.5505870376558354e-07
0.6022000122070312 5.473339458856368e-07
0.6032000122070312 7.955104188618458e-07
0.6042000122070312 9.80894668221784e-07
0.6052000122070312 1.1409901263606219e-06
0.6062000122070312 1.278323785906347e-06
0.6072000122070312 1.464738678704533e-06
0.6082000122070312 1.520176334047897e-06
0.6092000122070312 1.554234218524976e-06
0.6102000122070312 1.4926713386860987e-06
0.6112000122070312 1.6463623453293824e-06
0.6122000122070312 2.0056840084079244e-06
0.6132000122070312 2.6211974262777304e-06
0.6142000122070312 3.3372493150333564e-06
0.6152000122070312 3.919182636309415e-06
0.6162000122070312 4.2278551134384335e-06
0.6172000122070312 4.198114652859254e-06
0.6182000122070312 4.266011787371503e-06
0.6192000122070312 4.870277156846391e-06
0.6202000122070312 6.4821742772538635e-06
0.6212000122070312 8.897499388290777e-06
0.6222000122070312 1.1626895737006432e-05
0.6232000122070313 1.365322451521125e-05
0.6242000122070313 1.4422096622486908e-05
0.6252000122070313 1.3466429793172414e-05
0.6262000122070313 1.1283656996157434e-05
0.6272000122070313 8.493177140028113e-06
0.6282000122070313 6.0226252147307005e-06
0.6292000122070313 4.286997912762065e-06
0.6302000122070313 3.3011313320861926e-06
0.6312000122070313 2.7858087883537843e-06
0.6322000122070313 2.475889891179072e-06
0.6332000122070313 2.2704056593486004e-06
0.6342000122070313 2.153808875138768e-06
0.6352000122070313 2.0615470970773863e-06
0.6362000122070313 1.9881326685814805e-06
0.6372000122070313 1.8516553326561631e-06
0.6382000122070313 1.6379770871329433e-06
0.6392000122070313 1.335852591890014e-06
0.6402000122070313 1.0595669704748113e-06
0.6412000122070313 8.0106449887454e-07
0.6422000122070313 5.970344662071309e-07
0.6432000122070313 4.448470847112024e-07
0.6442000122070313 3.4436484193693203e-07
0.6452000122070313 2.523390687731503e-07
0.6462000122070313 2.2662430257132842e-07
0.6472000122070313 2.1507803428318557e-07
0.6482000122070313 2.3970063112857237e-07
0.6492000122070313 2.1578862761847024e-07
0.6502000122070313 2.2608415640156134e-07
0.6512000122070313 3.0428510241462295e-07
0.6522000122070313 2.814753152720802e-07
0.6532000122070313 2.657700338026814e-07
0.6542000122070313 2.286228343134016e-07
0.6552000122070313 2.4824500060521217e-07
0.6562000122070313 3.0805980018280526e-07
0.6572000122070313 3.0973078043968393e-07
0.6582000122070313 2.9727372456890404e-07
0.6592000122070313 2.5633979246819647e-07
0.6602000122070313 2.3656400342630944e-07
0.6612000122070313 2.573171964955397e-07
0.6622000122070313 3.1989333921147695e-07
0.6632000122070313 3.433914919999855e-07
0.6642000122070313 3.8008887713658625e-07
0.6652000122070313 3.779688227546608e-07
0.6662000122070313 3.639315674528218e-07
0.6672000122070313 3.5225485714305035e-07
0.6682000122070313 3.5970981139893996e-07
0.6692000122070313 3.836316107442962e-07
0.6702000122070313 3.519668057884297e-07
0.6712000122070313 3.339848646848824e-07
0.6722000122070313 3.5001626707121934e-07
0.6732000122070313 3.556202869327131e-07
0.6742000122070313 3.729472139942421e-07
0.6752000122070313 4.013460021370621e-07
0.6762000122070313 4.832738320854129e-07
0.6772000122070313 4.904244795195861e-07
0.6782000122070313 4.432751787438368e-07
0.6792000122070313 4.559815008380813e-07
0.6802000122070313 4.974987779051945e-07
0.6812000122070313 5.245082077938909e-07
0.6822000122070313 5.429314902964204e-07
0.6832000122070313 4.477383658417643e-07
0.6842000122070313 4.0389483350130227e-07
0.6852000122070312 3.251192803569817e-07
0.6862000122070312 2.9124231534499105e-07
0.6872000122070312 2.747248287151807e-07
0.6882000122070312 3.423511692643741e-07
0.6892000122070312 4.3717109494739104e-07
0.6902000122070312 5.001712169258907e-07
0.6912000122070312 4.622459689724363e-07
0.6922000122070312 4.410957020202962e-07
0.6932000122070312 4.793861787927907e-07
0.6942000122070312 5.653001951739295e-07
0.6952000122070312 5.770271390146162e-07
0.6962000122070312 5.684243498965063e-07
0.6972000122070312 4.5273206423088496e-07
0.6982000122070312 4.1789287428804937e-07
0.6992000122070312 3.8406155504667876e-07
0.7002000122070312 4.092531192630607e-07
0.7012000122070312 4.956632821833611e-07
0.7022000122070312 4.6862795999105495e-07
0.7032000122070312 4.5736055350668416e-07
0.7042000122070312 4.158637582602549e-07
0.7052000122070312 4.837833572916376e-07
0.7062000122070312 4.969864231598977e-07
0.7072000122070312 4.2953475612092814e-07
0.7082000122070312 4.023107541999908e-07
0.7092000122070312 4.6691693872465597e-07
0.7102000122070312 5.733968707014961e-07
0.7112000122070312 5.516536091616014e-07
0.7122000122070312 5.506481708531889e-07
0.7132000122070312 4.874848067023171e-07
0.7142000122070312 4.2033985777401026e-07
0.7152000122070312 2.4474802468649807e-07
0.7162000122070312 2.019149868045152e-07
0.7172000122070312 2.7550529630006157e-07
0.7182000122070312 3.1501758421271914e-07
0.7192000122070312 3.2135369829748106e-07
0.7202000122070312 2.9696366569847357e-07
0.7212000122070312 4.2213598450185287e-07
0.7222000122070312 4.374675307151755e-07
0.7232000122070312 4.434576740259327e-07
0.7242000122070312 2.855780998009846e-07
0.7252000122070312 2.0937872981087304e-07
0.7262000122070312 1.8504111139152867e-07
0.7272000122070312 2.776362060065275e-07
0.7282000122070312 3.619535851208234e-07
0.7292000122070312 3.882148707311393e-07
0.7302000122070312 3.8373256150710707e-07
0.7312000122070312 3.575630540176968e-07
0.7322000122070312 4.5602369330784616e-07
0.7332000122070312 4.5078738468065335e-07
0.7342000122070312 4.940601259780427e-07
0.7352000122070312 4.2733380218528e-07
0.7362000122070312 4.5717710034093916e-07
0.7372000122070312 4.607252776622772e-07
0.7382000122070312 4.974486081563454e-07
0.7392000122070312 4.316527439287812e-07
0.7402000122070312 3.79110323491558e-07
0.7412000122070312 3.4544692033221396e-07
0.7422000122070312 3.6183561985067864e-07
0.7432000122070312 3.5929746064885153e-07
0.7442000122070312 3.067580889225418e-07
0.7452000122070312 2.8934333689297395e-07
0.7462000122070312 2.6875781663370113e-07
0.7472000122070312 2.6192648268382374e-07
0.7482000122070313 2.9942339198088224e-07
0.7492000122070313 2.929786412803676e-07
0.7502000122070313 3.1936836169026914e-07
0.7512000122070313 3.379959308505123e-07
0.7522000122070313 4.0436543713440187e-07
0.7532000122070313 3.8341732660127387e-07
0.7542000122070313 3.709535296062919e-07
0.7552000122070313 2.924087739971289e-07
0.7562000122070313 3.2028091620123835e-07
0.7572000122070313 3.741773769395786e-07
0.7582000122070313 4.7545616527915835e-07
0.7592000122070313 4.142627910229556e-07
0.7602000122070313 3.4721160380711704e-07
0.7612000122070313 2.52031781840461e-07
0.7622000122070313 2.9162074812343835e-07
0.7632000122070313 2.9994120987512455e-07
0.7642000122070313 2.9679275232612984e-07
0.7652000122070313 3.0279131565416315e-07
0.7662000122070313 3.7259488041168564e-07
0.7672000122070313 3.46021356292741e-07
0.7682000122070313 2.478477809327491e-07
0.7692000122070313 1.151650298246586e-07
0.7702000122070313 1.9755582137687753e-07
0.7712000122070313 3.544614832939885e-07
0.7722000122070313 3.683268018889802e-07
0.7732000122070313 3.015420794414168e-07
0.7742000122070313 2.0259939482218198e-07
0.7752000122070313 3.8769944706393586e-07
0.7762000122070313 4.062482722903363e-07
0.7772000122070313 4.078580830826597e-07
0.7782000122070313 1.4440402254499593e-07
0.7792000122070313 1.8966461181848771e-07
0.7802000122070313 4.0145694113727065e-07
0.7812000122070313 4.80767541577936e-07
0.7822000122070313 5.49689454298156e-07
0.7832000122070313 4.4287934643863185e-07
0.7842000122070313 3.98520612111418e-07
0.7852000122070313 2.2150271569327311e-07
0.7862000122070313 3.550412165548917e-08
0.7872000122070313 1.212553899056069e-07
0.7882000122070313 1.7000560626318554e-07
0.7892000122070313 2.0061853078148471e-07
0.7902000122070313 7.991539641791531e-08
0.7912000122070313 8.007582950596435e-08
0.7922000122070313 5.913225595301065e-08
0.7932000122070313 1.3418894464933828e-07
0.7942000122070313 1.0489907716879385e-07
0.7952000122070313 2.8756059827945217e-07
0.7962000122070313 5.057878885988348e-07
0.7972000122070313 4.962210449831659e-07
0.7982000122070313 3.0733284601462025e-07
0.7992000122070313 3.7658717676751815e-08
0.8002000122070313 3.2174048621649355e-08
0.8012000122070313 2.8540871292613357e-08
0.8022000122070313 7.861543758079484e-09
0.8032000122070313 3.0305231431052967e-09
0.8042000122070313 5.409954965319132e-09
0.8052000122070313 2.4794318222138354e-09
0.8062000122070313 2.4794318222138354e-09
0.8072000122070313 3.6788296992744366e-08
0.8082000122070313 3.6788296992744366e-08
0.8092000122070313 3.6788296992744366e-08
0.8102000122070312 3.221097004352876e-08
0.8112000122070312 6.241545043320648e-08
0.8122000122070312 1.484753561251088e-07
0.8132000122070312 1.3408144980881186e-07
0.8142000122070312 1.0387696941913417e-07
0.8152000122070312 1.781706372723183e-08
0.8162000122070312 5.447882301329003e-08
0.8172000122070312 6.363022564894334e-08
0.8182000122070312 7.164902768150038e-08
0.8192000122070312 1.727020466821036e-08
0.8202000122070312 8.118802032557058e-09
0.8212000122070312 2.707804751280342e-08
0.8222000122070312 2.707804751280342e-08
0.8232000122070312 7.215831207371698e-08
0.8242000122070312 7.270111510633765e-08
0.8252000122070312 1.1606365274801423e-07
0.8262000122070312 1.4283091366341687e-07
0.8272000122070312 1.1874111534899021e-07
0.8282000122070312 1.0325684017415198e-07
0.8292000122070312 4.823497063569542e-08
0.8302000122070312 1.0844223681245902e-07
0.8312000122070312 1.1807238876357832e-07
0.8322000122070312 1.1129306685529142e-07
0.8332000122070312 1.5057727384000127e-07
0.8342000122070312 1.4328765234766328e-07
0.8352000122070312 1.3492593012913315e-07
0.8362000122070312 6.611245380966402e-08
0.8372000122070312 7.038025094587834e-08
0.8382000122070312 7.232882853659909e-08
0.8392000122070312 1.0114803835398069e-07
0.8402000122070312 9.808032724592672e-08
0.8412000122070312 1.5705930456951228e-07
0.8422000122070312 9.413104567912894e-08
0.8432000122070312 7.287148197962619e-08
0.8442000122070312 1.0259315254277238e-08
0.8452000122070312 1.0259315254277238e-08
0.8462000122070312 4.572677497017127e-08
0.8472000122070312 8.760732912724006e-08
0.8482000122070312 8.760732912724009e-08
0.8492000122070312 1.2461605389146556e-07
0.8502000122070312 8.273549973439677e-08
0.8512000122070312 1.1421725738576415e-07
0.8522000122070312 9.883865331769503e-08
0.8532000122070312 9.883865331769505e-08
0.8542000122070312 6.735689566632767e-08
0.8552000122070312 1.0000000000000002e-10
0.8562000122070312 5.711623823297732e-08
0.8572000122070312 5.711623823297733e-08
0.8582000122070312 5.711623823297733e-08
0.8592000122070312 8.150442829492924e-08
0.8602000122070312 8.150442829492924e-08
0.8612000122070312 1.3738282136134986e-07
0.8622000122070312 8.535066616455827e-08
0.8632000122070312 9.556193939424418e-08
0.8642000122070312 3.968354632782354e-08
0.8652000122070312 1.0311273229685912e-08
0.8662000122070312 5.931844129601844e-08
0.8672000122070312 7.202965387779447e-08
0.8682000122070312 7.202965387779447e-08
0.8692000122070312 7.08849415180109e-08
0.8702000122070312 1.207955946878671e-07
0.8712000122070312 3.1765560592770515e-07
0.8722000122070312 3.542749464218922e-07
0.8732000122070313 2.916530806702599e-07
0.8742000122070313 9.479306943042189e-08
0.8752000122070313 1.4720074166572796e-07
0.8762000122070313 1.4720074166572796e-07
0.8772000122070313 2.3189211721911374e-07
0.8782000122070313 8.479137555338575e-08
0.8792000122070313 2.533370142640204e-07
0.8802000122070313 1.6864563871063465e-07
0.8812000122070313 4.4221780788786844e-07
0.8822000122070313 2.7367216917723383e-07
0.8832000122070313 2.7367216917723383e-07
0.8842000122070313 1.0000000000000002e-10
0.8852000122070313 7.886203432562836e-08
0.8862000122070313 3.018534232932449e-07
0.8872000122070313 4.327688201055278e-07
0.8882000122070313 3.540067857798994e-07
0.8892000122070313 1.3101539681228286e-07
0.8902000122070313 2.3976156868288447e-07
0.8912000122070313 2.3976156868288447e-07
0.8922000122070313 2.3976156868288447e-07
0.8932000122070313 1.0000000000000002e-10
0.8942000122070313 1.0000000000000002e-10
0.8952000122070313 5.563048708775595e-07
0.8962000122070313 1.718316248349939e-06
0.8972000122070313 1.718316248349939e-06
0.8982000122070313 1.2373576976119002e-06
0.8992000122070313 1.300028143986335e-07
0.9002000122070313 2.498016238594911e-07
0.9012000122070313 2.0725391678301824e-07
0.9022000122070313 2.268303457018233e-07
0.9032000122070313 1.2606542232541437e-07
0.9042000122070313 2.040874466243757e-07
0.9052000122070313 1.8122725608955398e-07
0.9062000122070313 1.6219337000510527e-07
0.9072000122070313 2.0667046009322975e-07
0.9082000122070313 2.6580127289579475e-07
0.9092000122070313 2.9718001539930665e-07
0.9102000122070313 2.0415661161189246e-07
0.9112000122070313 9.72114864126708e-08
0.9122000122070313 8.002703974920705e-08
0.9132000122070313 8.914465684868072e-08
0.9142000122070313 1.538748159967295e-07
0.9152000122070313 1.9407691021678412e-07
0.9162000122070313 1.472116355907155e-07
0.9172000122070313 1.4526864045094482e-07
0.9182000122070313 9.087225039084205e-08
0.9192000122070313 2.1438633629436039e-07
0.9202000122070313 1.48040752039643e-07
0.9212000122070313 2.8925193096728816e-07
0.9222000122070313 2.181641695705106e-07
0.9232000122070313 2.181641695705106e-07
0.9242000122070313 1.2974354905925216e-07
0.9252000122070313 1.1597157034603497e-07
0.9262000122070313 1.620445888744056e-07
0.9272000122070313 1.3568186154089458e-07
0.9282000122070313 1.6190901658479986e-07
0.9292000122070313 1.1583599805642919e-07
0.9302000122070313 1.9218542383771225e-07
0.9312000122070313 1.4944726698200475e-07
0.9322000122070313 2.736110582680796e-07
0.9332000122070313 2.629296155202161e-07
0.9342000122070313 2.7272105395159957e-07
0.9352000122070312 1.720354010674891e-07
0.9362000122070312 8.56664602687637e-08
0.9372000122070312 1.318916753051918e-07
0.9382000122070312 1.1340283338408824e-07
0.9392000122070312 1.7928246756671483e-07
0.9402000122070312 1.2563359488337673e-07
0.9412000122070312 2.6443304603442223e-07
0.9422000122070312 2.286053259606832e-07
0.9432000122070312 2.0836293149710388e-07
0.9442000122070312 2.113734651595184e-07
0.9452000122070312 3.344668963982366e-07
0.9462000122070312 4.351987072476816e-07
0.9472000122070312 5.168681713453162e-07
0.9482000122070312 4.769893736876884e-07
0.9492000122070312 6.049442870385545e-07
0.9502000122070312 5.989037032166036e-07
0.9512000122070312 7.390472804100333e-07
0.9522000122070312 8.035721715567166e-07
0.9532000122070312 7.5218540785089e-07
0.9542000122070312 7.76594350939464e-07
0.9552000122070312 7.987294009472454e-07
0.9562000122070312 1.0551862423503196e-06
0.9572000122070312 1.2860882906165633e-06
0.9582000122070312 1.656078980151775e-06
0.9592000122070312 2.1073274378048114e-06
0.9602000122070312 2.698271947327514e-06
0.9612000122070312 3.3946797369487426e-06
0.9622000122070312 4.186746880023651e-06
0.9632000122070312 5.020697540687079e-06
0.9642000122070312 5.821056741874398e-06
0.9652000122070312 6.690592688229675e-06
0.9662000122070312 7.684292769158376e-06
0.9672000122070312 9.074279189131635e-06
0.9682000122070312 1.0785469401484746e-05
0.9692000122070312 1.3017735060685804e-05
0.9702000122070312 1.55048596684229e-05
0.9712000122070312 1.8405929122877093e-05
0.9722000122070312 2.138405903625151e-05
0.9732000122070312 2.437430619367862e-05
0.9742000122070312 2.713187395213845e-05
0.9752000122070312 2.9839922707635287e-05
0.9762000122070312 3.2624353702747644e-05
0.9772000122070312 3.605167404815169e-05
0.9782000122070312 4.04491064771523e-05
0.9792000122070312 4.647337949683467e-05
0.9802000122070312 5.453428145888767e-05
0.9812000122070312 6.541755050705395e-05
0.9822000122070312 8.014830222839534e-05
0.9832000122070312 9.969915910644221e-05
0.9842000122070312 0.00012490427447603593
0.9852000122070312 0.00015701687344531933
0.9862000122070312 0.00019615940235619768
0.9872000122070312 0.00024294647072891975
0.9882000122070312 0.00029756929225378424
0.9892000122070312 0.00036004000140301204
0.9902000122070312 0.0004310277352822885
0.9912000122070312 0.0005100730563026696
0.9922000122070312 0.0005992508143365482
0.9932000122070312 0.0007010072775837634
0.9942000122070312 0.0008198196255733085
0.9952000122070312 0.0009610909650625955
0.9962000122070312 0.001136156410194526
0.9972000122070312 0.0013599789948807073
0.9982000122070313 0.04593894456954528
0.9992000122070313 0.09497456667181363
1.0002000122070311 0.1503153663211399
1.0012000122070313 0.16812822024027507
1.0022000122070311 0.19008907530042862
1.0032000122070313 0.2117995770772298
1.0042000122070311 0.238104190826416
1.0052000122070313 0.2672476789686415
1.0062000122070311 0.305910824669732
1.0072000122070313 0.3491045718722873
1.0082000122070311 0.39602042728000214
1.0092000122070313 0.44584626091851126
1.0102000122070312 0.4941650221082899
1.0112000122070313 0.5443016306559244
1.0122000122070312 0.590220455593533
1.0132000122070313 0.6369495222303603
1.0142000122070312 0.6769092814127604
1.0152000122070313 0.7102340020073785
1.0162000122070312 0.7314244672987197
1.0172000122070313 0.7454797871907551
1.0182000122070312 0.7507666439480251
1.0192000122070313 0.753132807413737
1.0202000122070312 0.7497059885660807
1.0212000122070313 0.7510448455810547
1.0222000122070312 0.7477322811550563
1.0232000122070313 0.7482303195529512
1.024199951171875 0.7455458916558159
1.025199951171875 0.7482647959391276
1.026199951171875 0.7495564609103732
1.027199951171875 0.7506210327148437
1.028199951171875 0.7537227800157337
1.029199951171875 0.7565331098768446
1.030199951171875 0.7607298109266494
1.031199951171875 0.7631113094753688
1.032199951171875 0.7690646786159938
1.033199951171875 0.7749935404459636
1.034199951171875 0.7856858740912542
1.035199951171875 0.7921654001871745
1.036199951171875 0.797379133436415
1.037199951171875 0.7972787306043837
1.038199951171875 0.8057386440700957
1.039199951171875 0.8084798855251737
1.040199951171875 0.8142928144666883
1.041199951171875 0.8132789781358507
1.042199951171875 0.81848388671875
1.043199951171875 0.8190662044949001
1.044199951171875 0.8201517740885417
1.045199951171875 0.820482694837782
1.046199951171875 0.8241805267333985
1.047199951171875 0.8277101559109157
1.048199951171875 0.8303792148166234
1.049199951171875 0.8333188035753039
1.050199951171875 0.8360350884331598
1.051199951171875 0.8403120422363282
1.052199951171875 0.8423948330349394
1.053199951171875 0.8437839253743489
1.054199951171875 0.8471478017171223
1.055199951171875 0.8463130527072481
1.056199951171875 0.8474514770507813
1.057199951171875 0.8466074117024739
1.058199951171875 0.8456561872694227
1.059199951171875 0.843871604071723
1.060199951171875 0.8396583811442058
1.061199951171875 0.8374124060736762
1.062199951171875 0.8318096499972875
1.063199951171875 0.8264056820339626
1.064199951171875 0.8236452568901911
1.065199951171875 0.8197165679931641
1.066199951171875 0.8150453525119359
1.067199951171875 0.8070367092556423
1.068199951171875 0.8026129150390625
1.069199951171875 0.794923324584961
1.070199951171875 0.7880174594455296
1.071199951171875 0.7840665351019964
1.072199951171875 0.7809486558702257
1.073199951171875 0.7773768785264756
1.074199951171875 0.7696561262342665
1.075199951171875 0.7643894788953993
1.076199951171875 0.7607850307888456
1.077199951171875 0.7573269314236113
1.078199951171875 0.7556926727294921
1.079199951171875 0.75325316535102
1.080199951171875 0.7526711527506511
1.081199951171875 0.7528956010606553
1.082199951171875 0.7530112118191188
1.083199951171875 0.7517395104302301
1.084199951171875 0.7529822964138456
1.085199951171875 0.7545417955186632
1.086199951171875 0.7585776011149089
1.087199951171875 0.7591964213053386
1.088199951171875 0.7618693203396266
1.089199951171875 0.7649729495578343
1.090199951171875 0.7689876725938585
1.091199951171875 0.7734053463406032
1.092199951171875 0.7777445899115668
1.093199951171875 0.7834052446153429
1.094199951171875 0.7882313368055556
1.095199951171875 0.7927265336778428
1.096199951171875 0.7950560845269098
1.097199951171875 0.8021074337429469
1.098199951171875 0.8087998623318141
1.099199951171875 0.8144934929741753
1.100199951171875 0.8142600928412542
1.101199951171875 0.8141779242621527
1.102199951171875 0.8164515686035156
1.103199951171875 0.819535378350152
1.104199951171875 0.8206344095865886
1.105199951171875 0.8228016238742406
1.106199951171875 0.8222971004909938
1.107199951171875 0.8228724755181206
1.108199951171875 0.8196339755588106
1.109199951171875 0.8173057301839193
1.110199951171875 0.8182830641004775
1.111199951171875 0.8179454973008897
1.112199951171875 0.8184344058566624
1.113199951171875 0.8163346438937719
1.114199951171875 0.816369866265191
1.115199951171875 0.8175014919704863
1.116199951171875 0.8153986104329427
1.117199951171875 0.8135628933376735
1.118199951171875 0.811633775499132
1.119199951171875 0.8127761925591364
1.120199951171875 0.8136018795437283
1.121199951171875 0.8116869269476997
1.122199951171875 0.8099999406602649
1.123199951171875 0.8078039296468098
1.124199951171875 0.8087283833821615
1.125199951171875 0.8084115261501736
1.126199951171875 0.809827609592014
1.127199951171875 0.8109803687201605
1.128199951171875 0.8125458865695527
1.129199951171875 0.8124057345920138
1.130199951171875 0.8126971689860026
1.131199951171875 0.8123002539740669
1.132199951171875 0.8155871327718098
1.133199951171875 0.8167014482286241
1.134199951171875 0.8184856584337024
1.135199951171875 0.8184946611192493
1.136199951171875 0.820938229031033
1.137199951171875 0.824093721177843
1.138199951171875 0.8250501675075956
1.139199951171875 0.8265078650580513
1.140199951171875 0.8266262393527561
1.141199951171875 0.8300326029459636
1.142199951171875 0.8339973195393879
1.143199951171875 0.8384616088867187
1.144199951171875 0.8451704406738281
1.145199951171875 0.8511246829562719
1.146199951171875 0.8545715925428603
1.147199951171875 0.8580788167317708
1.148199951171875 0.8614884016248914
1.149199951171875 0.8682508426242402
1.150199951171875 0.8733161078559027
1.151199951171875 0.8781874423556859
1.152199951171875 0.882858132256402
1.153199951171875 0.8860029008653431
1.154199951171875 0.8898083835177952
1.155199951171875 0.8933120049370661
1.156199951171875 0.8976147715250652
1.157199951171875 0.9012279171413844
1.158199951171875 0.9035340287950304
1.159199951171875 0.9066158464219835
1.160199951171875 0.9080412801106771
1.161199951171875 0.9123896789550782
1.162199951171875 0.9142499372694227
1.163199951171875 0.9177337731255426
1.164199951171875 0.9194223700629341
1.165199951171875 0.9204052056206597
1.166199951171875 0.9225345611572265
1.167199951171875 0.925001220703125
1.168199951171875 0.9271422492133246
1.169199951171875 0.9268859269883898
1.170199951171875 0.9260407341851128
1.171199951171875 0.926852035522461
1.172199951171875 0.9283093685574003
1.173199951171875 0.9294143337673613
1.174199951171875 0.9298719278971355
1.175199951171875 0.9305379740397136
1.176199951171875 0.9287952677408855
1.177199951171875 0.9297420416937935
1.178199951171875 0.9285388776991103
1.179199951171875 0.9261741129557293
1.180199951171875 0.9243902079264323
1.181199951171875 0.9255414242214626
1.182199951171875 0.9275349256727431
1.183199951171875 0.9268842061360677
1.184199951171875 0.9244940778944227
1.185199951171875 0.9243921915690104
1.186199951171875 0.9234757995605469
1.187199951171875 0.9230492231580947
1.188199951171875 0.9223668501112197
1.189199951171875 0.9219833034939238
1.190199951171875 0.922658971150716
1.191199951171875 0.9229917738172744
1.192199951171875 0.9216024271647136
1.193199951171875 0.9205171966552734
1.194199951171875 0.918392562866211
1.195199951171875 0.9167984432644313
1.196199951171875 0.9139278157552083
1.197199951171875 0.9127351209852429
1.198199951171875 0.9114418368869356
1.199199951171875 0.9089407518174913
1.200199951171875 0.9066907246907552
1.201199951171875 0.9064989640977649
1.202199951171875 0.9052619849310982
1.203199951171875 0.903764639960395
1.204199951171875 0.9035533311631946
1.205199951171875 0.9038106791178386
1.206199951171875 0.9009824795193141
1.207199951171875 0.8988619401719835
1.208199951171875 0.8974743737114801
1.209199951171875 0.9008079783121745
1.210199951171875 0.8989309183756511
1.211199951171875 0.8986016591389974
1.212199951171875 0.8966111077202692
1.213199951171875 0.8997050391303167
1.214199951171875 0.8996198103162976
1.215199951171875 0.9008731757269964
1.216199951171875 0.8976878102620443
1.217199951171875 0.9004600524902344
1.218199951171875 0.9020870123969184
1.219199951171875 0.9050336541069878
1.220199951171875 0.9060121409098307
1.221199951171875 0.9064501698811849
1.222199951171875 0.909985851711697
1.223199951171875 0.9119935607910157
1.224199951171875 0.9159618208143446
1.225199951171875 0.917326414320204
1.226199951171875 0.9197644890679254
1.227199951171875 0.9229929945203993
1.228199951171875 0.9253009965684679
1.229199951171875 0.9270865631103515
1.230199951171875 0.9321329159206813
1.231199951171875 0.9362676408555772
1.232199951171875 0.9423617384168835
1.233199951171875 0.9439450666639538
1.234199951171875 0.9480101606580945
1.235199951171875 0.9517202928331163
1.236199951171875 0.9561474100748698
1.237199951171875 0.9581243642171223
1.238199951171875 0.9607904985215928
1.239199951171875 0.9609404924180772
1.240199951171875 0.9646314663357204
1.241199951171875 0.9658847130669487
1.242199951171875 0.9687158457438152
1.243199951171875 0.9698726908365886
1.244199951171875 0.973377931382921
1.245199951171875 0.975294655693902
1.246199951171875 0.9779883914523656
1.247199951171875 0.9769248453776043
1.248199951171875 0.9773125712076823
1.249199951171875 0.9785118696424696
1.250199951171875 0.9767055257161458
1.251199951171875 0.9793969557020398
1.252199951171875 0.9802072143554688
1.253199951171875 0.9810302310519746
1.254199951171875 0.9774581739637586
1.255199951171875 0.9739148627387152
1.256199951171875 0.9733823479546441
1.257199951171875 0.9769455040825737
1.258199951171875 0.9774466281467012
1.259199951171875 0.9789535861545137
1.260199951171875 0.9789262474907768
1.261199951171875 0.9810469902886284
1.262199951171875 0.983029361300998
1.263199951171875 0.9817306857638887
1.264199951171875 0.9801425594753688
1.265199951171875 0.9805267333984375
1.266199951171875 0.9790933057996962
1.267199951171875 0.9792669592963325
1.268199951171875 0.9757763587103949
1.269199951171875 0.9721612294514973
1.270199951171875 0.9647310723198785
1.271199951171875 0.9541611819797093
1.272199951171875 0.9380863783094618
1.273199951171875 0.9180807156032987
1.274199951171875 0.8924701097276477
1.275199951171875 0.8593721093071832
1.276199951171875 0.8170019870334202
1.277199951171875 0.7658689117431641
1.278199951171875 0.7056452645195854
1.279199951171875 0.6384138912624784
1.280199951171875 0.5664359664916992
1.281199951171875 0.49680748833550353
1.282199951171875 0.43258554246690545
1.283199951171875 0.3782043732537164
1.284199951171875 0.3304567633734809
1.285199951171875 0.28945586522420247
1.286199951171875 0.2503300221761068
1.287199951171875 0.21631482230292423
1.288199951171875 0.1860188674926758
1.289199951171875 0.16243366771274143
1.290199951171875 0.14225419044494628
1.291199951171875 0.1251190990871853
1.292199951171875 0.10916970676845972
1.293199951171875 0.09636960824330648
1.294199951171875 0.08514908260769316
1.295199951171875 0.07558224784003365
1.296199951171875 0.06592345714569092
1.297199951171875 0.056554681989881735
1.298199951171875 0.04732288440068563
1.299199951171875 0.0392264993985494
1.300199951171875 0.03232263167699178
1.301199951171875 0.026509937975141736
1.302199951171875 0.021678402158949107
1.303199951171875 0.017736160887612238
1.304199951171875 0.014556969934039647
1.305199951171875 0.01193575872315301
1.306199951171875 0.009819015529420641
1.307199951171875 0.00806109090646108
1.308199951171875 0.006665876110394796
1.309199951171875 0.005552567972077264
1.310199951171875 0.004624967045254178
1.311199951171875 0.003856021861235301
1.312199951171875 0.0032248711089293163
1.313199951171875 0.0027224404447608523
1.314199951171875 0.002298064563009474
1.315199951171875 0.001945255464977688
1.316199951171875 0.0016522666646374595
1.317199951171875 0.001407171090443929
1.318199951171875 0.0012061810327900781
1.319199951171875 0.0010346490807003445
1.320199951171875 0.0008907663077116013
1.321199951171875 0.0007696203763286273
1.322199951171875 0.0006688911136653688
1.323199951171875 0.0005830635792679256
1.324199951171875 0.0005093013991912206
1.325199951171875 0.0004446432284182972
1.326199951171875 0.00039030392136838696
1.327199951171875 0.0003446815411249796
1.328199951171875 0.0003042550136645635
1.329199951171875 0.00026750756634606255
1.330199951171875 0.0002372397668659687
1.331199951171875 0.00021064940840005873
1.332199951171875 0.00018847213023238715
1.333199951171875 0.0001670366194513109
1.334199951171875 0.00014934233182834253
1.335199951171875 0.0001333202773498164
1.336199951171875 0.00012032417683965629
1.337199951171875 0.00010850013647642399
1.338199951171875 9.780811352862252e-05
1.339199951171875 8.73641866362757e-05
1.340199951171875 7.913427013489936e-05
1.341199951171875 7.239223768313726e-05
1.342199951171875 6.794484125243293e-05
1.343199951171875 6.271947071784073e-05
1.344199951171875 5.7461451635592515e-05
1.345199951171875 5.1759963648186784e-05
1.346199951171875 4.706842876556847e-05
1.347199951171875 4.312511326538192e-05
1.348199951171875 3.9659406886332564e-05
1.349199951171875 3.4687379892501566e-05
1.350199951171875 3.241236244017879e-05
1.351199951171875 3.116698030175434e-05
1.352199951171875 2.8265278087928893e-05
1.353199951171875 2.6182604617335728e-05
1.354199951171875 2.2323775596709717e-05
1.355199951171875 2.343695895332429e-05
1.356199951171875 2.1507946722623374e-05
1.357199951171875 2.0125730014923546e-05
1.358199951171875 1.9778616519437898e-05
1.359199951171875 1.791347865946591e-05
1.360199951171875 1.6379486381386718e-05
1.361199951171875 1.4574016289164622e-05
1.362199951171875 1.4024953125044703e-05
1.363199951171875 1.556948655181461e-05
1.364199951171875 1.338435556843049e-05
1.365199951171875 1.3832545502939158e-05
1.366199951171875 1.1119637832355995e-05
1.367199951171875 1.1788119251529376e-05
1.368199951171875 1.1405432596802711e-05
1.369199951171875 1.2298677983279859e-05
1.370199951171875 1.1319668006358875e-05
1.371199951171875 1.1567036854103207e-05
1.372199951171875 1.1480836870355737e-05
1.373199951171875 1.1998629068127936e-05
1.374199951171875 1.1536463603584303e-05
1.375199951171875 1.0161100977307392e-05
1.376199951171875 1.1106510581966077e-05
1.377199951171875 1.0883517162356937e-05
1.378199951171875 1.1255248326859953e-05
1.379199951171875 9.74072153136755e-06
1.380199951171875 8.03855936586236e-06
1.381199951171875 9.808050753134822e-06
1.382199951171875 1.021626405417919e-05
1.383199951171875 1.1649705120362342e-05
1.384199951171875 9.88060763726632e-06
1.385199951171875 9.839731760116088e-06
1.386199951171875 9.201797139313487e-06
1.387199951171875 9.267547478278478e-06
1.388199951171875 8.316987789132529e-06
1.389199951171875 7.726872508000169e-06
1.390199951171875 7.902312273573544e-06
1.391199951171875 8.276862596782545e-06
1.392199951171875 7.902843774192863e-06
1.393199951171875 7.298936963909202e-06
1.394199951171875 7.84896928558333e-06
1.395199951171875 7.424061898038619e-06
1.396199951171875 6.354663799154676e-06
1.397199951171875 6.032503992577807e-06
1.398199951171875 6.42744429771685e-06
1.399199951171875 7.054380936703334e-06
1.400199951171875 6.724448305451207e-06
1.401199951171875 7.479103094535983e-06
1.402199951171875 7.57647286971203e-06
1.403199951171875 8.383926793208553e-06
1.404199951171875 7.250674243550747e-06
1.405199951171875 6.619940201441447e-06
1.406199951171875 5.28014588376714e-06
1.407199951171875 4.984334842043204e-06
1.408199951171875 5.392355314042005e-06
1.409199951171875 6.279247981082234e-06
1.410199951171875 6.423704229140034e-06
1.411199951171875 6.7399137899176115e-06
1.412199951171875 6.435511523805973e-06
1.413199951171875 7.930779764946137e-06
1.414199951171875 9.0505220901428e-06
1.415199951171875 8.429201326281245e-06
1.416199951171875 7.664431468583643e-06
1.417199951171875 6.341898762103583e-06
1.418199951171875 7.025357562169018e-06
1.419199951171875 7.32731520353506e-06
1.420199951171875 7.055891522516807e-06
1.421199951171875 6.354161822754475e-06
1.422199951171875 6.6601413871265114e-06
1.423199951171875 7.360218312694794e-06
1.424199951171875 6.5590737924341936e-06
1.425199951171875 6.44337468353721e-06
1.426199951171875 5.096906986889533e-06
1.427199951171875 6.76268731088688e-06
1.428199951171875 6.591034923783607e-06
1.429199951171875 7.389837280950613e-06
1.430199951171875 6.670906635311743e-06
1.431199951171875 7.584492753570279e-06
1.432199951171875 8.404713589698077e-06
1.433199951171875 8.555189641709956e-06
1.434199951171875 8.402357472934658e-06
1.435199951171875 6.862347250312773e-06
1.436199951171875 7.090454859684945e-06
1.437199951171875 6.077484851832398e-06
1.438199951171875 7.160231471061706e-06
1.439199951171875 5.822109912211696e-06
1.440199951171875 5.26849038174583e-06
1.441199951171875 4.348443762864918e-06
1.442199951171875 6.7062782343580485e-06
1.443199951171875 7.456249408682602e-06
1.444199951171875 6.959178523781398e-06
1.445199951171875 6.0377207248368194e-06
1.446199951171875 5.8863612745578085e-06
1.447199951171875 6.765323438836882e-06
1.448199951171875 6.538252184529685e-06
1.449199951171875 5.950589030463663e-06
1.450199951171875 5.481983211615847e-06
1.451199951171875 5.694961227062676e-06
1.452199951171875 5.0873503722767855e-06
1.453199951171875 6.338462117128074e-06
1.454199951171875 5.743277110418099e-06
1.455199951171875 5.802805212119387e-06
1.456199951171875 5.083783924217439e-06
1.457199951171875 5.90045496614443e-06
1.458199951171875 5.276410200082774e-06
1.459199951171875 5.470095156969477e-06
1.460199951171875 4.515130506071133e-06
1.461199951171875 5.352733682634103e-06
1.462199951171875 5.332029249984771e-06
1.463199951171875 5.600999478095522e-06
1.464199951171875 5.933759158425448e-06
1.465199951171875 7.342063957670083e-06
1.466199951171875 6.888632746672052e-06
1.467199951171875 7.971728466347688e-06
1.468199951171875 5.798776692245156e-06
1.469199951171875 6.313774146191361e-06
1.470199951171875 4.616607669352864e-06
1.471199951171875 5.832266292094978e-06
1.472199951171875 6.41425455493542e-06
1.473199951171875 8.15453447608484e-06
1.474199951171875 5.596430493368171e-06
1.475199951171875 5.4878919615664045e-06
1.476199951171875 2.8661746874350217e-06
1.477199951171875 3.648837182599094e-06
1.478199951171875 3.387212534932497e-06
1.479199951171875 5.463604740927823e-06
1.480199951171875 5.908684462257143e-06
1.481199951171875 4.365878020406752e-06
1.482199951171875 4.202799880456749e-06
1.483199951171875 3.75855582711261e-06
1.484199951171875 4.421369344021918e-06
1.485199951171875 3.7039143919375626e-06
1.486199951171875 5.653020246730497e-06
1.487199951171875 4.736818586546694e-06
1.488199951171875 5.240779964996475e-06
1.489199951171875 4.225493453927519e-06
1.490199951171875 5.6694965395662525e-06
1.491199951171875 4.5421653775582874e-06
1.492199951171875 4.767036737996437e-06
1.493199951171875 4.318568958919676e-06
1.494199951171875 4.005868860177644e-06
1.495199951171875 3.884236094664731e-06
1.496199951171875 4.356012678828039e-06
1.497199951171875 6.639281798723256e-06
1.498199951171875 5.9341544106751415e-06
1.499199951171875 5.724253122833842e-06
1.500199951171875 5.515689576390692e-06
1.501199951171875 5.256824184066823e-06
1.502199951171875 5.954308475742841e-06
1.503199951171875 4.760501041245233e-06
1.504199951171875 4.96147780924932e-06
1.505199951171875 4.629432530944339e-06
1.506199951171875 5.067814733289803e-06
1.507199951171875 6.099026585515175e-06
1.508199951171875 6.137323378223098e-06
1.509199951171875 6.0109390566746394e-06
1.510199951171875 5.563778589324405e-06
1.511199951171875 5.250801073594227e-06
1.512199951171875 5.494864534638409e-06
1.513199951171875 6.612159518731966e-06
1.514199951171875 7.597880644930735e-06
1.515199951171875 1.056602826186766e-05
1.516199951171875 7.807141803468395e-06
1.517199951171875 7.135470798502494e-06
1.518199951171875 4.594279737475146e-06
1.519199951171875 6.8257736792373995e-06
1.520199951171875 5.609365503510668e-06
1.521199951171875 5.429236205398208e-06
1.522199951171875 4.758202153930647e-06
1.523199951171875 4.627646962439434e-06
1.524199951171875 5.203789106518444e-06
1.525199951171875 5.620887807001256e-06
1.526199951171875 7.228333108489298e-06
1.527199951171875 6.216363156757629e-06
1.528199951171875 7.86946567435128e-06
1.529199951171875 7.2871335659227846e-06
1.530199951171875 9.581563612704891e-06
1.531199951171875 6.3843726075320075e-06
1.532199951171875 6.403969251381388e-06
1.533199951171875 5.45482116268777e-06
1.534199951171875 7.537043840986573e-06
1.535199951171875 6.491225495766331e-06
1.536199951171875 4.735291384147583e-06
1.537199951171875 4.223581951616022e-06
1.538199951171875 4.7849577741645695e-06
1.539199951171875 4.456490876489423e-06
1.540199951171875 4.022835831468304e-06
1.541199951171875 5.014027362146104e-06
1.542199951171875 4.905225039607922e-06
1.543199951171875 4.491116191796725e-06
1.544199951171875 4.656174232995111e-06
1.545199951171875 5.870136115441305e-06
1.546199951171875 7.86247579122169e-06
1.547199951171875 7.064140033132086e-06
1.548199951171875 6.4484157418418264e-06
1.549199951171875 5.7077108390836255e-06
1.550199951171875 6.9921277786812035e-06
1.551199951171875 8.106141790954601e-06
1.552199951171875 7.769564690534026e-06
1.553199951171875 6.337268180989971e-06
1.554199951171875 5.441006667549826e-06
1.555199951171875 4.57729009212926e-06
1.556199951171875 5.378337001376269e-06
1.557199951171875 6.169095803569589e-06
1.558199951171875 7.91864285323148e-06
1.559199951171875 8.065129546189888e-06
1.560199951171875 8.095313225769335e-06
1.561199951171875 7.171847068497705e-06
1.562199951171875 8.096621798661849e-06
1.563199951171875 8.712121117342678e-06
1.564199951171875 8.46906290260247e-06
1.565199951171875 7.213075004983693e-06
1.566199951171875 6.400064869214678e-06
1.567199951171875 7.009588783451667e-06
1.568199951171875 7.833372251803263e-06
1.569199951171875 5.6824369334940185e-06
1.570199951171875 4.333900989303727e-06
1.571199951171875 2.907774847529983e-06
1.572199951171875 4.422728800111347e-06
1.573199951171875 4.6468001609254215e-06
1.574199951171875 4.924020516530921e-06
1.575199951171875 5.995214806817885e-06
1.576199951171875 7.1958696935325864e-06
1.577199951171875 7.52649780931986e-06
1.578199951171875 6.931073666136297e-06
1.579199951171875 6.520580306338767e-06
1.580199951171875 8.049469195409781e-06
1.581199951171875 7.662727083596918e-06
1.582199951171875 8.173138873341183e-06
1.583199951171875 6.996051815804094e-06
1.584199951171875 8.714925012706469e-06
1.585199951171875 8.044188531736532e-06
1.586199951171875 6.9432737930381124e-06
1.587199951171875 5.890495873093945e-06
1.588199951171875 6.555300476015369e-06
1.589199951171875 6.442947083592621e-06
1.590199951171875 6.842595725578979e-06
1.591199951171875 6.9679981809005966e-06
1.592199951171875 8.206189959309995e-06
1.593199951171875 6.803493160987273e-06
1.594199951171875 7.424525958615253e-06
1.595199951171875 7.90567177722955e-06
1.596199951171875 8.930062306010062e-06
1.597199951171875 7.977719457509617e-06
1.598199951171875 6.424823724147346e-06
1.599199951171875 4.385161646731145e-06
1.600199951171875 5.0037986817111045e-06
1.601199951171875 5.794985213199371e-06
1.602199951171875 8.339211409394112e-06
1.603199951171875 8.264965921019514e-06
1.604199951171875 9.514505703312656e-06
1.605199951171875 9.36959281615499e-06
1.606199951171875 7.357770664384589e-06
1.607199951171875 5.766846928357458e-06
1.608199951171875 6.758482405631286e-06
1.609199951171875 9.631415822594944e-06
1.610199951171875 1.0021029091957543e-05
1.611199951171875 9.467898570518527e-06
1.612199951171875 9.263603003799087e-06
1.613199951171875 1.1005806283921832e-05
1.614199951171875 1.0890927838368549e-05
1.615199951171875 9.365150536824431e-06
1.616199951171875 8.341408942619131e-06
1.617199951171875 8.482263332957193e-06
1.618199951171875 8.962583572914203e-06
1.619199951171875 1.0120105321726038e-05
1.620199951171875 9.695616835314366e-06
1.621199951171875 9.20743325776938e-06
1.622199951171875 7.830516292920542e-06
1.623199951171875 8.633819460454915e-06
1.624199951171875 9.449107261995474e-06
1.625199951171875 9.228073564978936e-06
1.626199951171875 7.990120308628926e-06
1.627199951171875 9.389877377543598e-06
1.628199951171875 8.497178108276178e-06
1.629199951171875 7.72091469520496e-06
1.630199951171875 7.536304571355382e-06
1.631199951171875 1.1967772216950025e-05
1.632199951171875 1.0418879316417396e-05
1.633199951171875 8.259833514195039e-06
1.634199951171875 4.7012709113472245e-06
1.635199951171875 7.816253475741379e-06
1.636199951171875 6.983855095717847e-06
1.637199951171875 6.51244712773607e-06
1.638199951171875 5.167507269005808e-06
1.639199951171875 9.54442610640803e-06
1.640199951171875 8.590961324561361e-06
1.641199951171875 9.073999975464591e-06
1.642199951171875 6.328531909494118e-06
1.643199951171875 8.606010362402433e-06
1.644199951171875 9.929147329077953e-06
1.645199951171875 1.0156014791896775e-05
1.646199951171875 8.055559010244907e-06
1.647199951171875 4.983581488498719e-06
1.648199951171875 6.251146307796577e-06
1.649199951171875 5.69588254026026e-06
1.650199951171875 9.83971015860637e-06
1.651199951171875 1.0427228149233592e-05
1.652199951171875 1.0888207778205269e-05
1.653199951171875 7.919319727483931e-06
1.654199951171875 6.9036964204214105e-06
1.655199951171875 6.9760864264228275e-06
1.656199951171875 8.707269735168666e-06
1.657199951171875 8.663546985998337e-06
1.658199951171875 1.2031003845752114e-05
1.659199951171875 9.877342316839433e-06
1.660199951171875 9.089749979062212e-06
1.661199951171875 4.7663126832010585e-06
1.662199951171875 8.405944458512357e-06
1.663199951171875 8.367973402342423e-06
1.664199951171875 1.0924429904359083e-05
1.665199951171875 6.8048765662107365e-06
1.666199951171875 7.927876968214261e-06
1.667199951171875 7.874490906554972e-06
1.668199951171875 1.274487314124902e-05
1.669199951171875 1.0422285122331232e-05
1.670199951171875 1.2086613149019991e-05
1.671199951171875 7.352955244759071e-06
1.672199951171875 1.0564876513264013e-05
1.673199951171875 8.160884951208382e-06
1.674199951171875 8.28840564798582e-06
1.675199951171875 5.183459194809792e-06
1.676199951171875 6.4513284725118174e-06
1.677199951171875 7.276635364699876e-06
1.678199951171875 9.094792107656366e-06
1.679199951171875 9.226071208423804e-06
1.680199951171875 8.950669180194381e-06
1.681199951171875 6.831262002783153e-06
1.682199951171875 5.697615581286502e-06
1.683199951171875 6.888664583028811e-06
1.684199951171875 7.230344894600826e-06
1.685199951171875 7.650713087059557e-06
1.686199951171875 9.379936414512083e-06
1.687199951171875 1.0793198824911897e-05
1.688199951171875 8.729727789933663e-06
1.689199951171875 9.135414619793675e-06
1.690199951171875 8.227607972524827e-06
1.691199951171875 9.001525144817101e-06
1.692199951171875 8.602336230170394e-06
1.693199951171875 8.398791464581853e-06
1.694199951171875 1.052942061012215e-05
1.695199951171875 8.871007451909878e-06
1.696199951171875 1.1177512028047608e-05
1.697199951171875 1.1078571745504935e-05
1.698199951171875 1.159078409222679e-05
1.699199951171875 8.505777578749177e-06
1.700199951171875 9.812764959254611e-06
1.701199951171875 9.494745140222627e-06
1.702199951171875 9.895488429821046e-06
1.703199951171875 6.715275157164808e-06
1.704199951171875 7.240160168613642e-06
1.705199951171875 7.66622826453024e-06
1.706199951171875 7.072734769297324e-06
1.707199951171875 6.137914577181528e-06
1.708199951171875 8.387740219606914e-06
1.709199951171875 8.577994969847482e-06
1.710199951171875 1.1048690700404941e-05
1.711199951171875 9.65604311519424e-06
1.712199951171875 1.0656116064637899e-05
1.713199951171875 8.73667252663937e-06
1.714199951171875 7.244345440910275e-06
1.715199951171875 6.196893120868907e-06
1.716199951171875 8.17745560827908e-06
1.717199951171875 8.891425195660417e-06
1.718199951171875 1.0398189899408155e-05
1.719199951171875 9.426143304962251e-06
1.720199951171875 1.5508794523258178e-05
1.721199951171875 1.284251077497621e-05
1.722199951171875 1.2588220842323733e-05
1.723199951171875 6.525646933805973e-06
1.724199951171875 1.049615190519641e-05
1.725199951171875 1.006807504583978e-05
1.726199951171875 1.178467329332812e-05
1.727199951171875 1.2319277674477131e-05
1.728199951171875 1.2937085573664969e-05
1.729199951171875 1.2351325777773226e-05
1.730199951171875 1.116928974321733e-05
1.731199951171875 1.2400733087108369e-05
1.732199951171875 1.330925313393689e-05
1.733199951171875 1.2071367366135949e-05
1.734199951171875 1.2265346077684726e-05
1.735199951171875 1.0576540306727919e-05
1.736199951171875 1.242921338416636e-05
1.737199951171875 8.766836758307881e-06
1.738199951171875 9.106759473389816e-06
1.739199951171875 8.790594021084175e-06
1.740199951171875 9.898529323335323e-06
1.741199951171875 1.1003935683725607e-05
1.742199951171875 9.384525816854683e-06
1.743199951171875 9.044273031997778e-06
1.744199951171875 8.684908505444493e-06
1.745199951171875 8.87426885948845e-06
1.746199951171875 1.3168121985489064e-05
1.747199951171875 1.0289486710899354e-05
1.748199951171875 1.0398288095647445e-05
1.749199951171875 8.12825011469028e-06
1.750199951171875 1.036801039137774e-05
1.751199951171875 1.1935289561127622e-05
1.752199951171875 7.977333398347695e-06
1.753199951171875 8.373586641953818e-06
1.754199951171875 1.026867202008989e-05
1.755199951171875 1.0804148462031863e-05
1.756199951171875 8.964523459544793e-06
1.757199951171875 5.868319505999667e-06
1.758199951171875 8.044296914316482e-06
1.759199951171875 1.0264585661287938e-05
1.760199951171875 9.098193614691911e-06
1.761199951171875 9.052642627567466e-06
1.762199951171875 7.334897094062814e-06
1.763199951171875 8.163577411239112e-06
1.764199951171875 1.0293163152119945e-05
1.765199951171875 1.2476847817500431e-05
1.766199951171875 1.0172623238589768e-05
1.767199951171875 6.9225873543358554e-06
1.768199951171875 9.35030950065653e-06
1.769199951171875 1.5527258691707184e-05
1.770199951171875 1.4658880329399243e-05
1.771199951171875 8.616995231861915e-06
1.772199951171875 7.420226191577031e-06
1.773199951171875 1.065212288713566e-05
1.774199951171875 1.2970257537542947e-05
1.775199951171875 9.443335325664116e-06
1.776199951171875 6.6135381671807e-06
1.777199951171875 7.9211285790532e-06
1.778199951171875 7.949947288984225e-06
1.779199951171875 1.1829844152089208e-05
1.780199951171875 1.0815913459130873e-05
1.781199951171875 1.24811900443294e-05
1.782199951171875 9.40049422853109e-06
1.783199951171875 8.90198959192882e-06
1.784199951171875 1.181289870550649e-05
1.785199951171875 9.877876630829026e-06
1.786199951171875 1.094053858347858e-05
1.787199951171875 9.255622636475082e-06
1.788199951171875 1.0177266857950408e-05
1.789199951171875 1.1666287961883032e-05
1.790199951171875 1.0597761328695733e-05
1.791199951171875 1.4134468058020704e-05
1.792199951171875 1.18066099498214e-05
1.793199951171875 1.1363974610705755e-05
1.794199951171875 1.0460739431437105e-05
1.795199951171875 1.1017016659025103e-05
1.796199951171875 1.3639311267373461e-05
1.797199951171875 1.4697589019003014e-05
1.798199951171875 1.3239059201295177e-05
1.799199951171875 9.248546213282478e-06
1.800199951171875 3.980320027855791e-06
1.801199951171875 6.336192210591759e-06
1.802199951171875 7.546396225767261e-06
1.803199951171875 1.5449538865747553e-05
1.804199951171875 1.0936108585710454e-05
1.805199951171875 1.2073367083605091e-05
1.806199951171875 4.49906109423242e-06
1.807199951171875 1.0048782216791866e-05
1.808199951171875 8.779025995391265e-06
1.809199951171875 1.1725597484470008e-05
1.810199951171875 1.1789578569243947e-05
1.811199951171875 1.2064974515750592e-05
1.812199951171875 1.1458720242157759e-05
1.813199951171875 1.0384803644245051e-05
1.814199951171875 1.3635349058875373e-05
1.815199951171875 1.8148779248197873e-05
1.816199951171875 1.714981780322786e-05
1.817199951171875 1.2795699407838077e-05
1.818199951171875 7.136632536272181e-06
1.819199951171875 1.0262366222495188e-05
1.820199951171875 1.3500960149148455e-05
1.821199951171875 1.29739712671532e-05
1.822199951171875 1.1571693483145081e-05
1.823199951171875 8.277569499635837e-06
1.824199951171875 1.0346487513658668e-05
1.825199951171875 1.170178524779174e-05
1.826199951171875 1.2372983813596268e-05
1.827199951171875 9.178016942464773e-06
1.828199951171875 2.922909366216173e-06
1.829199951171875 6.530949127592223e-06
1.830199951171875 1.1245868006913974e-05
1.831199951171875 1.3515180843468344e-05
1.832199951171875 1.1445821857907707e-05
1.833199951171875 9.456860781129864e-06
1.834199951171875 9.434657339524064e-06
1.835199951171875 9.303851467039849e-06
1.836199951171875 1.1192735206956666e-05
1.837199951171875 1.1315186488512669e-05
1.838199951171875 1.4716638077431437e-05
1.839199951171875 1.272732358313908e-05
1.840199951171875 1.3650063920067623e-05
1.841199951171875 8.058210553354428e-06
1.842199951171875 1.323091909725152e-05
1.843199951171875 1.434605682458765e-05
1.844199951171875 1.4831668347966935e-05
1.845199951171875 7.090953433916722e-06
1.846199951171875 1.3117425528282012e-05
1.847199951171875 1.661582612868331e-05
1.848199951171875 2.4058848697071275e-05
1.849199951171875 1.3655546651466386e-05
1.850199951171875 1.4275041214641959e-05
1.851199951171875 8.929004213363476e-06
1.852199951171875 1.6250630872912056e-05
1.853199951171875 1.3541787429199993e-05
1.854199951171875 1.6867395710134205e-05
1.855199951171875 1.4688990169242384e-05
1.856199951171875 1.9309418987379304e-05
1.857199951171875 1.4898875915722897e-05
1.858199951171875 1.7242613591220824e-05
1.859199951171875 1.5382248371392673e-05
1.860199951171875 1.991928348110782e-05
1.861199951171875 1.614143341107087e-05
1.862199951171875 1.4658858805584411e-05
1.863199951171875 1.497249526437372e-05
1.864199951171875 1.614250540215936e-05
1.865199951171875 1.305548698938866e-05
1.866199951171875 1.4119248290727332e-05
1.867199951171875 1.7700850391217198e-05
1.868199951171875 2.3282017532943025e-05
1.869199951171875 1.641916764960764e-05
1.870199951171875 1.2939406448754122e-05
1.871199951171875 8.476173007018811e-06
1.872199951171875 1.3124653034740024e-05
1.873199951171875 1.4047378725889658e-05
1.874199951171875 1.4640582117459013e-05
1.875199951171875 1.8539642074352335e-05
1.876199951171875 1.7413080915705198e-05
1.877199951171875 2.4058393125111856e-05
1.878199951171875 1.773649721863594e-05
1.879199951171875 2.3607733879257172e-05
1.880199951171875 1.4041286931740042e-05
1.881199951171875 1.7520579638618097e-05
1.882199951171875 9.938745940348702e-06
1.883199951171875 1.2624672445882524e-05
1.884199951171875 1.2832393339421188e-05
1.885199951171875 1.008759786927074e-05
1.886199951171875 9.090532550981578e-06
1.887199951171875 6.732632822233045e-06
1.888199951171875 8.20931497097869e-06
1.889199951171875 7.538513107445195e-06
1.890199951171875 1.1774951910613003e-05
1.891199951171875 9.581458961544068e-06
1.892199951171875 1.458903123961402e-05
1.893199951171875 9.756928348349328e-06
1.894199951171875 1.3056914993083207e-05
1.895199951171875 1.3724311615482698e-05
1.896199951171875 1.4168729822914533e-05
1.897199951171875 1.3377011300807794e-05
1.898199951171875 1.133985583299789e-05
1.899199951171875 1.262157145206524e-05
1.900199951171875 1.9030432190953028e-05
1.901199951171875 1.4048123887260288e-05
1.902199951171875 1.7838845158654315e-05
1.903199951171875 1.3667414676125213e-05
1.904199951171875 1.7831276442545158e-05
1.905199951171875 1.1312614207983845e-05
1.906199951171875 1.2699735493192244e-05
1.907199951171875 1.2392147909849883e-05
1.908199951171875 2.0652961425690184e-05
1.909199951171875 1.6736971628250114e-05
1.910199951171875 1.8049142336284716e-05
1.911199951171875 9.603958984201929e-06
1.912199951171875 1.3424605603193426e-05
1.913199951171875 1.1592120211810158e-05
1.914199951171875 1.65154200658435e-05
1.915199951171875 1.281395735139511e-05
1.916199951171875 1.0000822489775432e-05
1.917199951171875 1.1077736782225185e-05
1.918199951171875 1.8723439722566505e-05
1.919199951171875 3.0242286932965123e-05
1.920199951171875 2.319328270887371e-05
1.921199951171875 1.5423485562727394e-05
1.922199951171875 1.397125512827656e-05
1.923199951171875 2.2658005104470766e-05
1.924199951171875 2.5906153281943662e-05
1.925199951171875 1.6588534267224138e-05
1.926199951171875 1.1947336334960922e-05
1.927199951171875 8.210376423162124e-06
1.928199951171875 1.9026859004548493e-05
1.929199951171875 1.688678022029026e-05
1.930199951171875 1.8073530101210267e-05
1.931199951171875 1.5411703339563865e-05
1.932199951171875 2.2616458898280854e-05
1.933199951171875 2.3375902997536793e-05
1.934199951171875 1.590113734790874e-05
1.935199951171875 9.706715067699809e-06
1.936199951171875 7.636231044384367e-06
1.937199951171875 1.1346032571273313e-05
1.938199951171875 1.3228011459751858e-05
1.939199951171875 1.8600065959617496e-05
1.940199951171875 1.8458637771093185e-05
1.941199951171875 1.7802980987148156e-05
1.942199951171875 1.4835687082571288e-05
1.943199951171875 1.3844275381416082e-05
1.944199951171875 1.17097176068152e-05
1.945199951171875 1.4941452666082316e-05
1.946199951171875 1.598959756342487e-05
1.947199951171875 1.6014071718220497e-05
1.948199951171875 1.23413704761699e-05
1.949199951171875 8.311302135787852e-06
1.950199951171875 6.885439726373517e-06
1.951199951171875 1.1671038590098782e-05
1.952199951171875 1.6146383959611854e-05
1.953199951171875 2.031793292391942e-05
1.954199951171875 1.7049980411280154e-05
1.955199951171875 1.5264995858564766e-05
1.956199951171875 1.391550526022911e-05
1.957199951171875 1.3604249300745626e-05
1.958199951171875 1.5138379207605292e-05
1.959199951171875 1.8810974822069208e-05
1.960199951171875 1.9234285444124703e-05
1.961199951171875 1.415013151635848e-05
1.962199951171875 6.647384614585483e-06
1.963199951171875 1.2321552577640759e-05
1.964199951171875 1.3916328768387567e-05
1.965199951171875 2.1138527808943764e-05
1.966199951171875 1.6945612102669353e-05
1.967199951171875 1.7937201062320833e-05
1.968199951171875 1.56805010434861e-05
1.969199951171875 1.9792396601082548e-05
1.970199951171875 2.0577792621443434e-05
1.971199951171875 1.8063879384212377e-05
1.972199951171875 1.4635913817696455e-05
1.973199951171875 1.3241282127350749e-05
1.974199951171875 1.610336358288321e-05
1.975199951171875 1.829285587227404e-05
1.976199951171875 2.059130696579814e-05
1.977199951171875 2.0724094291735027e-05
1.978199951171875 1.7194469950886235e-05
1.979199951171875 1.6049130354076625e-05
1.980199951171875 1.364763883037511e-05
1.981199951171875 1.852552101214538e-05
1.982199951171875 2.2961026523177588e-05
1.983199951171875 2.9577850364148615e-05
1.984199951171875 2.5791925792064932e-05
1.985199951171875 2.2692693940674267e-05
1.986199951171875 1.6811904254912707e-05
1.987199951171875 1.3928287678734503e-05
1.988199951171875 1.724606252133122e-05
1.989199951171875 1.7877008714195752e-05
1.990199951171875 2.1197355300601986e-05
1.991199951171875 1.646923315193918e-05
1.992199951171875 1.75779409861813e-05
1.993199951171875 1.6820554414557085e-05
1.994199951171875 1.7797322685105933e-05
1.995199951171875 1.8631823930061525e-05
1.996199951171875 1.6959507354638643e-05
1.997199951171875 1.6428785747848452e-05
1.998199951171875 1.7755294619645505e-05
1.999199951171875 1.9884966895915568e-05
2.000199951171875 1.829529659719103e-05
2.001199951171875 1.4821081163568629e-05
2.002199951171875 1.6041146591305732e-05
2.003199951171875 1.593259554485687e-05
2.004199951171875 1.3319168065208942e-05
2.005199951171875 9.138148129245059e-06
2.006199951171875 1.44757483051055e-05
2.007199951171875 2.5204693665727974e-05
2.008199951171875 2.091962801422357e-05
2.009199951171875 1.62145411593162e-05
2.010199951171875 9.285439568731647e-06
2.011199951171875 1.502005629137986e-05
2.012199951171875 1.5391166283128162e-05
2.013199951171875 1.1155069857337175e-05
2.014199951171875 1.4322941864031652e-05
2.015199951171875 2.073942546517296e-05
2.016199951171875 2.2561264017389883e-05
2.017199951171875 1.627927671910988e-05
2.018199951171875 1.3094371210576762e-05
2.019199951171875 1.369351288303733e-05
2.020199951171875 1.7069176925967138e-05
2.021199951171875 1.2608095098079907e-05
2.022199951171875 1.5495102464531858e-05
2.023199951171875 1.1417021405694982e-05
2.024199951171875 1.2468086646060745e-05
2.025199951171875 9.358872277836185e-06
2.026199951171875 1.5728736664944637e-05
2.027199951171875 1.7137516115326433e-05
2.028199951171875 1.4798579621044066e-05
2.029199951171875 1.3079244319989215e-05
2.030199951171875 1.1750407853182585e-05
2.031199951171875 1.576018325674037e-05
2.032199951171875 1.1718831911029268e-05
2.033199951171875 1.3907636703269532e-05
2.034199951171875 1.4000336865861564e-05
2.035199951171875 1.8907184647913605e-05
2.036199951171875 2.2250671237189738e-05
2.037199951171875 2.1254388848319646e-05
2.038199951171875 1.3820278910769485e-05
2.039199951171875 4.7805596190513765e-06
2.040199951171875 6.849961742956268e-06
2.041199951171875 1.1063348520345468e-05
2.042199951171875 1.1990143554426859e-05
2.043199951171875 1.1120851461192928e-05
2.044199951171875 1.123052247558635e-05
2.045199951171875 1.1956986130337514e-05
2.046199951171875 1.3664697232157587e-05
2.047199951171875 1.392756935399062e-05
2.048199951171875 1.4514834322298696e-05
2.049199951171875 1.5775232096983455e-05
2.050199951171875 1.640857653934131e-05
2.051199951171875 1.5056121890581292e-05
2.052199951171875 1.0166157466940324e-05
2.053199951171875 1.4552763045415024e-05
2.054199951171875 1.5007818169308569e-05
2.055199951171875 1.7598948958762586e-05
2.056199951171875 1.0143924581959379e-05
2.057199951171875 1.2116937613443961e-05
2.058199951171875 1.5402654586792586e-05
2.059199951171875 1.7338380178747078e-05
2.060199951171875 2.1488829127823315e-05
2.061199951171875 1.7393626945300235e-05
2.062199951171875 1.4286799223672574e-05
2.063199951171875 1.0761144373577657e-05
2.064199951171875 1.0052658704638634e-05
2.065199951171875 1.6401438676253554e-05
2.066199951171875 1.7053624602053497e-05
2.067199951171875 1.7872130252439708e-05
2.068199951171875 1.5524878127726183e-05
2.069199951171875 1.7990355845540763e-05
2.070199951171875 1.4024693376506962e-05
2.071199951171875 9.442035991451548e-06
2.072199951171875 8.189912629791174e-06
2.073199951171875 1.0753166590111718e-05
2.074199951171875 1.841680138669391e-05
2.075199951171875 1.620733196937686e-05
2.076199951171875 1.3952558497917087e-05
2.077199951171875 1.179312542072412e-05
2.078199951171875 1.585234582622657e-05
2.079199951171875 1.417510344366768e-05
2.080199951171875 1.1148579997332714e-05
2.081199951171875 1.2225480061243132e-05
2.082199951171875 2.0090216667203207e-05
2.083199951171875 1.9913364977801607e-05
2.084199951171875 1.9613919417392646e-05
2.085199951171875 1.615605160533779e-05
2.086199951171875 1.8661755538131624e-05
2.087199951171875 1.4016310710252987e-05
2.088199951171875 1.1568572129666183e-05
2.089199951171875 7.78619834122887e-06
2.090199951171875 1.29810443257118e-05
2.091199951171875 1.9406800585093364e-05
2.092199951171875 2.2803362226113682e-05
2.093199951171875 1.4739309282267854e-05
2.094199951171875 1.4624439309162994e-05
2.095199951171875 1.5203911578198041e-05
2.096199951171875 1.870914452916218e-05
2.097199951171875 1.2782353474499866e-05
2.098199951171875 1.3076663114285719e-05
2.099199951171875 2.146817352493397e-05
2.100199951171875 1.996695016131669e-05
2.101199951171875 2.061398723145776e-05
2.102199951171875 1.0911350067173387e-05
2.103199951171875 1.7279137941336052e-05
2.104199951171875 1.2858895112727432e-05
2.105199951171875 1.9766837345455025e-05
2.106199951171875 1.759054162522607e-05
2.107199951171875 2.1942616543666718e-05
2.108199951171875 1.5495003776507193e-05
2.109199951171875 1.7234425131509052e-05
2.110199951171875 2.2831828391645104e-05
2.111199951171875 2.4887267952888374e-05
2.112199951171875 2.5504337714260655e-05
2.113199951171875 1.826453675878131e-05
2.114199951171875 1.6235778522160316e-05
2.115199951171875 1.0904940866987504e-05
2.116199951171875 1.4851901848301884e-05
2.117199951171875 2.338478211046318e-05
2.118199951171875 2.427400228851992e-05
2.119199951171875 2.0384601297858872e-05
2.120199951171875 1.3422391383772276e-05
2.121199951171875 2.4406240282806025e-05
2.122199951171875 2.2672930227818354e-05
2.123199951171875 2.482867345671084e-05
2.124199951171875 1.4987512714688123e-05
2.125199951171875 1.6405209850442287e-05
2.126199951171875 1.2824486543262144e-05
2.127199951171875 1.3022742143540512e-05
2.128199951171875 1.701465146866335e-05
2.129199951171875 2.23665835801512e-05
2.130199951171875 1.9358125237094214e-05
2.131199951171875 1.6679525355878982e-05
2.132199951171875 1.37409127588158e-05
2.133199951171875 2.4573053750726912e-05
2.134199951171875 2.59222871520453e-05
2.135199951171875 2.465076445748634e-05
2.136199951171875 1.930723883875767e-05
2.137199951171875 2.09131999095676e-05
2.138199951171875 2.5724777628460695e-05
2.139199951171875 2.521527328313036e-05
2.140199951171875 2.1008171063368057e-05
2.141199951171875 1.651769333191666e-05
2.142199951171875 1.6577113536101843e-05
2.143199951171875 2.3608317779791025e-05
2.144199951171875 1.9776207614708874e-05
2.145199951171875 1.938465852023224e-05
2.146199951171875 9.691648970887221e-06
2.147199951171875 1.1003945044564627e-05
2.148199951171875 1.2842685083560568e-05
2.149199951171875 2.001275717096481e-05
2.150199951171875 2.3424797820755178e-05
2.151199951171875 2.190815550016446e-05
2.152199951171875 1.8319178864068222e-05
2.153199951171875 3.0531118701437876e-05
2.154199951171875 2.5607563205740648e-05
2.155199951171875 2.4200176341308616e-05
2.156199951171875 1.6589776392668614e-05
2.157199951171875 3.097305499888353e-05
2.158199951171875 3.2314284924521215e-05
2.159199951171875 3.3800002873047356e-05
2.160199951171875 3.520841664996826e-05
2.161199951171875 3.59955722362631e-05
2.162199951171875 3.0280732187545967e-05
2.163199951171875 2.006208860418863e-05
2.164199951171875 2.0336125356455647e-05
2.165199951171875 2.6865221896312296e-05
2.166199951171875 3.145441606951257e-05
2.167199951171875 4.1291572852060196e-05
2.168199951171875 3.362948870441566e-05
2.169199951171875 3.174562026591351e-05
2.170199951171875 2.555734678430276e-05
2.171199951171875 3.0751658810509575e-05
2.172199951171875 3.4048634115606544e-05
2.173199951171875 3.45155420816607e-05
2.174199951171875 2.868783285116984e-05
2.175199951171875 2.028552749340958e-05
2.176199951171875 2.218250714285731e-05
2.177199951171875 2.4875111916638678e-05
2.178199951171875 2.9513681980056893e-05
2.179199951171875 2.5800695228907796e-05
2.180199951171875 2.8121767358647454e-05
2.181199951171875 2.9743976321899235e-05
2.182199951171875 3.0157358592583076e-05
2.183199951171875 2.1224966059198995e-05
2.184199951171875 1.2016085681284414e-05
2.185199951171875 7.967809544862092e-06
2.186199951171875 1.235140453912129e-05
2.187199951171875 1.536057511758473e-05
2.188199951171875 2.008371475514852e-05
2.189199951171875 2.4310083503627945e-05
2.190199951171875 2.4523742548707457e-05
2.191199951171875 1.6568553763168914e-05
2.192199951171875 6.957023805101375e-06
2.193199951171875 1.0346749913455373e-05
2.194199951171875 1.8153699826091656e-05
2.195199951171875 2.3127425474857885e-05
2.196199951171875 2.9730677539915443e-05
2.197199951171875 2.5760206355007752e-05
2.198199951171875 4.0962379037713006e-05
2.199199951171875 2.739855248679528e-05
2.200199951171875 2.178196266207916e-05
2.201199951171875 6.519402001852686e-06
2.202199951171875 1.570926871797952e-05
2.203199951171875 1.696843871208979e-05
2.204199951171875 2.7440240347795555e-05
2.205199951171875 2.7522034787714015e-05
2.206199951171875 3.1631604703575966e-05
2.207199951171875 2.0853034498654484e-05
2.208199951171875 1.751500849939901e-05
2.209199951171875 1.2774990050004534e-05
2.210199951171875 1.590087100475874e-05
2.211199951171875 1.589006021222793e-05
2.212199951171875 3.6631121222381324e-05
2.213199951171875 3.997965662783443e-05
2.214199951171875 3.77355191157284e-05
2.215199951171875 3.0516174531250126e-05
2.216199951171875 2.634394977285027e-05
2.217199951171875 3.434334183111787e-05
2.218199951171875 2.914106926052934e-05
2.219199951171875 2.2794772249872254e-05
2.220199951171875 1.088917232093145e-05
2.221199951171875 1.2942093851101196e-05
2.222199951171875 2.1505736939750144e-05
2.223199951171875 3.0117172346864305e-05
2.224199951171875 2.6680544510276778e-05
2.225199951171875 2.952760538189775e-05
2.226199951171875 2.856972575601604e-05
2.227199951171875 3.076314460486174e-05
2.228199951171875 2.9982157931145695e-05
2.229199951171875 3.2193065595088736e-05
2.230199951171875 3.726958555893766e-05
2.231199951171875 3.881097357306216e-05
2.232199951171875 3.671355118664602e-05
2.233199951171875 4.0586476033139564e-05
2.234199951171875 3.8438774968704416e-05
2.235199951171875 3.374017742721157e-05
2.236199951171875 3.3219526586536727e-05
2.237199951171875 3.9017523975215026e-05
2.238199951171875 4.4925274042826566e-05
2.239199951171875 3.925527135531108e-05
2.240199951171875 4.05948195192549e-05
2.241199951171875 4.3015109323379065e-05
2.242199951171875 5.238675978034735e-05
2.243199951171875 5.484127749999364e-05
2.244199951171875 6.172174639585945e-05
2.245199951171875 5.2859725741048654e-05
2.246199951171875 4.760793229151103e-05
2.247199951171875 5.674258469500475e-05
2.248199951171875 5.580664793443349e-05
2.249199951171875 5.4662009093186103e-05
2.250199951171875 5.2838401364473e-05
2.251199951171875 4.148548227045307e-05
2.252199951171875 3.812053199426617e-05
2.253199951171875 1.9430833480461967e-05
2.254199951171875 1.8693390392651287e-05
2.255199951171875 3.087805437881761e-05
2.256199951171875 3.952261936152822e-05
2.257199951171875 6.169925055777033e-05
2.258199951171875 5.413309127713244e-05
2.259199951171875 5.844211386930612e-05
2.260199951171875 4.837202941416764e-05
2.261199951171875 4.278593850257393e-05
2.262199951171875 3.744706561620761e-05
2.263199951171875 3.912071128272348e-05
2.264199951171875 4.404692988221844e-05
2.265199951171875 2.9389940916896903e-05
2.266199951171875 2.818606633809395e-05
2.267199951171875 1.8770795318737834e-05
2.268199951171875 2.6295573075508907e-05
2.269199951171875 1.9108277887830304e-05
2.270199951171875 2.4125344417471855e-05
2.271199951171875 2.9520072469798227e-05
2.272199951171875 2.978591293665684e-05
2.273199951171875 3.0406474122881065e-05
2.274199951171875 2.4690311935652668e-05
2.275199951171875 2.2464973945817394e-05
2.276199951171875 1.551740958359835e-05
2.277199951171875 1.3689055379000336e-05
2.278199951171875 3.492071536456167e-05
2.279199951171875 3.433369199668215e-05
2.280199951171875 3.5750570732723866e-05
2.281199951171875 1.4281623375573816e-05
2.282199951171875 1.5113991820860188e-05
2.283199951171875 1.98817795153773e-05
2.284199951171875 2.7704219650735874e-05
2.285199951171875 2.840578934410587e-05
2.286199951171875 1.9216357051154986e-05
2.287199951171875 1.3827603549475419e-05
2.288199951171875 1.3290648257914877e-05
2.289199951171875 1.29673973163966e-05
2.290199951171875 1.8074001728782817e-05
2.291199951171875 1.5812402807686454e-05
2.292199951171875 1.9944685999588627e-05
2.293199951171875 1.7604718110912168e-05
2.294199951171875 2.0764553466708295e-05
2.295199951171875 1.5996207191989837e-05
2.296199951171875 1.4204322767824944e-05
2.297199951171875 1.291820955997558e-05
2.298199951171875 1.7188610379687615e-05
2.299199951171875 1.1393506985195342e-05
2.300199951171875 9.691955987110035e-06
2.301199951171875 6.085383576190435e-06
2.302199951171875 1.1572592762317689e-05
2.303199951171875 1.107820393776314e-05
2.304199951171875 1.4788779598246847e-05
2.305199951171875 1.0244243231783104e-05
2.306199951171875 1.521230815948608e-05
2.307199951171875 8.806591960128785e-06
2.308199951171875 1.6308158086269448e-05
2.309199951171875 1.4121586139901827e-05
2.310199951171875 1.4513770005089515e-05
2.311199951171875 9.862179418346094e-06
2.312199951171875 8.21141570073674e-06
2.313199951171875 9.130913793257517e-06
2.314199951171875 9.427309013533897e-06
2.315199951171875 1.2113754656857267e-05
2.316199951171875 1.2314901816555196e-05
2.317199951171875 7.5153980754924836e-06
2.318199951171875 7.378540805229348e-06
2.319199951171875 8.577077741526532e-06
2.320199951171875 1.4723523830374081e-05
2.321199951171875 1.2089288696491469e-05
2.322199951171875 1.0651551832173329e-05
2.323199951171875 1.2773677291180421e-05
2.324199951171875 1.344993321658371e-05
2.325199951171875 1.4593018762146432e-05
2.326199951171875 1.0386842768639326e-05
2.327199951171875 1.0676770859087507e-05
2.328199951171875 9.577836142768228e-06
2.329199951171875 5.513069006205148e-06
2.330199951171875 5.834514540107428e-06
2.331199951171875 9.336231813027573e-06
2.332199951171875 1.0708757035899905e-05
2.333199951171875 1.031633424443296e-05
2.334199951171875 7.506290974476452e-06
2.335199951171875 9.342483102466264e-06
2.336199951171875 1.1748799769537082e-05
2.337199951171875 1.2617246506528722e-05
2.338199951171875 1.5446128931620884e-05
2.339199951171875 1.495976688198021e-05
2.340199951171875 1.5088250126423908e-05
2.341199951171875 1.3607818662337106e-05
2.342199951171875 1.1994511251149675e-05
2.343199951171875 1.5298627873158286e-05
2.344199951171875 1.385694704682688e-05
2.345199951171875 1.6484512132507826e-05
2.346199951171875 1.5836994461113147e-05
2.347199951171875 1.8884809170332224e-05
2.348199951171875 1.4430127452619169e-05
2.349199951171875 1.6093621945603647e-05
2.350199951171875 1.4515658436317204e-05
2.351199951171875 1.9635448956655134e-05
2.352199951171875 1.820504445479148e-05
2.353199951171875 2.0002309853831926e-05
2.354199951171875 1.9890105662246545e-05
2.355199951171875 1.898084120411012e-05
2.356199951171875 1.610526763316658e-05
2.357199951171875 1.2431907170038255e-05
2.358199951171875 1.5935493801306522e-05
2.359199951171875 1.9676094137442612e-05
2.360199951171875 2.4983504295556084e-05
2.361199951171875 1.977925670669518e-05
2.362199951171875 1.95262265818504e-05
2.363199951171875 1.3309162090603029e-05
2.364199951171875 1.552860846268859e-05
2.365199951171875 1.8195197645800575e-05
2.366199951171875 2.110849994803882e-05
2.367199951171875 2.1430974593386056e-05
2.368199951171875 1.7668559966194962e-05
2.369199951171875 1.7611295657439365e-05
2.370199951171875 1.884220349085e-05
2.371199951171875 2.223496234768795e-05
2.372199951171875 2.3221493595176274e-05
2.373199951171875 1.95387018741005e-05
2.374199951171875 1.938397207090424e-05
2.375199951171875 1.7027376905187136e-05
2.376199951171875 1.82709850034573e-05
2.377199951171875 1.906810839298285e-05
2.378199951171875 2.499147467056496e-05
2.379199951171875 2.9635603552580703e-05
2.380199951171875 2.8960858018965353e-05
2.381199951171875 2.2692442160203225e-05
2.382199951171875 1.7213143097857636e-05
2.383199951171875 2.2208341397345067e-05
2.384199951171875 2.5933802502954172e-05
2.385199951171875 2.295200619829648e-05
2.386199951171875 2.03941753132438e-05
2.387199951171875 2.8400227608403756e-05
2.388199951171875 3.388298313236899e-05
2.389199951171875 2.933531314031118e-05
2.390199951171875 2.3393086545790233e-05
2.391199951171875 1.8320700781057692e-05
2.392199951171875 1.4535463706124573e-05
2.393199951171875 1.380985709450518e-05
2.394199951171875 1.7639971273537314e-05
2.395199951171875 2.375842078537163e-05
2.396199951171875 2.5563748462850023e-05
2.397199951171875 3.438342323837181e-05
2.398199951171875 2.98793741837332e-05
2.399199951171875 3.103668192237841e-05
2.400199951171875 2.699389211669789e-05
2.401199951171875 3.180721334906088e-05
2.402199951171875 3.169986005458567e-05
2.403199951171875 3.496260330494907e-05
2.404199951171875 3.3740704077192475e-05
2.405199951171875 3.4610594027779164e-05
2.406199951171875 2.509131418377386e-05
2.407199951171875 2.7045143444730767e-05
2.408199951171875 2.7180224799259432e-05
2.409199951171875 3.947084588516089e-05
2.410199951171875 3.846294039653407e-05
2.411199951171875 3.1314876784260076e-05
2.412199951171875 1.8489181400380203e-05
2.413199951171875 1.6788436526743073e-05
2.414199951171875 2.380651674078157e-05
2.415199951171875 2.7494457770242463e-05
2.416199951171875 2.956547625621574e-05
2.417199951171875 2.999071840248588e-05
2.418199951171875 3.549353601152284e-05
2.419199951171875 3.5564948080314526e-05
2.420199951171875 3.7372106065352757e-05
2.421199951171875 3.9034854724175394e-05
2.422199951171875 4.7713953277303106e-05
2.423199951171875 4.643088284259041e-05
2.424199951171875 3.738069800116742e-05
2.425199951171875 2.730779682881095e-05
2.426199951171875 1.8214972854669516e-05
2.427199951171875 2.8389302331359233e-05
2.428199951171875 2.970988592197601e-05
2.429199951171875 4.06075848473443e-05
2.430199951171875 3.5787811244113574e-05
2.431199951171875 4.742719362386399e-05
2.432199951171875 4.750525113195181e-05
2.433199951171875 5.4409711414741136e-05
2.434199951171875 4.761544418417745e-05
2.435199951171875 4.663249193173315e-05
2.436199951171875 4.768024172840846e-05
2.437199951171875 4.2841777774608795e-05
2.438199951171875 4.4858117794824963e-05
2.439199951171875 3.68086134807931e-05
2.440199951171875 4.955715810259183e-05
2.441199951171875 4.222907565741076e-05
2.442199951171875 4.624459478590224e-05
2.443199951171875 3.6251921232582794e-05
2.444199951171875 3.848001140997642e-05
2.445199951171875 4.331728559918702e-05
2.446199951171875 4.515483225178387e-05
2.447199951171875 5.4076300261335234e-05
2.448199951171875 5.036785112073024e-05
2.449199951171875 6.0369629775070476e-05
2.450199951171875 5.364779382944107e-05
2.451199951171875 4.8770747509681516e-05
2.452199951171875 4.999818875350886e-05
2.453199951171875 5.332839209586382e-05
2.454199951171875 5.493082183723648e-05
2.455199951171875 4.844724485236737e-05
2.456199951171875 5.3681418972296835e-05
2.457199951171875 4.580260867554919e-05
2.458199951171875 5.0062304284959794e-05
2.459199951171875 4.907114423492527e-05
2.460199951171875 4.861016835396488e-05
2.461199951171875 4.126615072083142e-05
2.462199951171875 3.674426429723907e-05
2.463199951171875 6.0219579253397466e-05
2.464199951171875 6.139673270000559e-05
2.465199951171875 7.39680127137237e-05
2.466199951171875 6.86569061751167e-05
2.467199951171875 7.3576376049055e-05
2.468199951171875 6.614422684328422e-05
2.469199951171875 6.920869306971629e-05
2.470199951171875 6.0794244313405614e-05
2.471199951171875 5.6003464334126974e-05
2.472199951171875 5.634891722972195e-05
2.473199951171875 7.776424366359909e-05
2.474199951171875 8.338863547477458e-05
2.475199951171875 8.638977124873133e-05
2.476199951171875 7.796008036368422e-05
2.477199951171875 7.655666364977755e-05
2.478199951171875 7.471241263879669e-05
2.479199951171875 6.433777692210344e-05
2.480199951171875 7.987061851761409e-05
2.481199951171875 7.720311456877325e-05
2.482199951171875 0.00011413205363270307
2.483199951171875 7.775688307179193e-05
2.484199951171875 7.627376894596398e-05
2.485199951171875 3.5226350197211044e-05
2.486199951171875 6.829692335385416e-05
2.487199951171875 7.852278830897478e-05
2.488199951171875 6.859144814192044e-05
2.489199951171875 5.447344541429269e-05
2.490199951171875 4.427333152836018e-05
2.491199951171875 8.189782603747316e-05
2.492199951171875 9.291607731332382e-05
2.493199951171875 9.421968211730322e-05
2.494199951171875 7.012552762818005e-05
2.495199951171875 8.495367157997357e-05
2.496199951171875 8.271130603841609e-05
2.497199951171875 9.27950069308281e-05
2.498199951171875 8.213202003389598e-05
2.499199951171875 7.387966292703316e-05
2.500199951171875 7.835611869167122e-05
2.501199951171875 6.842919224355783e-05
2.502199951171875 9.801128982669776e-05
2.503199951171875 0.00011126508522364827
2.504199951171875 0.00010637910208768316
2.505199951171875 8.142815333687597e-05
2.506199951171875 7.662337014658583e-05
2.507199951171875 8.56241231991185e-05
2.508199951171875 9.050144762214689e-05
2.509199951171875 9.183978610154657e-05
2.510199951171875 0.0001092477318727308
2.511199951171875 0.00011938194330367779
2.512199951171875 0.00011983593201471701
2.513199951171875 0.00011405134728799263
2.514199951171875 0.00013680844826416836
2.515199951171875 0.00010120276566060504
2.516199951171875 0.00011665324936603957
2.517199951171875 8.424042824949277e-05
2.518199951171875 0.0001224275662874182
2.519199951171875 9.84988630645805e-05
2.520199951171875 0.00011222520377486945
2.521199951171875 0.00010822767443541022
2.522199951171875 0.00011977816621462503
2.523199951171875 0.00011655474547296763
2.524199951171875 0.0001429624301898811
2.525199951171875 0.00014424920444273286
2.526199951171875 0.00016053807300825913
2.527199951171875 0.00016718725052972634
2.528199951171875 0.00014446840569790867
2.529199951171875 0.0001217065803292725
2.530199951171875 8.160505081630416e-05
2.531199951171875 0.00010588557045492864
2.532199951171875 0.00012980892995579377
2.533199951171875 0.00018491189305981
2.534199951171875 0.0001638267810146014
2.535199951171875 0.00013306625058046647
2.536199951171875 7.532905218087965e-05
2.537199951171875 0.00010919094965275792
2.538199951171875 0.00012439946566397944
2.539199951171875 0.00014908483200189138
2.540199951171875 0.0001400493194038669
2.541199951171875 0.00016752007727821667
2.542199951171875 0.0001726950994796223
2.543199951171875 0.00015625247576584418
2.544199951171875 0.00016000676537967392
2.545199951171875 0.00018578648515459563
2.546199951171875 0.00020337695255875587
2.547199951171875 0.0002579254605289963
2.548199951171875 0.00025837828405201436
2.549199951171875 0.0002624074959506591
2.550199951171875 0.0002173307217243645
2.551199951171875 0.00019320882132483854
2.552199951171875 0.00018272691095868747
2.553199951171875 0.00019366013300087717
2.554199951171875 0.00020094898839791614
2.555199951171875 0.00023612175550725726
2.556199951171875 0.00022310999946461782
2.557199951171875 0.0002384955353207058
2.558199951171875 0.0002402507679329978
2.559199951171875 0.0002156878780159685
2.560199951171875 0.00022736031976011063
2.561199951171875 0.0002075310755107138
2.562199951171875 0.00023394234478473663
2.563199951171875 0.00021345237890879314
2.564199951171875 0.0002844412790404426
2.565199951171875 0.00029709128869904414
2.566199951171875 0.0002740076442973481
2.567199951171875 0.0002114233410813742
2.568199951171875 0.00029732801175365845
2.569199951171875 0.0003821167003156411
2.570199951171875 0.00037634737893111177
2.571199951171875 0.00028489136344028845
2.572199951171875 0.0002111348864208493
2.573199951171875 0.0002322986093349755
2.574199951171875 0.0002422604081220925
2.575199951171875 0.00027017415190736454
2.576199951171875 0.00029379978569017516
2.577199951171875 0.0003083305557568868
2.578199951171875 0.0003294697797132864
2.579199951171875 0.000401680554366774
2.580199951171875 0.0004936330703397592
2.581199951171875 0.0005675693456497457
2.582199951171875 0.0005503971833321783
2.583199951171875 0.0005155359001623259
2.584199951171875 0.0004798120177454418
2.585199951171875 0.00038290511506299175
2.586199951171875 0.00032694755846427543
2.587199951171875 0.00026369383351670375
2.588199951171875 0.00031651679115990796
2.589199951171875 0.0004074514377862215
2.590199951171875 0.0004828814355035623
2.591199951171875 0.000515030092663235
2.592199951171875 0.0005013080231017536
2.593199951171875 0.0005441371061735683
2.594199951171875 0.0005971136440833409
2.595199951171875 0.0006660768141349157
2.596199951171875 0.0006054361309442255
2.597199951171875 0.0006044485813213718
2.598199951171875 0.0005235671841849883
