microns transmission
0.3982000122070313 2.2847630169723726e-07
0.3992000122070313 1.7718042482764122e-07
0.4002000122070313 1.0105499092835955e-07
0.4012000122070313 6.855772197352413e-08
0.4022000122070313 6.855772197352413e-08
0.4032000122070313 1.135267223103161e-07
0.4042000122070312 4.506900033618422e-08
0.4052000122070312 6.472972784048953e-08
0.4062000122070312 7.499450332342722e-08
0.4072000122070312 1.7027993557997928e-07
0.4082000122070312 2.6184980544149047e-07
0.4092000122070312 4.7120402390040303e-07
0.41020001220703123 3.75918591643851e-07
0.41120001220703123 3.097518153833473e-07
0.41220001220703123 4.5163821104705137e-08
0.41320001220703123 4.5163821104705137e-08
0.41420001220703123 9.999999939225291e-11
0.41520001220703123 5.827258794018538e-10
0.41620001220703123 1.4658865049119482e-07
0.41720001220703123 2.2301799709782225e-07
0.41820001220703124 2.3480015983561805e-07
0.41920001220703124 1.610654023704367e-07
0.42020001220703124 8.463605576380928e-08
0.42120001220703124 7.788480585407202e-08
0.42220001220703124 5.84643673907771e-08
0.42320001220703124 5.84643673907771e-08
0.42420001220703124 9.105307231650606e-08
0.42520001220703124 3.820234363318933e-08
0.42620001220703124 3.820234363318933e-08
0.42720001220703124 1.1080325374261217e-08
0.42820001220703124 3.249875281478391e-08
0.42920001220703125 1.431729102060094e-07
0.43020001220703125 1.321925848311404e-07
0.43120001220703125 1.684037796165525e-07
0.43220001220703125 5.7729622225327016e-08
0.43320001220703125 5.973710997272026e-08
0.43420001220703125 8.748614701619633e-08
0.43520001220703125 8.748614701619633e-08
0.43620001220703125 1.469648462373543e-07
0.43720001220703125 1.4884467768736284e-07
0.43820001220703125 1.922750292641477e-07
0.43920001220703125 1.9415710930460584e-07
0.44020001220703125 1.1878451369579718e-07
0.44120001220703126 1.1014129437134398e-07
0.44220001220703126 7.884573124468849e-08
0.44320001220703126 1.1065435952417601e-07
0.44420001220703126 7.586722727184439e-08
0.44520001220703126 1.926033510053e-07
0.44620001220703126 1.4890882761520173e-07
0.44720001220703126 2.0356169529161466e-07
0.44820001220703126 6.920379540926232e-08
0.44920001220703126 9.003312884855083e-08
0.45020001220703126 7.507827171022226e-08
0.45120001220703126 6.907243265944866e-08
0.45220001220703127 4.824309922016015e-08
0.45320001220703127 2.0521199594922576e-08
0.45420001220703127 1.2076110912239023e-08
0.45520001220703127 1.2076110912239023e-08
0.45620001220703127 9.999999939225291e-11
0.45720001220703127 2.026553367784345e-08
0.45820001220703127 2.6084768163730447e-08
0.45920001220703127 2.6084768163730447e-08
0.4602000122070313 6.714057748978696e-08
0.4612000122070313 9.247092896439804e-08
0.4622000122070313 9.411039005967502e-08
0.4632000122070313 3.288904705516732e-08
0.4642000122070313 4.959061105462107e-09
0.4652000122070313 1.2829534184651454e-08
0.4662000122070312 1.2829534184651454e-08
0.4672000122070312 9.609934173858568e-09
0.4682000122070312 2.1842566787376605e-09
0.4692000122070312 2.1842566787376605e-09
0.4702000122070312 1.4820923487985421e-08
0.4712000122070312 1.2792314108741227e-08
0.47220001220703123 1.2792314108741227e-08
0.47320001220703123 1.298690846714597e-08
0.47420001220703123 1.7008703401760133e-08
0.47520001220703123 1.7008703401760133e-08
0.47620001220703123 4.177442234107629e-09
0.47720001220703123 9.999999939225291e-11
0.47820001220703123 9.999999939225291e-11
0.47920001220703123 1.2249688986622055e-08
0.48020001220703123 1.8964064326788664e-08
0.48120001220703124 1.8964064326788664e-08
0.48220001220703124 6.814375339558864e-09
0.48320001220703124 9.999999939225291e-11
0.48420001220703124 9.999999939225291e-11
0.48520001220703124 9.999999939225291e-11
0.48620001220703124 9.999999939225291e-11
0.48720001220703124 1.7189332939753715e-09
0.48820001220703124 8.414843247884896e-09
0.48920001220703124 2.5986751062134773e-08
0.49020001220703124 2.4367817767551652e-08
0.49120001220703124 2.116853005773578e-08
0.49220001220703125 1.3433831012537527e-08
0.49320001220703125 1.3433831012537527e-08
0.49420001220703125 9.937208768443877e-09
0.49520001220703125 9.999999939225291e-11
0.49620001220703125 2.1772160229755536e-08
0.49720001220703125 2.1772160229755536e-08
0.49820001220703125 2.1772160229755536e-08
0.49920001220703125 1.2360822165331026e-08
0.5002000122070313 1.2360822165331026e-08
0.5012000122070313 1.2360822165331026e-08
0.5022000122070313 9.999999939225291e-11
0.5032000122070313 9.999999939225291e-11
0.5042000122070313 9.145597717166412e-09
0.5052000122070313 1.0757187726263676e-08
0.5062000122070313 1.0757187726263676e-08
0.5072000122070313 1.579821963915151e-08
0.5082000122070313 2.8848165262039692e-08
0.5092000122070313 5.4715937038491495e-08
0.5102000122070313 4.06293074078295e-08
0.5112000122070313 2.5967771775844048e-08
0.5122000122070313 3.051549780468892e-08
0.5132000122070313 3.606034885509738e-08
0.5142000122070313 6.228178320435677e-08
0.5152000122070313 3.295041357690802e-08
0.5162000122070313 1.0484935233219991e-07
0.5172000122070313 1.0102487961541031e-07
0.5182000122070313 1.0110295480912789e-07
0.5192000122070313 2.9731655868145717e-08
0.5202000122070313 1.476259432623787e-08
0.5212000122070313 1.3600390954672373e-08
0.5222000122070313 1.0104537874077046e-08
0.5232000122070313 6.36893822323101e-08
0.5242000122070313 6.36893822323101e-08
0.5252000122070313 6.191777813432016e-08
0.5262000122070313 7.076722019445155e-08
0.5272000122070313 8.769008429412553e-08
0.5282000122070313 8.688505060799261e-08
0.5292000122070313 1.7022864099066243e-08
0.5302000122070313 2.7074548510302378e-08
0.5312000122070313 2.850735409312379e-08
0.5322000122070313 7.25141533821885e-08
0.5332000122070313 6.477980449245043e-08
0.5342000122070313 7.380701917488371e-08
0.5352000122070313 6.912816511414928e-08
0.5362000122070313 6.550591766894974e-08
0.5372000122070313 5.504589740369504e-08
0.5382000122070313 5.6213551166016554e-08
0.5392000122070313 7.06572448619072e-08
0.5402000122070313 7.06572448619072e-08
0.5412000122070313 1.10487191871616e-07
0.5422000122070313 8.042554599975284e-08
0.5432000122070313 8.195701040985486e-08
0.5442000122070313 1.618204042467634e-08
0.5452000122070313 1.618204042467634e-08
0.5462000122070313 1.976772050740452e-08
0.5472000122070313 5.217144492222461e-09
0.5482000122070313 2.13184666926954e-08
0.5492000122070313 3.240052609222567e-08
0.5502000122070313 3.240052609222567e-08
0.5512000122070313 1.6299203891752728e-08
0.5522000122070313 4.3814289506135155e-08
0.5532000122070313 4.600865203189623e-08
0.5542000122070313 4.656667289400692e-08
0.5552000122070313 2.8523833872640125e-09
0.5562000122070313 3.120804191859684e-09
0.5572000122070313 2.562783329748994e-09
0.5582000122070313 8.7904689897537e-09
0.5592000122070313 6.327685659396959e-09
0.5602000122070312 2.586842327505994e-08
0.5612000122070312 2.218485313182978e-08
0.5622000122070312 2.218485313182978e-08
0.5632000122070312 1.9371202796886813e-08
0.5642000122070312 3.9363564506721275e-08
0.5652000122070312 6.777915583455751e-08
0.5662000122070312 5.7804528479366003e-08
0.5672000122070312 4.5751413446895284e-08
0.5682000122070312 1.911697655189294e-08
0.5692000122070312 2.1189865043859237e-08
0.5702000122070312 1.0706502849720955e-08
0.5712000122070312 4.214658937604396e-08
0.5722000122070312 4.9582953948067325e-08
0.5732000122070312 4.9582953948067325e-08
0.5742000122070312 2.5414373438318684e-08
0.5752000122070312 9.152660448800513e-09
0.5762000122070312 1.2639451560442833e-08
0.5772000122070312 1.966453013165411e-08
0.5782000122070312 3.576235279862456e-08
0.5792000122070312 3.227556168698224e-08
0.5802000122070312 1.6197822666362702e-08
0.5812000122070312 9.999999939225291e-11
0.5822000122070312 9.999999939225291e-11
0.5832000122070312 2.9121111678125858e-08
0.5842000122070312 3.255977283542519e-08
0.5852000122070312 3.506064945825295e-08
0.5862000122070312 2.214415678084928e-08
0.5872000122070312 2.4414433160578774e-08
0.5882000122070312 3.6141312578724044e-08
0.5892000122070312 4.8030899218392476e-08
0.5902000122070312 4.517935845882447e-08
0.5912000122070312 4.44110778503099e-08
0.5922000122070312 1.641687220931153e-08
0.5932000122070312 1.3559475431850704e-08
0.5942000122070312 7.170914441998219e-09
0.5952000122070312 3.481245818923481e-08
0.5962000122070312 4.5501217129897655e-08
0.5972000122070312 4.2506761657179483e-08
0.5982000122070312 1.644620683293062e-08
0.5992000122070312 3.122465941215088e-08
0.6002000122070312 8.643211155876272e-08
0.6012000122070312 2.603703685988279e-07
0.6022000122070312 5.258341803305989e-07
0.6032000122070312 9.115187155354458e-07
0.6042000122070312 1.2506883487933213e-06
0.6052000122070312 1.481357329693209e-06
0.6062000122070312 1.5831568776371167e-06
0.6072000122070312 1.5216551239265957e-06
0.6082000122070312 1.4416824382755698e-06
0.6092000122070312 1.3249666679055535e-06
0.6102000122070312 1.5054545494624309e-06
0.6112000122070312 1.8875588850480403e-06
0.6122000122070312 2.529115235019061e-06
0.6132000122070312 3.2879934587981552e-06
0.6142000122070312 4.095657560456958e-06
0.6152000122070312 4.70743191221522e-06
0.6162000122070312 4.856369794449873e-06
0.6172000122070312 4.716863137825082e-06
0.6182000122070312 4.753682264385538e-06
0.6192000122070312 5.5027954901258145e-06
0.6202000122070312 7.185048565992877e-06
0.6212000122070312 9.669010889612966e-06
0.6222000122070312 1.2217726584316955e-05
0.6232000122070313 1.3985096658062602e-05
0.6242000122070313 1.4160440122294754e-05
0.6252000122070313 1.2990027898922563e-05
0.6262000122070313 1.070550985686067e-05
0.6272000122070313 8.268436908514965e-06
0.6282000122070313 6.0618053410305744e-06
0.6292000122070313 4.627133506194998e-06
0.6302000122070313 3.749195602722466e-06
0.6312000122070313 3.1708570248964755e-06
0.6322000122070313 2.7329944229374328e-06
0.6332000122070313 2.3981784276353814e-06
0.6342000122070313 2.2309248581425182e-06
0.6352000122070313 2.2465039930668554e-06
0.6362000122070313 2.318317209655005e-06
0.6372000122070313 2.3963116594435025e-06
0.6382000122070313 2.2843133127834236e-06
0.6392000122070313 2.086946106929746e-06
0.6402000122070313 1.7609801175745411e-06
0.6412000122070313 1.4728788826485267e-06
0.6422000122070313 1.2236884746622914e-06
0.6432000122070313 1.0427866719611402e-06
0.6442000122070313 9.261266111732563e-07
0.6452000122070313 8.585298201069236e-07
0.6462000122070313 8.565722883860063e-07
0.6472000122070313 8.836512521763022e-07
0.6482000122070313 8.644835826190602e-07
0.6492000122070313 8.556708376595959e-07
0.6502000122070313 8.206562051782385e-07
0.6512000122070313 8.212972251284454e-07
0.6522000122070313 8.021865990788986e-07
0.6532000122070313 7.815363480606013e-07
0.6542000122070313 7.886970059997921e-07
0.6552000122070313 8.270888873893354e-07
0.6562000122070313 8.87145304457388e-07
0.6572000122070313 9.057814976485031e-07
0.6582000122070313 8.351918343881455e-07
0.6592000122070313 7.813920456101187e-07
0.6602000122070313 7.91976955143683e-07
0.6612000122070313 8.461193081327817e-07
0.6622000122070313 8.800809963658038e-07
0.6632000122070313 8.79102468995067e-07
0.6642000122070313 9.065615611487173e-07
0.6652000122070313 9.218243050984003e-07
0.6662000122070313 9.557197174419545e-07
0.6672000122070313 1.0701874271035195e-06
0.6682000122070313 1.2020789048013588e-06
0.6692000122070313 1.2861318747228427e-06
0.6702000122070313 1.2751679848103473e-06
0.6712000122070313 1.2427329945947148e-06
0.6722000122070313 1.224591129963907e-06
0.6732000122070313 1.2266111217387436e-06
0.6742000122070313 1.215044669354231e-06
0.6752000122070313 1.2238643183890316e-06
0.6762000122070313 1.2294036666086563e-06
0.6772000122070313 1.220449008138126e-06
0.6782000122070313 1.224228003088178e-06
0.6792000122070313 1.1917006324640372e-06
0.6802000122070313 1.1440296495695495e-06
0.6812000122070313 1.0258331894874573e-06
0.6822000122070313 9.735305825920981e-07
0.6832000122070313 9.376239823824208e-07
0.6842000122070313 9.343322663981881e-07
0.6852000122070312 9.196909862415243e-07
0.6862000122070312 9.730581870017986e-07
0.6872000122070312 1.0762250005629741e-06
0.6882000122070312 1.170695694680843e-06
0.6892000122070312 1.253010292809146e-06
0.6902000122070312 1.1891575640119197e-06
0.6912000122070312 1.205444229223455e-06
0.6922000122070312 1.1039616058244266e-06
0.6932000122070312 1.1206730252726832e-06
0.6942000122070312 1.0445355130488879e-06
0.6952000122070312 1.0269335729794368e-06
0.6962000122070312 9.498959116172045e-07
0.6972000122070312 9.132729691272188e-07
0.6982000122070312 8.814945451578954e-07
0.6992000122070312 8.766881930771181e-07
0.7002000122070312 8.177571968796353e-07
0.7012000122070312 8.201610358406066e-07
0.7022000122070312 8.711834218249553e-07
0.7032000122070312 9.542055340716616e-07
0.7042000122070312 9.534116462519807e-07
0.7052000122070312 9.455530380364508e-07
0.7062000122070312 8.964023113043771e-07
0.7072000122070312 9.238190250471234e-07
0.7082000122070312 9.278101626680129e-07
0.7092000122070312 1.0068137877775978e-06
0.7102000122070312 1.0349216366497179e-06
0.7112000122070312 9.625204822643557e-07
0.7122000122070312 8.435251260784249e-07
0.7132000122070312 7.43034385474554e-07
0.7142000122070312 7.964914038893767e-07
0.7152000122070312 7.69296978736141e-07
0.7162000122070312 6.691471127042961e-07
0.7172000122070312 6.089466599708734e-07
0.7182000122070312 5.805306742937925e-07
0.7192000122070312 6.840915820147427e-07
0.7202000122070312 7.395367922274291e-07
0.7212000122070312 8.793092355416673e-07
0.7222000122070312 8.561310177255007e-07
0.7232000122070312 8.255222767022334e-07
0.7242000122070312 7.016221813197869e-07
0.7252000122070312 7.813621090867348e-07
0.7262000122070312 7.806737873276386e-07
0.7272000122070312 8.677706258216252e-07
0.7282000122070312 7.836560972565267e-07
0.7292000122070312 7.849055004448422e-07
0.7302000122070312 8.826570774544961e-07
0.7312000122070312 9.960616524848674e-07
0.7322000122070312 1.023833368284007e-06
0.7332000122070312 9.810172600231858e-07
0.7342000122070312 1.0605315684289153e-06
0.7352000122070312 1.0811789333173591e-06
0.7362000122070312 1.1101737295070454e-06
0.7372000122070312 1.0356780128656992e-06
0.7382000122070312 9.574493702125943e-07
0.7392000122070312 9.10897381092784e-07
0.7402000122070312 8.26494498243038e-07
0.7412000122070312 9.590574861956864e-07
0.7422000122070312 1.0048189991114972e-06
0.7432000122070312 9.626597562196873e-07
0.7442000122070312 7.374519878390454e-07
0.7452000122070312 4.4917829856987934e-07
0.7462000122070312 4.301964003793223e-07
0.7472000122070312 5.739112041030441e-07
0.7482000122070313 7.656753384960919e-07
0.7492000122070313 8.110883289999845e-07
0.7502000122070313 9.544683497450832e-07
0.7512000122070313 9.648711905659486e-07
0.7522000122070313 1.1013248311226359e-06
0.7532000122070313 7.614344972011682e-07
0.7542000122070313 7.718161488165818e-07
0.7552000122070313 8.191708134959914e-07
0.7562000122070313 1.0293580231114496e-06
0.7572000122070313 1.0799669245089818e-06
0.7582000122070313 9.928206701361987e-07
0.7592000122070313 9.45603759545419e-07
0.7602000122070313 9.42641046195705e-07
0.7612000122070313 8.731130179108329e-07
0.7622000122070313 8.022358047633639e-07
0.7632000122070313 7.581097896844665e-07
0.7642000122070313 7.834983989596367e-07
0.7652000122070313 8.803214465539593e-07
0.7662000122070313 7.325185934961257e-07
0.7672000122070313 7.021993911217175e-07
0.7682000122070313 7.667728399004166e-07
0.7692000122070313 1.0130004900727527e-06
0.7702000122070313 1.0266822452346484e-06
0.7712000122070313 9.583649726765644e-07
0.7722000122070313 7.143874103753154e-07
0.7732000122070313 5.157317314620336e-07
0.7742000122070313 4.4338566820240674e-07
0.7752000122070313 6.857332219725422e-07
0.7762000122070313 6.674199348872318e-07
0.7772000122070313 7.174853505463749e-07
0.7782000122070313 4.104575596771317e-07
0.7792000122070313 7.169140134364068e-07
0.7802000122070313 8.422913505354597e-07
0.7812000122070313 9.307495848689641e-07
0.7822000122070313 7.736887346254662e-07
0.7832000122070313 4.3437234440939985e-07
0.7842000122070313 3.2839098137671383e-07
0.7852000122070313 3.960573629354277e-07
0.7862000122070313 4.285487871798684e-07
0.7872000122070313 4.5604564143609933e-07
0.7882000122070313 2.472342465706687e-07
0.7892000122070313 2.673582206183214e-07
0.7902000122070313 1.5745284394025952e-07
0.7912000122070313 8.914089733124007e-08
0.7922000122070313 8.48627887507626e-08
0.7932000122070313 2.25348135092476e-07
0.7942000122070313 2.25348135092476e-07
0.7952000122070313 1.4058534634110564e-07
0.7962000122070313 1.926976930081518e-07
0.7972000122070313 2.0301338267843101e-07
0.7982000122070313 2.0664656000766962e-07
0.7992000122070313 3.7658717676751815e-08
0.8002000122070313 3.2174048621649355e-08
0.8012000122070313 2.8540871292613357e-08
0.8022000122070313 7.861543758079484e-09
0.8032000122070313 3.0305231431052967e-09
0.8042000122070313 5.409954965319132e-09
0.8052000122070313 2.4794318222138354e-09
0.8062000122070313 2.4794318222138354e-09
0.8072000122070313 3.6788296992744366e-08
0.8082000122070313 3.6788296992744366e-08
0.8092000122070313 3.6788296992744366e-08
0.8102000122070312 3.221097004352876e-08
0.8112000122070312 6.241545043320648e-08
0.8122000122070312 1.484753561251088e-07
0.8132000122070312 1.3408144980881186e-07
0.8142000122070312 1.0387696941913417e-07
0.8152000122070312 1.781706372723183e-08
0.8162000122070312 5.447882301329003e-08
0.8172000122070312 6.363022564894334e-08
0.8182000122070312 7.164902768150038e-08
0.8192000122070312 1.727020466821036e-08
0.8202000122070312 8.118802032557058e-09
0.8212000122070312 2.707804751280342e-08
0.8222000122070312 2.707804751280342e-08
0.8232000122070312 7.215831207371698e-08
0.8242000122070312 7.270111510633765e-08
0.8252000122070312 1.1606365274801423e-07
0.8262000122070312 1.4283091366341687e-07
0.8272000122070312 1.1874111534899021e-07
0.8282000122070312 1.0325684017415198e-07
0.8292000122070312 4.823497063569542e-08
0.8302000122070312 1.0844223681245902e-07
0.8312000122070312 1.1807238876357832e-07
0.8322000122070312 1.1129306685529142e-07
0.8332000122070312 1.5057727384000127e-07
0.8342000122070312 1.4328765234766328e-07
0.8352000122070312 1.3492593012913315e-07
0.8362000122070312 6.611245380966402e-08
0.8372000122070312 7.038025094587834e-08
0.8382000122070312 7.232882853659909e-08
0.8392000122070312 1.0114803835398069e-07
0.8402000122070312 9.808032724592672e-08
0.8412000122070312 1.5705930456951228e-07
0.8422000122070312 9.413104567912894e-08
0.8432000122070312 7.287148197962619e-08
0.8442000122070312 1.0259315254277238e-08
0.8452000122070312 1.0259315254277238e-08
0.8462000122070312 4.572677497017127e-08
0.8472000122070312 8.760732912724006e-08
0.8482000122070312 8.760732912724009e-08
0.8492000122070312 1.2461605389146556e-07
0.8502000122070312 8.273549973439677e-08
0.8512000122070312 1.1421725738576415e-07
0.8522000122070312 9.883865331769503e-08
0.8532000122070312 9.883865331769505e-08
0.8542000122070312 6.735689566632767e-08
0.8552000122070312 1.0000000000000002e-10
0.8562000122070312 5.711623823297732e-08
0.8572000122070312 5.711623823297733e-08
0.8582000122070312 5.711623823297733e-08
0.8592000122070312 8.150442829492924e-08
0.8602000122070312 8.150442829492924e-08
0.8612000122070312 1.3738282136134986e-07
0.8622000122070312 8.535066616455827e-08
0.8632000122070312 9.556193939424418e-08
0.8642000122070312 3.968354632782354e-08
0.8652000122070312 1.0311273229685912e-08
0.8662000122070312 5.931844129601844e-08
0.8672000122070312 7.202965387779447e-08
0.8682000122070312 7.202965387779447e-08
0.8692000122070312 7.08849415180109e-08
0.8702000122070312 1.207955946878671e-07
0.8712000122070312 3.1765560592770515e-07
0.8722000122070312 3.542749464218922e-07
0.8732000122070313 2.916530806702599e-07
0.8742000122070313 9.479306943042189e-08
0.8752000122070313 1.4720074166572796e-07
0.8762000122070313 1.4720074166572796e-07
0.8772000122070313 2.3189211721911374e-07
0.8782000122070313 8.479137555338575e-08
0.8792000122070313 2.533370142640204e-07
0.8802000122070313 1.6864563871063465e-07
0.8812000122070313 4.4221780788786844e-07
0.8822000122070313 2.7367216917723383e-07
0.8832000122070313 2.7367216917723383e-07
0.8842000122070313 1.0000000000000002e-10
0.8852000122070313 7.886203432562836e-08
0.8862000122070313 3.018534232932449e-07
0.8872000122070313 4.327688201055278e-07
0.8882000122070313 3.540067857798994e-07
0.8892000122070313 1.3101539681228286e-07
0.8902000122070313 2.3976156868288447e-07
0.8912000122070313 2.3976156868288447e-07
0.8922000122070313 2.3976156868288447e-07
0.8932000122070313 1.0000000000000002e-10
0.8942000122070313 1.0000000000000002e-10
0.8952000122070313 5.563048708775595e-07
0.8962000122070313 1.718316248349939e-06
0.8972000122070313 1.718316248349939e-06
0.8982000122070313 1.2373576976119002e-06
0.8992000122070313 1.300028143986335e-07
0.9002000122070313 2.498016238594911e-07
0.9012000122070313 2.0725391678301824e-07
0.9022000122070313 2.268303457018233e-07
0.9032000122070313 1.2606542232541437e-07
0.9042000122070313 2.040874466243757e-07
0.9052000122070313 1.8122725608955398e-07
0.9062000122070313 1.6219337000510527e-07
0.9072000122070313 2.0667046009322975e-07
0.9082000122070313 2.6580127289579475e-07
0.9092000122070313 2.9718001539930665e-07
0.9102000122070313 2.0415661161189246e-07
0.9112000122070313 9.72114864126708e-08
0.9122000122070313 8.002703974920705e-08
0.9132000122070313 8.914465684868072e-08
0.9142000122070313 1.538748159967295e-07
0.9152000122070313 1.9407691021678412e-07
0.9162000122070313 1.472116355907155e-07
0.9172000122070313 1.4526864045094482e-07
0.9182000122070313 9.087225039084205e-08
0.9192000122070313 2.1438633629436039e-07
0.9202000122070313 1.48040752039643e-07
0.9212000122070313 2.8925193096728816e-07
0.9222000122070313 2.181641695705106e-07
0.9232000122070313 2.181641695705106e-07
0.9242000122070313 1.2974354905925216e-07
0.9252000122070313 1.1597157034603497e-07
0.9262000122070313 1.620445888744056e-07
0.9272000122070313 1.3568186154089458e-07
0.9282000122070313 1.6190901658479986e-07
0.9292000122070313 1.1583599805642919e-07
0.9302000122070313 1.9218542383771225e-07
0.9312000122070313 1.4944726698200475e-07
0.9322000122070313 2.736110582680796e-07
0.9332000122070313 2.629296155202161e-07
0.9342000122070313 2.7272105395159957e-07
0.9352000122070312 1.720354010674891e-07
0.9362000122070312 8.56664602687637e-08
0.9372000122070312 1.318916753051918e-07
0.9382000122070312 1.1340283338408824e-07
0.9392000122070312 1.7928246756671483e-07
0.9402000122070312 1.2563359488337673e-07
0.9412000122070312 2.6443304603442223e-07
0.9422000122070312 2.286053259606832e-07
0.9432000122070312 2.0836293149710388e-07
0.9442000122070312 2.113734651595184e-07
0.9452000122070312 3.344668963982366e-07
0.9462000122070312 4.351987072476816e-07
0.9472000122070312 5.168681713453162e-07
0.9482000122070312 4.769893736876884e-07
0.9492000122070312 6.049442870385545e-07
0.9502000122070312 5.989037032166036e-07
0.9512000122070312 7.390472804100333e-07
0.9522000122070312 8.035721715567166e-07
0.9532000122070312 7.5218540785089e-07
0.9542000122070312 7.76594350939464e-07
0.9552000122070312 7.987294009472454e-07
0.9562000122070312 1.0551862423503196e-06
0.9572000122070312 1.2860882906165633e-06
0.9582000122070312 1.656078980151775e-06
0.9592000122070312 2.1073274378048114e-06
0.9602000122070312 2.698271947327514e-06
0.9612000122070312 3.3946797369487426e-06
0.9622000122070312 4.186746880023651e-06
0.9632000122070312 5.020697540687079e-06
0.9642000122070312 5.821056741874398e-06
0.9652000122070312 6.690592688229675e-06
0.9662000122070312 7.684292769158376e-06
0.9672000122070312 9.074279189131635e-06
0.9682000122070312 1.0785469401484746e-05
0.9692000122070312 1.3017735060685804e-05
0.9702000122070312 1.55048596684229e-05
0.9712000122070312 1.8405929122877093e-05
0.9722000122070312 2.138405903625151e-05
0.9732000122070312 2.437430619367862e-05
0.9742000122070312 2.713187395213845e-05
0.9752000122070312 2.9839922707635287e-05
0.9762000122070312 3.2624353702747644e-05
0.9772000122070312 3.605167404815169e-05
0.9782000122070312 4.04491064771523e-05
0.9792000122070312 4.647337949683467e-05
0.9802000122070312 5.453428145888767e-05
0.9812000122070312 6.541755050705395e-05
0.9822000122070312 8.014830222839534e-05
0.9832000122070312 9.969915910644221e-05
0.9842000122070312 0.00012490427447603593
0.9852000122070312 0.00015701687344531933
0.9862000122070312 0.00019615940235619768
0.9872000122070312 0.00024294647072891975
0.9882000122070312 0.00029756929225378424
0.9892000122070312 0.00036004000140301204
0.9902000122070312 0.0004310277352822885
0.9912000122070312 0.0005100730563026696
0.9922000122070312 0.0005992508143365482
0.9932000122070312 0.0007010072775837634
0.9942000122070312 0.0008198196255733085
0.9952000122070312 0.0009610909650625955
0.9962000122070312 0.001136156410194526
0.9972000122070312 0.0013599789948807073
0.9982000122070313 0.03402382561033033
0.9992000122070313 0.0712617027496945
1.0002000122070311 0.11246412489149306
1.0012000122070313 0.12445906745062933
1.0022000122070311 0.13796110047234428
1.0032000122070313 0.15255612267388238
1.0042000122070311 0.17149067666795517
1.0052000122070313 0.19238528781467015
1.0062000122070311 0.2187376340230306
1.0072000122070313 0.24872444576687286
1.0082000122070311 0.2849006568060981
1.0092000122070313 0.3277533086140951
1.0102000122070312 0.378357064988878
1.0112000122070313 0.4364785639444987
1.0122000122070312 0.4995115195380317
1.0132000122070313 0.5646374977959527
1.0142000122070312 0.6244956080118815
1.0152000122070313 0.6771900897555883
1.0162000122070312 0.7182172309027779
1.0172000122070313 0.7484806315104167
1.0182000122070312 0.7653927273220485
1.0192000122070313 0.7742465294731987
1.0202000122070312 0.7778483072916668
1.0212000122070313 0.7780135260687934
1.0222000122070312 0.7776336161295574
1.0232000122070313 0.7760220336914062
1.024199951171875 0.7745822567409941
1.025199951171875 0.7735349443223741
1.026199951171875 0.7727464633517797
1.027199951171875 0.7764334191216363
1.028199951171875 0.7779615868462457
1.029199951171875 0.7787281121148004
1.030199951171875 0.7799321916368273
1.031199951171875 0.782437778049045
1.032199951171875 0.7871123504638672
1.033199951171875 0.7868783060709635
1.034199951171875 0.7885154469807942
1.035199951171875 0.7904647996690538
1.036199951171875 0.7937745073106554
1.037199951171875 0.7934881083170573
1.038199951171875 0.7942140875922309
1.039199951171875 0.7974495697021484
1.040199951171875 0.8008494144015843
1.041199951171875 0.8018384806315104
1.042199951171875 0.801147961086697
1.043199951171875 0.8012650807698567
1.044199951171875 0.8025931040445964
1.045199951171875 0.8039080386691623
1.046199951171875 0.8060280693901909
1.047199951171875 0.8071858554416231
1.048199951171875 0.8085900285508898
1.049199951171875 0.8090878380669488
1.050199951171875 0.8103487904866536
1.051199951171875 0.8125915188259549
1.052199951171875 0.8154317813449437
1.053199951171875 0.8186146375868055
1.054199951171875 0.8212076059977214
1.055199951171875 0.82329468621148
1.056199951171875 0.8243707699245876
1.057199951171875 0.8235892571343316
1.058199951171875 0.8269561428493922
1.059199951171875 0.8282518174913194
1.060199951171875 0.8276002248128255
1.061199951171875 0.8248683081732855
1.062199951171875 0.8223305087619359
1.063199951171875 0.8173233710394966
1.064199951171875 0.8103659057617187
1.065199951171875 0.8045883263481987
1.066199951171875 0.8011376529269748
1.067199951171875 0.7947697024875215
1.068199951171875 0.7878419664171007
1.069199951171875 0.7819511159261068
1.070199951171875 0.7759333886040582
1.071199951171875 0.7688348642985027
1.072199951171875 0.759955630832248
1.073199951171875 0.753846927218967
1.074199951171875 0.7476060740152995
1.075199951171875 0.7417704349093968
1.076199951171875 0.736178716023763
1.077199951171875 0.7308293151855468
1.078199951171875 0.7278889634874132
1.079199951171875 0.7225265163845485
1.080199951171875 0.7206331125895182
1.081199951171875 0.719379416571723
1.082199951171875 0.7209249199761285
1.083199951171875 0.7211675177680122
1.084199951171875 0.7233042314317493
1.085199951171875 0.7244225056966145
1.086199951171875 0.7284208001030816
1.087199951171875 0.7320074039035375
1.088199951171875 0.7392196909586589
1.089199951171875 0.7438238016764324
1.090199951171875 0.7520636155870225
1.091199951171875 0.7585472615559895
1.092199951171875 0.7664493645562065
1.093199951171875 0.7715466478135851
1.094199951171875 0.7780200110541449
1.095199951171875 0.7849688042534723
1.096199951171875 0.7906500074598525
1.097199951171875 0.7969485473632812
1.098199951171875 0.8015038723415799
1.099199951171875 0.8067977566189238
1.100199951171875 0.8094991726345487
1.101199951171875 0.8138895246717666
1.102199951171875 0.8168477206759984
1.103199951171875 0.8198194800482855
1.104199951171875 0.8202894931369359
1.105199951171875 0.8224569956461589
1.106199951171875 0.8239751603868274
1.107199951171875 0.8238444010416667
1.108199951171875 0.8233895450168187
1.109199951171875 0.8230207909478082
1.110199951171875 0.8234229024251302
1.111199951171875 0.8221649424235027
1.112199951171875 0.8217637464735243
1.113199951171875 0.8205768415662977
1.114199951171875 0.8193113369411891
1.115199951171875 0.8150452253553603
1.116199951171875 0.8116780683729384
1.117199951171875 0.809377924601237
1.118199951171875 0.8064524078369141
1.119199951171875 0.8024779510498047
1.120199951171875 0.8015432569715712
1.121199951171875 0.8001432545979817
1.122199951171875 0.7997817060682507
1.123199951171875 0.7961881171332464
1.124199951171875 0.7966358947753907
1.125199951171875 0.796298599243164
1.126199951171875 0.7982941860622829
1.127199951171875 0.7985291714138454
1.128199951171875 0.8019293636745876
1.129199951171875 0.8039722781711156
1.130199951171875 0.8063184611002605
1.131199951171875 0.8087778218587239
1.132199951171875 0.8114378526475694
1.133199951171875 0.8136812337239583
1.134199951171875 0.8165399593777128
1.135199951171875 0.8189127349853516
1.136199951171875 0.8219169277615017
1.137199951171875 0.8252066040039062
1.138199951171875 0.8261413489447699
1.139199951171875 0.8300342475043402
1.140199951171875 0.8302808719211155
1.141199951171875 0.8335141923692493
1.142199951171875 0.8366663275824654
1.143199951171875 0.8405788845486113
1.144199951171875 0.8434221903483073
1.145199951171875 0.8451111602783203
1.146199951171875 0.8469677734375
1.147199951171875 0.8485048929850261
1.148199951171875 0.8499367777506511
1.149199951171875 0.8531280093722872
1.150199951171875 0.8557651858859591
1.151199951171875 0.8591111924913194
1.152199951171875 0.8623755645751953
1.153199951171875 0.8646005503336589
1.154199951171875 0.867429470486111
1.155199951171875 0.8710823567708332
1.156199951171875 0.8757740359836156
1.157199951171875 0.88153197394477
1.158199951171875 0.8866622331407337
1.159199951171875 0.8956735144721137
1.160199951171875 0.8977283053927952
1.161199951171875 0.9014477284749348
1.162199951171875 0.9033533053927952
1.163199951171875 0.90891845703125
1.164199951171875 0.9113765123155382
1.165199951171875 0.9153892517089843
1.166199951171875 0.9174941592746308
1.167199951171875 0.9206048583984375
1.168199951171875 0.9205165100097656
1.169199951171875 0.9235811445448134
1.170199951171875 0.9265781572129991
1.171199951171875 0.927077882554796
1.172199951171875 0.9278841654459636
1.173199951171875 0.9269788614908855
1.174199951171875 0.9285178968641492
1.175199951171875 0.9291388193766277
1.176199951171875 0.9293400149875218
1.177199951171875 0.930000508626302
1.178199951171875 0.9291638268364799
1.179199951171875 0.9301690589057074
1.180199951171875 0.9297335476345485
1.181199951171875 0.9303052859836156
1.182199951171875 0.9309596845838759
1.183199951171875 0.9292838372124567
1.184199951171875 0.9287634701199
1.185199951171875 0.9255376688639323
1.186199951171875 0.9241385396321614
1.187199951171875 0.9183905877007378
1.188199951171875 0.9185962677001953
1.189199951171875 0.9218649970160591
1.190199951171875 0.922868889702691
1.191199951171875 0.9177264319525824
1.192199951171875 0.9093692440456813
1.193199951171875 0.907593239678277
1.194199951171875 0.9060371653238932
1.195199951171875 0.9040522596571181
1.196199951171875 0.900713873969184
1.197199951171875 0.8997148217095269
1.198199951171875 0.8988154432508679
1.199199951171875 0.8988322703043621
1.200199951171875 0.8973013729519314
1.201199951171875 0.8966873084174262
1.202199951171875 0.896646448771159
1.203199951171875 0.8930526479085286
1.204199951171875 0.8933006456163194
1.205199951171875 0.8911419508192274
1.206199951171875 0.8926464589436849
1.207199951171875 0.8929428100585938
1.208199951171875 0.8926480187310113
1.209199951171875 0.8930669657389323
1.210199951171875 0.8909679836697048
1.211199951171875 0.8923162417941625
1.212199951171875 0.8898062133789062
1.213199951171875 0.8895250362820094
1.214199951171875 0.8872640991210937
1.215199951171875 0.8874285210503472
1.216199951171875 0.887321539984809
1.217199951171875 0.8837945895724828
1.218199951171875 0.8861401112874349
1.219199951171875 0.8864032660590278
1.220199951171875 0.8894382900661891
1.221199951171875 0.8931611887613933
1.222199951171875 0.8967197757297093
1.223199951171875 0.9020081753200954
1.224199951171875 0.9025743950737847
1.225199951171875 0.9066399044460719
1.226199951171875 0.9111643388536241
1.227199951171875 0.9171997748480902
1.228199951171875 0.9219594150119356
1.229199951171875 0.9256967163085937
1.230199951171875 0.9288048299153645
1.231199951171875 0.929289279513889
1.232199951171875 0.9313121371799046
1.233199951171875 0.9318039025200738
1.234199951171875 0.9350259823269313
1.235199951171875 0.9349047342936199
1.236199951171875 0.9339190928141277
1.237199951171875 0.9328428734673393
1.238199951171875 0.9325656467013888
1.239199951171875 0.9327698686387804
1.240199951171875 0.9341509840223523
1.241199951171875 0.9353856574164496
1.242199951171875 0.9395508066813152
1.243199951171875 0.9412968275282119
1.244199951171875 0.9443113115098742
1.245199951171875 0.946464318169488
1.246199951171875 0.947278544108073
1.247199951171875 0.9485716671413844
1.248199951171875 0.9509083641899956
1.249199951171875 0.9545937347412109
1.250199951171875 0.9587534925672743
1.251199951171875 0.9631289842393664
1.252199951171875 0.9665464104546442
1.253199951171875 0.9698682403564454
1.254199951171875 0.9723767513699001
1.255199951171875 0.9743815019395616
1.256199951171875 0.9756634521484375
1.257199951171875 0.9761952294243708
1.258199951171875 0.9754891035291884
1.259199951171875 0.9743570285373265
1.260199951171875 0.9729621209038629
1.261199951171875 0.9726147630479602
1.262199951171875 0.971243158976237
1.263199951171875 0.9717012702094183
1.264199951171875 0.9728192138671875
1.265199951171875 0.973607211642795
1.266199951171875 0.9709169430202906
1.267199951171875 0.9715918477376302
1.268199951171875 0.973177744547526
1.269199951171875 0.9759768846299913
1.270199951171875 0.9729064263237847
1.271199951171875 0.9679719034830729
1.272199951171875 0.9582190619574652
1.273199951171875 0.9487865532769097
1.274199951171875 0.928776609632704
1.275199951171875 0.9017299482557509
1.276199951171875 0.8592677476671007
1.277199951171875 0.8087830691867406
1.278199951171875 0.7455823262532552
1.279199951171875 0.6759891340467665
1.280199951171875 0.6022558381822375
1.281199951171875 0.5278095838758682
1.282199951171875 0.4567400275336372
1.283199951171875 0.3901492521497938
1.284199951171875 0.3312870979309082
1.285199951171875 0.28048153347439236
1.286199951171875 0.23780625661214191
1.287199951171875 0.20334576712714297
1.288199951171875 0.17359728813171382
1.289199951171875 0.14986719873216414
1.290199951171875 0.12921533160739473
1.291199951171875 0.11317783885531954
1.292199951171875 0.09888493855794271
1.293199951171875 0.08794964790344237
1.294199951171875 0.07758330451117622
1.295199951171875 0.06942184978061251
1.296199951171875 0.06088183667924668
1.297199951171875 0.05235406239827474
1.298199951171875 0.04324031697379218
1.299199951171875 0.03487883329391479
1.300199951171875 0.028002638816833497
1.301199951171875 0.02233551104863485
1.302199951171875 0.01789481335216098
1.303199951171875 0.014328800042470296
1.304199951171875 0.011585267980893453
1.305199951171875 0.009352780977884927
1.306199951171875 0.007538946999443902
1.307199951171875 0.006133712298340267
1.308199951171875 0.005018196105957031
1.309199951171875 0.004139146142535739
1.310199951171875 0.0034401561154259568
1.311199951171875 0.002872447652949227
1.312199951171875 0.0024092722932497657
1.313199951171875 0.0020289690958129034
1.314199951171875 0.001712158653471205
1.315199951171875 0.0014536073389980527
1.316199951171875 0.0012317175583706963
1.317199951171875 0.0010524821033080418
1.318199951171875 0.000899253636598587
1.319199951171875 0.0007714150432083343
1.320199951171875 0.0006601046688026853
1.321199951171875 0.000570849221613672
1.322199951171875 0.0004946581191486782
1.323199951171875 0.00043207849893305033
1.324199951171875 0.00037484360237916313
1.325199951171875 0.0003259107015199131
1.326199951171875 0.000287019523481528
1.327199951171875 0.0002509093305302991
1.328199951171875 0.0002218098089926773
1.329199951171875 0.0001935758545166916
1.330199951171875 0.00017316793298555744
1.331199951171875 0.00015429510010613336
1.332199951171875 0.00013812636542651392
1.333199951171875 0.0001241858769208193
1.334199951171875 0.00011236717510554527
1.335199951171875 0.00010053342311746546
1.336199951171875 8.985833989249336e-05
1.337199951171875 8.109284306152e-05
1.338199951171875 7.381639753778775e-05
1.339199951171875 6.806105013108915e-05
1.340199951171875 6.212428574346833e-05
1.341199951171875 5.698194209900168e-05
1.342199951171875 5.119852462990417e-05
1.343199951171875 4.728670904619827e-05
1.344199951171875 4.471886592606704e-05
1.345199951171875 4.166743459386958e-05
1.346199951171875 3.7513535676731005e-05
1.347199951171875 3.5554191045877e-05
1.348199951171875 3.298163646832108e-05
1.349199951171875 3.1691303011029955e-05
1.350199951171875 2.7595191883544125e-05
1.351199951171875 2.5624124229782152e-05
1.352199951171875 2.4392446503043174e-05
1.353199951171875 2.3633524413324068e-05
1.354199951171875 2.171720986047553e-05
1.355199951171875 1.9909157805765666e-05
1.356199951171875 1.855898997746408e-05
1.357199951171875 1.821245894663864e-05
1.358199951171875 1.6406527849742108e-05
1.359199951171875 1.4691928841380609e-05
1.360199951171875 1.3822567675055728e-05
1.361199951171875 1.3734208704489798e-05
1.362199951171875 1.323700591456145e-05
1.363199951171875 1.2220508975183799e-05
1.364199951171875 1.1326265586022704e-05
1.365199951171875 1.15645428498586e-05
1.366199951171875 1.0953235517566402e-05
1.367199951171875 1.0516024129982621e-05
1.368199951171875 1.085237308871001e-05
1.369199951171875 1.157894517139842e-05
1.370199951171875 1.1120640621003179e-05
1.371199951171875 1.0163150921774407e-05
1.372199951171875 1.1914880855733321e-05
1.373199951171875 1.0427388357735861e-05
1.374199951171875 1.0178593551649504e-05
1.375199951171875 6.738885074608131e-06
1.376199951171875 8.234584594093678e-06
1.377199951171875 8.101170436323931e-06
1.378199951171875 9.911950069686606e-06
1.379199951171875 9.822134484743906e-06
1.380199951171875 9.065075363549921e-06
1.381199951171875 8.588932622741495e-06
1.382199951171875 8.1227298748369e-06
1.383199951171875 7.736099424720224e-06
1.384199951171875 7.418887463346537e-06
1.385199951171875 7.450945655970524e-06
1.386199951171875 7.5900582143933416e-06
1.387199951171875 6.854868358156333e-06
1.388199951171875 6.580694688535813e-06
1.389199951171875 5.960269255511877e-06
1.390199951171875 5.486359295900911e-06
1.391199951171875 6.065200658566836e-06
1.392199951171875 7.1623550158821876e-06
1.393199951171875 6.963095672997749e-06
1.394199951171875 6.50882753284855e-06
1.395199951171875 6.539699323992762e-06
1.396199951171875 5.3672245314739795e-06
1.397199951171875 5.316314138646109e-06
1.398199951171875 5.721779067967682e-06
1.399199951171875 7.226158955341413e-06
1.400199951171875 7.787870838203366e-06
1.401199951171875 7.27758923959401e-06
1.402199951171875 7.018302599640771e-06
1.403199951171875 7.1095427200715584e-06
1.404199951171875 7.194094004161242e-06
1.405199951171875 8.249855018220841e-06
1.406199951171875 7.673179045216076e-06
1.407199951171875 7.622830129952893e-06
1.408199951171875 7.459322029414276e-06
1.409199951171875 7.63700175512996e-06
1.410199951171875 7.56968116749906e-06
1.411199951171875 7.48907571606752e-06
1.412199951171875 7.887226464744243e-06
1.413199951171875 7.693264439391593e-06
1.414199951171875 6.758182878709502e-06
1.415199951171875 7.5641474298511946e-06
1.416199951171875 6.888084656869372e-06
1.417199951171875 7.664294874606034e-06
1.418199951171875 7.940424903709856e-06
1.419199951171875 8.468244082501365e-06
1.420199951171875 8.594462964942473e-06
1.421199951171875 7.517598343030032e-06
1.422199951171875 8.40249008938877e-06
1.423199951171875 8.147739313749803e-06
1.424199951171875 7.935730520532363e-06
1.425199951171875 6.9681441204415415e-06
1.426199951171875 6.591912080895983e-06
1.427199951171875 6.228209919451425e-06
1.428199951171875 6.700398937229896e-06
1.429199951171875 6.666686870933821e-06
1.430199951171875 6.619041345806586e-06
1.431199951171875 7.279614090091652e-06
1.432199951171875 7.278757273323006e-06
1.433199951171875 6.74528606598162e-06
1.434199951171875 5.703985225409269e-06
1.435199951171875 5.892480257898569e-06
1.436199951171875 7.000457036257204e-06
1.437199951171875 6.4088026475575225e-06
1.438199951171875 6.94216031762254e-06
1.439199951171875 6.247471093148406e-06
1.440199951171875 7.68963777874079e-06
1.441199951171875 7.153461143995324e-06
1.442199951171875 7.776797024740113e-06
1.443199951171875 6.052710575911786e-06
1.444199951171875 7.44568257181931e-06
1.445199951171875 6.129904443999597e-06
1.446199951171875 6.373796236908269e-06
1.447199951171875 4.884395748376846e-06
1.448199951171875 5.905718199856993e-06
1.449199951171875 4.802448941821543e-06
1.450199951171875 4.491042741897723e-06
1.451199951171875 4.181367831835006e-06
1.452199951171875 5.952387356147585e-06
1.453199951171875 6.6637118773845335e-06
1.454199951171875 5.65228825305692e-06
1.455199951171875 5.379184116868096e-06
1.456199951171875 5.719932928008752e-06
1.457199951171875 6.146949922872913e-06
1.458199951171875 6.522657446718464e-06
1.459199951171875 6.057314555315921e-06
1.460199951171875 6.950206621291322e-06
1.461199951171875 5.827642097655269e-06
1.462199951171875 6.5944015255404835e-06
1.463199951171875 5.178164234772945e-06
1.464199951171875 6.496731350327739e-06
1.465199951171875 5.464508705901809e-06
1.466199951171875 5.657340920556129e-06
1.467199951171875 4.413504470398443e-06
1.468199951171875 4.790157318994817e-06
1.469199951171875 4.810843189867835e-06
1.470199951171875 5.629369972868719e-06
1.471199951171875 4.869938469103847e-06
1.472199951171875 5.473240453284233e-06
1.473199951171875 5.053282269121458e-06
1.474199951171875 4.423760450057064e-06
1.475199951171875 6.036041773364154e-06
1.476199951171875 6.881599369484723e-06
1.477199951171875 7.358650812723985e-06
1.478199951171875 5.73432619502354e-06
1.479199951171875 4.812813422176986e-06
1.480199951171875 4.911576850443251e-06
1.481199951171875 4.409949760884047e-06
1.482199951171875 5.841759136981435e-06
1.483199951171875 5.72323651997269e-06
1.484199951171875 6.890200974238622e-06
1.485199951171875 5.873228736972022e-06
1.486199951171875 5.226951276805872e-06
1.487199951171875 3.9426902883822455e-06
1.488199951171875 4.472506636694876e-06
1.489199951171875 5.401178094887666e-06
1.490199951171875 5.789064485321029e-06
1.491199951171875 5.4972300293027525e-06
1.492199951171875 6.055384777331104e-06
1.493199951171875 5.761836299724462e-06
1.494199951171875 5.407842949757144e-06
1.495199951171875 5.69972888721774e-06
1.496199951171875 7.4729366396139884e-06
1.497199951171875 6.683398274213282e-06
1.498199951171875 6.484146595337532e-06
1.499199951171875 6.359902084417021e-06
1.500199951171875 8.50839333401786e-06
1.501199951171875 8.418157651451314e-06
1.502199951171875 9.232340348211842e-06
1.503199951171875 9.517801970812596e-06
1.504199951171875 8.268841540686682e-06
1.505199951171875 6.638798424521359e-06
1.506199951171875 6.372460799563365e-06
1.507199951171875 8.391394270195937e-06
1.508199951171875 9.625867953420514e-06
1.509199951171875 9.092524285531707e-06
1.510199951171875 7.314918976691034e-06
1.511199951171875 6.958747916440997e-06
1.512199951171875 6.572738154015193e-06
1.513199951171875 6.89945140038617e-06
1.514199951171875 5.224732788822925e-06
1.515199951171875 3.985124446141223e-06
1.516199951171875 4.998489182778738e-06
1.517199951171875 5.8381673524207945e-06
1.518199951171875 7.416522777121929e-06
1.519199951171875 6.188581675006491e-06
1.520199951171875 7.157756950214711e-06
1.521199951171875 7.479188902329445e-06
1.522199951171875 8.393055500669611e-06
1.523199951171875 7.234679037032443e-06
1.524199951171875 7.164642609293676e-06
1.525199951171875 7.11629370925948e-06
1.526199951171875 7.525393286616438e-06
1.527199951171875 7.05810444843438e-06
1.528199951171875 8.25618781770269e-06
1.529199951171875 8.146333081337312e-06
1.530199951171875 9.032773022125994e-06
1.531199951171875 8.907473465013836e-06
1.532199951171875 8.449669144788966e-06
1.533199951171875 8.170108291475723e-06
1.534199951171875 7.515077692611764e-06
1.535199951171875 9.296453596713642e-06
1.536199951171875 9.857018465279704e-06
1.537199951171875 9.464172374767563e-06
1.538199951171875 1.0302522374937933e-05
1.539199951171875 9.902160511248642e-06
1.540199951171875 1.0162169023209976e-05
1.541199951171875 7.954416343838805e-06
1.542199951171875 6.769712134781811e-06
1.543199951171875 7.5149909955345935e-06
1.544199951171875 7.457786381969022e-06
1.545199951171875 7.902628017796409e-06
1.546199951171875 6.7563104029330934e-06
1.547199951171875 7.720297629324099e-06
1.548199951171875 7.3233752563181855e-06
1.549199951171875 8.997375714696116e-06
1.550199951171875 6.575418725939623e-06
1.551199951171875 6.805566901877886e-06
1.552199951171875 6.114769441612427e-06
1.553199951171875 7.413748082601362e-06
1.554199951171875 7.909925951951673e-06
1.555199951171875 6.080034221179136e-06
1.556199951171875 5.4788192888495965e-06
1.557199951171875 6.65346749075171e-06
1.558199951171875 7.732056352930765e-06
1.559199951171875 7.567857982293288e-06
1.560199951171875 5.565585524891503e-06
1.561199951171875 5.722796947035628e-06
1.562199951171875 5.759261467675161e-06
1.563199951171875 6.521929511412358e-06
1.564199951171875 6.731478707580309e-06
1.565199951171875 6.230598231434175e-06
1.566199951171875 6.8831269033441275e-06
1.567199951171875 7.013748063517709e-06
1.568199951171875 7.4244705804934105e-06
1.569199951171875 7.934066040130953e-06
1.570199951171875 5.943742542310954e-06
1.571199951171875 8.142131872672407e-06
1.572199951171875 5.896379324339149e-06
1.573199951171875 7.737505527782357e-06
1.574199951171875 7.4310486605908305e-06
1.575199951171875 7.882841325934149e-06
1.576199951171875 8.538626425433903e-06
1.577199951171875 6.422262897423339e-06
1.578199951171875 6.64509375597058e-06
1.579199951171875 4.443679308796276e-06
1.580199951171875 6.206489989482281e-06
1.581199951171875 6.923395913973865e-06
1.582199951171875 8.489301188900653e-06
1.583199951171875 8.757784445252683e-06
1.584199951171875 7.679142129038357e-06
1.585199951171875 7.351298093756971e-06
1.586199951171875 6.656442912774057e-06
1.587199951171875 7.665890548701604e-06
1.588199951171875 7.4429836563972954e-06
1.589199951171875 8.241179813113476e-06
1.590199951171875 6.850240267037103e-06
1.591199951171875 6.9157223333604635e-06
1.592199951171875 6.142515372226221e-06
1.593199951171875 5.787678819615395e-06
1.594199951171875 7.6147440833867434e-06
1.595199951171875 7.30619937207343e-06
1.596199951171875 9.506779218403001e-06
1.597199951171875 8.198784263287152e-06
1.598199951171875 8.6562281810782e-06
1.599199951171875 8.09289838394357e-06
1.600199951171875 6.751969510029691e-06
1.601199951171875 8.247308538153045e-06
1.602199951171875 6.74362567224307e-06
1.603199951171875 8.504409767435087e-06
1.604199951171875 7.97610403727352e-06
1.605199951171875 9.255246517972814e-06
1.606199951171875 8.76450691268676e-06
1.607199951171875 7.553749698369453e-06
1.608199951171875 7.743924345252001e-06
1.609199951171875 6.761133554391563e-06
1.610199951171875 5.633839677624172e-06
1.611199951171875 4.456345004772742e-06
1.612199951171875 5.007762992152504e-06
1.613199951171875 6.4819553194360595e-06
1.614199951171875 7.298111449927092e-06
1.615199951171875 5.6070314450254155e-06
1.616199951171875 4.2703915491642485e-06
1.617199951171875 4.378473668229274e-06
1.618199951171875 6.108847045668892e-06
1.619199951171875 7.691861505413221e-06
1.620199951171875 6.6407711064029065e-06
1.621199951171875 6.311759288008841e-06
1.622199951171875 4.116636817258861e-06
1.623199951171875 4.661676764869209e-06
1.624199951171875 5.637580522303132e-06
1.625199951171875 5.78399951651814e-06
1.626199951171875 7.182887448042605e-06
1.627199951171875 6.067107027286018e-06
1.628199951171875 9.065270779602642e-06
1.629199951171875 9.33058491985624e-06
1.630199951171875 1.0318493651640082e-05
1.631199951171875 8.139352689290212e-06
1.632199951171875 5.863771644439729e-06
1.633199951171875 6.358608810353377e-06
1.634199951171875 6.986706271786423e-06
1.635199951171875 7.886498254568626e-06
1.636199951171875 5.920337700647198e-06
1.637199951171875 6.695681400338396e-06
1.638199951171875 7.101861798825363e-06
1.639199951171875 8.82366801508599e-06
1.640199951171875 9.309913859599168e-06
1.641199951171875 8.371134482549891e-06
1.642199951171875 8.188492553741334e-06
1.643199951171875 6.1761343255827146e-06
1.644199951171875 6.8263575020763615e-06
1.645199951171875 5.7935329257614085e-06
1.646199951171875 6.5784341940242376e-06
1.647199951171875 7.254861735014451e-06
1.648199951171875 7.034258087514899e-06
1.649199951171875 6.771015590250803e-06
1.650199951171875 6.038688677815824e-06
1.651199951171875 5.193911266461429e-06
1.652199951171875 5.172774512579458e-06
1.653199951171875 4.838939316363798e-06
1.654199951171875 6.388388153734721e-06
1.655199951171875 7.397850858978927e-06
1.656199951171875 7.429625988556329e-06
1.657199951171875 6.5548893770836805e-06
1.658199951171875 5.337880465958733e-06
1.659199951171875 6.046197183119754e-06
1.660199951171875 4.865216944818229e-06
1.661199951171875 6.483400492604356e-06
1.662199951171875 8.154091263382746e-06
1.663199951171875 9.072816937094113e-06
1.664199951171875 8.355218632475963e-06
1.665199951171875 5.541430604992175e-06
1.666199951171875 5.956079390384438e-06
1.667199951171875 7.598953011050588e-06
1.668199951171875 8.498677117232647e-06
1.669199951171875 9.464347967877985e-06
1.670199951171875 7.973311908750072e-06
1.671199951171875 6.823552914603484e-06
1.672199951171875 7.607145739324158e-06
1.673199951171875 7.134483234561747e-06
1.674199951171875 8.379538258951573e-06
1.675199951171875 8.994885849662954e-06
1.676199951171875 8.901664663830564e-06
1.677199951171875 8.388131391257048e-06
1.678199951171875 6.2558243128781525e-06
1.679199951171875 8.176521255841687e-06
1.680199951171875 6.528976509022991e-06
1.681199951171875 5.795955615750772e-06
1.682199951171875 2.9068303181991852e-06
1.683199951171875 3.805830754487853e-06
1.684199951171875 5.428432312243695e-06
1.685199951171875 7.015182992391701e-06
1.686199951171875 8.503620726211618e-06
1.687199951171875 6.414285493924076e-06
1.688199951171875 4.116143935805678e-06
1.689199951171875 2.6320805723785886e-06
1.690199951171875 3.906302774776549e-06
1.691199951171875 4.498655458232569e-06
1.692199951171875 4.241026559442436e-06
1.693199951171875 3.5506271749024484e-06
1.694199951171875 5.900053145556761e-06
1.695199951171875 7.816746610959966e-06
1.696199951171875 8.163062043927816e-06
1.697199951171875 6.675105267074993e-06
1.698199951171875 5.275902011716325e-06
1.699199951171875 5.825414458134522e-06
1.700199951171875 4.696719228781552e-06
1.701199951171875 6.051226114828346e-06
1.702199951171875 4.456868922227347e-06
1.703199951171875 4.797351029099457e-06
1.704199951171875 4.367544561436373e-06
1.705199951171875 5.350482779366869e-06
1.706199951171875 4.368575129200833e-06
1.707199951171875 4.744822529101356e-06
1.708199951171875 5.1505168419642255e-06
1.709199951171875 6.551455395917098e-06
1.710199951171875 7.655185246322717e-06
1.711199951171875 5.919926469821016e-06
1.712199951171875 8.0505809680314e-06
1.713199951171875 4.217938723402407e-06
1.714199951171875 5.6368822922219725e-06
1.715199951171875 4.113920527573829e-06
1.716199951171875 6.296651683644289e-06
1.717199951171875 5.428637332560469e-06
1.718199951171875 4.8437946823594775e-06
1.719199951171875 4.733918538509919e-06
1.720199951171875 6.2737176581991375e-06
1.721199951171875 6.924312716970841e-06
1.722199951171875 8.45578402125587e-06
1.723199951171875 6.993631819281907e-06
1.724199951171875 7.357798510198146e-06
1.725199951171875 4.878847660030575e-06
1.726199951171875 8.03643975410119e-06
1.727199951171875 6.928935479579105e-06
1.728199951171875 7.700757013497433e-06
1.729199951171875 5.689821914141765e-06
1.730199951171875 5.584459997610086e-06
1.731199951171875 5.949363759201433e-06
1.732199951171875 5.848561478261318e-06
1.733199951171875 5.379035574151203e-06
1.734199951171875 4.344613262219354e-06
1.735199951171875 5.462467314727191e-06
1.736199951171875 6.037344787340378e-06
1.737199951171875 6.379682732299152e-06
1.738199951171875 7.4742928650935645e-06
1.739199951171875 7.010324188740924e-06
1.740199951171875 6.89349843822937e-06
1.741199951171875 4.251860195331068e-06
1.742199951171875 5.269690804719692e-06
1.743199951171875 5.219578943304665e-06
1.744199951171875 4.246121585141556e-06
1.745199951171875 6.548632404313656e-06
1.746199951171875 8.311958416824281e-06
1.747199951171875 8.645919830693553e-06
1.748199951171875 7.092764297138072e-06
1.749199951171875 4.859100451471853e-06
1.750199951171875 5.585237548225585e-06
1.751199951171875 6.60719860242113e-06
1.752199951171875 6.706663976442251e-06
1.753199951171875 7.21865804443568e-06
1.754199951171875 4.071375914480097e-06
1.755199951171875 5.237649443810987e-06
1.756199951171875 4.611914579678948e-06
1.757199951171875 7.217194943223148e-06
1.758199951171875 5.917371189651831e-06
1.759199951171875 7.789911576562896e-06
1.760199951171875 6.380362329865522e-06
1.761199951171875 8.980312171236923e-06
1.762199951171875 6.74458377753299e-06
1.763199951171875 8.144111605276431e-06
1.764199951171875 4.9894891236955545e-06
1.765199951171875 5.939184881803191e-06
1.766199951171875 3.85488442939261e-06
1.767199951171875 5.964859647300042e-06
1.768199951171875 7.589538374624086e-06
1.769199951171875 7.3622855447524286e-06
1.770199951171875 7.668061608674393e-06
1.771199951171875 8.070702237613266e-06
1.772199951171875 8.041915474071479e-06
1.773199951171875 6.10501221178635e-06
1.774199951171875 5.334514946617987e-06
1.775199951171875 5.643526523793815e-06
1.776199951171875 7.99506521919587e-06
1.777199951171875 5.9808212245116014e-06
1.778199951171875 8.20122227499572e-06
1.779199951171875 7.511030901999523e-06
1.780199951171875 1.0109352814551028e-05
1.781199951171875 9.589555427535539e-06
1.782199951171875 9.69141041019207e-06
1.783199951171875 8.615816138141477e-06
1.784199951171875 8.202583719846897e-06
1.785199951171875 8.911158980077341e-06
1.786199951171875 9.245657646614645e-06
1.787199951171875 8.408318668157042e-06
1.788199951171875 1.1173920634687127e-05
1.789199951171875 1.1363202376051262e-05
1.790199951171875 1.1918974244811883e-05
1.791199951171875 8.116851580174019e-06
1.792199951171875 8.912422183331931e-06
1.793199951171875 7.853598301472944e-06
1.794199951171875 9.666444403810814e-06
1.795199951171875 7.620773640273112e-06
1.796199951171875 7.404210246257431e-06
1.797199951171875 7.237683447917457e-06
1.798199951171875 8.63394918899295e-06
1.799199951171875 1.1338397501579796e-05
1.800199951171875 1.0074689751406279e-05
1.801199951171875 1.0938602745344837e-05
1.802199951171875 8.595196950526881e-06
1.803199951171875 8.281700319474123e-06
1.804199951171875 8.657941251856766e-06
1.805199951171875 1.0875116361013483e-05
1.806199951171875 1.213049412601524e-05
1.807199951171875 1.0077340088577734e-05
1.808199951171875 1.0405199459960892e-05
1.809199951171875 1.0932195000350475e-05
1.810199951171875 1.3917995513313348e-05
1.811199951171875 1.159730978542939e-05
1.812199951171875 7.99179221365619e-06
1.813199951171875 6.2961000883622456e-06
1.814199951171875 9.97163690359453e-06
1.815199951171875 1.1026049679559136e-05
1.816199951171875 7.096425228912098e-06
1.817199951171875 7.052978513404857e-06
1.818199951171875 1.3855565558968447e-05
1.819199951171875 1.828964476266669e-05
1.820199951171875 1.4807065896934467e-05
1.821199951171875 1.0282001044017934e-05
1.822199951171875 1.1485606250701212e-05
1.823199951171875 1.1092203324854684e-05
1.824199951171875 1.2544601720744846e-05
1.825199951171875 8.218179468207785e-06
1.826199951171875 1.2653684599273318e-05
1.827199951171875 1.1268262331011807e-05
1.828199951171875 1.352322730882507e-05
1.829199951171875 1.1494505225629027e-05
1.830199951171875 9.500346883820991e-06
1.831199951171875 8.627721903916215e-06
1.832199951171875 9.338795744160165e-06
1.833199951171875 1.4631702849142848e-05
1.834199951171875 1.4232331097765699e-05
1.835199951171875 1.453654726105036e-05
1.836199951171875 9.678148787247586e-06
1.837199951171875 1.359402766675603e-05
1.838199951171875 1.0540652942448621e-05
1.839199951171875 1.0308597702533006e-05
1.840199951171875 7.626195890932448e-06
1.841199951171875 7.5310908464921836e-06
1.842199951171875 1.0143461016317207e-05
1.843199951171875 9.465491586726988e-06
1.844199951171875 1.689833909040317e-05
1.845199951171875 1.4099817214325109e-05
1.846199951171875 1.3239572661202853e-05
1.847199951171875 1.0480296961961558e-05
1.848199951171875 1.21648570348043e-05
1.849199951171875 1.5212225698633119e-05
1.850199951171875 1.3501813502645948e-05
1.851199951171875 1.5377623300688964e-05
1.852199951171875 1.8011145811114045e-05
1.853199951171875 1.5460878720558768e-05
1.854199951171875 2.242022636993271e-05
1.855199951171875 1.4884662149731536e-05
1.856199951171875 1.6723765307518806e-05
1.857199951171875 6.8118407715081185e-06
1.858199951171875 1.4231948156032066e-05
1.859199951171875 1.192247057195771e-05
1.860199951171875 1.2305560554119034e-05
1.861199951171875 7.661316097558786e-06
1.862199951171875 8.684393121964401e-06
1.863199951171875 1.2721363196356429e-05
1.864199951171875 1.1217582233475909e-05
1.865199951171875 1.0780130221889433e-05
1.866199951171875 5.630283726261669e-06
1.867199951171875 8.855364757453582e-06
1.868199951171875 9.259638259949318e-06
1.869199951171875 1.1875839671035375e-05
1.870199951171875 1.2085580823133984e-05
1.871199951171875 1.4506538411498899e-05
1.872199951171875 1.1483005868807202e-05
1.873199951171875 1.4076227723122239e-05
1.874199951171875 1.3294464300508897e-05
1.875199951171875 1.7896881973784834e-05
1.876199951171875 1.5520858060982494e-05
1.877199951171875 1.4628130386291876e-05
1.878199951171875 1.2636647106891474e-05
1.879199951171875 1.2608467872790758e-05
1.880199951171875 1.0750814399216322e-05
1.881199951171875 9.173782070134429e-06
1.882199951171875 1.169360205910704e-05
1.883199951171875 1.5305724344131615e-05
1.884199951171875 1.758260432527297e-05
1.885199951171875 1.4237011087566821e-05
1.886199951171875 1.7235916602658107e-05
1.887199951171875 2.130722777413515e-05
1.888199951171875 1.9205936812711027e-05
1.889199951171875 1.5230424035928498e-05
1.890199951171875 1.3758602843069549e-05
1.891199951171875 1.5987619376068728e-05
1.892199951171875 1.3824812214116022e-05
1.893199951171875 1.6614580319902732e-05
1.894199951171875 1.5998138360490997e-05
1.895199951171875 1.898027956485748e-05
1.896199951171875 1.4429527153778408e-05
1.897199951171875 1.3261463531829183e-05
1.898199951171875 1.4657805557278063e-05
1.899199951171875 1.460605105635418e-05
1.900199951171875 1.733838554678692e-05
1.901199951171875 1.1865338119722876e-05
1.902199951171875 1.6016711600479954e-05
1.903199951171875 1.3913394782943832e-05
1.904199951171875 1.6229482781555917e-05
1.905199951171875 1.2662842313552068e-05
1.906199951171875 1.388752391600671e-05
1.907199951171875 1.762072457091158e-05
1.908199951171875 1.4732736631736366e-05
1.909199951171875 1.75054051538205e-05
1.910199951171875 1.460875355405733e-05
1.911199951171875 1.6153504321765568e-05
1.912199951171875 1.4713334126604929e-05
1.913199951171875 1.9068274543517163e-05
1.914199951171875 1.7948306776816025e-05
1.915199951171875 1.714343510684557e-05
1.916199951171875 9.667536461266639e-06
1.917199951171875 6.816782834111222e-06
1.918199951171875 4.5573857826259405e-06
1.919199951171875 7.134781535804219e-06
1.920199951171875 1.5289345807828602e-05
1.921199951171875 1.6147437841650282e-05
1.922199951171875 1.9459569710222152e-05
1.923199951171875 1.288664445091471e-05
1.924199951171875 1.3380855137559895e-05
1.925199951171875 1.0149590577198785e-05
1.926199951171875 9.62747777342522e-06
1.927199951171875 6.293164475275305e-06
1.928199951171875 4.9906333955945174e-06
1.929199951171875 5.949319456280596e-06
1.930199951171875 7.926547091148509e-06
1.931199951171875 1.1770418191813112e-05
1.932199951171875 8.863736938244197e-06
1.933199951171875 1.3117907573493663e-05
1.934199951171875 1.2195121993128469e-05
1.935199951171875 1.7286539853860935e-05
1.936199951171875 1.4132378842700455e-05
1.937199951171875 1.4491024439966282e-05
1.938199951171875 9.49504871879034e-06
1.939199951171875 1.2951259630459411e-05
1.940199951171875 1.2171097241897083e-05
1.941199951171875 1.2939036487413544e-05
1.942199951171875 1.078364457409226e-05
1.943199951171875 1.5374116922851005e-05
1.944199951171875 1.76030983372281e-05
1.945199951171875 1.6893726488989263e-05
1.946199951171875 1.0964465905595312e-05
1.947199951171875 1.3153054682738409e-05
1.948199951171875 1.2837317121415659e-05
1.949199951171875 1.3865984057904118e-05
1.950199951171875 1.587154815853056e-05
1.951199951171875 1.2411470951653552e-05
1.952199951171875 1.6959613460567624e-05
1.953199951171875 1.0013808153179267e-05
1.954199951171875 1.8332994342353555e-05
1.955199951171875 1.7437602322017098e-05
1.956199951171875 1.7915325174456203e-05
1.957199951171875 1.5728608873089516e-05
1.958199951171875 1.4464296439182789e-05
1.959199951171875 1.8134426459760612e-05
1.960199951171875 1.714064777641195e-05
1.961199951171875 1.720599894017343e-05
1.962199951171875 2.033523911248065e-05
1.963199951171875 2.0003701016927756e-05
1.964199951171875 1.866335450257692e-05
1.965199951171875 2.2970703559824158e-05
1.966199951171875 2.3466107991731e-05
1.967199951171875 1.9739540410143398e-05
1.968199951171875 1.5013597944356267e-05
1.969199951171875 1.3960531265907584e-05
1.970199951171875 1.355109017126901e-05
1.971199951171875 1.4169723131712707e-05
1.972199951171875 2.170509185323096e-05
1.973199951171875 2.2686791037105853e-05
1.974199951171875 1.689625595140064e-05
1.975199951171875 9.726462966581394e-06
1.976199951171875 1.0374674796670053e-05
1.977199951171875 1.2574391374881898e-05
1.978199951171875 1.358936683067845e-05
1.979199951171875 1.4799296364395153e-05
1.980199951171875 2.1044817533240548e-05
1.981199951171875 1.4833797493488553e-05
1.982199951171875 1.4891726016330353e-05
1.983199951171875 5.518319421212603e-06
1.984199951171875 8.987911604906923e-06
1.985199951171875 1.214173661549387e-05
1.986199951171875 1.594394673399317e-05
1.987199951171875 1.683037391760283e-05
1.988199951171875 9.315801719466974e-06
1.989199951171875 8.208323295698528e-06
1.990199951171875 6.94101404666784e-06
1.991199951171875 1.2224787470922238e-05
1.992199951171875 1.2451594462448884e-05
1.993199951171875 1.1751898111672037e-05
1.994199951171875 1.3938174815848469e-05
1.995199951171875 1.4479650546693141e-05
1.996199951171875 1.9261793479219908e-05
1.997199951171875 1.6973701745478643e-05
1.998199951171875 1.4275427694192545e-05
1.999199951171875 1.1351077771938458e-05
2.000199951171875 1.183642812392607e-05
2.001199951171875 1.0995751388841333e-05
2.002199951171875 9.621423909905108e-06
2.003199951171875 1.0915677459133218e-05
2.004199951171875 1.417000714152689e-05
2.005199951171875 1.4659692649644878e-05
2.006199951171875 1.1322439454100792e-05
2.007199951171875 1.096955538046254e-05
2.008199951171875 1.184984356061452e-05
2.009199951171875 1.1642211129700741e-05
2.010199951171875 9.026687372118364e-06
2.011199951171875 1.3831374584443167e-05
2.012199951171875 1.365219238964895e-05
2.013199951171875 1.4028777148301765e-05
2.014199951171875 9.043843705141243e-06
2.015199951171875 5.981070541497423e-06
2.016199951171875 7.255697240418574e-06
2.017199951171875 7.89698197080746e-06
2.018199951171875 1.2638111737841324e-05
2.019199951171875 1.0875314771442311e-05
2.020199951171875 7.850965562248291e-06
2.021199951171875 9.50845897474295e-06
2.022199951171875 1.0507505348093342e-05
2.023199951171875 1.428374474117946e-05
2.024199951171875 1.1278283620615388e-05
2.025199951171875 1.4877893942563484e-05
2.026199951171875 1.3183590878422062e-05
2.027199951171875 1.2722986336298882e-05
2.028199951171875 1.946106532373173e-05
2.029199951171875 1.5699986717325014e-05
2.030199951171875 2.1599837048242616e-05
2.031199951171875 1.062045069118827e-05
2.032199951171875 1.3830484744697576e-05
2.033199951171875 8.536871014880196e-06
2.034199951171875 9.164836616643393e-06
2.035199951171875 8.269652287623922e-06
2.036199951171875 6.342934686909274e-06
2.037199951171875 7.029625583677579e-06
2.038199951171875 1.1873212633097078e-05
2.039199951171875 1.2289154860539101e-05
2.040199951171875 1.1715486037667193e-05
2.041199951171875 8.959466798353293e-06
2.042199951171875 1.1541984535546766e-05
2.043199951171875 1.0940012534892161e-05
2.044199951171875 7.640640443577794e-06
2.045199951171875 1.1436985997869994e-05
2.046199951171875 1.787552611163059e-05
2.047199951171875 2.2250920754029518e-05
2.048199951171875 1.5689634763273514e-05
2.049199951171875 1.5252031896832502e-05
2.050199951171875 1.4399469526122426e-05
2.051199951171875 1.23791521697145e-05
2.052199951171875 6.556297057073046e-06
2.053199951171875 1.043192144552939e-05
2.054199951171875 1.870467468518575e-05
2.055199951171875 1.8256800624250307e-05
2.056199951171875 1.7911447587131395e-05
2.057199951171875 1.3698794762519266e-05
2.058199951171875 1.860573047047688e-05
2.059199951171875 1.2146392780576005e-05
2.060199951171875 8.086292365531773e-06
2.061199951171875 7.124664554338306e-06
2.062199951171875 1.2576025483565327e-05
2.063199951171875 1.4251539787555089e-05
2.064199951171875 1.5645161963035015e-05
2.065199951171875 1.5588101898494044e-05
2.066199951171875 1.440257882397865e-05
2.067199951171875 1.1415839356770064e-05
2.068199951171875 5.766935025398231e-06
2.069199951171875 1.8172070610304026e-05
2.070199951171875 1.867244138451518e-05
2.071199951171875 2.35032578541361e-05
2.072199951171875 1.9125284665800396e-05
2.073199951171875 1.847231015554544e-05
2.074199951171875 1.299479656784107e-05
2.075199951171875 5.48863737533958e-06
2.076199951171875 7.1628086408647015e-06
2.077199951171875 9.369646354183322e-06
2.078199951171875 1.3152417797957442e-05
2.079199951171875 1.159924848858888e-05
2.080199951171875 1.4923947811540628e-05
2.081199951171875 1.5039207581948073e-05
2.082199951171875 1.4736902085132896e-05
2.083199951171875 1.8839868781570763e-05
2.084199951171875 1.8306912712028457e-05
2.085199951171875 1.8123218569716416e-05
2.086199951171875 1.1155945138869369e-05
2.087199951171875 1.0093118005813178e-05
2.088199951171875 1.210920076118782e-05
2.089199951171875 8.6464596676894e-06
2.090199951171875 1.4923373844944897e-05
2.091199951171875 1.3081664878846766e-05
2.092199951171875 2.19235247672827e-05
2.093199951171875 1.762354412081773e-05
2.094199951171875 2.034354570140648e-05
2.095199951171875 1.6446156951133162e-05
2.096199951171875 1.6611424960299498e-05
2.097199951171875 1.0400015123244916e-05
2.098199951171875 1.0267817376237905e-05
2.099199951171875 7.718979417150607e-06
2.100199951171875 1.0873746383080906e-05
2.101199951171875 1.0320275023449653e-05
2.102199951171875 1.2235194366961484e-05
2.103199951171875 1.1930322184020446e-05
2.104199951171875 1.3300730174200403e-05
2.105199951171875 1.3726585829216575e-05
2.106199951171875 1.8075734260492027e-05
2.107199951171875 1.7950551959479024e-05
2.108199951171875 1.9303692064972388e-05
2.109199951171875 1.3369187790110241e-05
2.110199951171875 1.585541342161218e-05
2.111199951171875 1.1116715251317582e-05
2.112199951171875 1.701888549391819e-05
2.113199951171875 1.0770105135768184e-05
2.114199951171875 2.1499744280053277e-05
2.115199951171875 1.43330350980501e-05
2.116199951171875 1.8559082488585806e-05
2.117199951171875 1.0015654868916633e-05
2.118199951171875 1.2875072864937882e-05
2.119199951171875 1.0886014840067028e-05
2.120199951171875 8.972494823999236e-06
2.121199951171875 8.496128223079128e-06
2.122199951171875 1.348770057334272e-05
2.123199951171875 1.1353186105072211e-05
2.124199951171875 1.1638792748741702e-05
2.125199951171875 5.26452249442835e-06
2.126199951171875 7.86021535466376e-06
2.127199951171875 1.0274435018226868e-05
2.128199951171875 1.0615550825520496e-05
2.129199951171875 1.6688239104243824e-05
2.130199951171875 1.3810954215049715e-05
2.131199951171875 1.4403339889145092e-05
2.132199951171875 1.2249729000897403e-05
2.133199951171875 1.3917928561483588e-05
2.134199951171875 1.5055473033700967e-05
2.135199951171875 1.3570044247899204e-05
2.136199951171875 1.2830277445589683e-05
2.137199951171875 1.3938060521787832e-05
2.138199951171875 1.5146204244467715e-05
2.139199951171875 1.370806682251412e-05
2.140199951171875 7.933473337051251e-06
2.141199951171875 4.348525641217904e-06
2.142199951171875 6.176542664920367e-06
2.143199951171875 1.322102824131477e-05
2.144199951171875 1.5037517464136446e-05
2.145199951171875 1.7626954054944398e-05
2.146199951171875 1.1620182459745918e-05
2.147199951171875 9.359953084066871e-06
2.148199951171875 4.3849446161489975e-06
2.149199951171875 6.020906174094441e-06
2.150199951171875 7.445183931595878e-06
2.151199951171875 1.0385536239313116e-05
2.152199951171875 1.0382877132356762e-05
2.153199951171875 8.047123284304902e-06
2.154199951171875 1.1727589803352718e-05
2.155199951171875 1.8982756869886252e-05
2.156199951171875 1.965899005881511e-05
2.157199951171875 1.8794438397485967e-05
2.158199951171875 1.7708364935565945e-05
2.159199951171875 2.2316314784414834e-05
2.160199951171875 2.4462986414029133e-05
2.161199951171875 2.5583678300200833e-05
2.162199951171875 1.9642640551796754e-05
2.163199951171875 1.9539086277323824e-05
2.164199951171875 1.731742545945399e-05
2.165199951171875 1.97745781365989e-05
2.166199951171875 1.8545659194286497e-05
2.167199951171875 2.007255686395284e-05
2.168199951171875 2.0938349318587113e-05
2.169199951171875 2.453366501463784e-05
2.170199951171875 1.7439272830229844e-05
2.171199951171875 2.3195295704495755e-05
2.172199951171875 2.0111343234744515e-05
2.173199951171875 2.5841948809102177e-05
2.174199951171875 2.200070535764098e-05
2.175199951171875 2.2102876618090607e-05
2.176199951171875 1.4713373132035914e-05
2.177199951171875 1.1571395644076117e-05
2.178199951171875 1.033702067134317e-05
2.179199951171875 1.8560160953913712e-05
2.180199951171875 1.8865247871468047e-05
2.181199951171875 1.5598300702145532e-05
2.182199951171875 1.180195720443934e-05
2.183199951171875 1.3094855161919956e-05
2.184199951171875 9.809385740009447e-06
2.185199951171875 8.833395136830113e-06
2.186199951171875 6.373181073116759e-06
2.187199951171875 1.286500028791752e-05
2.188199951171875 1.7943017611505852e-05
2.189199951171875 2.358901003996531e-05
2.190199951171875 2.026588998786691e-05
2.191199951171875 1.7877073324699372e-05
2.192199951171875 1.1688819426648084e-05
2.193199951171875 1.51375917096086e-05
2.194199951171875 1.5213847545071997e-05
2.195199951171875 1.722082764406293e-05
2.196199951171875 1.1512651052977398e-05
2.197199951171875 1.5425998613812158e-05
2.198199951171875 2.361355566713167e-05
2.199199951171875 2.216871901545107e-05
2.200199951171875 1.6745588845338155e-05
2.201199951171875 1.3409494357277612e-05
2.202199951171875 2.491478081258257e-05
2.203199951171875 2.8749583146657145e-05
2.204199951171875 3.1900097641886936e-05
2.205199951171875 2.5896717141020214e-05
2.206199951171875 1.918085480824752e-05
2.207199951171875 1.5890621631838976e-05
2.208199951171875 1.0489290767457464e-05
2.209199951171875 1.5795669854552747e-05
2.210199951171875 1.2934482889080575e-05
2.211199951171875 2.143033573196994e-05
2.212199951171875 1.8112006855752266e-05
2.213199951171875 2.9063319192202084e-05
2.214199951171875 2.742574572175588e-05
2.215199951171875 2.6580970190916987e-05
2.216199951171875 1.301433010803383e-05
2.217199951171875 1.3018772258014028e-05
2.218199951171875 2.0147183036727988e-05
2.219199951171875 2.220053371589752e-05
2.220199951171875 2.5038981677628015e-05
2.221199951171875 1.8952750372894416e-05
2.222199951171875 2.0234802125034752e-05
2.223199951171875 1.3009155306394781e-05
2.224199951171875 1.561537691521823e-05
2.225199951171875 2.4228823435652715e-05
2.226199951171875 2.9633253566939566e-05
2.227199951171875 3.0500672291964292e-05
2.228199951171875 1.7841270050279096e-05
2.229199951171875 2.1377009041231667e-05
2.230199951171875 1.5197713625570865e-05
2.231199951171875 1.8665630150398216e-05
2.232199951171875 1.3160750942342342e-05
2.233199951171875 2.5759048669307362e-05
2.234199951171875 3.598954863579134e-05
2.235199951171875 4.1003142121351424e-05
2.236199951171875 4.170571518544522e-05
2.237199951171875 3.9395923182989166e-05
2.238199951171875 3.33557356691383e-05
2.239199951171875 3.752902588643359e-05
2.240199951171875 3.0238243686468005e-05
2.241199951171875 3.552958214034637e-05
2.242199951171875 2.6274224510416388e-05
2.243199951171875 3.539916425425973e-05
2.244199951171875 4.7952335767654916e-05
2.245199951171875 4.722631995617929e-05
2.246199951171875 3.8503211981151254e-05
2.247199951171875 2.32616698355602e-05
2.248199951171875 3.0471555869165578e-05
2.249199951171875 3.712617519251399e-05
2.250199951171875 4.798614937398168e-05
2.251199951171875 3.8179158841052814e-05
2.252199951171875 4.095426443705542e-05
2.253199951171875 3.702567314677354e-05
2.254199951171875 4.788975412439969e-05
2.255199951171875 4.3592487397105096e-05
2.256199951171875 2.90733430427734e-05
2.257199951171875 2.9933364595879176e-05
2.258199951171875 3.522710146408789e-05
2.259199951171875 5.61524956073198e-05
2.260199951171875 6.079465280183487e-05
2.261199951171875 5.746724989472163e-05
2.262199951171875 4.8813991403828066e-05
2.263199951171875 2.7708141378870206e-05
2.264199951171875 1.9867418359588784e-05
2.265199951171875 1.6096681847792068e-05
2.266199951171875 1.8222788064053853e-05
2.267199951171875 2.4353290827109972e-05
2.268199951171875 3.814175152922792e-05
2.269199951171875 4.367109464106358e-05
2.270199951171875 4.1984442052327926e-05
2.271199951171875 3.7125868774536585e-05
2.272199951171875 3.98741887571911e-05
2.273199951171875 3.366795211970204e-05
2.274199951171875 3.0786630736268824e-05
2.275199951171875 2.3218727554109956e-05
2.276199951171875 2.5775983166466984e-05
2.277199951171875 2.6803492995289466e-05
2.278199951171875 3.116205172975445e-05
2.279199951171875 2.9785368339313813e-05
2.280199951171875 2.6414997571717114e-05
2.281199951171875 2.648837984048037e-05
2.282199951171875 3.362404635279543e-05
2.283199951171875 2.2744256588978435e-05
2.284199951171875 2.137932458151168e-05
2.285199951171875 1.2776253498940134e-05
2.286199951171875 2.1997657850196558e-05
2.287199951171875 1.841250118886053e-05
2.288199951171875 1.9880917327419726e-05
2.289199951171875 1.4216149966277158e-05
2.290199951171875 2.0117651001783087e-05
2.291199951171875 2.0548896184967213e-05
2.292199951171875 1.936298157993911e-05
2.293199951171875 1.6466741573013782e-05
2.294199951171875 1.791902921266026e-05
2.295199951171875 1.7443157525526154e-05
2.296199951171875 1.6986676362446613e-05
2.297199951171875 1.444917081648277e-05
2.298199951171875 1.3255867253283427e-05
2.299199951171875 1.5580197201129232e-05
2.300199951171875 1.9998246105303133e-05
2.301199951171875 2.176352420873526e-05
2.302199951171875 1.5889872046516768e-05
2.303199951171875 1.4257211703722443e-05
2.304199951171875 1.411813523404939e-05
2.305199951171875 1.5587593661621213e-05
2.306199951171875 1.3679189529890816e-05
2.307199951171875 1.3518690442045529e-05
2.308199951171875 1.340373690860967e-05
2.309199951171875 1.0809316461543657e-05
2.310199951171875 9.795655561093656e-06
2.311199951171875 9.355100725467005e-06
2.312199951171875 1.0896139396613256e-05
2.313199951171875 1.186075976066705e-05
2.314199951171875 9.360232137017496e-06
2.315199951171875 1.1671540449040346e-05
2.316199951171875 1.356703231067513e-05
2.317199951171875 1.522061521730696e-05
2.318199951171875 1.3680262200068682e-05
2.319199951171875 1.3107104427439884e-05
2.320199951171875 1.7918017110787332e-05
2.321199951171875 1.774973805165953e-05
2.322199951171875 1.569397371098624e-05
2.323199951171875 1.5005433479135827e-05
2.324199951171875 1.5157237894644936e-05
2.325199951171875 1.828597004835804e-05
2.326199951171875 1.4058178316594826e-05
2.327199951171875 1.3257068737099568e-05
2.328199951171875 1.3108649549798833e-05
2.329199951171875 1.5394058654136542e-05
2.330199951171875 1.6984960432940472e-05
2.331199951171875 1.701332205104538e-05
2.332199951171875 1.5497693934270903e-05
2.333199951171875 1.3417846768990989e-05
2.334199951171875 1.4351827752155561e-05
2.335199951171875 1.3270178137140142e-05
2.336199951171875 1.2112362439640693e-05
2.337199951171875 1.087512342362768e-05
2.338199951171875 1.4368729251954288e-05
2.339199951171875 1.7321020908032852e-05
2.340199951171875 1.5697803852769236e-05
2.341199951171875 1.4531211604157255e-05
2.342199951171875 1.3638973274889092e-05
2.343199951171875 1.5682730332223907e-05
2.344199951171875 1.5882353764027358e-05
2.345199951171875 1.634931334087418e-05
2.346199951171875 1.4998610778194334e-05
2.347199951171875 1.570169762190845e-05
2.348199951171875 1.4210777525376116e-05
2.349199951171875 1.4627830112456449e-05
2.350199951171875 1.4224264369760126e-05
2.351199951171875 1.5895663398421476e-05
2.352199951171875 1.7545312423155542e-05
2.353199951171875 1.5471602431110417e-05
2.354199951171875 1.7007089999323293e-05
2.355199951171875 1.7260248633748336e-05
2.356199951171875 1.4851856433306666e-05
2.357199951171875 1.8734156852418712e-05
2.358199951171875 1.70665948080896e-05
2.359199951171875 2.1350900383873122e-05
2.360199951171875 2.0179933247466883e-05
2.361199951171875 1.973226905748662e-05
2.362199951171875 2.2122387761353618e-05
2.363199951171875 1.9842316849260697e-05
2.364199951171875 1.921476062206137e-05
2.365199951171875 1.3210235583873438e-05
2.366199951171875 1.6217139737026736e-05
2.367199951171875 1.5519165749150094e-05
2.368199951171875 1.9115475321693036e-05
2.369199951171875 1.652345235116728e-05
2.370199951171875 1.6959592596524292e-05
2.371199951171875 2.5872522965073585e-05
2.372199951171875 2.5213409680873157e-05
2.373199951171875 2.924426251815425e-05
2.374199951171875 1.6430499885767464e-05
2.375199951171875 1.6076561994765964e-05
2.376199951171875 1.8383461205824975e-05
2.377199951171875 2.3121157945651147e-05
2.378199951171875 2.763299892346064e-05
2.379199951171875 2.6511867892824937e-05
2.380199951171875 2.1879834595084606e-05
2.381199951171875 2.057623457706844e-05
2.382199951171875 1.9241339921589114e-05
2.383199951171875 2.8058244303489722e-05
2.384199951171875 2.8209290984604092e-05
2.385199951171875 3.3863205462694165e-05
2.386199951171875 3.0626995333780844e-05
2.387199951171875 2.901595008249084e-05
2.388199951171875 2.133049769327044e-05
2.389199951171875 2.0103537891474035e-05
2.390199951171875 1.8677335465326905e-05
2.391199951171875 1.5021821121619343e-05
2.392199951171875 1.5970735344866444e-05
2.393199951171875 1.8056689787279763e-05
2.394199951171875 2.4122612343894107e-05
2.395199951171875 1.8468964460040104e-05
2.396199951171875 1.6948617739233682e-05
2.397199951171875 2.0993950831645038e-05
2.398199951171875 3.0651656626206304e-05
2.399199951171875 3.228253322756953e-05
2.400199951171875 2.7058868565493167e-05
2.401199951171875 2.2423521912985976e-05
2.402199951171875 1.8996855153410563e-05
2.403199951171875 1.775989759075595e-05
2.404199951171875 2.2004208799056476e-05
2.405199951171875 2.266181347003639e-05
2.406199951171875 2.887827085538043e-05
2.407199951171875 2.488222516452273e-05
2.408199951171875 3.0343455210742023e-05
2.409199951171875 2.9196308718787303e-05
2.410199951171875 2.7218148784918914e-05
2.411199951171875 2.21446531617807e-05
2.412199951171875 2.3724208844618667e-05
2.413199951171875 2.93424636280785e-05
2.414199951171875 2.8342263592296347e-05
2.415199951171875 3.536376577004476e-05
2.416199951171875 3.460402993722609e-05
2.417199951171875 3.833902094306217e-05
2.418199951171875 3.0802454437232684e-05
2.419199951171875 2.968554423811535e-05
2.420199951171875 2.981898879321913e-05
2.421199951171875 2.796562091033492e-05
2.422199951171875 2.932886748264233e-05
2.423199951171875 4.531510070794159e-05
2.424199951171875 4.986799063367976e-05
2.425199951171875 5.235092973129616e-05
2.426199951171875 3.924644991962447e-05
2.427199951171875 4.051318806078699e-05
2.428199951171875 4.003894903386633e-05
2.429199951171875 4.1448079153067544e-05
2.430199951171875 3.3786131534725425e-05
2.431199951171875 4.232267564576533e-05
2.432199951171875 4.726848332211375e-05
2.433199951171875 5.064865419020255e-05
2.434199951171875 4.707424021843406e-05
2.435199951171875 3.798354468825791e-05
2.436199951171875 4.204745559642713e-05
2.437199951171875 3.365710545848641e-05
2.438199951171875 3.298945996599893e-05
2.439199951171875 2.9906391088540355e-05
2.440199951171875 3.219625109332528e-05
2.441199951171875 4.891228679714328e-05
2.442199951171875 4.6163260302835634e-05
2.443199951171875 5.5599486093140316e-05
2.444199951171875 4.5467752756343956e-05
2.445199951171875 5.0339943910431534e-05
2.446199951171875 4.289447834404807e-05
2.447199951171875 4.941995785985556e-05
2.448199951171875 4.9132042978372844e-05
2.449199951171875 4.874246738230188e-05
2.450199951171875 3.90964785280327e-05
2.451199951171875 3.580898434544603e-05
2.452199951171875 4.771852348413732e-05
2.453199951171875 5.528426780882809e-05
2.454199951171875 6.198349357065226e-05
2.455199951171875 6.216354926841125e-05
2.456199951171875 5.585785360179013e-05
2.457199951171875 5.075197796233826e-05
2.458199951171875 4.8023021210812855e-05
2.459199951171875 4.5007282803267835e-05
2.460199951171875 5.642240167224797e-05
2.461199951171875 3.606123911820802e-05
2.462199951171875 5.2481760232003795e-05
2.463199951171875 3.9912925425107876e-05
2.464199951171875 5.324507985884945e-05
2.465199951171875 4.584503799883856e-05
2.466199951171875 4.507612152439024e-05
2.467199951171875 3.9647417129967545e-05
2.468199951171875 3.8910978978104656e-05
2.469199951171875 4.7116532339629796e-05
2.470199951171875 6.048499916990598e-05
2.471199951171875 5.245819584363036e-05
2.472199951171875 5.7141470929814697e-05
2.473199951171875 5.783876145465507e-05
2.474199951171875 6.984834662742084e-05
2.475199951171875 6.406934052291843e-05
2.476199951171875 5.443327206497391e-05
2.477199951171875 5.817299527633521e-05
2.478199951171875 6.298943603825238e-05
2.479199951171875 7.748390858372052e-05
2.480199951171875 6.494165475790699e-05
2.481199951171875 7.54786807940238e-05
2.482199951171875 6.72911917273369e-05
2.483199951171875 7.602338161733416e-05
2.484199951171875 5.8652058282471955e-05
2.485199951171875 8.252151024571121e-05
2.486199951171875 6.854846878227485e-05
2.487199951171875 7.073855118101671e-05
2.488199951171875 4.979049980950852e-05
2.489199951171875 6.470551455600395e-05
2.490199951171875 7.60422284818358e-05
2.491199951171875 7.605118314839072e-05
2.492199951171875 7.548045263522202e-05
2.493199951171875 8.296115996523036e-05
2.494199951171875 8.569607666383186e-05
2.495199951171875 8.947752726574739e-05
2.496199951171875 7.896728037546078e-05
2.497199951171875 8.348169943524732e-05
2.498199951171875 8.669994823220706e-05
2.499199951171875 9.482215365601912e-05
2.500199951171875 8.647712206261026e-05
2.501199951171875 7.740904525336292e-05
2.502199951171875 6.797202604098453e-05
2.503199951171875 6.972103948808379e-05
2.504199951171875 9.27214412432578e-05
2.505199951171875 9.665334752450386e-05
2.506199951171875 9.911574837234287e-05
2.507199951171875 8.460982392231623e-05
2.508199951171875 6.700852004957921e-05
2.509199951171875 8.436795271045029e-05
2.510199951171875 8.512920853932097e-05
2.511199951171875 9.160363464616239e-05
2.512199951171875 8.166801068000495e-05
2.513199951171875 9.004110147038267e-05
2.514199951171875 0.0001288287305376596
2.515199951171875 0.00013371389152275193
2.516199951171875 0.00014681641426351336
2.517199951171875 0.00012867479171189999
2.518199951171875 0.00014167612211571799
2.519199951171875 0.000119143459531996
2.520199951171875 0.00012210931732422776
2.521199951171875 9.717958772348033e-05
2.522199951171875 0.00012019343881143465
2.523199951171875 0.00012188070350223118
2.524199951171875 0.00013413100969046355
2.525199951171875 0.0001176935832740532
2.526199951171875 0.00011569173644400306
2.527199951171875 0.0001177955832746294
2.528199951171875 0.0001253981702029705
2.529199951171875 0.00013514765227834382
2.530199951171875 0.00014312303935488065
2.531199951171875 0.00015409173547393747
2.532199951171875 0.00014140406209561563
2.533199951171875 0.00014791042957868842
2.534199951171875 0.00013198945360879102
2.535199951171875 0.00015882195801370674
2.536199951171875 0.00013650562510722212
2.537199951171875 0.0001303771220975452
2.538199951171875 0.0001453071232471201
2.539199951171875 0.00017086881005929576
2.540199951171875 0.000190427043578691
2.541199951171875 0.0001691270485106442
2.542199951171875 0.00020110763712889615
2.543199951171875 0.00022082511542571913
2.544199951171875 0.0002266633551981714
2.545199951171875 0.00016947222356167104
2.546199951171875 0.00016449451136092347
2.547199951171875 0.00017154573255942927
2.548199951171875 0.000184966620678703
2.549199951171875 0.00017007804061803554
2.550199951171875 0.00017853681722448933
2.551199951171875 0.0002042684176315864
2.552199951171875 0.0002125313536574443
2.553199951171875 0.000199620287037558
2.554199951171875 0.00019102310037447345
2.555199951171875 0.00023574225708014433
2.556199951171875 0.00025848621502518656
2.557199951171875 0.00026792936854892307
2.558199951171875 0.00016423486015328557
2.559199951171875 0.0001654955045991022
2.560199951171875 0.0001463327489325946
2.561199951171875 0.0002075938197473685
2.562199951171875 0.00021823744186096723
2.563199951171875 0.0002087695793145233
2.564199951171875 0.0002486087744020754
2.565199951171875 0.0002746973424735996
2.566199951171875 0.0002992604362467924
2.567199951171875 0.00027185960155394343
2.568199951171875 0.0002968808863725927
2.569199951171875 0.00030398816387686465
2.570199951171875 0.0002592016466789775
2.571199951171875 0.00019994857410589854
2.572199951171875 0.0001940189746932851
2.573199951171875 0.0002721218226684464
2.574199951171875 0.00029527267234192954
2.575199951171875 0.00032822798730598556
2.576199951171875 0.0003897819316221608
2.577199951171875 0.00038292042497131554
2.578199951171875 0.00043511308936609156
2.579199951171875 0.0003954278905358579
2.580199951171875 0.00037796317910154657
2.581199951171875 0.0003191252901322312
2.582199951171875 0.00032157172345452837
2.583199951171875 0.0003803243136240376
2.584199951171875 0.0004369615991082457
2.585199951171875 0.0004489762708544731
2.586199951171875 0.0004468820906347698
2.587199951171875 0.00041725252651505997
2.588199951171875 0.00041228559696012074
2.589199951171875 0.0004906864133146074
2.590199951171875 0.00048669197079208163
2.591199951171875 0.0004805710311565134
2.592199951171875 0.0004376270270182028
2.593199951171875 0.00046465959606899166
2.594199951171875 0.0006516806657115619
2.595199951171875 0.000594263496912188
2.596199951171875 0.0006158477709525161
2.597199951171875 0.0004922802394462956
2.598199951171875 0.0005478732101619244
