microns transmission
0.4003500061035156 1.0526280167511004e-08
0.4013500061035156 9.194056544833037e-08
0.4023500061035156 1.507066284715345e-07
0.4033500061035156 5.419853621309774e-08
0.4043500061035156 9.999999939225291e-11
0.4053500061035156 6.745941694437836e-07
0.4063500061035156 7.826480009261634e-09
0.4073500061035156 1.3061046385764996e-07
0.40835000610351563 1.800073010057209e-08
0.40935000610351563 2.1201783697873582e-07
0.41035000610351563 1.638669719620604e-08
0.41135000610351563 9.999999939225291e-11
0.41235000610351563 3.748483019686925e-07
0.41335000610351563 9.999999939225291e-11
0.41435000610351563 4.869865162682174e-08
0.41535000610351563 3.422708232392324e-07
0.41635000610351564 9.999999939225291e-11
0.41735000610351564 9.999999939225291e-11
0.41835000610351564 2.9595450541819444e-07
0.41935000610351564 9.999999939225291e-11
0.42035000610351564 9.999999939225291e-11
0.42135000610351564 9.999999939225291e-11
0.42235000610351564 1.4582976692878446e-08
0.42335000610351564 4.030401098198411e-08
0.42435000610351564 9.999999939225291e-11
0.42535000610351564 9.999999939225291e-11
0.42635000610351564 6.641839788675459e-08
0.42735000610351564 1.6788939417959153e-08
0.42835000610351565 5.728130796948487e-08
0.42935000610351565 9.999999939225291e-11
0.43035000610351565 9.999999939225291e-11
0.43135000610351565 2.258838998514534e-08
0.43235000610351565 5.022486594323065e-08
0.43335000610351565 9.999999939225291e-11
0.43435000610351565 9.999999939225291e-11
0.43535000610351565 9.999999939225291e-11
0.4363500061035156 9.999999939225291e-11
0.4373500061035156 1.1592780305491601e-07
0.4383500061035156 5.101784947392218e-08
0.4393500061035156 3.293780910832803e-08
0.4403500061035156 2.1869766290668242e-07
0.4413500061035156 3.592563259620837e-08
0.4423500061035156 9.999999939225291e-11
0.4433500061035156 6.719383044343867e-08
0.4443500061035156 2.9454160589044895e-08
0.4453500061035156 9.999999939225291e-11
0.4463500061035156 4.61977658912834e-08
0.4473500061035156 9.999999939225291e-11
0.4483500061035156 9.999999939225291e-11
0.4493500061035156 9.999999939225291e-11
0.4503500061035156 1.3244183817799165e-08
0.4513500061035156 9.999999939225291e-11
0.4523500061035156 1.1419946834697234e-07
0.4533500061035156 7.18896406700272e-08
0.4543500061035156 9.999999939225291e-11
0.4553500061035156 1.7138712890366984e-08
0.4563500061035156 1.4091266935523095e-08
0.4573500061035156 4.241849887639167e-09
0.4583500061035156 9.999999939225291e-11
0.4593500061035156 4.929066633370856e-08
0.4603500061035156 3.815511945504113e-08
0.4613500061035156 6.38542655373442e-08
0.4623500061035156 9.999999939225291e-11
0.4633500061035156 2.550955170654845e-08
0.4643500061035156 9.999999939225291e-11
0.4653500061035156 7.759998308820571e-08
0.4663500061035156 9.999999939225291e-11
0.4673500061035156 3.5040936268160297e-08
0.4683500061035156 5.054676968245057e-08
0.4693500061035156 9.999999939225291e-11
0.4703500061035156 1.7687567173870397e-08
0.47135000610351563 9.999999939225291e-11
0.47235000610351563 5.8183035180903176e-08
0.47335000610351563 3.357679886425066e-08
0.47435000610351563 9.999999939225291e-11
0.47535000610351563 8.785539898544434e-09
0.47635000610351563 4.568219118243159e-08
0.47735000610351563 1.3762010689551592e-08
0.47835000610351563 3.809940072467081e-08
0.47935000610351564 9.999999939225291e-11
0.48035000610351564 1.3656947377427286e-08
0.48135000610351564 1.368735936443007e-08
0.48235000610351564 3.270737677733375e-09
0.48335000610351564 9.999999939225291e-11
0.48435000610351564 9.999999939225291e-11
0.48535000610351564 6.133866382522039e-08
0.48635000610351564 2.9223381803333838e-08
0.48735000610351564 9.999999939225291e-11
0.48835000610351564 4.180660117351446e-08
0.48935000610351564 4.95100785465515e-08
0.49035000610351565 9.999999939225291e-11
0.49135000610351565 3.988429923514521e-08
0.49235000610351565 4.638575657800459e-08
0.49335000610351565 3.2334272619394256e-08
0.49435000610351565 1.7708799327683284e-08
0.49535000610351565 9.999999939225291e-11
0.49635000610351565 1.3914452612340256e-08
0.49735000610351565 9.328793210509426e-09
0.49835000610351565 9.999999939225291e-11
0.4993500061035156 4.567613457832446e-09
0.5003500061035157 1.2642873151650727e-07
0.5013500061035157 9.999999939225291e-11
0.5023500061035157 9.999999939225291e-11
0.5033500061035157 2.7365650009751145e-08
0.5043500061035157 8.862806778845803e-09
0.5053500061035157 4.3383131694459585e-09
0.5063500061035157 9.999999939225291e-11
0.5073500061035157 2.5897775204342112e-08
0.5083500061035157 9.999999939225291e-11
0.5093500061035157 9.999999939225291e-11
0.5103500061035157 1.819724042562143e-08
0.5113500061035157 1.7096109532488412e-08
0.5123499755859375 9.999999939225291e-11
0.5133499755859375 9.999999939225291e-11
0.5143499755859375 9.999999939225291e-11
0.5153499755859375 9.999999939225291e-11
0.5163499755859375 9.999999939225291e-11
0.5173499755859375 4.557116648484794e-08
0.5183499755859375 3.21931876060925e-08
0.5193499755859375 1.1577853099945893e-08
0.5203499755859375 7.640736937967555e-09
0.5213499755859375 9.999999939225291e-11
0.5223499755859375 9.999999939225291e-11
0.5233499755859375 1.0107655457799089e-07
0.5243499755859375 4.559246685076346e-08
0.5253499755859375 4.5867901257897375e-08
0.5263499755859375 7.794199892311817e-08
0.5273499755859375 9.999999939225291e-11
0.5283499755859375 9.999999939225291e-11
0.5293499755859375 2.230321943722894e-08
0.5303499755859375 9.999999939225291e-11
0.5313499755859376 9.999999939225291e-11
0.5323499755859376 9.999999939225291e-11
0.5333499755859376 3.5520255702673845e-08
0.5343499755859376 1.5591446223576594e-07
0.5353499755859376 3.0583657384397613e-09
0.5363499755859376 9.999999939225291e-11
0.5373499755859374 2.431930053781173e-08
0.5383499755859374 9.999999939225291e-11
0.5393499755859374 9.999999939225291e-11
0.5403499755859374 1.6719426737902648e-08
0.5413499755859374 9.999999939225291e-11
0.5423499755859374 5.5150965128092366e-08
0.5433499755859375 3.856369590179061e-08
0.5443499755859375 1.2081619941521165e-08
0.5453499755859375 5.123360167521203e-08
0.5463499755859375 9.999999939225291e-11
0.5473499755859375 9.999999939225291e-11
0.5483499755859375 1.2514926712725583e-08
0.5493499755859375 3.1668709195760888e-09
0.5503499755859375 9.999999939225291e-11
0.5513499755859375 9.999999939225291e-11
0.5523499755859375 1.0058711455170529e-07
0.5533499755859375 8.406296496232813e-08
0.5543499755859375 9.999999939225291e-11
0.5553499755859375 1.0475975284289045e-08
0.5563499755859375 1.747468392210294e-09
0.5573499755859375 2.15965526647229e-08
0.5583499755859375 9.999999939225291e-11
0.5593499755859375 9.999999939225291e-11
0.5603499755859375 9.999999939225291e-11
0.5613499755859375 8.126534829659229e-08
0.5623499755859375 7.459209953116404e-08
0.5633499755859375 9.999999939225291e-11
0.5643499755859375 7.70708002898838e-09
0.5653499755859375 9.999999939225291e-11
0.5663499755859375 6.470631205957034e-08
0.5673499755859375 7.788185217035467e-08
0.5683499755859375 8.547698330770478e-08
0.5693499755859375 7.951199899380868e-08
0.5703499755859375 2.399456388957333e-07
0.5713499755859375 1.8453023317673474e-07
0.5723499755859375 2.170715989032364e-07
0.5733499755859375 2.337198636700085e-08
0.5743499755859375 1.8120006135546872e-08
0.5753499755859375 9.565340592783874e-08
0.5763499755859375 1.4983762412157375e-07
0.5773499755859375 1.543683295797867e-07
0.5783499755859375 1.7409841954455869e-07
0.5793499755859375 9.999999939225291e-11
0.5803499755859375 1.3274659469431071e-08
0.5813499755859375 1.140301158860287e-07
0.5823499755859375 2.8445090490455033e-09
0.5833499755859375 5.595992661255877e-08
0.5843499755859375 7.18688412841099e-08
0.5853499755859375 5.191867631223109e-08
0.5863499755859375 1.4862113118851993e-07
0.5873499755859375 1.458150351633473e-07
0.5883499755859375 2.0783976954893052e-07
0.5893499755859375 2.148864818233657e-08
0.5903499755859375 2.757484323841671e-08
0.5913499755859375 2.8572092052314703e-08
0.5923499755859375 3.620805308616563e-08
0.5933499755859375 1.837498257373227e-07
0.5943499755859375 1.2857955198342096e-07
0.5953499755859375 1.2283587238925975e-07
0.5963499755859375 7.423421301370562e-08
0.5973499755859375 1.5643096993459932e-07
0.5983499755859375 1.279093718646133e-07
0.5993499755859375 1.2026027166397075e-07
0.6003499755859375 8.860886772469692e-08
0.6013499755859375 3.562615003893654e-08
0.6023499755859375 1.7076196741072636e-08
0.6033499755859375 9.207386518698494e-08
0.6043499755859375 2.4322314213047016e-08
0.6053499755859375 9.999999939225291e-11
0.6063499755859375 1.1448629907503024e-07
0.6073499755859375 8.41867851401427e-08
0.6083499755859375 1.9107100039642926e-07
0.6093499755859375 9.395136276365199e-08
0.6103499755859375 1.7757180103217252e-07
0.6113499755859375 8.50443287466381e-08
0.6123499755859375 1.195339431318369e-07
0.6133499755859375 6.463086906845679e-08
0.6143499755859375 1.0415221671185767e-07
0.6153499755859375 1.24059429366478e-08
0.6163499755859375 1.1422606901826763e-08
0.6173499755859375 1.8318735631813372e-07
0.6183499755859375 5.8986481284624875e-08
0.6193499755859375 9.576421724647824e-08
0.6203499755859375 2.2708306763282356e-07
0.6213499755859375 1.1616527480088714e-07
0.6223499755859375 1.1226453691115524e-07
0.6233499755859375 1.6708640714568902e-07
0.6243499755859375 2.1610466622708675e-07
0.6253499755859375 9.61025716339492e-08
0.6263499755859375 7.481156666599986e-08
0.6273499755859375 3.173840993871598e-08
0.6283499755859375 1.5761094800836873e-07
0.6293499755859375 2.3499173039454037e-07
0.6303499755859375 1.0738258652054355e-07
0.6313499755859375 2.0269520367340493e-07
0.6323499755859375 3.5959205861857414e-08
0.6333499755859375 2.3279426992909674e-07
0.6343499755859375 1.9041456653212663e-07
0.6353499755859375 6.303986760158864e-08
0.6363499755859375 4.173466620590223e-08
0.6373499755859375 7.356592031252755e-08
0.6383499755859375 4.3612653826130555e-07
0.6393499755859375 2.526938684847361e-07
0.6403499755859375 3.484739924412376e-07
0.6413499755859375 2.6728636839834505e-07
0.6423499755859375 3.298605042800773e-07
0.6433499755859375 8.53011745978923e-08
0.6443499755859375 3.7017029778022937e-07
0.6453499755859375 1.9341710261263264e-07
0.6463499755859375 2.2594989483574562e-07
0.6473499755859375 2.339372046359737e-07
0.6483499755859375 2.9452596815341775e-07
0.6493499755859375 1.8298832098177325e-07
0.6503499755859375 2.057420685256754e-07
0.6513499755859375 1.7683346716997522e-07
0.6523499755859375 1.4266934158513323e-07
0.6533499755859375 3.9904160682150783e-07
0.6543499755859375 3.34522931855948e-07
0.6553499755859375 2.403993676125538e-07
0.6563499755859376 3.2381762745596156e-07
0.6573499755859376 4.667068302903014e-07
0.6583499755859376 3.4391273099269404e-07
0.6593499755859376 2.085439670433213e-07
0.6603499755859376 4.0227675829858834e-07
0.6613499755859376 4.5765066412665567e-07
0.6623499755859374 3.4999140552827157e-07
0.6633499755859374 3.542123765024977e-07
0.6643499755859374 4.935196678464612e-07
0.6653499755859374 5.674334412712293e-07
0.6663499755859374 4.723619955863493e-07
0.6673499755859374 3.9962430795033775e-07
0.6683499755859375 2.6579500020792084e-07
0.6693499755859375 4.6333740707874917e-07
0.6703499755859375 4.425463703228161e-07
0.6713499755859375 3.716003629961051e-07
0.6723499755859375 3.231002604782892e-07
0.6733499755859375 2.7756532896698145e-07
0.6743499755859375 2.0040006347699092e-07
0.6753499755859375 1.6442086234746966e-07
0.6763499755859375 3.8045553689395694e-07
0.6773499755859375 2.3024309484753757e-07
0.6783499755859375 1.3448316318923995e-07
0.6793499755859375 3.962775614733497e-07
0.6803499755859375 2.932979077741038e-07
0.6813499755859375 2.752372347458731e-07
0.6823499755859375 1.8812313707409584e-07
0.6833499755859375 2.2271916350291576e-07
0.6843499755859375 2.1967563346455184e-07
0.6853499755859375 1.7724860299495048e-07
0.6863499755859375 2.322294615926997e-07
0.6873499755859375 1.0256478162773419e-07
0.6883499755859375 7.694481610087678e-08
0.6893499755859375 2.5304243268150135e-07
0.6903499755859375 2.901091041470257e-07
0.6913499755859375 3.9696387223860563e-07
0.6923499755859375 4.0168490158976053e-07
0.6933499755859375 3.447413291723933e-07
0.6943499755859375 3.208914919620535e-07
0.6953499755859375 1.7322222447546665e-07
0.6963499755859375 1.044691153347562e-07
0.6973499755859375 3.4230599946264796e-07
0.6983499755859375 3.0066849679618224e-08
0.6993499755859375 7.387509220950032e-08
0.7003499755859375 3.737757591200837e-07
0.7013499755859375 7.077245790002944e-08
0.7023499755859375 1.8501042783706604e-07
0.7033499755859375 2.908420325790454e-07
0.7043499755859375 3.1167260506966466e-07
0.7053499755859375 3.5768187444773503e-07
0.7063499755859375 1.5920777741484925e-07
0.7073499755859375 4.207063345044541e-07
0.7083499755859375 6.729706678143543e-08
0.7093499755859375 7.790328138135294e-08
0.7103499755859375 3.5489383056604617e-07
0.7113499755859375 5.111474517131379e-07
0.7123499755859375 3.0569270165869966e-07
0.7133499755859375 4.78628517157631e-07
0.7143499755859375 2.1881434198197288e-07
0.7153499755859375 3.33049605008758e-07
0.7163499755859375 1.914368355452704e-07
0.7173499755859375 9.555266877884586e-08
0.7183499755859375 4.971660382580012e-07
0.7193499755859375 2.8551622866264855e-07
0.7203499755859375 1.9376327751767047e-07
0.7213499755859375 3.286607352492865e-07
0.7223499755859375 5.709636025130749e-07
0.7233499755859375 4.284060560166836e-07
0.7243499755859375 1.8518686677756097e-07
0.7253499755859375 3.5729479956595844e-07
0.7263499755859375 2.715610677720785e-07
0.7273499755859375 4.970898650450787e-07
0.7283499755859375 2.755387383028089e-07
0.7293499755859375 4.319380423112307e-07
0.7303499755859375 3.787310924963094e-07
0.7313499755859375 2.835062029286443e-07
0.7323499755859375 4.4208623876329513e-07
0.7333499755859375 4.26050125194403e-07
0.7343499755859375 3.6750727304024624e-07
0.7353499755859375 4.6681886791096383e-07
0.7363499755859375 2.80757467407966e-07
0.7373499755859375 3.96488036737234e-07
0.7383499755859375 4.0754629784108453e-07
0.7393499755859375 6.105732366753121e-07
0.7403499755859375 3.554846019445298e-07
0.7413499755859375 5.410666562966071e-07
0.7423499755859375 4.739317713150134e-07
0.7433499755859375 3.401808983956774e-07
0.7443499755859375 2.393408249190543e-07
0.7453499755859375 4.940077390832206e-07
0.7463499755859375 3.0158679995414177e-07
0.7473499755859375 4.6076166351364613e-07
0.7483499755859375 1.453313003215347e-07
0.7493499755859375 4.061154747129573e-07
0.7503499755859375 5.344717768214954e-07
0.7513499755859375 3.986763150720662e-09
0.7523499755859375 4.519557721020343e-07
0.7533499755859375 6.655352869226287e-07
0.7543499755859375 4.352396596611167e-07
0.7553499755859375 6.754382472233071e-07
0.7563499755859375 5.735077381056423e-07
0.7573499755859375 3.963959413037325e-07
0.7583499755859375 6.313024762979088e-07
0.7593499755859375 4.6248567135383687e-07
0.7603499755859375 5.98786694657368e-07
0.7613499755859375 5.367532139644027e-07
0.7623499755859375 2.4376661142078146e-07
0.7633499755859375 3.23062731695245e-07
0.7643499755859375 6.158428853571725e-07
0.7653499755859375 4.889229762738979e-07
0.7663499755859375 4.4597380716974536e-07
0.7673499755859375 1.645791866167201e-07
0.7683499755859375 4.3425536205177196e-07
0.7693499755859375 7.244116325940316e-07
0.7703499755859375 1.036231794084112e-06
0.7713499755859375 4.579523253293397e-07
0.7723499755859375 5.894106046374267e-07
0.7733499755859375 4.56265224784147e-07
0.7743499755859375 6.638899261209492e-07
0.7753499755859375 4.532372380102364e-07
0.7763499755859375 6.541151500035387e-07
0.7773499755859375 2.856865285139065e-07
0.7783499755859375 6.589269105461427e-07
0.7793499755859375 1.927444679683532e-07
0.7803499755859375 3.670339053011654e-07
0.7813499755859376 2.811958347592736e-07
0.7823499755859376 2.7084298229359165e-07
0.7833499755859376 4.213665730882591e-07
0.7843499755859376 3.3011629966495095e-07
0.7853499755859376 6.993976421654224e-07
0.7863499755859376 2.537793284318468e-07
0.7873499755859374 4.241500634331411e-07
0.7883499755859374 5.197223072173074e-07
0.7893499755859374 2.321852844033856e-07
0.7903499755859374 1.676772633570541e-07
0.7913499755859374 6.167998859988681e-07
0.7923499755859374 7.266011743922717e-07
0.7933499755859375 5.686245613597171e-07
0.7943499755859375 8.259496098617091e-07
0.7953499755859375 5.210682537596749e-08
0.7963499755859375 4.960850674251561e-07
0.7973499755859375 6.650781627589216e-07
0.7983499755859375 4.584400085150264e-07
0.7993499755859375 9.238974113638203e-07
0.8003499755859375 1.4749117042301132e-06
0.8013499755859375 1.5195867637197116e-06
0.8023499755859375 1.6155312827258045e-06
0.8033499755859375 1.2703079498442844e-06
0.8043499755859375 1.3273686677506047e-06
0.8053499755859375 1.1038743346323675e-06
0.8063499755859375 1.2997380675049891e-06
0.8073499755859375 1.7790039280111788e-06
0.8083499755859375 7.467490297529187e-07
0.8093499755859375 8.138420098179979e-07
0.8103499755859375 1.253877637649804e-06
0.8113499755859375 9.964609707925408e-07
0.8123499755859375 6.883458556738477e-07
0.8133499755859375 5.633838898085752e-07
0.8143499755859375 9.023156812672561e-07
0.8153499755859375 5.093004149316947e-07
0.8163499755859375 7.740927358132642e-07
0.8173499755859375 8.586184571827409e-07
0.8183499755859375 6.67726038165948e-07
0.8193499755859375 8.677536597824505e-07
0.8203499755859375 6.881652492913097e-07
0.8213499755859375 1.3257199201458154e-06
0.8223499755859375 5.452062452943302e-07
0.8233499755859375 7.117013391434807e-07
0.8243499755859375 7.456126953052514e-07
0.8253499755859375 7.897940652617997e-07
0.8263499755859375 5.663832601541318e-07
0.8273499755859375 1.207056238560477e-06
0.8283499755859375 1.1055943000304482e-06
0.8293499755859375 8.962266420448134e-07
0.8303499755859375 5.753776948807976e-07
0.8313499755859375 7.829189626497951e-07
0.8323499755859375 1.140171337032278e-06
0.8333499755859375 6.763649938008407e-07
0.8343499755859375 8.591729611875274e-07
0.8353499755859375 9.023860252199076e-07
0.8363499755859375 7.387562804352297e-07
0.8373499755859375 9.449099757180948e-07
0.8383499755859375 7.74801043581834e-07
0.8393499755859375 1.124354649101516e-06
0.8403499755859375 1.1687813902736873e-06
0.8413499755859375 1.0970934596296686e-06
0.8423499755859375 1.311812488245974e-06
0.8433499755859375 1.2751191437789374e-06
0.8443499755859375 1.35695367641609e-06
0.8453499755859375 1.4607457216922849e-06
0.8463499755859375 1.443986273965559e-06
0.8473499755859375 1.5402731752715798e-06
0.8483499755859375 1.5140626043545802e-06
0.8493499755859375 1.6942042193496223e-06
0.8503499755859375 1.7427200468535923e-06
0.8513499755859375 1.928233341189695e-06
0.8523499755859375 1.8285642850091265e-06
0.8533499755859375 1.8329221352541037e-06
0.8543499755859375 1.8544726172004204e-06
0.8553499755859375 1.8398035859354718e-06
0.8563499755859375 2.01497559770459e-06
0.8573499755859375 1.8536278118948116e-06
0.8583499755859375 1.9410056966526643e-06
0.8593499755859375 1.9590868928015116e-06
0.8603499755859375 1.6918638890931986e-06
0.8613499755859375 1.5527023131553003e-06
0.8623499755859375 1.9433961767248052e-06
0.8633499755859375 1.8703302455722854e-06
0.8643499755859375 1.8720601298606676e-06
0.8653499755859375 1.986432302901071e-06
0.8663499755859375 1.8884060798427208e-06
0.8673499755859375 2.1197395405549058e-06
0.8683499755859375 2.3225439233058005e-06
0.8693499755859375 2.287070925821703e-06
0.8703499755859375 2.276591043875161e-06
0.8713499755859375 2.092876304777904e-06
0.8723499755859375 2.0923386669498464e-06
0.8733499755859375 2.1347669523083076e-06
0.8743499755859375 2.2826756915610697e-06
0.8753499755859375 2.0948511233193055e-06
0.8763499755859375 2.060438228502159e-06
0.8773499755859375 2.008503801228599e-06
0.8783499755859375 2.3035273816168638e-06
0.8793499755859375 2.49727940748577e-06
0.8803499755859375 2.3383491541130873e-06
0.8813499755859375 2.365021466304748e-06
0.8823499755859375 2.687443911236118e-06
0.8833499755859375 2.702549535765604e-06
0.8843499755859375 2.841133807754919e-06
0.8853499755859375 3.082888956320386e-06
0.8863499755859375 2.983183353858844e-06
0.8873499755859375 3.026766830440225e-06
0.8883499755859375 3.0284455453780562e-06
0.8893499755859375 3.131867326446387e-06
0.8903499755859375 3.0178934536639445e-06
0.8913499755859375 2.994317544761571e-06
0.8923499755859375 2.827838734759352e-06
0.8933499755859375 2.7789976978272878e-06
0.8943499755859375 2.7791624738379686e-06
0.8953499755859375 2.63559918148209e-06
0.8963499755859375 2.6424286472056458e-06
0.8973499755859375 2.474092472893569e-06
0.8983499755859375 2.6711349141678734e-06
0.8993499755859375 2.4295225534065874e-06
0.9003499755859375 2.2237011261000884e-06
0.9013499755859375 2.4666010043502728e-06
0.9023499755859375 2.1185482572220376e-06
0.9033499755859375 2.0611487011701706e-06
0.9043499755859375 2.1410037501559436e-06
0.9053499755859375 2.0675472198086924e-06
0.9063499755859376 2.0208180390264855e-06
0.9073499755859376 2.2173987174731052e-06
0.9083499755859376 2.0450065106452998e-06
0.9093499755859376 1.9533092558645816e-06
0.9103499755859376 2.2160941484667526e-06
0.9113499755859376 1.829218908493042e-06
0.9123499755859374 1.8817188220579781e-06
0.9133499755859374 1.650445922224432e-06
0.9143499755859374 1.81164596061669e-06
0.9153499755859374 1.7865850560608182e-06
0.9163499755859374 1.7900584910517407e-06
0.9173499755859374 2.0011078010128025e-06
0.9183499755859375 2.1442431581239084e-06
0.9193499755859375 2.314713182511865e-06
0.9203499755859375 2.2340552738299866e-06
0.9213499755859375 2.4010733419761847e-06
0.9223499755859375 2.322347574413367e-06
0.9233499755859375 2.240518184059095e-06
0.9243499755859375 2.189211319337836e-06
0.9253499755859375 1.9698411698504926e-06
0.9263499755859375 1.9364206352317095e-06
0.9273499755859375 1.822863328107069e-06
0.9283499755859375 1.7225835874534749e-06
0.9293499755859375 1.4352926471038578e-06
0.9303499755859375 1.4153881915287826e-06
0.9313499755859375 1.2766250619779033e-06
0.9323499755859375 1.0287334844457269e-06
0.9333499755859375 1.1397295172962598e-06
0.9343499755859375 1.2841475336631633e-06
0.9353499755859375 1.2207373652796294e-06
0.9363499755859375 1.13802141872099e-06
0.9373499755859375 1.184606376413134e-06
0.9383499755859375 1.0122118912454867e-06
0.9393499755859375 8.482381827976361e-07
0.9403499755859375 1.0341955411149085e-06
0.9413499755859375 1.098415660088632e-06
0.9423499755859375 1.0342795719002854e-06
0.9433499755859375 1.1544587161304476e-06
0.9443499755859375 1.0068515662789658e-06
0.9453499755859375 1.0366704899356508e-06
0.9463499755859375 1.212281232949248e-06
0.9473499755859375 1.178924507736616e-06
0.9483499755859375 1.0726616205529465e-06
0.9493499755859375 8.684599394613616e-07
0.9503499755859375 8.471808514595503e-07
0.9513499755859375 1.219930760046232e-06
0.9523499755859375 1.1933463002515664e-06
0.9533499755859375 1.3303363228283061e-06
0.9543499755859375 1.7890092702867945e-06
0.9553499755859375 1.8945137777244323e-06
0.9563499755859375 2.231125983538393e-06
0.9573499755859375 2.236551263545644e-06
0.9583499755859375 2.553635175628791e-06
0.9593499755859375 2.1158656642650158e-06
0.9603499755859375 2.194508179944902e-06
0.9613499755859375 2.362366535885349e-06
0.9623499755859375 2.2926825896007348e-06
0.9633499755859375 2.397774990140607e-06
0.9643499755859375 2.2182242052421297e-06
0.9653499755859375 2.105425792731061e-06
0.9663499755859375 1.890980912009071e-06
0.9673499755859375 1.6162445036904685e-06
0.9683499755859375 1.2871259550579239e-06
0.9693499755859375 8.620436001900715e-07
0.9703499755859375 7.827926099593787e-07
0.9713499755859375 8.481999997584251e-07
0.9723499755859375 8.184802663762737e-07
0.9733499755859375 9.588169568380638e-07
0.9743499755859375 8.685972599170853e-07
0.9753499755859375 1.01302128828149e-06
0.9763499755859375 1.1938246337061159e-06
0.9773499755859375 1.4137713647783773e-06
0.9783499755859375 2.0016769400826933e-06
0.9793499755859375 2.6614566699400915e-06
0.9803499755859375 3.166026218345469e-06
0.9813499755859375 3.4952212652708036e-06
0.9823499755859375 3.716226834499741e-06
0.9833499755859375 3.680380288263715e-06
0.9843499755859375 3.4976129157012236e-06
0.9853499755859375 3.421840766360919e-06
0.9863499755859375 3.4627989726664906e-06
0.9873499755859375 3.4515670866136944e-06
0.9883499755859375 3.532579041713548e-06
0.9893499755859375 3.623993516236319e-06
0.9903499755859375 3.630329627532009e-06
0.9913499755859375 3.4743420609135517e-06
0.9923499755859375 3.0515965202812207e-06
0.9933499755859375 2.530086096100534e-06
0.9943499755859375 1.7216759941131339e-06
0.9953499755859375 1.1909418068186609e-06
0.9963499755859375 8.28336296628279e-07
0.9973499755859375 9.415648775631787e-07
0.9983499755859375 1.2996995363233345e-06
0.9993499755859375 1.1149601128744898e-06
1.0003499755859375 1.3495987831354189e-06
1.0013499755859374 6.3996349733012416e-06
1.0023499755859375 1.7775446031009778e-06
1.0033499755859374 6.953266953739027e-06
1.0043499755859375 2.2161983455474635e-06
1.0053499755859374 1.0942099807416856e-06
1.0063499755859375 2.1201020084730496e-06
1.0073499755859374 5.6829004703710475e-06
1.0083499755859375 5.281820092702579e-07
1.0093499755859374 1.981131560266173e-06
1.0103499755859375 2.0425020867224455e-06
1.0113499755859374 3.353859899156338e-06
1.0123499755859375 3.688756706094291e-06
1.0133499755859374 2.1880363151834577e-07
1.0143499755859375 9.999999939225291e-11
1.0153499755859374 4.1853968236083005e-07
1.0163499755859375 6.897412674522485e-07
1.0173499755859374 5.166366652472239e-07
1.0183499755859375 5.646234397621205e-06
1.0193499755859374 7.786336640869251e-07
1.0203499755859375 6.4575892368642e-06
1.0213499755859374 4.073251038789749e-06
1.0223499755859375 3.4573519951663913e-06
1.0233499755859374 2.798931042586143e-06
1.0243499755859375 4.971987606647114e-06
1.0253499755859374 7.413097868151179e-07
1.0263499755859375 2.3536870624714843e-06
1.0273499755859374 2.1265196456206802e-06
1.0283499755859375 5.066448378669245e-07
1.0293499755859374 7.300409752867647e-08
1.0303499755859375 3.1700992837802033e-06
1.0313499755859374 9.999999939225291e-11
1.0323499755859376 4.659110757832726e-06
1.0333499755859374 1.4592233344234984e-06
1.0343499755859376 9.493309793355091e-07
1.0353499755859374 4.8628844281968965e-06
1.0363499755859376 5.3773618613680206e-06
1.0373499755859374 9.999999939225291e-11
1.0383499755859376 2.514302880930093e-06
1.0393499755859374 2.9664673396230983e-06
1.0403499755859376 2.8658866843519108e-06
1.0413499755859374 9.999999939225291e-11
1.0423499755859376 1.0765925496040533e-06
1.0433499755859375 2.9241120015891892e-06
1.0443499755859376 5.511989972243706e-06
1.0453499755859375 3.101505377950768e-06
1.0463499755859376 3.0378913652384653e-06
1.0473499755859375 2.1659796281407276e-06
1.0483499755859376 5.181308273070802e-06
1.0493499755859375 1.8227506465221901e-06
1.0503499755859376 4.316679837224058e-07
1.0513499755859375 2.1971553602876763e-06
1.0523499755859376 2.563290666633596e-06
1.0533499755859375 4.167138007081424e-06
1.0543499755859376 3.020068780716182e-07
1.0553499755859375 1.2212480551661762e-06
1.0563499755859376 3.599824073414008e-06
1.0573499755859375 3.5958800193232792e-06
1.0583499755859376 1.818132727215982e-07
1.0593499755859375 1.349865245477607e-06
1.0603499755859376 3.5827813553623853e-06
1.0613499755859375 2.8761159531616914e-06
1.0623499755859376 4.9751220891873035e-06
1.0633499755859375 9.999999939225291e-11
1.0643499755859376 2.389024351335441e-06
1.0653499755859375 1.3469169883932134e-06
1.0663499755859376 9.999999939225291e-11
1.0673499755859375 8.221846144085276e-07
1.0683499755859376 4.176543358577571e-06
1.0693499755859375 2.796319992436717e-06
1.0703499755859376 3.1487476856758197e-06
1.0713499755859375 5.19784292665193e-07
1.0723499755859376 1.3230650508807192e-07
1.0733499755859375 4.826563694108425e-07
1.0743499755859376 9.999999939225291e-11
1.0753499755859375 8.431013945179681e-06
1.0763499755859376 5.751083733418483e-07
1.0773499755859375 5.846774826447169e-06
1.0783499755859376 9.519723432956558e-07
1.0793499755859375 8.351325326542518e-07
1.0803499755859376 1.0262276555295102e-06
1.0813499755859375 6.248343655782899e-07
1.0823499755859376 2.801760759515067e-06
1.0833499755859375 7.959353092168442e-07
1.0843499755859376 5.114793333760304e-08
1.0853499755859375 4.540803395987798e-06
1.0863499755859376 2.747719079228735e-08
1.0873499755859375 1.6914286337736208e-06
1.0883499755859376 1.6390934373096874e-06
1.0893499755859375 3.0018713732715696e-06
1.0903499755859376 9.037193895474379e-07
1.0913499755859375 1.958952031788641e-07
1.0923499755859376 5.925534545288732e-06
1.0933499755859375 9.999999939225291e-11
1.0943499755859376 1.4003363510480446e-06
1.0953499755859375 9.999999939225291e-11
1.0963499755859376 1.2370418335194698e-06
1.0973499755859375 9.999999939225291e-11
1.0983499755859376 1.4569903430317055e-06
1.0993499755859375 2.3724983327344517e-06
1.1003499755859374 1.8829828911481883e-06
1.1013499755859375 1.46801989441947e-06
1.1023499755859374 1.3270100653735758e-06
1.1033499755859375 1.8894046661444008e-06
1.1043499755859374 2.428264997433871e-06
1.1053499755859375 2.6133993136075634e-06
1.1063499755859374 2.36643461297111e-06
1.1073499755859375 1.4993806541685472e-06
1.1083499755859374 9.999999939225291e-11
1.1093499755859375 4.09704497239242e-06
1.1103499755859374 1.4243650730350054e-06
1.1113499755859375 2.610177422563235e-06
1.1123499755859374 3.1827439670450985e-06
1.1133499755859375 4.341126569743873e-07
1.1143499755859374 1.2009260111274973e-06
1.1153499755859375 2.4726400537359676e-06
1.1163499755859374 2.8645823476836086e-06
1.1173499755859375 1.6289673173256839e-06
1.1183499755859374 6.389818557976195e-07
1.1193499755859375 9.999999939225291e-11
1.1203499755859374 3.2625584087024133e-06
1.1213499755859375 5.645090614544065e-07
1.1223499755859374 3.675195330288261e-06
1.1233499755859375 4.157044653159877e-06
1.1243499755859374 8.787156642823628e-07
1.1253499755859375 3.2303606470425923e-06
1.1263499755859374 9.99616962970388e-07
1.1273499755859375 1.3279814781223346e-06
1.1283499755859374 2.661571352643814e-06
1.1293499755859375 4.854728370749702e-06
1.1303499755859374 2.29867919794439e-06
1.1313499755859375 3.41644272339181e-07
1.1323499755859374 3.640660337017228e-06
1.1333499755859375 2.0047755727622036e-06
1.1343499755859374 1.716724713078932e-06
1.1353499755859375 1.8657083853401701e-06
1.1363499755859374 2.1337930350758446e-06
1.1373499755859375 2.6302883149279905e-06
1.1383499755859374 2.4129386292770506e-06
1.1393499755859375 7.679073503593276e-07
1.1403499755859374 1.846559292365176e-06
1.1413499755859375 6.98081709791983e-07
1.1423499755859374 6.757627704434554e-07
1.1433499755859375 4.213461031262374e-06
1.1443499755859374 7.50886302182489e-07
1.1453499755859375 1.0805708825500915e-06
1.1463499755859374 6.916370693943463e-07
1.1473499755859375 1.7254123425421616e-06
1.1483499755859374 3.1425426035032918e-06
1.1493499755859375 9.999999939225291e-11
1.1503499755859374 3.5002757042157385e-07
1.1513499755859375 3.309737124557917e-06
1.1523499755859374 9.999999939225291e-11
1.1533499755859375 4.800583022491386e-06
1.1543499755859374 2.0073376046703118e-07
1.1553499755859375 1.926832458896873e-06
1.1563499755859374 2.913840056608663e-06
1.1573499755859376 2.373620664002374e-06
1.1583499755859374 4.927791784818206e-07
1.1593499755859376 4.696949943057878e-08
1.1603499755859374 2.614309244866793e-06
1.1613499755859376 3.3229669982877868e-06
1.1623499755859374 1.1064712452935055e-06
1.1633499755859376 1.4275863647957485e-07
1.1643499755859374 3.6321557126939296e-06
1.1653499755859376 1.5261271134174118e-06
1.1663499755859374 1.4810053687330794e-06
1.1673499755859376 3.3234289195031387e-07
1.1683499755859375 2.061354401424372e-06
1.1693499755859376 1.152034747065045e-06
1.1703499755859375 2.7986226208061755e-06
1.1713499755859376 2.754819967473547e-06
1.1723499755859375 3.67626470203201e-06
1.1733499755859376 1.3483429938787595e-06
1.1743499755859375 1.8168219927853593e-06
1.1753499755859376 2.0975819499113867e-08
1.1763499755859375 3.6110284175568567e-06
1.1773499755859376 1.2015363218361348e-06
1.1783499755859375 4.787346600399663e-06
1.1793499755859376 2.0825729370699265e-06
1.1803499755859375 1.5726676307773839e-06
1.1813499755859376 2.20119061582776e-06
1.1823499755859375 5.788109383993619e-07
1.1833499755859376 6.609127770692188e-07
1.1843499755859375 1.6892470591489683e-06
1.1853499755859376 1.6673570401811352e-06
1.1863499755859375 6.744252614717301e-07
1.1873499755859376 2.677020966075361e-06
1.1883499755859375 1.86227118926278e-06
1.1893499755859376 2.317449955929381e-06
1.1903499755859375 1.3998626915660376e-06
1.1913499755859376 3.3324880253834026e-06
1.1923499755859375 3.221429312058414e-06
1.1933499755859376 3.1586366822011767e-06
1.1943499755859375 1.8718436668259861e-06
1.1953499755859376 3.960886679124087e-06
1.1963499755859375 3.816378399884949e-06
1.1973499755859376 2.4657053290866317e-06
1.1983499755859375 1.945996797682407e-06
1.1993499755859376 6.615573457639338e-07
1.2003499755859375 4.209248678913961e-06
1.2013499755859376 1.0673363377537252e-06
1.2023499755859375 3.0287762395649528e-06
1.2033499755859376 3.1634262510730575e-06
1.2043499755859375 4.454063988911609e-06
1.2053499755859376 3.796633391175419e-06
1.2063499755859375 3.3513033556549964e-07
1.2073499755859376 4.797263536602259e-06
1.2083499755859375 2.204095614664799e-06
1.2093499755859376 2.7269693088971535e-06
1.2103499755859375 1.4271123905018612e-06
1.2113499755859376 5.968274587454895e-06
1.2123499755859375 2.3408870523174603e-06
1.2133499755859376 2.9792963080884266e-06
1.2143499755859375 1.2466848514917453e-06
1.2153499755859376 3.182807025344421e-06
1.2163499755859375 4.4150393417415515e-06
1.2173499755859376 3.372266995332514e-06
1.2183499755859375 2.370355626529393e-06
1.2193499755859376 1.4672880058430592e-06
1.2203499755859375 4.035392291067789e-06
1.2213499755859376 3.52636503521353e-06
1.2223499755859375 5.228063770725081e-06
1.2233499755859376 2.501950997005527e-06
1.2243499755859375 3.940442014330377e-06
1.2253499755859374 3.6589690716937185e-06
1.2263499755859375 4.244056375076373e-06
1.2273499755859374 3.0600562846908968e-06
1.2283499755859375 1.985579690021074e-06
1.2293499755859374 2.8355837275739757e-06
1.2303499755859375 4.750271812857439e-06
1.2313499755859374 1.3231663804387968e-06
1.2323499755859375 4.2245980390968425e-06
1.2333499755859374 4.0405817950765295e-06
1.2343499755859375 4.092067295763021e-06
1.2353499755859374 2.1232577940584936e-06
1.2363499755859375 5.538913343722621e-06
1.2373499755859374 5.675339780282229e-06
1.2383499755859375 8.321814554316613e-07
1.2393499755859374 6.9833676874016725e-06
1.2403499755859375 3.484813981534292e-06
1.2413499755859374 5.508017105360826e-06
1.2423499755859375 8.069586280422905e-06
1.2433499755859374 6.942673547503849e-06
1.2443499755859375 3.4133546190181126e-06
1.2453499755859374 7.454738370142877e-06
1.2463499755859375 7.293164380826056e-06
1.2473499755859374 8.339352207258344e-06
1.2483499755859375 5.759849348881593e-06
1.2493499755859374 9.900410659611226e-06
1.2503499755859375 6.705025055756172e-06
1.2513499755859374 8.962745584237079e-06
1.2523499755859375 1.0365647225019832e-05
1.2533499755859374 9.829152453069885e-06
1.2543499755859375 1.274259528145194e-05
1.2553499755859374 1.1530319461598993e-05
1.2563499755859375 1.25751980037118e-05
1.2573499755859374 1.3106393162161112e-05
1.2583499755859375 1.3644053445508082e-05
1.2593499755859374 1.5521606740852197e-05
1.2603499755859375 1.9389293156564237e-05
1.2613499755859374 1.68102669219176e-05
1.2623499755859375 2.1418119625498852e-05
1.2633499755859374 2.5658262893557547e-05
1.2643499755859375 2.9216679589202007e-05
1.2653499755859374 3.062296658754349e-05
1.2663499755859375 3.725528639430801e-05
1.2673499755859374 3.9961147122085096e-05
1.2683499755859375 5.019518081098795e-05
1.2693499755859374 5.415142824252446e-05
1.2703499755859375 6.382576189935207e-05
1.2713499755859374 7.513367881377537e-05
1.2723499755859375 8.370386126140752e-05
1.2733499755859374 9.948053707679114e-05
1.2743499755859375 0.00010446863559385141
1.2753499755859374 0.00012241756543517111
1.2763499755859375 0.00014012633512417474
1.2773499755859374 0.0001591403316706419
1.2783499755859375 0.00017753993161022662
1.2793499755859374 0.00021133963639537493
1.2803499755859375 0.00023207737132906913
1.2813499755859374 0.0002594123035669327
1.2823499755859376 0.00029220990215738616
1.2833499755859374 0.0003544333390891552
1.2843499755859376 0.0003875595952073733
1.2853499755859374 0.00044019470612208044
1.2863499755859376 0.0004980951050917307
1.2873499755859374 0.0005995210508505503
1.2883499755859376 0.0006867134446899097
1.2893499755859374 0.000791449894507726
1.2903499755859376 0.0009678078691164653
1.2913499755859374 0.001107497066259384
1.2923499755859376 0.0013445000102122627
1.2933499755859375 0.0015345253298679987
1.2943499755859376 0.0018562099834283194
1.2953499755859375 0.0022893943885962166
1.2963499755859376 0.0027596746881802877
1.2973499755859375 0.0033806732296943667
1.2983499755859376 0.004058054288228353
1.2993499755859375 0.0050047176082928975
1.3003499755859376 0.006027350227038065
1.3013499755859375 0.0074784346421559655
1.3023499755859376 0.009037253856658935
1.3033499755859375 0.011106713016827901
1.3043499755859376 0.01356076995531718
1.3053499755859375 0.01568412661552429
1.3063499755859376 0.019300973415374754
1.3073499755859375 0.02235676328341166
1.3083499755859376 0.02499205986658732
1.3093499755859375 0.02833904981613159
1.3103499755859376 0.03099285046259562
1.3113499755859375 0.03561598380406698
1.3123499755859376 0.036858383814493814
1.3133499755859375 0.04314279953638713
1.3143499755859376 0.048430010477701825
1.3153499755859375 0.055937973658243816
1.3163499755859376 0.06266719341278076
1.3173499755859375 0.07233500480651855
1.3183499755859376 0.08283430258433024
1.3193499755859375 0.0981787077585856
1.3203499755859376 0.11137614568074544
1.3213499755859375 0.1309308973948161
1.3223499755859376 0.15084706306457518
1.3233499755859375 0.18315660158793132
1.3243499755859376 0.202925599416097
1.3253499755859375 0.2447394053141276
1.3263499755859376 0.28290863037109376
1.3273499755859375 0.3328793334960938
1.3283499755859376 0.38959992726643883
1.3293499755859375 0.44983763376871744
1.3303499755859376 0.51158083597819
1.3313499755859375 0.5727984746297201
1.3323499755859376 0.658693339029948
1.3333499755859375 0.7132641092936198
1.3343499755859376 0.7837089792887371
1.3353499755859375 0.8224170684814454
1.3363499755859376 0.8513804880777995
1.3373499755859375 0.9186755879720052
1.3383499755859376 0.9065944417317708
1.3393499755859375 0.960063985188802
1.3403499755859376 0.9265783437093098
1.3413499755859375 0.942930679321289
1.3423499755859376 0.9594055938720704
1.3433499755859375 0.9329862467447917
1.3443499755859376 0.9515342712402344
1.3453499755859375 0.9464134470621746
1.3463499755859376 0.9524298095703125
1.3473499755859375 0.946937026977539
1.3483499755859376 0.9554239400227864
1.3493499755859375 0.9457957458496093
1.3503499755859374 0.966647466023763
1.3513499755859375 0.9439817047119141
1.3523499755859374 0.9548007456461589
1.3533499755859375 0.9559509785970052
1.3543499755859374 0.92993408203125
1.3553499755859375 0.9663750457763672
1.3563499755859374 0.9606809488932292
1.3573499755859375 0.9462856547037761
1.3583499755859374 0.9492227427164714
1.3593499755859375 0.9242440795898438
1.3603499755859374 0.9710140736897785
1.3613499755859375 0.9568024190266926
1.3623499755859374 0.9457091522216797
1.3633499755859375 0.9515686798095703
1.3643499755859374 0.9450600687662761
1.3653499755859375 0.956279296875
1.3663499755859374 0.9408156840006511
1.3673499755859375 0.9640621439615886
1.3683499755859374 0.9412503051757812
1.3693499755859375 0.9551242574055989
1.3703499755859374 0.9568558502197265
1.3713499755859375 0.948824234008789
1.3723499755859374 0.9472001393636067
1.3733499755859375 0.9486606089274089
1.3743499755859374 0.9455459340413411
1.3753499755859375 0.9417688751220703
1.3763499755859374 0.9341254933675129
1.3773499755859375 0.9175212860107422
1.3783499755859374 0.9313637288411458
1.3793499755859375 0.9226673380533854
1.3803499755859374 0.9212289428710938
1.3813499755859375 0.9166471354166668
1.3823499755859374 0.9066678365071614
1.3833499755859375 0.9121759541829426
1.3843499755859374 0.9145084635416667
1.3853499755859375 0.897087885538737
1.3863499755859374 0.9308079274495442
1.3873499755859375 0.9017861938476562
1.3883499755859374 0.9054641215006511
1.3893499755859375 0.8975465647379558
1.3903499755859374 0.9160629526774089
1.3913499755859375 0.8938884226481121
1.3923499755859374 0.9244713083902996
1.3933499755859375 0.9024553680419922
1.3943499755859374 0.9081385548909505
1.3953499755859375 0.9018969472249349
1.3963499755859374 0.901526107788086
1.3973499755859375 0.9067367299397786
1.3983499755859374 0.920307133992513
1.3993499755859375 0.901256586710612
1.4003499755859374 0.9083344523111979
1.4013499755859375 0.9078534698486328
1.4023499755859374 0.8969759114583333
1.4033499755859375 0.924627176920573
1.4043499755859374 0.9342039998372396
1.4053499755859375 0.9177583821614583
1.4063499755859374 0.9284276580810547
1.4073499755859376 0.927095947265625
1.4083499755859374 0.9360524241129557
1.4093499755859376 0.9271209208170573
1.4103499755859374 0.9516703542073567
1.4113499755859376 0.9374272155761719
1.4123499755859374 0.9428787231445312
1.4133499755859376 0.9477952575683594
1.4143499755859374 0.9289623769124349
1.4153499755859376 0.9503347778320312
1.4163499755859374 0.9569169871012371
1.4173499755859376 0.953492660522461
1.4183499755859375 0.9567127990722656
1.4193499755859376 0.9505046844482422
1.4203499755859375 0.9414207204182943
1.4213499755859376 0.97219482421875
1.4223499755859375 0.9406491343180339
1.4233499755859376 0.9621915435791015
1.4243499755859375 0.9530996958414714
1.4253499755859376 0.9458320617675782
1.4263499755859375 0.9703274027506511
1.4273499755859376 0.9500199381510417
1.4283499755859375 0.9539792887369792
1.4293499755859376 0.9535569000244141
1.4303499755859375 0.9604880269368489
1.4313499755859376 0.9577042643229167
1.4323499755859375 0.9490787251790365
1.4333499755859376 0.9560100301106771
1.4343499755859375 0.9512150828043621
1.4353499755859376 0.9445318349202474
1.4363499755859375 0.9435218048095703
1.4373499755859376 0.9501380157470704
1.4383499755859375 0.9444087727864583
1.4393499755859376 0.9442027791341145
1.4403499755859375 0.9442522430419922
1.4413499755859376 0.9469652303059896
1.4423499755859375 0.9504029337565104
1.4433499755859376 0.9429430135091146
1.4443499755859375 0.9437042999267579
1.4453499755859376 0.9559997304280599
1.4463499755859375 0.9417459360758464
1.4473499755859376 0.9524769592285156
1.4483499755859375 0.9468418884277344
1.4493499755859376 0.9556008656819661
1.4503499755859375 0.939301249186198
1.4513499755859376 0.9610454559326171
1.4523499755859375 0.9548554229736328
1.4533499755859376 0.9625022888183594
1.4543499755859375 0.9585519663492839
1.4553499755859376 0.9664737447102865
1.4563499755859375 0.9503802490234375
1.4573499755859376 0.9591514333089193
1.4583499755859375 0.9751594543457032
1.4593499755859376 0.9738918050130208
1.4603499755859375 0.9668547058105469
1.4613499755859376 0.9747630310058594
1.4623499755859375 0.9709335327148437
1.4633499755859376 0.9636038208007812
1.4643499755859375 0.9698402913411458
1.4653499755859376 0.969981206258138
1.4663499755859375 0.9547652689615886
1.4673499755859376 0.9805083465576172
1.4683499755859375 0.9366185251871745
1.4693499755859376 0.9343280283610027
1.4703499755859375 0.9165571594238281
1.4713499755859376 0.8899688212076824
1.4723499755859375 0.858716049194336
1.4733499755859376 0.8092910512288412
1.4743499755859375 0.7648604329427083
1.4753499755859374 0.7045377604166667
1.4763499755859375 0.6466063690185547
1.4773499755859374 0.5808260345458984
1.4783499755859375 0.5126847330729166
1.4793499755859374 0.44616291046142575
1.4803499755859375 0.38776793162027995
1.4813499755859374 0.3313118934631348
1.4823499755859375 0.279054438273112
1.4833499755859374 0.24246373494466145
1.4843499755859375 0.20684316635131836
1.4853499755859374 0.17443279902140302
1.4863499755859375 0.14893766721089682
1.4873499755859374 0.12560830116271973
1.4883499755859375 0.11487530072530111
1.4893499755859374 0.09534824371337891
1.4903499755859375 0.08385419845581055
1.4913499755859374 0.0726992130279541
1.4923499755859375 0.06490252017974854
1.4933499755859374 0.05762914021809896
1.4943499755859375 0.050192065238952636
1.4953499755859374 0.04688277880350749
1.4963499755859375 0.04156287908554077
1.4973499755859374 0.03757129987080892
1.4983499755859375 0.03288878043492635
1.4993499755859374 0.0290701699256897
1.5003499755859375 0.023790357112884523
1.5013499755859374 0.019778153896331786
1.5023499755859375 0.016557626724243164
1.5033499755859374 0.013554373184839884
1.5043499755859375 0.01146239995956421
1.5053499755859374 0.009514366587003073
1.5063499755859375 0.007909535964330038
1.5073499755859374 0.006806952953338623
1.5083499755859375 0.0057752563556035365
1.5093499755859374 0.00494659145673116
1.5103499755859375 0.0042149296402931215
1.5113499755859374 0.003625386953353882
1.5123499755859375 0.0031254126628239946
1.5133499755859374 0.0026959239443143206
1.5143499755859375 0.002406065066655477
1.5153499755859374 0.002072409689426422
1.5163499755859375 0.001820941666762034
1.5173499755859374 0.0015835293134053548
1.5183499755859375 0.0014332669973373413
1.5193499755859374 0.0012570426364739737
1.5203499755859375 0.0010935916751623155
1.5213499755859374 0.0009881994624932606
1.5223499755859375 0.0008634185294310252
1.5233499755859374 0.0008104621867338817
1.5243499755859375 0.0007122058173020681
1.5253499755859374 0.000628671869635582
1.5263499755859375 0.0005734142164389292
1.5273499755859374 0.0005159537245829901
1.5283499755859375 0.0004714719081918398
1.5293499755859374 0.0004178043330709139
1.5303499755859375 0.0003815229112903277
1.5313499755859374 0.00034510426223278046
1.5323499755859376 0.000313714953760306
1.5333499755859374 0.00028208666791518526
1.5343499755859376 0.0002574527325729529
1.5353499755859374 0.0002335568331182003
1.5363499755859376 0.00021488886326551438
1.5373499755859374 0.0001941888965666294
1.5383499755859376 0.00017516743391752244
1.5393499755859374 0.00016217246962090331
1.5403499755859376 0.00014971239802738032
1.5413499755859374 0.00013071973187228045
1.5423499755859376 0.00012387410116692385
1.5433499755859375 0.00011359473069508872
1.5443499755859376 0.00010326670172313848
1.5453499755859375 9.305412570635477e-05
1.5463499755859376 8.746044710278511e-05
1.5473499755859375 8.340236420432726e-05
1.5483499755859376 7.182754265765349e-05
1.5493499755859375 6.90678662310044e-05
1.5503499755859376 6.162298377603293e-05
1.5513499755859375 5.3088320419192316e-05
1.5523499755859376 5.504219327121973e-05
1.5533499755859375 4.819309338927269e-05
1.5543499755859376 4.1123139671981337e-05
1.5553499755859375 4.726214800029993e-05
1.5563499755859376 4.120797539750735e-05
1.5573499755859375 3.44322140639027e-05
1.5583499755859376 3.635078979035219e-05
1.5593499755859375 3.400185300658146e-05
1.5603499755859376 2.9453423339873554e-05
1.5613499755859375 2.743577972675363e-05
1.5623499755859376 2.6933196932077407e-05
1.5633499755859375 2.4175906243423618e-05
1.5643499755859376 2.174294670112431e-05
1.5653499755859375 2.1322463483860097e-05
1.5663499755859376 1.9384389743208887e-05
1.5673499755859375 1.9818299915641546e-05
1.5683499755859376 1.608933322131634e-05
1.5693499755859375 1.9778116450955472e-05
1.5703499755859376 1.6529060279329617e-05
1.5713499755859375 1.632290310226381e-05
1.5723499755859376 1.6190509777516128e-05
1.5733499755859375 1.6891993194197615e-05
1.5743499755859376 1.627805681588749e-05
1.5753499755859375 1.4246866339817642e-05
1.5763499755859376 1.1100856742511194e-05
1.5773499755859375 1.7713893127317232e-05
1.5783499755859376 1.4642103342339397e-05
1.5793499755859375 1.2436575101067621e-05
1.5803499755859376 1.2278137534546357e-05
1.5813499755859375 1.3663357046122353e-05
1.5823499755859376 1.2344013278683026e-05
1.5833499755859375 1.6046363549927872e-05
1.5843499755859376 9.221814883251985e-06
1.5853499755859375 7.416934240609408e-06
1.5863499755859376 1.0537183843553066e-05
1.5873499755859375 9.873814415186643e-06
1.5883499755859376 9.201816477191945e-06
1.5893499755859375 7.693765025275448e-06
1.5903499755859376 8.668140120183428e-06
1.5913499755859375 1.2941249879077078e-05
1.5923499755859376 6.4439510848994055e-06
1.5933499755859375 8.160229966354868e-06
1.5943499755859376 1.3223103402803342e-05
1.5953499755859375 5.688282932775716e-06
1.5963499755859376 1.1151100625284017e-05
1.5973499755859375 9.959737653844058e-06
1.5983499755859376 5.4232823701264955e-06
1.5993499755859375 8.209297472300628e-06
1.6003499755859374 7.261278030152122e-06
1.6013499755859375 8.640280381465951e-06
1.6023499755859374 7.648571239163479e-06
1.6033499755859375 6.550158141180873e-06
1.6043499755859374 4.636253288481385e-06
1.6053499755859375 9.168438846245407e-06
1.6063499755859374 3.952941963992392e-06
1.6073499755859375 7.422272271166245e-06
1.6083499755859374 4.0084226444984476e-06
1.6093499755859375 1.0372510684343676e-05
1.6103499755859374 4.107353500633811e-06
1.6113499755859375 1.0910831622101825e-06
1.6123499755859374 3.2203256220479187e-06
1.6133499755859375 4.333191318437457e-06
1.6143499755859374 6.829439662396908e-06
1.6153499755859375 4.793451759420957e-06
1.6163499755859374 7.489386092250546e-06
1.6173499755859375 2.9562820270445655e-06
1.6183499755859374 7.2112709555464486e-06
1.6193499755859375 3.527162552927621e-06
1.6203499755859374 6.344795595699301e-06
1.6213499755859375 2.813907728220026e-06
1.6223499755859374 6.5641169203445314e-06
1.6233499755859375 6.2420218212840465e-06
1.6243499755859374 4.050349380122498e-06
1.6253499755859375 7.822661306515026e-07
1.6263499755859374 5.0669672782532874e-06
1.6273499755859375 1.4799929919906418e-06
1.6283499755859374 1.5869682923833986e-06
1.6293499755859375 8.800379970731834e-06
1.6303499755859374 4.2349289287813004e-06
1.6313499755859375 1.0743831323149304e-05
1.6323499755859374 1.8685452232602983e-06
1.6333499755859375 6.812264521916708e-06
1.6343499755859374 4.673868922206263e-06
1.6353499755859375 4.307211687167485e-06
1.6363499755859374 8.77411977853626e-06
1.6373499755859375 1.6809642450728765e-06
1.6383499755859374 2.0720050277075096e-06
1.6393499755859375 7.062899297780589e-06
1.6403499755859374 5.3162703018945955e-06
1.6413499755859375 6.752396390462915e-06
1.6423499755859374 8.820354317625363e-06
1.6433499755859375 1.3885656759763755e-06
1.6443499755859374 4.4736420265204895e-06
1.6453499755859375 6.734394116580944e-07
1.6463499755859374 4.688379946552838e-06
1.6473499755859375 1.818625890640154e-06
1.6483499755859374 7.766791677568108e-06
1.6493499755859375 2.46794007615551e-06
1.6503499755859374 1.758882678635961e-06
1.6513499755859375 5.3014710041073464e-06
1.6523499755859374 3.627875121310353e-06
1.6533499755859375 4.51264568255283e-06
1.6543499755859374 2.320729351292054e-06
1.6553499755859375 5.0245220578896495e-06
1.6563499755859374 4.013388243038207e-06
1.6573499755859376 4.740696943675478e-06
1.6583499755859374 6.050720597462108e-06
1.6593499755859376 5.964166872824231e-06
1.6603499755859374 7.648203948823115e-06
1.6613499755859376 2.787445312909161e-06
1.6623499755859374 5.689788958989084e-06
1.6633499755859376 4.989457665942609e-06
1.6643499755859374 7.945023923336217e-06
1.6653499755859376 1.061997827491723e-06
1.6663499755859374 6.418289946547398e-06
1.6673499755859376 5.724570461704085e-06
1.6683499755859375 7.26396644798418e-06
1.6693499755859376 8.772834314374478e-07
1.6703499755859375 1.6090532881207765e-06
1.6713499755859376 7.053926819935441e-06
1.6723499755859375 1.162201251997767e-06
1.6733499755859376 4.169521271251142e-06
1.6743499755859375 4.048351062616954e-06
1.6753499755859376 5.545312305912376e-06
1.6763499755859375 4.519684104404102e-06
1.6773499755859376 7.891862187534571e-06
1.6783499755859375 2.3765270695245513e-06
1.6793499755859376 7.860740491499504e-06
1.6803499755859375 8.906777172038952e-06
1.6813499755859376 7.79821896382297e-06
1.6823499755859375 2.7619022876024248e-06
1.6833499755859376 5.421564128482714e-06
1.6843499755859375 9.999999939225291e-11
1.6853499755859376 3.90814976223434e-06
1.6863499755859375 9.999999939225291e-11
1.6873499755859376 6.591952308857193e-06
1.6883499755859375 8.30215149714301e-06
1.6893499755859376 1.037159643093588e-06
1.6903499755859375 7.690236282845338e-06
1.6913499755859376 9.815495189589757e-06
1.6923499755859375 5.014725514532378e-06
1.6933499755859376 5.962610788022479e-06
1.6943499755859375 4.66150144347921e-06
1.6953499755859376 3.037996997337089e-06
1.6963499755859375 6.7696703869539e-06
1.6973499755859376 2.3018356296233833e-06
1.6983499755859375 3.4338320256210866e-06
1.6993499755859376 1.265281675030631e-06
1.7003499755859375 7.203974140187105e-06
1.7013499755859376 3.5907534230143293e-07
1.7023499755859375 4.162488330621273e-06
1.7033499755859376 5.842810205649584e-06
1.7043499755859375 5.231041189593573e-06
1.7053499755859376 5.5199813505169e-06
1.7063499755859375 5.905727057816298e-07
1.7073499755859376 7.309665282567342e-06
1.7083499755859375 2.4957743854011243e-06
1.7093499755859376 4.7483914143716295e-06
1.7103499755859375 4.42748685092198e-07
1.7113499755859376 4.284287764069934e-06
1.7123499755859375 5.24284221076717e-06
1.7133499755859376 2.9324858981757036e-06
1.7143499755859375 4.386854416225106e-06
1.7153499755859376 2.6312459374100427e-06
1.7163499755859375 7.478919578716159e-06
1.7173499755859376 1.1271268983061115e-05
1.7183499755859375 7.663638680242002e-06
1.7193499755859376 9.999999939225291e-11
1.7203499755859375 9.363590894887844e-06
1.7213499755859376 6.6356165916658935e-06
1.7223499755859375 3.9296587150487265e-06
1.7233499755859376 6.598414426359038e-06
1.7243499755859375 9.999999939225291e-11
1.7253499755859374 8.703201262202734e-06
1.7263499755859375 1.0376767216560741e-05
1.7273499755859374 6.034323596395552e-06
1.7283499755859375 2.5289268523920327e-06
1.7293499755859374 4.233522340655327e-06
1.7303499755859375 9.516502032056451e-06
1.7313499755859374 1.212145468392952e-06
1.7323499755859375 5.1709022955037655e-06
1.7333499755859374 3.6666490874874095e-06
1.7343499755859375 9.553419658914208e-06
1.7353499755859374 1.638574670979054e-06
1.7363499755859375 3.920804786806305e-06
1.7373499755859374 8.988712991898258e-06
1.7383499755859375 2.936540404334664e-06
1.7393499755859374 9.39230997270594e-06
1.7403499755859375 1.1999706039205194e-05
1.7413499755859374 2.9493373828396826e-06
1.7423499755859375 5.732889364529944e-06
1.7433499755859374 5.6533296204482516e-06
1.7443499755859375 3.1442437318407457e-06
1.7453499755859374 5.762509836483668e-06
1.7463499755859375 3.51910605483378e-06
1.7473499755859374 2.874793087054665e-06
1.7483499755859375 5.115820580006888e-06
1.7493499755859374 8.967226992050806e-06
1.7503499755859375 2.1163070724542856e-06
1.7513499755859374 7.512905091668168e-06
1.7523499755859375 3.3679857248595606e-06
1.7533499755859374 1.704423736604473e-06
1.7543499755859375 6.344738794723526e-06
1.7553499755859374 8.458814894159635e-06
1.7563499755859375 1.0213464653740328e-05
1.7573499755859374 2.5327133671944794e-06
1.7583499755859375 1.1845574287387233e-05
1.7593499755859374 5.20404486451298e-06
1.7603499755859375 8.054695014531413e-06
1.7613499755859374 6.059878020702551e-06
1.7623499755859375 6.263421916325266e-06
1.7633499755859374 9.999999939225291e-11
1.7643499755859375 7.2945347831894955e-06
1.7653499755859374 1.8626896875388135e-06
1.7663499755859375 1.0361882159486413e-05
1.7673499755859374 4.395048754656609e-06
1.7683499755859375 4.812163009519921e-06
1.7693499755859374 3.4945087584977347e-06
1.7703499755859375 4.525948024820537e-06
1.7713499755859374 1.4557435618674693e-06
1.7723499755859375 8.242998349790772e-06
1.7733499755859374 2.2632019924155127e-06
1.7743499755859375 1.1612533514077465e-05
1.7753499755859374 1.8341130487176117e-06
1.7763499755859375 2.888610916113403e-06
1.7773499755859374 3.147087370101905e-06
1.7783499755859375 6.502426307027539e-06
1.7793499755859374 3.6484063794469298e-06
1.7803499755859375 3.7971516818894695e-06
1.7813499755859374 6.255513250884212e-06
1.7823499755859376 3.982216294389218e-06
1.7833499755859374 8.60606727655977e-06
1.7843499755859376 2.9588289665601524e-06
1.7853499755859374 1.3420012934754293e-05
1.7863499755859376 6.433952463945994e-06
1.7873499755859374 9.621271941189964e-06
1.7883499755859376 9.999999939225291e-11
1.7893499755859374 3.7205360516849123e-06
1.7903499755859376 7.023673970252276e-06
1.7913499755859374 6.322854508956274e-06
1.7923499755859376 4.655158263631165e-06
1.7933499755859375 5.874548466332878e-06
1.7943499755859376 5.0513553530133016e-06
1.7953499755859375 9.990210722511012e-06
1.7963499755859376 3.5298241952356575e-06
1.7973499755859375 6.345654643761615e-06
1.7983499755859376 5.8410657800056495e-06
1.7993499755859375 1.2512043661748369e-05
1.8003499755859376 5.249439273029565e-06
1.8013499755859375 3.1019053615940113e-06
1.8023499755859376 1.5996916718978107e-06
1.8033499755859375 5.794563427722702e-06
1.8043499755859376 3.960221268547078e-06
1.8053499755859375 3.799659990437002e-07
1.8063499755859376 8.038504359622797e-06
1.8073499755859375 5.536565401647783e-06
1.8083499755859376 9.001653136995931e-06
1.8093499755859375 5.7312902451182405e-06
1.8103499755859376 3.943623742088676e-06
1.8113499755859375 8.143495845918854e-06
1.8123499755859376 1.6591706514379468e-06
1.8133499755859375 5.48312125223068e-06
1.8143499755859376 7.204427189814547e-06
1.8153499755859375 1.1166469776071608e-05
1.8163499755859376 2.7943269230679134e-06
1.8173499755859375 7.654556436816525e-07
1.8183499755859376 9.111481485888362e-06
1.8193499755859375 7.310469809453934e-06
1.8203499755859376 8.010412372338275e-06
1.8213499755859375 2.2149701639021895e-06
1.8223499755859376 8.11150016185517e-06
1.8233499755859375 7.73206896459063e-06
1.8243499755859376 6.453516538762472e-07
1.8253499755859375 4.865692656797667e-06
1.8263499755859376 4.723759727009262e-06
1.8273499755859375 5.218786827754229e-06
1.8283499755859376 3.3597034241890827e-06
1.8293499755859375 1.433772025241827e-05
1.8303499755859376 9.625504608266056e-06
1.8313499755859375 4.630396579159424e-06
1.8323499755859376 1.4003596734255552e-05
1.8333499755859375 9.999999939225291e-11
1.8343499755859376 8.677588630234822e-06
1.8353499755859375 6.068918398038174e-06
1.8363499755859376 6.913538090884685e-06
1.8373499755859375 7.527506871459385e-06
1.8383499755859376 1.156161034790178e-05
1.8393499755859375 9.372821465755501e-06
1.8403499755859376 5.406648269854486e-06
1.8413499755859375 7.035333255771547e-06
1.8423499755859376 4.8902036602764075e-06
1.8433499755859375 7.242884312290698e-06
1.8443499755859376 9.519723001479481e-06
1.8453499755859375 1.2769109259049098e-05
1.8463499755859376 1.756480409918974e-05
1.8473499755859375 7.380574534181505e-06
1.8483499755859376 6.7355528396243845e-06
1.8493499755859375 9.64563999635478e-06
1.8503499755859374 3.7688303658682072e-06
1.8513499755859375 1.781481667421758e-05
1.8523499755859374 1.1156403537218768e-05
1.8533499755859375 7.942985743030206e-06
1.8543499755859374 1.345439930446446e-05
1.8553499755859375 8.54702026117593e-06
1.8563499755859374 2.0128999603912235e-05
1.8573499755859375 7.590513363423905e-07
1.8583499755859374 1.4836477930657566e-05
1.8593499755859375 6.11038370187759e-06
1.8603499755859374 1.2360472076882919e-05
1.8613499755859375 5.861989687874214e-06
1.8623499755859374 1.5867433200279873e-05
1.8633499755859375 1.9814862268200763e-06
1.8643499755859374 1.052696102609237e-05
1.8653499755859375 1.584788978410264e-05
1.8663499755859374 4.242320428602397e-06
1.8673499755859375 6.585992484409905e-06
1.8683499755859374 1.0845202875013154e-05
1.8693499755859375 7.245366189939281e-06
1.8703499755859374 1.9327379995957016e-05
1.8713499755859375 9.999999939225291e-11
1.8723499755859374 5.395709449658171e-06
1.8733499755859375 1.1901549684504669e-05
1.8743499755859374 4.299626419852487e-06
1.8753499755859375 1.2384896011402208e-05
1.8763499755859374 1.3281206284846783e-06
1.8773499755859375 5.6001972795153655e-06
1.8783499755859374 1.749124494381249e-05
1.8793499755859375 1.282711358120044e-05
1.8803499755859374 1.2691351003013551e-05
1.8813499755859375 5.302972470720609e-06
1.8823499755859374 4.053970090656851e-06
1.8833499755859375 1.4477443570892016e-05
1.8843499755859374 4.211756647916805e-07
1.8853499755859375 1.73730228561908e-05
1.8863499755859374 1.0606641687142353e-05
1.8873499755859375 1.132677619655927e-05
1.8883499755859374 7.136909950580991e-06
1.8893499755859375 1.6258956942086416e-05
1.8903499755859374 7.742481345000365e-06
1.8913499755859375 7.907746621640399e-06
1.8923499755859374 6.657155657497545e-06
1.8933499755859375 2.041916905704729e-06
1.8943499755859374 5.886127328267321e-06
1.8953499755859375 1.038911403156817e-05
1.8963499755859374 1.1017129678900044e-05
1.8973499755859375 1.82860580363986e-06
1.8983499755859374 8.484061496953169e-06
1.8993499755859375 1.3857106678187847e-05
1.9003499755859374 1.2573413739798886e-06
1.9013499755859375 2.2840649665643773e-05
1.9023499755859374 1.3661819975823164e-05
1.9033499755859375 9.162048809230327e-06
1.9043499755859374 8.463740571945285e-06
1.9053499755859375 1.693633346197506e-05
1.9063499755859374 1.5875903579096e-05
1.9073499755859376 2.1276509699722134e-05
1.9083499755859374 7.837687735445798e-06
1.9093499755859376 1.65815531120946e-05
1.9103499755859374 1.0744117219777156e-05
1.9113499755859376 8.350110535199444e-06
1.9123499755859374 4.284988060184365e-06
1.9133499755859376 1.641860445185254e-05
1.9143499755859374 1.874744969730576e-05
1.9153499755859376 1.4352223370224238e-05
1.9163499755859374 1.3455570054550965e-05
1.9173499755859376 1.2399092714379852e-05
1.9183499755859375 1.2739706047189731e-05
1.9193499755859376 1.735764982489248e-05
1.9203499755859375 7.698502546797196e-06
1.9213499755859376 1.2516102481943865e-05
1.9223499755859375 8.365625011113784e-06
1.9233499755859376 1.3287239513980846e-05
1.9243499755859375 2.4223109940066933e-05
1.9253499755859376 1.1949836819743117e-05
1.9263499755859375 3.119697018216054e-06
1.9273499755859376 9.999999939225291e-11
1.9283499755859375 2.1197266954307757e-05
1.9293499755859376 2.5051537284070947e-06
1.9303499755859375 2.2501982433216956e-06
1.9313499755859376 1.4024436241015793e-05
1.9323499755859375 1.3164220144972204e-05
1.9333499755859376 9.620542599198719e-06
1.9343499755859375 1.5077126833299797e-05
1.9353499755859376 1.5966396701211732e-05
1.9363499755859375 6.7103398032486436e-06
1.9373499755859376 1.6857413575053214e-05
1.9383499755859375 4.0123432649252776e-07
1.9393499755859376 1.7782483094682296e-05
1.9403499755859375 2.1230357230894724e-06
1.9413499755859376 9.999999939225291e-11
1.9423499755859375 9.02220820231984e-06
1.9433499755859376 6.30762525058041e-06
1.9443499755859375 1.7594740493223073e-05
1.9453499755859376 1.2525507481768727e-05
1.9463499755859375 6.6547965252539144e-06
1.9473499755859376 8.541747617224852e-06
1.9483499755859375 8.99163652962128e-06
1.9493499755859376 6.8668298478957725e-06
1.9503499755859375 2.6040363203113274e-06
1.9513499755859376 1.4816676654542487e-05
1.9523499755859375 9.999999939225291e-11
1.9533499755859376 1.73740698179851e-05
1.9543499755859375 8.974564261734485e-06
1.9553499755859376 1.0582708249179026e-05
1.9563499755859375 2.287891615295005e-06
1.9573499755859376 9.999999939225291e-11
1.9583499755859375 2.086762338876724e-05
1.9593499755859376 1.5512929918865364e-05
1.9603499755859375 1.1161479982293444e-05
1.9613499755859376 6.870577887688375e-06
1.9623499755859375 1.0967148506703476e-05
1.9633499755859376 1.2478058342821896e-05
1.9643499755859375 1.4139533542293728e-06
1.9653499755859376 9.115162150313457e-06
1.9663499755859375 1.2238540221005678e-05
1.9673499755859376 1.0947235471879443e-05
1.9683499755859375 9.051455951218183e-06
1.9693499755859376 1.4565256812299291e-05
1.9703499755859375 6.756416502563903e-06
1.9713499755859376 9.460060973651706e-06
1.9723499755859375 7.017047513121119e-06
1.9733499755859376 3.862212916271683e-06
1.9743499755859375 4.535664047580213e-06
1.9753499755859374 9.44392527647627e-06
1.9763499755859375 2.0281150160978237e-05
1.9773499755859374 1.3571056382109721e-05
1.9783499755859375 1.2983235840996107e-05
1.9793499755859374 1.7040962896620232e-05
1.9803499755859375 5.951297410975442e-06
1.9813499755859374 1.3368966756388545e-05
1.9823499755859375 2.9776226532588863e-06
1.9833499755859374 1.3519008061848581e-05
1.9843499755859375 2.4069339657823243e-05
1.9853499755859374 2.3586934063738833e-06
1.9863499755859375 1.3195116383334e-05
1.9873499755859374 1.0651967029910263e-08
1.9883499755859375 1.3228956377133727e-05
1.9893499755859374 7.652929750694425e-06
1.9903499755859375 5.402061855166451e-06
1.9913499755859374 1.1989227399074781e-05
1.9923499755859375 8.087218933117887e-06
1.9933499755859374 2.0769813563674688e-05
1.9943499755859375 9.104105702135712e-06
1.9953499755859374 1.656219984094302e-05
1.9963499755859375 5.641526950057596e-06
1.9973499755859374 6.731391146835482e-06
1.9983499755859375 8.174147878889926e-06
1.9993499755859374 1.944161990347008e-05
2.0003499755859373 8.279968169517815e-06
2.0013499755859376 4.3062473411925594e-06
2.0023499755859375 8.371020279203852e-06
2.0033499755859374 1.4664266879359882e-05
2.0043499755859373 7.706689939368516e-06
2.0053499755859376 1.155617763288319e-05
2.0063499755859375 1.356345465561996e-05
2.0073499755859374 2.0704889902845024e-05
2.0083499755859373 9.284096207314482e-06
2.0093499755859376 7.022380945018725e-06
2.0103499755859375 1.2898134300485254e-05
2.0113499755859374 1.624831308921178e-05
2.0123499755859373 6.404982996173203e-06
2.0133499755859376 1.2325388379395008e-05
2.0143499755859375 2.5104423400268416e-06
2.0153499755859374 1.5780126365522543e-05
2.0163499755859373 1.4086409898531233e-05
2.0173499755859376 1.399556368899842e-05
2.0183499755859375 4.989483432279821e-06
2.0193499755859374 1.8807487019027274e-05
2.0203499755859373 1.2170787861881157e-05
2.0213499755859377 1.62471270111079e-05
2.0223499755859375 1.452625864961495e-05
2.0233499755859374 2.1442423652236663e-05
2.0243499755859373 1.6357043059542774e-05
2.0253499755859377 1.2734244034315149e-05
2.0263499755859375 2.931466946999232e-05
2.0273499755859374 2.1891096451630195e-05
2.0283499755859373 2.423834016857048e-05
2.0293499755859377 3.976716659455093e-06
2.0303499755859375 6.3297262723190554e-06
2.0313499755859374 1.1161871370859444e-05
2.0323499755859373 1.862905027034382e-05
2.0333499755859377 1.2800690019503235e-05
2.0343499755859376 3.480343458045117e-06
2.0353499755859374 5.120217450640396e-06
2.0363499755859373 9.999999939225291e-11
2.0373499755859377 3.082818662126859e-05
2.0383499755859376 1.9893789819131295e-05
2.0393499755859374 1.6567043494433165e-05
2.0403499755859373 2.0406697100649277e-05
2.0413499755859377 1.1987024433134746e-05
2.0423499755859376 6.822833965998143e-06
2.0433499755859375 9.135347402965029e-06
2.0443499755859373 2.9371423491587244e-05
2.0453499755859377 6.7241210099873905e-06
2.0463499755859376 2.0356839910770453e-05
2.0473499755859375 9.422134996081392e-06
2.04835009765625 3.2912486543258034e-05
2.04935009765625 4.695864394053118e-06
2.05035009765625 6.931336984405215e-06
2.05135009765625 6.053460490014947e-06
2.05235009765625 1.643017012005051e-05
2.05335009765625 8.429115793357292e-06
2.05435009765625 3.1658764055464416e-06
2.05535009765625 1.7966506614660224e-05
2.05635009765625 4.923759998189207e-06
2.05735009765625 1.8050356302410365e-05
2.05835009765625 8.960653406878312e-06
2.05935009765625 1.182186685011466e-05
2.06035009765625 1.8105926380182305e-05
2.06135009765625 1.109327907518794e-05
2.06235009765625 4.016133335221402e-06
2.06335009765625 2.968496254955729e-05
2.06435009765625 1.4669048250652849e-05
2.06535009765625 5.132854915901319e-06
2.06635009765625 1.782150628666083e-05
2.06735009765625 1.1885126935995415e-05
2.06835009765625 1.4426799762429592e-05
2.06935009765625 1.3881266155901055e-05
2.07035009765625 9.703205238717297e-06
2.07135009765625 3.5139385848500142e-06
2.07235009765625 6.720686718934369e-06
2.07335009765625 8.657929138280451e-06
2.07435009765625 2.1528669943412145e-05
2.07535009765625 2.7577639557421207e-05
2.07635009765625 6.861673840224588e-06
2.07735009765625 1.038043329001148e-05
2.07835009765625 1.4017710151771704e-05
2.07935009765625 2.184053708333522e-05
2.08035009765625 9.999999939225291e-11
2.08135009765625 1.4327939871134159e-05
2.08235009765625 8.606170789183428e-06
2.08335009765625 1.2531065149232745e-05
2.08435009765625 3.6035016819369048e-06
2.08535009765625 2.4341860165198647e-05
2.08635009765625 1.0873660018357138e-05
2.08735009765625 1.1820723685633066e-06
2.08835009765625 1.8641583737917243e-05
2.08935009765625 2.6133123319596053e-05
2.09035009765625 4.7620431670184855e-06
2.09135009765625 2.190492697991431e-05
2.09235009765625 7.2380257767878934e-06
2.09335009765625 9.179375580667207e-06
2.09435009765625 2.285057019131879e-05
2.09535009765625 1.1988763384707113e-07
2.09635009765625 1.5058590409656365e-05
2.09735009765625 1.4408886587868135e-05
2.09835009765625 1.481390024612968e-05
2.09935009765625 1.9537109959249696e-05
2.10035009765625 1.2297793291509152e-05
2.10135009765625 7.77451612520963e-06
2.10235009765625 1.0978926399779116e-05
2.10335009765625 5.995419390577203e-06
2.10435009765625 1.956186994599799e-05
2.10535009765625 3.503833586970965e-05
2.10635009765625 9.999999939225291e-11
2.10735009765625 2.5194723081464567e-05
2.10835009765625 1.5974586422089487e-05
2.10935009765625 2.017792702342073e-05
2.11035009765625 1.1082374257966875e-05
2.11135009765625 2.150861701617638e-05
2.11235009765625 1.5843559910232823e-05
2.11335009765625 1.8067396789168317e-05
2.11435009765625 7.5257394537893895e-06
2.11535009765625 2.485765803915759e-05
2.11635009765625 1.6388238097230594e-05
2.11735009765625 1.6432646622937715e-05
2.11835009765625 1.5492846723645926e-05
2.11935009765625 1.7391730022306244e-05
2.12035009765625 2.0097269050663634e-06
2.12135009765625 2.057222339014212e-05
2.12235009765625 1.338686638822158e-05
2.12335009765625 6.267654922946045e-06
2.12435009765625 7.792604252851257e-06
2.12535009765625 9.68507684569649e-07
2.12635009765625 2.5802026502788067e-05
2.12735009765625 1.380379660478326e-06
2.12835009765625 3.053789415086309e-05
2.12935009765625 1.836704711119334e-05
2.13035009765625 1.3750065506125491e-05
2.13135009765625 3.8728863000869754e-05
2.13235009765625 1.905071277481814e-05
2.13335009765625 9.999999939225291e-11
2.13435009765625 1.3635488188204665e-05
2.13535009765625 2.4982069929440818e-05
2.13635009765625 2.4874636437743902e-05
2.13735009765625 1.1765748759480962e-06
2.13835009765625 2.6456646543617047e-05
2.13935009765625 9.16683056857437e-06
2.14035009765625 2.4086956882947894e-06
2.14135009765625 2.6057570163781444e-05
2.14235009765625 1.7324873091032108e-05
2.14335009765625 3.9947466764485755e-06
2.14435009765625 1.6513333927529555e-05
2.14535009765625 2.6190640249600015e-05
2.14635009765625 1.4779912210845698e-05
2.14735009765625 1.7489112991218766e-05
2.14835009765625 1.1937633350547946e-05
2.14935009765625 1.3400513368348281e-05
2.15035009765625 1.0921670240096048e-05
2.15135009765625 1.1170032569983353e-05
2.15235009765625 1.7655793732653063e-05
2.15335009765625 3.047777417426308e-05
2.15435009765625 6.718259537592531e-06
2.15535009765625 1.2415261007845402e-05
2.15635009765625 1.1486236820674734e-05
2.15735009765625 1.622573317339023e-05
2.15835009765625 2.3368073932713193e-06
2.15935009765625 2.3247086986278494e-05
2.16035009765625 1.604982700046757e-07
2.16135009765625 2.2832983716701468e-05
2.16235009765625 8.374124648726777e-06
2.16335009765625 2.5001410394907e-05
2.16435009765625 6.929645178740766e-06
2.16535009765625 7.27559255513673e-06
2.16635009765625 6.098582816775888e-06
2.16735009765625 2.2143732833986482e-05
2.16835009765625 8.715289838668501e-06
2.16935009765625 8.93337690892319e-06
2.17035009765625 5.403148204144633e-06
2.17135009765625 9.012937177127848e-06
2.17235009765625 1.1443384185743828e-05
2.17335009765625 1.5127966956545908e-05
2.17435009765625 2.3147263564169408e-05
2.17535009765625 4.138904002551531e-06
2.17635009765625 2.6577593137820563e-05
2.17735009765625 1.3494878076016902e-05
2.17835009765625 3.6295352617532474e-06
2.17935009765625 1.6961263415093224e-05
2.18035009765625 1.1163556443583762e-05
2.18135009765625 1.7736504475275675e-05
2.18235009765625 1.5366706841935713e-05
2.18335009765625 1.273295609280467e-05
2.18435009765625 6.587808175379331e-06
2.18535009765625 2.5926720118150114e-05
2.18635009765625 1.8473232625559888e-06
2.18735009765625 2.4033112761874994e-05
2.18835009765625 6.015969629515893e-06
2.18935009765625 1.0731760800505678e-05
2.19035009765625 1.1529204590866964e-05
2.19135009765625 9.999999939225291e-11
2.19235009765625 7.182673589693304e-06
2.19335009765625 1.2572633180146416e-05
2.19435009765625 2.2379913134500383e-05
2.19535009765625 1.0305359222305317e-05
2.19635009765625 3.771529998122247e-06
2.19735009765625 7.874816462087134e-06
2.19835009765625 1.2542390419791143e-05
2.19935009765625 2.278083974185089e-05
2.20035009765625 3.96425013069172e-06
2.20135009765625 1.2934697597654459e-05
2.20235009765625 2.8090650060524545e-05
2.20335009765625 1.4862946021215369e-05
2.20435009765625 2.6253102890526256e-05
2.20535009765625 8.115415655132927e-06
2.20635009765625 1.4559233056437766e-05
2.20735009765625 9.277389423611264e-06
2.20835009765625 3.56891262345016e-05
2.20935009765625 7.686236441332521e-07
2.21035009765625 1.2325010378591017e-05
2.21135009765625 3.2643895829096436e-05
2.21235009765625 1.1932096249790785e-05
2.21335009765625 1.1131906610038674e-05
2.21435009765625 3.481084946542978e-05
2.21535009765625 1.0084859793497714e-05
2.21635009765625 2.338932497271647e-05
2.21735009765625 1.7776705790311097e-05
2.21835009765625 2.5988206034526228e-05
2.21935009765625 9.999999939225291e-11
2.22035009765625 2.489283331669867e-05
2.22135009765625 2.3352669862409434e-05
2.22235009765625 2.9082569914559522e-05
2.22335009765625 2.30539896680663e-05
2.22435009765625 2.2920576545099417e-05
2.22535009765625 4.589419811455997e-06
2.22635009765625 1.5107989893294871e-05
2.22735009765625 1.7085516786513227e-05
2.22835009765625 4.221725122382243e-05
2.22935009765625 2.3682416261484227e-05
2.23035009765625 3.1513089779764414e-05
2.23135009765625 3.4996053824822104e-05
2.23235009765625 2.056896686553955e-05
2.23335009765625 1.5563543420284987e-05
2.23435009765625 2.990289974199219e-06
2.23535009765625 2.8764078936850032e-05
2.23635009765625 2.6647583193456134e-05
2.23735009765625 1.2432012784605225e-05
2.23835009765625 5.441601179464092e-07
2.23935009765625 9.999999939225291e-11
2.24035009765625 1.4765688974875957e-05
2.24135009765625 9.486934441508646e-06
2.24235009765625 2.482560793093095e-05
2.24335009765625 3.334429037446777e-05
2.24435009765625 5.8417761074943305e-06
2.24535009765625 3.3035893769313894e-05
2.24635009765625 5.899334064451978e-06
2.24735009765625 1.996944871886323e-05
2.24835009765625 8.225207624237285e-06
2.24935009765625 1.2439131775560479e-05
2.25035009765625 5.106975634892781e-05
2.25135009765625 2.5746034419474504e-05
2.25235009765625 2.9035776387900116e-05
2.25335009765625 1.8395880082001287e-05
2.25435009765625 2.4952430200452604e-05
2.25535009765625 5.241019204781003e-06
2.25635009765625 2.0503395935520528e-05
2.25735009765625 1.8265345715917647e-05
2.25835009765625 3.6325165220733407e-06
2.25935009765625 3.068860387429595e-05
2.26035009765625 1.5217056419813229e-05
2.26135009765625 7.766010040614428e-07
2.26235009765625 1.4215390314094024e-05
2.26335009765625 5.253551062196493e-05
2.26435009765625 8.431517014336384e-06
2.26535009765625 2.5418486911803486e-05
2.26635009765625 1.9733873875035593e-05
2.26735009765625 3.054912357280652e-05
2.26835009765625 3.056228742934763e-05
2.26935009765625 2.9173426880764925e-07
2.27035009765625 5.0878449498365324e-05
2.27135009765625 4.585483421373955e-06
2.27235009765625 1.1047637284112472e-05
2.27335009765625 3.909542768572767e-05
2.27435009765625 1.5909319821124275e-05
2.27535009765625 1.6032646332557002e-05
2.27635009765625 1.4847907720347091e-05
2.27735009765625 1.4979769087707003e-05
2.27835009765625 7.528949761255177e-06
2.27935009765625 1.3611822311456006e-05
2.28035009765625 3.1050507289667924e-05
2.28135009765625 1.3812245645870765e-05
2.28235009765625 9.029973453277643e-06
2.28335009765625 1.7818543904771405e-05
2.28435009765625 1.9265169976279138e-05
2.28535009765625 4.186591307844267e-06
2.28635009765625 1.7091793706640603e-05
2.28735009765625 5.634986795231001e-06
2.28835009765625 2.8260279990111788e-05
2.28935009765625 1.2381360472997947e-06
2.29035009765625 4.538388806141214e-06
2.29135009765625 1.6867209536333877e-05
2.29235009765625 2.871298308794697e-05
2.29335009765625 4.515214202050662e-06
2.29435009765625 9.620533868049582e-06
2.29535009765625 8.042318707642456e-06
2.29635009765625 2.4139659163739207e-06
2.29735009765625 1.983757635268072e-05
2.29835009765625 9.136627983631722e-06
2.29935009765625 4.3925103185641725e-06
2.30035009765625 1.0159941933428247e-05
2.30135009765625 2.419965574009808e-06
2.30235009765625 6.536251176282685e-06
2.30335009765625 9.030176734086126e-06
2.30435009765625 2.065290716067499e-06
2.30535009765625 9.834145554729427e-06
2.30635009765625 3.3601236012940443e-06
2.30735009765625 1.2726645921551e-05
2.30835009765625 9.486228033589819e-06
2.30935009765625 7.466537936124951e-06
2.31035009765625 6.440440493304204e-06
2.31135009765625 1.1701666517183185e-05
2.31235009765625 9.966975388427574e-06
2.31335009765625 8.999632361034551e-06
2.31435009765625 1.1010529027165224e-05
2.31535009765625 2.2363119690756627e-06
2.31635009765625 1.1073694380077843e-06
2.31735009765625 2.4159909999562264e-06
2.31835009765625 4.452329982692997e-06
2.31935009765625 2.1787010822057103e-06
2.32035009765625 3.379120581067004e-07
2.32135009765625 5.046494149659372e-06
2.32235009765625 1.0367786705550348e-05
2.32335009765625 1.3954052890537602e-06
2.32435009765625 3.498062782201217e-06
2.32535009765625 8.886476571206004e-06
2.32635009765625 6.215146432066257e-06
2.32735009765625 4.010258029059817e-06
2.32835009765625 2.4133572151185943e-06
2.32935009765625 6.4444033584247025e-06
2.33035009765625 5.437033347940693e-06
2.33135009765625 1.521547344103998e-06
2.33235009765625 7.2616780137953665e-06
2.33335009765625 5.367148939209679e-06
2.33435009765625 9.999999939225291e-11
2.33535009765625 1.1946687979313235e-05
2.33635009765625 4.849143146579138e-07
2.33735009765625 4.131266032345593e-06
2.33835009765625 9.176513801018397e-06
2.33935009765625 1.2062181873867909e-05
2.34035009765625 8.703994293076297e-06
2.34135009765625 3.2742463709419428e-06
2.34235009765625 7.364517465854684e-06
2.34335009765625 3.0401759916761267e-06
2.34435009765625 6.996486360246005e-06
2.34535009765625 1.2549684033729136e-05
2.34635009765625 7.115373252114901e-06
2.34735009765625 7.073112258998057e-06
2.34835009765625 4.726513773978998e-06
2.34935009765625 9.96300403468986e-06
2.35035009765625 8.776800241321325e-06
2.35135009765625 8.736887733296802e-06
2.35235009765625 3.0864285845873713e-06
2.35335009765625 5.601769080385566e-06
2.35435009765625 1.6764689253741713e-06
2.35535009765625 3.5458729932239902e-06
2.35635009765625 7.552173628937453e-06
2.35735009765625 6.021108032048991e-06
2.35835009765625 3.724943332296486e-06
2.35935009765625 2.06629796058048e-06
2.36035009765625 5.8674577060931675e-06
2.36135009765625 6.664873702296367e-06
2.36235009765625 4.324205413771172e-06
2.36335009765625 3.2842060318216683e-06
2.36435009765625 4.8426354233506906e-06
2.36535009765625 1.0941295186057686e-05
2.36635009765625 5.205085423464576e-06
2.36735009765625 1.6864323161650912e-07
2.36835009765625 9.999999939225291e-11
2.36935009765625 3.8936865355706135e-06
2.37035009765625 1.8335206356520453e-05
2.37135009765625 3.960139583796262e-06
2.37235009765625 8.84289588915029e-06
2.37335009765625 1.259853015653789e-05
2.37435009765625 8.675934902081887e-06
2.37535009765625 4.934617030697789e-07
2.37635009765625 1.259398180737392e-06
2.37735009765625 1.026602229103446e-05
2.37835009765625 2.0524169861649474e-05
2.37935009765625 3.4180704339329777e-06
2.38035009765625 4.261280516451767e-06
2.38135009765625 6.621733288435886e-06
2.38235009765625 2.4446493480354547e-05
2.38335009765625 4.1954100015573204e-06
2.38435009765625 2.8788589986294965e-06
2.38535009765625 7.830107594296956e-06
2.38635009765625 1.2057706868896883e-05
2.38735009765625 3.259132227662794e-06
2.38835009765625 1.5285311577220757e-05
2.38935009765625 9.007409874660274e-06
2.39035009765625 8.58445797348395e-06
2.39135009765625 6.569494726136327e-06
2.39235009765625 1.345583984451911e-06
2.39335009765625 9.999999939225291e-11
2.39435009765625 8.964233138965364e-06
2.39535009765625 2.56988398420314e-05
2.39635009765625 9.999999939225291e-11
2.39735009765625 1.8771323811961337e-06
2.39835009765625 1.3204105489421635e-05
2.39935009765625 3.957640068718386e-06
2.40035009765625 2.682592889335922e-07
2.40135009765625 2.809126356927057e-05
2.40235009765625 1.154040262917988e-05
2.40335009765625 3.1070129868263996e-05
2.40435009765625 6.6439341363129975e-06
2.40535009765625 1.6473560438801845e-05
2.40635009765625 2.097277669236064e-05
2.40735009765625 1.2786132574547082e-05
2.40835009765625 5.006533950412026e-06
2.40935009765625 1.833566619704167e-05
2.41035009765625 1.7874609911814333e-05
2.41135009765625 5.894558426359589e-06
2.41235009765625 1.2954519673561055e-05
2.41335009765625 6.2776918639428915e-06
2.41435009765625 1.3119369939026033e-05
2.41535009765625 2.0134468019629515e-05
2.41635009765625 1.6429134023686248e-05
2.41735009765625 1.3890745079455276e-05
2.41835009765625 3.3208265274649777e-06
2.41935009765625 2.298478929636379e-05
2.42035009765625 1.8884050075218539e-06
2.42135009765625 2.31498033584406e-05
2.42235009765625 1.701647376952072e-05
2.42335009765625 3.058371599763632e-05
2.42435009765625 5.369800346670672e-06
2.42535009765625 1.4683465124107898e-05
2.42635009765625 1.9742166814958513e-06
2.42735009765625 2.2715200514843067e-05
2.42835009765625 7.935220213160696e-06
2.42935009765625 1.2635447201319038e-05
2.43035009765625 2.9432716934631266e-05
2.43135009765625 1.2786033524510761e-05
2.43235009765625 9.955922102612054e-06
2.43335009765625 9.486274948710497e-06
2.43435009765625 1.9900682576311132e-05
2.43535009765625 2.266736041444043e-05
2.43635009765625 2.5586296493808426e-05
2.43735009765625 3.067346673899074e-05
2.43835009765625 2.7774513388673464e-05
2.43935009765625 2.260418298343817e-05
2.44035009765625 1.6577500301610352e-06
2.44135009765625 3.139201008404294e-05
2.44235009765625 3.327456613381704e-05
2.44335009765625 2.528313702593247e-05
2.44435009765625 1.7943916958502727e-05
2.44535009765625 1.517428201623261e-05
2.44635009765625 2.9999263346702774e-06
2.44735009765625 3.476294067998727e-05
2.44835009765625 1.8481386359781026e-05
2.44935009765625 1.2086416439463694e-05
2.45035009765625 1.871916694385985e-05
2.45135009765625 3.226746339350939e-05
2.45235009765625 6.680042291312324e-06
2.45335009765625 3.543138348807891e-05
2.45435009765625 2.599837607704103e-05
2.45535009765625 3.858822708328565e-05
2.45635009765625 3.2000934782748425e-05
2.45735009765625 1.6825049385449375e-06
2.45835009765625 9.999999939225291e-11
2.45935009765625 2.7008510660380125e-05
2.46035009765625 1.805605231008182e-05
2.46135009765625 4.032027053957184e-05
2.46235009765625 2.766675897873938e-05
2.46335009765625 4.9880819084743665e-05
2.46435009765625 1.3507316626043912e-05
2.46535009765625 3.0840560405825575e-05
2.46635009765625 2.2800809626157083e-05
2.46735009765625 1.8791162583511324e-05
2.46835009765625 3.830904645534853e-05
2.46935009765625 1.0255741808930334e-05
2.47035009765625 2.0301663316786288e-05
2.47135009765625 1.8049057068359647e-05
2.47235009765625 5.122919256488482e-05
2.47335009765625 2.8805806456754603e-05
2.47435009765625 9.999999939225291e-11
2.47535009765625 2.5075440062209965e-05
2.47635009765625 3.9995022814043326e-06
2.47735009765625 4.344380771120389e-05
2.47835009765625 2.247343169680486e-05
2.47935009765625 4.3444622618456676e-05
2.48035009765625 2.228113973953505e-05
2.48135009765625 9.999999939225291e-11
2.48235009765625 1.8128406178827087e-05
2.48335009765625 1.8595961155369877e-05
2.48435009765625 1.6749020005943176e-05
2.48535009765625 6.288764687875906e-05
2.48635009765625 7.362153070668379e-05
2.48735009765625 3.4832033173491556e-05
2.48835009765625 3.779946748788158e-05
2.48935009765625 5.188063485039862e-06
2.49035009765625 1.9432382153657575e-05
2.49135009765625 3.898763407755486e-06
2.49235009765625 1.1097268007131217e-05
2.49335009765625 1.356540306005627e-05
2.49435009765625 1.0004320220457312e-05
2.49535009765625 2.64486464827011e-05
2.49635009765625 3.046829719096422e-05
2.49735009765625 4.909664858132601e-05
2.49835009765625 1.1086099897257284e-05
2.49935009765625 2.2676216516022882e-05
2.50035009765625 3.5941859241575e-05
2.50135009765625 3.2022959397484864e-05
2.50235009765625 2.5315010182869932e-05
2.50335009765625 2.2533866188799343e-05
2.50435009765625 4.105276815706086e-06
2.50535009765625 8.806561895956597e-05
2.50635009765625 9.999999939225291e-11
2.50735009765625 3.191794035956264e-05
2.50835009765625 1.1000122273496043e-05
2.50935009765625 6.917293610107696e-06
2.51035009765625 4.497933317907155e-05
2.51135009765625 0.00010290538581709067
2.51235009765625 2.793267868886081e-05
2.51335009765625 2.0898228782850007e-05
2.51435009765625 4.757363271081042e-06
2.51535009765625 5.997516680000814e-06
2.51635009765625 2.226115670055151e-05
2.51735009765625 4.420487986256678e-05
2.51835009765625 1.6958006851431524e-05
2.51935009765625 4.6690789846858635e-05
2.52035009765625 2.8520770487121537e-05
2.52135009765625 1.9973630512189663e-05
2.52235009765625 8.616450160007598e-07
2.52335009765625 2.540349413149734e-05
2.52435009765625 6.561008204395573e-05
2.52535009765625 3.260987034688393e-05
2.52635009765625 2.3754760137914368e-05
2.52735009765625 6.737440669288237e-05
2.52835009765625 0.0001394968324651321
2.52935009765625 9.999999939225291e-11
2.53035009765625 6.494867770622174e-05
2.53135009765625 5.4109945582846805e-05
2.53235009765625 7.175226074953874e-05
2.53335009765625 9.999999939225291e-11
2.53435009765625 0.00010366536056001982
2.53535009765625 1.6413270417713714e-05
2.53635009765625 0.00011294581306477388
2.53735009765625 4.2821249614159267e-05
2.53835009765625 5.9088877518407304e-05
2.53935009765625 0.0001233979066212972
2.54035009765625 6.433859777947267e-05
2.54135009765625 7.588196701059738e-05
2.54235009765625 8.72956650952498e-05
2.54335009765625 4.800890339538455e-05
2.54435009765625 5.664548836648464e-05
2.54535009765625 4.864660013833936e-06
2.54635009765625 9.529418855284651e-05
2.54735009765625 4.5934412628412244e-05
2.54835009765625 4.992317016366303e-05
2.54935009765625 1.8838082517807682e-05
2.55035009765625 6.254492327570916e-05
2.55135009765625 5.767598282545805e-05
2.55235009765625 7.285354232105116e-05
2.55335009765625 0.00011249590820322434
2.55435009765625 7.341602972398201e-05
2.55535009765625 5.4295199612776443e-05
2.55635009765625 0.00013782623534401258
2.55735009765625 6.082904990762472e-05
2.55835009765625 9.255685843527317e-05
2.55935009765625 0.00011803892285873493
2.56035009765625 8.446307697643837e-05
2.56135009765625 1.2741454566264447e-05
2.56235009765625 5.080737557702441e-05
2.56335009765625 3.582540662778596e-05
2.56435009765625 0.00019474766527613003
2.56535009765625 0.00012278880923986436
2.56635009765625 0.00011996096620957056
2.56735009765625 7.87081103771925e-05
2.56835009765625 0.0001352463693668445
2.56935009765625 2.3498642292046532e-05
2.57035009765625 0.00012392589822411538
2.57135009765625 8.694746686766544e-05
2.57235009765625 9.428674199928841e-05
2.57335009765625 2.630677307024598e-05
2.57435009765625 9.505398416270813e-05
2.57535009765625 5.938598498081167e-05
2.57635009765625 0.00012803989772995313
2.57735009765625 0.00010190775307516256
2.57835009765625 0.00015406946651637553
2.57935009765625 5.599278719915131e-05
2.58035009765625 0.00023076726744572322
2.58135009765625 1.4544009773794404e-05
2.58235009765625 6.685133092105389e-05
2.58335009765625 6.972198490984738e-05
2.58435009765625 0.00016214266729851562
2.58535009765625 8.477276191115379e-05
2.58635009765625 0.00015276362343380847
2.58735009765625 0.00020030013285577298
2.58835009765625 7.682982211311658e-05
2.58935009765625 0.0001234578682730595
2.59035009765625 8.587634656578302e-05
2.59135009765625 2.9501968101965185e-05
2.59235009765625 0.00018454716540873052
2.59335009765625 0.00022119369357824327
2.59435009765625 0.00017992433160543442
2.59535009765625 0.00034010096763571106
2.59635009765625 2.2225365934949912e-05
2.59735009765625 0.00018073876698811847
2.59835009765625 0.00013759019784629345
2.59935009765625 0.00020253329848249753
2.60035009765625 0.00018371123199661572
