microns transmission
0.4003500061035156 5.465778182648743e-07
0.4013500061035156 1.8574189501426492e-07
0.4023500061035156 3.5273566971897685e-07
0.4033500061035156 5.023856596508836e-08
0.4043500061035156 4.4377714099634127e-07
0.4053500061035156 9.999999939225291e-11
0.4063500061035156 1.8239939622984498e-07
0.4073500061035156 1.3318613769482587e-07
0.40835000610351563 9.999999939225291e-11
0.40935000610351563 1.5961846388930686e-07
0.41035000610351563 9.999999939225291e-11
0.41135000610351563 9.999999939225291e-11
0.41235000610351563 1.2606746506271803e-07
0.41335000610351563 9.999999939225291e-11
0.41435000610351563 7.544836453969121e-08
0.41535000610351563 7.949026813373431e-08
0.41635000610351564 1.0467809144820705e-07
0.41735000610351564 3.012640687908667e-07
0.41835000610351564 1.556330486588801e-07
0.41935000610351564 5.413523200085516e-10
0.42035000610351564 8.487959348713048e-08
0.42135000610351564 9.999999939225291e-11
0.42235000610351564 9.608609161659842e-08
0.42335000610351564 1.8246739611704753e-07
0.42435000610351564 4.559456778352455e-08
0.42535000610351564 8.4854331108275e-08
0.42635000610351564 1.1255157990793427e-07
0.42735000610351564 1.465874966507149e-07
0.42835000610351565 1.4521776731335478e-07
0.42935000610351565 2.518610320597266e-07
0.43035000610351565 3.163855651540833e-08
0.43135000610351565 1.460970067886554e-08
0.43235000610351565 6.257186588124834e-08
0.43335000610351565 7.008569920863294e-08
0.43435000610351565 2.2457287135087727e-07
0.43535000610351565 1.9444970383789932e-07
0.4363500061035156 7.997317576761512e-08
0.4373500061035156 3.364773025775018e-07
0.4383500061035156 1.5014266899685916e-07
0.4393500061035156 4.907937788326914e-07
0.4403500061035156 3.3425557073011683e-07
0.4413500061035156 1.2392424231381464e-07
0.4423500061035156 3.3183803680003623e-07
0.4433500061035156 1.3315116156024466e-07
0.4443500061035156 2.1886849935981444e-07
0.4453500061035156 7.928301212878352e-08
0.4463500061035156 9.999999939225291e-11
0.4473500061035156 7.751663093043722e-08
0.4483500061035156 1.7027839703587234e-07
0.4493500061035156 9.999999939225291e-11
0.4503500061035156 6.355152774695228e-08
0.4513500061035156 4.366551214237309e-08
0.4523500061035156 1.5377946305979624e-08
0.4533500061035156 1.7384236950116853e-07
0.4543500061035156 9.999999939225291e-11
0.4553500061035156 9.999999939225291e-11
0.4563500061035156 1.31253136714804e-07
0.4573500061035156 2.8973547966752256e-08
0.4583500061035156 2.0314380587175645e-07
0.4593500061035156 7.619696962872051e-08
0.4603500061035156 6.176117760029835e-08
0.4613500061035156 9.999999939225291e-11
0.4623500061035156 2.0892601848269503e-07
0.4633500061035156 1.0196669488019931e-07
0.4643500061035156 1.0036211162578467e-07
0.4653500061035156 3.002875998821727e-08
0.4663500061035156 8.069603376625878e-08
0.4673500061035156 1.383213270589323e-07
0.4683500061035156 1.0047595459343009e-07
0.4693500061035156 2.2503956339884705e-07
0.4703500061035156 1.8961607030002864e-07
0.47135000610351563 1.0472816403132394e-07
0.47235000610351563 1.9900526917027151e-07
0.47335000610351563 3.071872303432125e-07
0.47435000610351563 2.6849533580453055e-07
0.47535000610351563 4.5245750394921435e-07
0.47635000610351563 2.5778159467767144e-07
0.47735000610351563 3.0953905934438806e-07
0.47835000610351563 1.9417943232902247e-07
0.47935000610351564 2.1967292655430033e-07
0.48035000610351564 4.3363552019097063e-07
0.48135000610351564 1.48960262572236e-07
0.48235000610351564 4.173355561457962e-07
0.48335000610351564 2.125894577827599e-07
0.48435000610351564 4.088017006627828e-07
0.48535000610351564 3.2841089857053396e-07
0.48635000610351564 3.1973184983750494e-07
0.48735000610351564 2.4008367664289193e-07
0.48835000610351564 2.538502610338611e-07
0.48935000610351564 2.893914991849063e-07
0.49035000610351565 2.841085100839062e-07
0.49135000610351565 1.3435389892772301e-07
0.49235000610351565 3.060862339528588e-07
0.49335000610351565 4.4164932963515945e-07
0.49435000610351565 1.2786536969973858e-07
0.49535000610351565 2.180160000116634e-07
0.49635000610351565 1.3704853770353984e-07
0.49735000610351565 3.9431525995799655e-07
0.49835000610351565 2.3624267098121265e-07
0.4993500061035156 2.442722828958447e-07
0.5003500061035157 1.6898619600524967e-07
0.5013500061035157 3.552018339784505e-07
0.5023500061035157 1.8410969833719076e-07
0.5033500061035157 2.7550693327308787e-07
0.5043500061035157 1.7642176387629622e-07
0.5053500061035157 3.1323905204772016e-07
0.5063500061035157 1.638156701192865e-07
0.5073500061035157 2.3432285615854197e-07
0.5083500061035157 2.3582894487302515e-07
0.5093500061035157 1.7542933538431764e-07
0.5103500061035157 4.5598961757301973e-07
0.5113500061035157 2.5296578956298293e-07
0.5123499755859375 7.994206872178703e-08
0.5133499755859375 2.581701884688907e-07
0.5143499755859375 2.220314437254937e-07
0.5153499755859375 2.0446364406604782e-07
0.5163499755859375 1.518583007431573e-07
0.5173499755859375 8.523449721427787e-08
0.5183499755859375 2.6092762173727616e-07
0.5193499755859375 1.5208480130368685e-07
0.5203499755859375 1.8136616174224686e-07
0.5213499755859375 1.561125046537863e-07
0.5223499755859375 1.298833322908403e-07
0.5233499755859375 2.6199011927019455e-07
0.5243499755859375 1.6590836892168187e-07
0.5253499755859375 1.70606903437213e-07
0.5263499755859375 2.1848360271784867e-07
0.5273499755859375 1.4475163040946389e-07
0.5283499755859375 1.9181689516460192e-07
0.5293499755859375 3.738635041372618e-07
0.5303499755859375 2.9766410418297086e-07
0.5313499755859376 2.623452356183738e-07
0.5323499755859376 3.555403209739202e-07
0.5333499755859376 2.993379988650939e-07
0.5343499755859376 2.7715460722295876e-07
0.5353499755859376 3.2361186675859224e-07
0.5363499755859376 5.338661700686013e-07
0.5373499755859374 3.2926379920657687e-07
0.5383499755859374 5.874027798806007e-07
0.5393499755859374 5.565962843926779e-07
0.5403499755859374 3.6134491018617133e-07
0.5413499755859374 2.749017315976469e-07
0.5423499755859374 3.636808321250129e-07
0.5433499755859375 3.300883300235332e-07
0.5443499755859375 4.1575142894304894e-07
0.5453499755859375 4.662403625843581e-07
0.5463499755859375 2.7408049426173405e-07
0.5473499755859375 4.5605183039458075e-07
0.5483499755859375 1.9985640124472088e-07
0.5493499755859375 4.457183213653811e-07
0.5503499755859375 1.8537993163351513e-07
0.5513499755859375 2.89381463263183e-07
0.5523499755859375 2.951373945088894e-07
0.5533499755859375 2.3706749778954854e-07
0.5543499755859375 2.2493193414815e-07
0.5553499755859375 3.26955399687634e-07
0.5563499755859375 4.3904634099275106e-07
0.5573499755859375 2.5091396648413423e-07
0.5583499755859375 2.3452506295207343e-07
0.5593499755859375 2.9258663779489307e-07
0.5603499755859375 1.7137956430879343e-07
0.5613499755859375 1.6684775836199134e-07
0.5623499755859375 3.005899365119783e-07
0.5633499755859375 3.9388676668750124e-07
0.5643499755859375 4.0162645746022465e-07
0.5653499755859375 4.5171913977052705e-07
0.5663499755859375 4.4711736184884407e-07
0.5673499755859375 5.452743547114855e-07
0.5683499755859375 7.367933479448159e-07
0.5693499755859375 1.4855840198594685e-07
0.5703499755859375 3.1543511287424055e-08
0.5713499755859375 2.4785050603289465e-07
0.5723499755859375 6.846356917537359e-08
0.5733499755859375 1.618546694596527e-08
0.5743499755859375 9.999999939225291e-11
0.5753499755859375 4.252330118840557e-08
0.5763499755859375 9.999999939225291e-11
0.5773499755859375 2.7891914312997793e-08
0.5783499755859375 9.999999939225291e-11
0.5793499755859375 1.0277683433201901e-08
0.5803499755859375 7.653554421634586e-08
0.5813499755859375 1.461573992855847e-07
0.5823499755859375 2.431035318295471e-07
0.5833499755859375 1.7436713313815726e-07
0.5843499755859375 7.455136897445887e-08
0.5853499755859375 1.5449912401284866e-07
0.5863499755859375 4.2005365177288924e-08
0.5873499755859375 9.999999939225291e-11
0.5883499755859375 9.999999939225291e-11
0.5893499755859375 9.999999939225291e-11
0.5903499755859375 3.379679956931151e-08
0.5913499755859375 1.270795249978344e-07
0.5923499755859375 1.9875580467972516e-07
0.5933499755859375 2.4556417959805307e-07
0.5943499755859375 5.827826872343659e-08
0.5953499755859375 1.2394991355968443e-07
0.5963499755859375 5.3221274708784946e-08
0.5973499755859375 7.304828346062683e-08
0.5983499755859375 2.4169873576044645e-07
0.5993499755859375 2.3496723199123438e-07
0.6003499755859375 7.137323407254333e-08
0.6013499755859375 1.273528633719915e-07
0.6023499755859375 1.509162730635912e-07
0.6033499755859375 9.999999939225291e-11
0.6043499755859375 1.3262616215925505e-07
0.6053499755859375 1.2832986648151727e-07
0.6063499755859375 7.755307741478626e-08
0.6073499755859375 2.1185031831313e-07
0.6083499755859375 8.660118848702325e-08
0.6093499755859375 8.525020115612847e-08
0.6103499755859375 1.1497323379572322e-07
0.6113499755859375 3.279836234900321e-08
0.6123499755859375 1.4569365738440847e-07
0.6133499755859375 1.7754890333954164e-07
0.6143499755859375 5.683626547181575e-10
0.6153499755859375 2.458721307145121e-07
0.6163499755859375 7.482607578583138e-08
0.6173499755859375 1.1714853255462288e-07
0.6183499755859375 4.403861981157793e-08
0.6193499755859375 4.015306704611514e-08
0.6203499755859375 6.544466860584446e-08
0.6213499755859375 1.0334000118443024e-07
0.6223499755859375 9.999999939225291e-11
0.6233499755859375 4.051033667925215e-08
0.6243499755859375 1.1459809782602786e-08
0.6253499755859375 4.777773402390532e-08
0.6263499755859375 2.7236317183820802e-08
0.6273499755859375 7.797069312864835e-08
0.6283499755859375 2.7287882501762318e-08
0.6293499755859375 3.8155931883684005e-08
0.6303499755859375 6.36791332375708e-08
0.6313499755859375 5.177756252490913e-08
0.6323499755859375 8.962256661841176e-08
0.6333499755859375 2.1057587218820117e-07
0.6343499755859375 3.845911125862263e-08
0.6353499755859375 2.67167077024529e-08
0.6363499755859375 1.0800313586578625e-07
0.6373499755859375 1.0185109845591474e-07
0.6383499755859375 1.4680386847191566e-07
0.6393499755859375 6.456196761798575e-08
0.6403499755859375 2.1512781131605152e-07
0.6413499755859375 5.017739941474512e-08
0.6423499755859375 1.1278136369104649e-07
0.6433499755859375 1.71116330420773e-07
0.6443499755859375 1.0239659518814411e-07
0.6453499755859375 9.137773112103768e-08
0.6463499755859375 4.622659990497861e-08
0.6473499755859375 9.532435832385981e-08
0.6483499755859375 1.0989419880758078e-08
0.6493499755859375 1.2118502278705516e-07
0.6503499755859375 5.385389835410592e-08
0.6513499755859375 8.326656895836967e-08
0.6523499755859375 6.001009821806254e-08
0.6533499755859375 9.419347290595681e-08
0.6543499755859375 3.7281166441971437e-07
0.6553499755859375 2.1492099863647714e-07
0.6563499755859376 1.5173716782316642e-07
0.6573499755859376 1.394217000664592e-07
0.6583499755859376 2.315508299943758e-07
0.6593499755859376 7.765817028548838e-08
0.6603499755859376 1.1022259700806577e-07
0.6613499755859376 3.2101386750582604e-07
0.6623499755859374 1.962963991293994e-07
0.6633499755859374 2.517050658449686e-07
0.6643499755859374 2.9289116961687496e-07
0.6653499755859374 4.314779410681998e-07
0.6663499755859374 5.711010453524068e-07
0.6673499755859374 2.5441823405950954e-07
0.6683499755859375 3.0523323099866196e-07
0.6693499755859375 2.5580066297455537e-07
0.6703499755859375 4.0391892374221547e-07
0.6713499755859375 2.885341624884556e-07
0.6723499755859375 9.552948085911339e-08
0.6733499755859375 1.654372181292274e-07
0.6743499755859375 2.6020540947987073e-07
0.6753499755859375 2.6429653492717384e-07
0.6763499755859375 1.2739679445890793e-07
0.6773499755859375 3.471263092554485e-07
0.6783499755859375 2.554556704126298e-07
0.6793499755859375 1.1307776730973274e-07
0.6803499755859375 9.999999939225291e-11
0.6813499755859375 7.520716811389623e-08
0.6823499755859375 1.9430600532999163e-08
0.6833499755859375 1.6629160048372188e-07
0.6843499755859375 1.0507217327907861e-07
0.6853499755859375 2.059632364156035e-07
0.6863499755859375 1.7588726488308264e-07
0.6873499755859375 7.543063207234487e-08
0.6883499755859375 2.923889345159599e-07
0.6893499755859375 2.364506663562101e-07
0.6903499755859375 3.3265387173742055e-07
0.6913499755859375 2.5739407040722046e-07
0.6923499755859375 1.6022951699964e-07
0.6933499755859375 1.076105191296269e-07
0.6943499755859375 3.9471403700493587e-07
0.6953499755859375 1.5381710035159795e-07
0.6963499755859375 2.568606527475481e-08
0.6973499755859375 3.781709286461895e-07
0.6983499755859375 3.4946167435379035e-08
0.6993499755859375 1.388891526706478e-07
0.7003499755859375 6.630624925563211e-08
0.7013499755859375 2.0983899690148651e-07
0.7023499755859375 3.518023196017831e-08
0.7033499755859375 6.082183436599091e-08
0.7043499755859375 1.7995206083772549e-07
0.7053499755859375 2.5753190129762516e-07
0.7063499755859375 3.393365598943395e-07
0.7073499755859375 9.999999939225291e-11
0.7083499755859375 1.177890296707081e-08
0.7093499755859375 1.0326070004100055e-07
0.7103499755859375 5.915414776976509e-08
0.7113499755859375 2.545671698802228e-07
0.7123499755859375 2.4581376540785034e-07
0.7133499755859375 2.764388804147681e-07
0.7143499755859375 3.500773755149567e-07
0.7153499755859375 1.9668168836991146e-07
0.7163499755859375 3.5545829935775453e-07
0.7173499755859375 3.33901195214518e-07
0.7183499755859375 1.0213492785145681e-07
0.7193499755859375 2.420195024151657e-07
0.7203499755859375 3.038920901114276e-07
0.7213499755859375 1.8595673655733929e-07
0.7223499755859375 4.0574507390071325e-07
0.7233499755859375 2.477799322756861e-07
0.7243499755859375 3.5668270053671823e-07
0.7253499755859375 2.189090067380069e-07
0.7263499755859375 3.680454392451793e-07
0.7273499755859375 3.885407386405859e-07
0.7283499755859375 3.833856529430098e-07
0.7293499755859375 1.8410446839034478e-07
0.7303499755859375 3.953402028855635e-07
0.7313499755859375 1.7481733033619662e-07
0.7323499755859375 2.2945895312117177e-07
0.7333499755859375 3.463016249346159e-07
0.7343499755859375 3.2359615336948385e-07
0.7353499755859375 5.207606712550235e-07
0.7363499755859375 1.6756371261787233e-07
0.7373499755859375 4.1220323813225455e-07
0.7383499755859375 3.8108842394043075e-07
0.7393499755859375 3.847096407601688e-07
0.7403499755859375 2.5183208319567995e-07
0.7413499755859375 2.8015363416974046e-07
0.7423499755859375 5.109449951608743e-07
0.7433499755859375 4.021214529833136e-07
0.7443499755859375 1.7515670525251418e-07
0.7453499755859375 6.271361659552592e-07
0.7463499755859375 4.034544720828611e-07
0.7473499755859375 4.008318228443386e-07
0.7483499755859375 6.117327696604965e-07
0.7493499755859375 3.5373902998496e-07
0.7503499755859375 5.649689652879412e-07
0.7513499755859375 1.6107680949062343e-07
0.7523499755859375 2.617496984876529e-07
0.7533499755859375 4.6137599418886547e-07
0.7543499755859375 3.659564591126004e-07
0.7553499755859375 4.5042021914317354e-07
0.7563499755859375 4.374101066180932e-07
0.7573499755859375 1.4830344636784786e-07
0.7583499755859375 9.702759416541084e-07
0.7593499755859375 2.115942337580871e-07
0.7603499755859375 3.6626631905771015e-07
0.7613499755859375 4.1119462972953135e-07
0.7623499755859375 5.445218387952385e-07
0.7633499755859375 3.804675630666073e-07
0.7643499755859375 7.9238406518319e-07
0.7653499755859375 4.665048588018787e-07
0.7663499755859375 5.34785073493064e-07
0.7673499755859375 3.136969577610671e-07
0.7683499755859375 6.406897045962978e-07
0.7693499755859375 5.151767982169986e-07
0.7703499755859375 4.6900734256875386e-07
0.7713499755859375 5.620723796292045e-07
0.7723499755859375 9.120622295692253e-07
0.7733499755859375 3.3229932528596374e-07
0.7743499755859375 8.372929369215853e-07
0.7753499755859375 5.331737035400389e-07
0.7763499755859375 6.608556065845761e-07
0.7773499755859375 3.0265662644524126e-07
0.7783499755859375 2.5870030559242236e-07
0.7793499755859375 2.986401920868076e-07
0.7803499755859375 2.7513894868510154e-07
0.7813499755859376 2.194127292150701e-07
0.7823499755859376 6.413411877777737e-07
0.7833499755859376 4.741113995502625e-07
0.7843499755859376 5.482186012765548e-07
0.7853499755859376 7.377306433594318e-08
0.7863499755859376 8.466703972468774e-07
0.7873499755859374 4.4849248297396117e-07
0.7883499755859374 4.1697001577153024e-07
0.7893499755859374 5.191931071143093e-07
0.7903499755859374 3.365740337546441e-07
0.7913499755859374 4.4541227033493646e-07
0.7923499755859374 1.8844013003042432e-07
0.7933499755859375 1.3667559636942883e-07
0.7943499755859375 4.464375767080734e-07
0.7953499755859375 3.3546116391095873e-07
0.7963499755859375 2.2065644351402608e-07
0.7973499755859375 1.3265556915461238e-07
0.7983499755859375 9.462959986864897e-08
0.7993499755859375 3.7833006328646945e-07
0.8003499755859375 1.4749117042301132e-06
0.8013499755859375 1.5195867637197116e-06
0.8023499755859375 1.6155312827258045e-06
0.8033499755859375 1.2703079498442844e-06
0.8043499755859375 1.3273686677506047e-06
0.8053499755859375 1.1038743346323675e-06
0.8063499755859375 1.2997380675049891e-06
0.8073499755859375 1.7790039280111788e-06
0.8083499755859375 7.467490297529187e-07
0.8093499755859375 8.138420098179979e-07
0.8103499755859375 1.253877637649804e-06
0.8113499755859375 9.964609707925408e-07
0.8123499755859375 6.883458556738477e-07
0.8133499755859375 5.633838898085752e-07
0.8143499755859375 9.023156812672561e-07
0.8153499755859375 5.093004149316947e-07
0.8163499755859375 7.740927358132642e-07
0.8173499755859375 8.586184571827409e-07
0.8183499755859375 6.67726038165948e-07
0.8193499755859375 8.677536597824505e-07
0.8203499755859375 6.881652492913097e-07
0.8213499755859375 1.3257199201458154e-06
0.8223499755859375 5.452062452943302e-07
0.8233499755859375 7.117013391434807e-07
0.8243499755859375 7.456126953052514e-07
0.8253499755859375 7.897940652617997e-07
0.8263499755859375 5.663832601541318e-07
0.8273499755859375 1.207056238560477e-06
0.8283499755859375 1.1055943000304482e-06
0.8293499755859375 8.962266420448134e-07
0.8303499755859375 5.753776948807976e-07
0.8313499755859375 7.829189626497951e-07
0.8323499755859375 1.140171337032278e-06
0.8333499755859375 6.763649938008407e-07
0.8343499755859375 8.591729611875274e-07
0.8353499755859375 9.023860252199076e-07
0.8363499755859375 7.387562804352297e-07
0.8373499755859375 9.449099757180948e-07
0.8383499755859375 7.74801043581834e-07
0.8393499755859375 1.124354649101516e-06
0.8403499755859375 1.1687813902736873e-06
0.8413499755859375 1.0970934596296686e-06
0.8423499755859375 1.311812488245974e-06
0.8433499755859375 1.2751191437789374e-06
0.8443499755859375 1.35695367641609e-06
0.8453499755859375 1.4607457216922849e-06
0.8463499755859375 1.443986273965559e-06
0.8473499755859375 1.5402731752715798e-06
0.8483499755859375 1.5140626043545802e-06
0.8493499755859375 1.6942042193496223e-06
0.8503499755859375 1.7427200468535923e-06
0.8513499755859375 1.928233341189695e-06
0.8523499755859375 1.8285642850091265e-06
0.8533499755859375 1.8329221352541037e-06
0.8543499755859375 1.8544726172004204e-06
0.8553499755859375 1.8398035859354718e-06
0.8563499755859375 2.01497559770459e-06
0.8573499755859375 1.8536278118948116e-06
0.8583499755859375 1.9410056966526643e-06
0.8593499755859375 1.9590868928015116e-06
0.8603499755859375 1.6918638890931986e-06
0.8613499755859375 1.5527023131553003e-06
0.8623499755859375 1.9433961767248052e-06
0.8633499755859375 1.8703302455722854e-06
0.8643499755859375 1.8720601298606676e-06
0.8653499755859375 1.986432302901071e-06
0.8663499755859375 1.8884060798427208e-06
0.8673499755859375 2.1197395405549058e-06
0.8683499755859375 2.3225439233058005e-06
0.8693499755859375 2.287070925821703e-06
0.8703499755859375 2.276591043875161e-06
0.8713499755859375 2.092876304777904e-06
0.8723499755859375 2.0923386669498464e-06
0.8733499755859375 2.1347669523083076e-06
0.8743499755859375 2.2826756915610697e-06
0.8753499755859375 2.0948511233193055e-06
0.8763499755859375 2.060438228502159e-06
0.8773499755859375 2.008503801228599e-06
0.8783499755859375 2.3035273816168638e-06
0.8793499755859375 2.49727940748577e-06
0.8803499755859375 2.3383491541130873e-06
0.8813499755859375 2.365021466304748e-06
0.8823499755859375 2.687443911236118e-06
0.8833499755859375 2.702549535765604e-06
0.8843499755859375 2.841133807754919e-06
0.8853499755859375 3.082888956320386e-06
0.8863499755859375 2.983183353858844e-06
0.8873499755859375 3.026766830440225e-06
0.8883499755859375 3.0284455453780562e-06
0.8893499755859375 3.131867326446387e-06
0.8903499755859375 3.0178934536639445e-06
0.8913499755859375 2.994317544761571e-06
0.8923499755859375 2.827838734759352e-06
0.8933499755859375 2.7789976978272878e-06
0.8943499755859375 2.7791624738379686e-06
0.8953499755859375 2.63559918148209e-06
0.8963499755859375 2.6424286472056458e-06
0.8973499755859375 2.474092472893569e-06
0.8983499755859375 2.6711349141678734e-06
0.8993499755859375 2.4295225534065874e-06
0.9003499755859375 2.2237011261000884e-06
0.9013499755859375 2.4666010043502728e-06
0.9023499755859375 2.1185482572220376e-06
0.9033499755859375 2.0611487011701706e-06
0.9043499755859375 2.1410037501559436e-06
0.9053499755859375 2.0675472198086924e-06
0.9063499755859376 2.0208180390264855e-06
0.9073499755859376 2.2173987174731052e-06
0.9083499755859376 2.0450065106452998e-06
0.9093499755859376 1.9533092558645816e-06
0.9103499755859376 2.2160941484667526e-06
0.9113499755859376 1.829218908493042e-06
0.9123499755859374 1.8817188220579781e-06
0.9133499755859374 1.650445922224432e-06
0.9143499755859374 1.81164596061669e-06
0.9153499755859374 1.7865850560608182e-06
0.9163499755859374 1.7900584910517407e-06
0.9173499755859374 2.0011078010128025e-06
0.9183499755859375 2.1442431581239084e-06
0.9193499755859375 2.314713182511865e-06
0.9203499755859375 2.2340552738299866e-06
0.9213499755859375 2.4010733419761847e-06
0.9223499755859375 2.322347574413367e-06
0.9233499755859375 2.240518184059095e-06
0.9243499755859375 2.189211319337836e-06
0.9253499755859375 1.9698411698504926e-06
0.9263499755859375 1.9364206352317095e-06
0.9273499755859375 1.822863328107069e-06
0.9283499755859375 1.7225835874534749e-06
0.9293499755859375 1.4352926471038578e-06
0.9303499755859375 1.4153881915287826e-06
0.9313499755859375 1.2766250619779033e-06
0.9323499755859375 1.0287334844457269e-06
0.9333499755859375 1.1397295172962598e-06
0.9343499755859375 1.2841475336631633e-06
0.9353499755859375 1.2207373652796294e-06
0.9363499755859375 1.13802141872099e-06
0.9373499755859375 1.184606376413134e-06
0.9383499755859375 1.0122118912454867e-06
0.9393499755859375 8.482381827976361e-07
0.9403499755859375 1.0341955411149085e-06
0.9413499755859375 1.098415660088632e-06
0.9423499755859375 1.0342795719002854e-06
0.9433499755859375 1.1544587161304476e-06
0.9443499755859375 1.0068515662789658e-06
0.9453499755859375 1.0366704899356508e-06
0.9463499755859375 1.212281232949248e-06
0.9473499755859375 1.178924507736616e-06
0.9483499755859375 1.0726616205529465e-06
0.9493499755859375 8.684599394613616e-07
0.9503499755859375 8.471808514595503e-07
0.9513499755859375 1.219930760046232e-06
0.9523499755859375 1.1933463002515664e-06
0.9533499755859375 1.3303363228283061e-06
0.9543499755859375 1.7890092702867945e-06
0.9553499755859375 1.8945137777244323e-06
0.9563499755859375 2.231125983538393e-06
0.9573499755859375 2.236551263545644e-06
0.9583499755859375 2.553635175628791e-06
0.9593499755859375 2.1158656642650158e-06
0.9603499755859375 2.194508179944902e-06
0.9613499755859375 2.362366535885349e-06
0.9623499755859375 2.2926825896007348e-06
0.9633499755859375 2.397774990140607e-06
0.9643499755859375 2.2182242052421297e-06
0.9653499755859375 2.105425792731061e-06
0.9663499755859375 1.890980912009071e-06
0.9673499755859375 1.6162445036904685e-06
0.9683499755859375 1.2871259550579239e-06
0.9693499755859375 8.620436001900715e-07
0.9703499755859375 7.827926099593787e-07
0.9713499755859375 8.481999997584251e-07
0.9723499755859375 8.184802663762737e-07
0.9733499755859375 9.588169568380638e-07
0.9743499755859375 8.685972599170853e-07
0.9753499755859375 1.01302128828149e-06
0.9763499755859375 1.1938246337061159e-06
0.9773499755859375 1.4137713647783773e-06
0.9783499755859375 2.0016769400826933e-06
0.9793499755859375 2.6614566699400915e-06
0.9803499755859375 3.166026218345469e-06
0.9813499755859375 3.4952212652708036e-06
0.9823499755859375 3.716226834499741e-06
0.9833499755859375 3.680380288263715e-06
0.9843499755859375 3.4976129157012236e-06
0.9853499755859375 3.421840766360919e-06
0.9863499755859375 3.4627989726664906e-06
0.9873499755859375 3.4515670866136944e-06
0.9883499755859375 3.532579041713548e-06
0.9893499755859375 3.623993516236319e-06
0.9903499755859375 3.630329627532009e-06
0.9913499755859375 3.4743420609135517e-06
0.9923499755859375 3.0515965202812207e-06
0.9933499755859375 2.530086096100534e-06
0.9943499755859375 1.7216759941131339e-06
0.9953499755859375 1.1909418068186609e-06
0.9963499755859375 8.28336296628279e-07
0.9973499755859375 9.415648775631787e-07
0.9983499755859375 1.2996995363233345e-06
0.9993499755859375 1.1149601128744898e-06
1.0003499755859375 1.3495987831354189e-06
1.0013499755859374 5.0448289645525314e-06
1.0023499755859375 3.3022062753425748e-06
1.0033499755859374 8.465417583162586e-06
1.0043499755859375 5.0830172646480296e-06
1.0053499755859374 3.958854416596936e-06
1.0063499755859375 6.730526802130044e-06
1.0073499755859374 2.933405970300858e-06
1.0083499755859375 5.006967694498599e-06
1.0093499755859374 2.4702930022613144e-06
1.0103499755859375 4.720033272557582e-06
1.0113499755859374 4.396234386755775e-06
1.0123499755859375 4.189815275215854e-06
1.0133499755859374 4.050632220848153e-06
1.0143499755859375 6.624045199714601e-06
1.0153499755859374 2.71325707823659e-06
1.0163499755859375 4.559574736049399e-06
1.0173499755859374 6.677529114919404e-06
1.0183499755859375 1.802509320490605e-06
1.0193499755859374 7.4667743562410274e-06
1.0203499755859375 2.654556301422417e-06
1.0213499755859374 1.92705805673062e-06
1.0223499755859375 7.189306197687983e-06
1.0233499755859374 3.786733286688104e-06
1.0243499755859375 3.495277972736706e-06
1.0253499755859374 8.318930437477926e-06
1.0263499755859375 2.430540722950051e-06
1.0273499755859374 4.09804459195584e-06
1.0283499755859375 4.223428307644402e-06
1.0293499755859374 5.179705428114782e-06
1.0303499755859375 2.644533330264191e-06
1.0313499755859374 4.273035204581296e-06
1.0323499755859376 5.32870995812118e-06
1.0333499755859374 9.627823453417506e-07
1.0343499755859376 6.487218973537286e-06
1.0353499755859374 2.9150386399123817e-06
1.0363499755859376 6.018066584753493e-06
1.0373499755859374 1.2874154681904079e-06
1.0383499755859376 5.068939935881645e-06
1.0393499755859374 7.538764039054513e-06
1.0403499755859376 9.999999939225291e-11
1.0413499755859374 5.51910896319896e-06
1.0423499755859376 5.994768580421805e-06
1.0433499755859375 1.1822386780598511e-06
1.0443499755859376 3.7142065896963077e-06
1.0453499755859375 1.6203990526264534e-06
1.0463499755859376 2.678476400130118e-06
1.0473499755859375 9.589221315042806e-07
1.0483499755859376 5.715060197945357e-07
1.0493499755859375 1.9010129714539894e-06
1.0503499755859376 8.774788848805078e-07
1.0513499755859375 3.913857265918826e-06
1.0523499755859376 4.059854739656051e-06
1.0533499755859375 4.051187618946036e-06
1.0543499755859376 7.000453331063028e-07
1.0553499755859375 5.348205741029233e-06
1.0563499755859376 3.0445694089091074e-06
1.0573499755859375 1.6511936553076368e-06
1.0583499755859376 4.0144775440846086e-06
1.0593499755859375 2.1274556733145525e-06
1.0603499755859376 4.110600372465949e-06
1.0613499755859375 1.99734045357521e-06
1.0623499755859376 4.2643160365211465e-06
1.0633499755859375 1.8380333198741993e-06
1.0643499755859376 1.5923533889387424e-06
1.0653499755859375 9.670783375022769e-07
1.0663499755859376 5.3304324198203775e-06
1.0673499755859375 3.3747527049854396e-06
1.0683499755859376 2.536823012633249e-06
1.0693499755859375 4.5992153657910725e-06
1.0703499755859376 3.1533657541634357e-06
1.0713499755859375 3.2083103818762265e-06
1.0723499755859376 3.4937026794068517e-06
1.0733499755859375 9.999999939225291e-11
1.0743499755859376 6.7859517488007746e-06
1.0753499755859375 3.4743839448007446e-06
1.0763499755859376 1.3799786972601425e-06
1.0773499755859375 3.408493988293533e-06
1.0783499755859376 2.2697050007991493e-06
1.0793499755859375 1.4510879892023118e-06
1.0803499755859376 3.4325594121279817e-06
1.0813499755859375 3.6330873263068495e-06
1.0823499755859376 2.053515975906824e-06
1.0833499755859375 1.5738181779549145e-06
1.0843499755859376 4.619040604059895e-06
1.0853499755859375 2.06253429496428e-06
1.0863499755859376 2.1915575780440122e-06
1.0873499755859375 1.7567854229127988e-06
1.0883499755859376 2.6989366839795067e-06
1.0893499755859375 2.602728976247211e-06
1.0903499755859376 2.306657697772607e-06
1.0913499755859375 3.022156694593529e-06
1.0923499755859376 3.6108153290115296e-06
1.0933499755859375 3.5528302396414803e-06
1.0943499755859376 7.168693210661086e-07
1.0953499755859375 3.886690052847068e-06
1.0963499755859376 3.3429258231384056e-06
1.0973499755859375 2.203878015025751e-06
1.0983499755859376 2.781169745880163e-07
1.0993499755859375 4.444627459937086e-06
1.1003499755859374 2.504119377893706e-06
1.1013499755859375 1.4319253144397712e-06
1.1023499755859374 2.212626374481867e-06
1.1033499755859375 3.5589242664476235e-06
1.1043499755859374 4.74715653376497e-07
1.1053499755859375 1.4560873387381434e-06
1.1063499755859374 1.790050300769508e-06
1.1073499755859375 1.0985968037857674e-06
1.1083499755859374 2.4113454320110844e-07
1.1093499755859375 1.6561324931293105e-06
1.1103499755859374 2.256165607832372e-06
1.1113499755859375 5.014123356280228e-06
1.1123499755859374 3.444732380254815e-06
1.1133499755859375 3.313668955039854e-06
1.1143499755859374 6.2524176125104225e-06
1.1153499755859375 4.192541042963664e-06
1.1163499755859374 3.660066889891548e-07
1.1173499755859375 1.3835951782918224e-06
1.1183499755859374 1.7980506042173753e-06
1.1193499755859375 3.0351872505107735e-07
1.1203499755859374 2.3580839479109274e-06
1.1213499755859375 4.180484102107584e-06
1.1223499755859374 2.4666577852864675e-06
1.1233499755859375 2.9152276207848144e-06
1.1243499755859374 1.945136609720066e-06
1.1253499755859375 4.034133259362231e-06
1.1263499755859374 2.052581160872554e-06
1.1273499755859375 5.329617124516517e-06
1.1283499755859374 1.0984226389343376e-06
1.1293499755859375 2.258760262823974e-06
1.1303499755859374 2.3130296904128045e-06
1.1313499755859375 8.548063609244612e-07
1.1323499755859374 4.523829459988822e-06
1.1333499755859375 1.2169396601772556e-06
1.1343499755859374 2.1683771289341773e-06
1.1353499755859375 1.4314018214160265e-06
1.1363499755859374 4.606383542219798e-06
1.1373499755859375 2.529414341552183e-06
1.1383499755859374 3.139532297306384e-06
1.1393499755859375 1.995359683254113e-06
1.1403499755859374 3.4215401147600723e-07
1.1413499755859375 3.1518541072728114e-06
1.1423499755859374 4.5646050906119245e-06
1.1433499755859375 2.543246082495898e-06
1.1443499755859374 5.070535116828978e-06
1.1453499755859375 9.999999939225291e-11
1.1463499755859374 6.08060237330695e-06
1.1473499755859375 4.581383082532161e-07
1.1483499755859374 2.1684423457675923e-06
1.1493499755859375 4.523865257700284e-06
1.1503499755859374 6.721734728974601e-06
1.1513499755859375 1.046934698401003e-07
1.1523499755859374 2.6924100529868157e-06
1.1533499755859375 2.110933831621272e-06
1.1543499755859374 2.820667626413827e-06
1.1553499755859375 3.93682091574495e-06
1.1563499755859374 2.977087957939754e-06
1.1573499755859376 4.268139649260168e-06
1.1583499755859374 1.0222176422036712e-06
1.1593499755859376 2.4620076874271036e-06
1.1603499755859374 3.3063889713957907e-06
1.1613499755859376 3.3736065961420538e-06
1.1623499755859374 4.0045297161365554e-06
1.1633499755859376 2.148689066719574e-06
1.1643499755859374 5.714846769855342e-07
1.1653499755859376 4.5386327352995675e-06
1.1663499755859374 3.830140437154721e-06
1.1673499755859376 1.953310371997456e-06
1.1683499755859375 3.5888352916420748e-06
1.1693499755859376 5.09185207192786e-06
1.1703499755859375 3.4918660336794952e-06
1.1713499755859376 1.6074377344921231e-06
1.1723499755859375 5.4927280871197585e-06
1.1733499755859376 5.9692709085841975e-06
1.1743499755859375 9.999999939225291e-11
1.1753499755859376 2.2544846675979592e-06
1.1763499755859375 1.869427360361442e-06
1.1773499755859376 2.474194019062755e-06
1.1783499755859375 3.3607576430464787e-06
1.1793499755859376 6.047999825871861e-07
1.1803499755859375 3.898459011300777e-06
1.1813499755859376 4.715547935726742e-06
1.1823499755859375 1.6150174997164868e-06
1.1833499755859376 3.0453823274001477e-06
1.1843499755859375 5.4886489912557106e-06
1.1853499755859376 3.3711226327189554e-06
1.1863499755859375 1.9529474472316604e-06
1.1873499755859376 3.922254642626892e-06
1.1883499755859375 3.87755804695189e-06
1.1893499755859376 4.976509296472642e-07
1.1903499755859375 2.5855690762188745e-06
1.1913499755859376 3.9508106419816615e-06
1.1923499755859375 2.8833947483993445e-06
1.1933499755859376 3.0230082726726933e-06
1.1943499755859375 1.7854423397996775e-06
1.1953499755859376 6.431311679383119e-06
1.1963499755859375 3.127929667243734e-06
1.1973499755859376 1.1353591980878263e-06
1.1983499755859375 2.562139998190105e-06
1.1993499755859376 4.573258629534394e-06
1.2003499755859375 2.5439186235113693e-06
1.2013499755859376 3.909354030232255e-06
1.2023499755859375 2.431048390765985e-06
1.2033499755859376 3.123388548071186e-06
1.2043499755859375 4.678807260158162e-06
1.2053499755859376 2.6555466683930717e-06
1.2063499755859375 4.3672747172725695e-06
1.2073499755859376 3.2188556603311254e-06
1.2083499755859375 4.736477373323093e-06
1.2093499755859376 2.879021340049803e-06
1.2103499755859375 5.0757813733071086e-06
1.2113499755859376 4.230651635831843e-06
1.2123499755859375 4.867553749742608e-06
1.2133499755859376 3.617614274844527e-06
1.2143499755859375 4.025537637062371e-06
1.2153499755859376 4.260051258218785e-06
1.2163499755859375 4.396352645320197e-06
1.2173499755859376 4.613979350930701e-06
1.2183499755859375 2.7954786977109807e-06
1.2193499755859376 4.425133035207788e-06
1.2203499755859375 2.240299418190261e-06
1.2213499755859376 3.5359140504927684e-06
1.2223499755859375 3.3037113219810028e-06
1.2233499755859376 3.6773423198610545e-06
1.2243499755859375 4.00623355138426e-06
1.2253499755859374 3.3830923685436902e-06
1.2263499755859375 2.4624673339227836e-06
1.2273499755859374 3.16830837012579e-06
1.2283499755859375 1.16715100981916e-06
1.2293499755859374 4.844751383643598e-06
1.2303499755859375 2.8688487024434533e-06
1.2313499755859374 2.9644975923777868e-06
1.2323499755859375 4.155037264960508e-06
1.2333499755859374 4.754195106215775e-06
1.2343499755859375 5.132906080689281e-06
1.2353499755859374 2.356946545963486e-06
1.2363499755859375 3.666595390920217e-06
1.2373499755859374 3.667809748246024e-06
1.2383499755859375 5.652491333118329e-06
1.2393499755859374 5.770976422354579e-06
1.2403499755859375 5.050896240087847e-06
1.2413499755859374 4.38556201212729e-06
1.2423499755859375 4.982419680648794e-06
1.2433499755859374 4.843898059334606e-06
1.2443499755859375 6.866044908141097e-06
1.2453499755859374 4.538785627422233e-06
1.2463499755859375 7.478201199167719e-06
1.2473499755859374 7.554433347346882e-06
1.2483499755859375 7.006969147672256e-06
1.2493499755859374 8.677088383895656e-06
1.2503499755859375 8.180119330063463e-06
1.2513499755859374 7.667408208362759e-06
1.2523499755859375 9.898542969798047e-06
1.2533499755859374 1.417939318343997e-05
1.2543499755859375 7.579479909812411e-06
1.2553499755859374 1.1710906401276588e-05
1.2563499755859375 1.3075716560706497e-05
1.2573499755859374 1.2140404044960935e-05
1.2583499755859375 1.3821279862895608e-05
1.2593499755859374 1.4989983368044097e-05
1.2603499755859375 1.769354644541939e-05
1.2613499755859374 1.6671506455168127e-05
1.2623499755859375 1.882201371093591e-05
1.2633499755859374 2.1780626460288963e-05
1.2643499755859375 2.762192627415061e-05
1.2653499755859374 2.908870034540693e-05
1.2663499755859375 3.369113352770606e-05
1.2673499755859374 3.424594644457102e-05
1.2683499755859375 4.425110993906856e-05
1.2693499755859374 4.7676893882453444e-05
1.2703499755859375 5.6516663171350956e-05
1.2713499755859374 6.755954585969448e-05
1.2723499755859375 7.407751710464556e-05
1.2733499755859374 8.463374494264522e-05
1.2743499755859375 9.210121352225542e-05
1.2753499755859374 0.00010491369602580866
1.2763499755859375 0.00012007396668195725
1.2773499755859374 0.00014366716456909974
1.2783499755859375 0.0001530886006851991
1.2793499755859374 0.00017655399938424428
1.2803499755859375 0.00019859520718455316
1.2813499755859374 0.00022751113399863243
1.2823499755859376 0.0002557315987845262
1.2833499755859374 0.0002994014633198579
1.2843499755859376 0.0003318368953963121
1.2853499755859374 0.00037696062897642457
1.2863499755859376 0.0004209823658068975
1.2873499755859374 0.0004993877559900284
1.2883499755859376 0.0005720217650135358
1.2893499755859374 0.0006648780157168706
1.2903499755859376 0.0008032802616556485
1.2913499755859374 0.0009133238345384598
1.2923499755859376 0.0010897526393334072
1.2933499755859375 0.001241972694794337
1.2943499755859376 0.0015070410569508871
1.2953499755859375 0.001824897974729538
1.2963499755859376 0.0022300840417544044
1.2973499755859375 0.002670973092317581
1.2983499755859376 0.003242943684260051
1.2993499755859375 0.003932447632153829
1.3003499755859376 0.004794021348158518
1.3013499755859375 0.005879626671473185
1.3023499755859376 0.007099989652633667
1.3033499755859375 0.008690012097358703
1.3043499755859376 0.010709681908289592
1.3053499755859375 0.012211552460988363
1.3063499755859376 0.015484953721364339
1.3073499755859375 0.01826939304669698
1.3083499755859376 0.020871440172195433
1.3093499755859375 0.023733317057291665
1.3103499755859376 0.02687445640563965
1.3113499755859375 0.03015405019124349
1.3123499755859376 0.03162918011347453
1.3133499755859375 0.03661273717880249
1.3143499755859376 0.03969682296117147
1.3153499755859375 0.04572500546773275
1.3163499755859376 0.051069854100545244
1.3173499755859375 0.05844640890757243
1.3183499755859376 0.06698570728302002
1.3193499755859375 0.0781287161509196
1.3203499755859376 0.08797143777211508
1.3213499755859375 0.10390166282653808
1.3223499755859376 0.11848004976908365
1.3233499755859375 0.14200906753540038
1.3243499755859376 0.15899286905924478
1.3253499755859375 0.18709627151489258
1.3263499755859376 0.2158734385172526
1.3273499755859375 0.2535318311055501
1.3283499755859376 0.3037374051411946
1.3293499755859375 0.346956361134847
1.3303499755859376 0.41111480712890625
1.3313499755859375 0.46402287801106773
1.3323499755859376 0.5423561350504557
1.3333499755859375 0.6255845006306966
1.3343499755859376 0.6952605692545574
1.3353499755859375 0.752707010904948
1.3363499755859376 0.8110964711507161
1.3373499755859375 0.8569043223063152
1.3383499755859376 0.876135737101237
1.3393499755859375 0.9034044901529948
1.3403499755859376 0.937299575805664
1.3413499755859375 0.9283616383870442
1.3423499755859376 0.944433085123698
1.3433499755859375 0.9401244862874348
1.3443499755859376 0.9365555318196614
1.3453499755859375 0.9525345865885417
1.3463499755859376 0.9443285624186198
1.3473499755859375 0.9351558685302734
1.3483499755859376 0.9701319885253906
1.3493499755859375 0.945942103068034
1.3503499755859374 0.9637387084960938
1.3513499755859375 0.9469020080566406
1.3523499755859374 0.961695556640625
1.3533499755859375 0.947198994954427
1.3543499755859374 0.952287089029948
1.3553499755859375 0.9514147186279297
1.3563499755859374 0.9425269317626953
1.3573499755859375 0.9454810841878255
1.3583499755859374 0.9473004659016927
1.3593499755859375 0.9444873046875
1.3603499755859374 0.9440457407633464
1.3613499755859375 0.9530057779947917
1.3623499755859374 0.9429053751627605
1.3633499755859375 0.9370944468180339
1.3643499755859374 0.958537826538086
1.3653499755859375 0.9485059102376302
1.3663499755859374 0.9519500223795574
1.3673499755859375 0.9539621988932292
1.3683499755859374 0.9452625274658203
1.3693499755859375 0.9461498769124348
1.3703499755859374 0.9463561503092448
1.3713499755859375 0.938444112141927
1.3723499755859374 0.9435746510823567
1.3733499755859375 0.951724141438802
1.3743499755859374 0.9224460856119792
1.3753499755859375 0.9408432769775391
1.3763499755859374 0.9257967631022136
1.3773499755859375 0.9275450388590495
1.3783499755859374 0.9231228892008464
1.3793499755859375 0.9156293741861979
1.3803499755859374 0.9127308909098307
1.3813499755859375 0.9161254119873047
1.3823499755859374 0.9039195505777995
1.3833499755859375 0.9032492574055989
1.3843499755859374 0.9108132171630859
1.3853499755859375 0.8928396606445312
1.3863499755859374 0.9064117940266927
1.3873499755859375 0.9021307373046875
1.3883499755859374 0.9009196472167968
1.3893499755859375 0.9035671997070313
1.3903499755859374 0.9045684051513672
1.3913499755859375 0.8981914011637371
1.3923499755859374 0.8979811604817708
1.3933499755859375 0.904538345336914
1.3943499755859374 0.9022959645589193
1.3953499755859375 0.9026709747314453
1.3963499755859374 0.894695307413737
1.3973499755859375 0.894553451538086
1.3983499755859374 0.9228063456217448
1.3993499755859375 0.9127423350016276
1.4003499755859374 0.9045940399169922
1.4013499755859375 0.9096183776855469
1.4023499755859374 0.9267563120524089
1.4033499755859375 0.9111729939778646
1.4043499755859374 0.9223024241129558
1.4053499755859375 0.9358227793375652
1.4063499755859374 0.9063622792561848
1.4073499755859376 0.9364356231689454
1.4083499755859374 0.9310983022054036
1.4093499755859376 0.9374808247884114
1.4103499755859374 0.9325957997639973
1.4113499755859376 0.9383216094970703
1.4123499755859374 0.9379262542724609
1.4133499755859376 0.9480217742919922
1.4143499755859374 0.9327219899495443
1.4153499755859376 0.9529239908854167
1.4163499755859374 0.9440379079182942
1.4173499755859376 0.9520302327473957
1.4183499755859375 0.9575850423177082
1.4193499755859376 0.9586265818277995
1.4203499755859375 0.9472190093994141
1.4213499755859376 0.9561204783121745
1.4223499755859375 0.9605563354492187
1.4233499755859376 0.9531546020507813
1.4243499755859375 0.9608361307779948
1.4253499755859376 0.9638809204101563
1.4263499755859375 0.9511182403564453
1.4273499755859376 0.9570406341552734
1.4283499755859375 0.9465879567464193
1.4293499755859376 0.9554032135009766
1.4303499755859375 0.9657537333170574
1.4313499755859376 0.9571028645833333
1.4323499755859375 0.9509178924560547
1.4333499755859376 0.9439124298095704
1.4343499755859375 0.9471323903401693
1.4353499755859376 0.9512543233235676
1.4363499755859375 0.9488778432210286
1.4373499755859376 0.9426390838623047
1.4383499755859375 0.9483278910319011
1.4393499755859376 0.9432396952311198
1.4403499755859375 0.9543835957845052
1.4413499755859376 0.939956792195638
1.4423499755859375 0.9329228719075521
1.4433499755859376 0.9552935282389323
1.4443499755859375 0.9469434102376302
1.4453499755859376 0.9423108418782552
1.4463499755859375 0.9472059631347656
1.4473499755859376 0.9482515970865886
1.4483499755859375 0.9608283996582031
1.4493499755859376 0.9572436269124348
1.4503499755859375 0.9469927469889323
1.4513499755859376 0.9502269999186198
1.4523499755859375 0.960259526570638
1.4533499755859376 0.9594479878743489
1.4543499755859375 0.9626865386962891
1.4553499755859376 0.9653750101725261
1.4563499755859375 0.952144292195638
1.4573499755859376 0.9642230224609375
1.4583499755859375 0.9714205169677734
1.4593499755859376 0.9580926259358723
1.4603499755859375 0.9655297342936199
1.4613499755859376 0.9622913360595703
1.4623499755859375 0.9668843078613282
1.4633499755859376 0.9713115692138672
1.4643499755859375 0.9813451131184895
1.4653499755859376 0.9639529673258465
1.4663499755859375 0.9667683919270833
1.4673499755859376 0.9621824391682943
1.4683499755859375 0.9596557871500652
1.4693499755859376 0.9465095774332682
1.4703499755859375 0.9369366455078125
1.4713499755859376 0.921067606608073
1.4723499755859375 0.8915331776936849
1.4733499755859376 0.8556659952799479
1.4743499755859375 0.8093814595540364
1.4753499755859374 0.7472289021809896
1.4763499755859375 0.7077926127115886
1.4773499755859374 0.6277720642089843
1.4783499755859375 0.5620350646972656
1.4793499755859374 0.4849311319986979
1.4803499755859375 0.41948418935139975
1.4813499755859374 0.3637152099609375
1.4823499755859375 0.3069897397359212
1.4833499755859374 0.2610210609436035
1.4843499755859375 0.22766686757405596
1.4853499755859374 0.1942637316385905
1.4863499755859375 0.1659713331858317
1.4873499755859374 0.13831626574198405
1.4883499755859375 0.12729320208231606
1.4893499755859374 0.1039626439412435
1.4903499755859375 0.09149125417073568
1.4913499755859374 0.07952082316080729
1.4923499755859375 0.0689553705851237
1.4933499755859374 0.06183557192484538
1.4943499755859375 0.053261559804280593
1.4953499755859374 0.04923388004302978
1.4963499755859375 0.044465403556823734
1.4973499755859374 0.039987311363220215
1.4983499755859375 0.03535765647888184
1.4993499755859374 0.03172575394312541
1.5003499755859375 0.02772521654764811
1.5013499755859374 0.022855136394500732
1.5023499755859375 0.01898094375928243
1.5033499755859374 0.015825276772181193
1.5043499755859375 0.013022963603337606
1.5053499755859374 0.010907426675160726
1.5063499755859375 0.009052860538164774
1.5073499755859374 0.007751415371894836
1.5083499755859375 0.006537876129150391
1.5093499755859374 0.0056251674890518185
1.5103499755859375 0.004768474996089935
1.5113499755859374 0.004060765306154887
1.5123499755859375 0.003514021635055542
1.5133499755859374 0.0030209173758824663
1.5143499755859375 0.002702993949254354
1.5153499755859374 0.0022991693516572318
1.5163499755859375 0.0020314466456572214
1.5173499755859374 0.0017800550162792206
1.5183499755859375 0.0015625859797000884
1.5193499755859374 0.0013786213596661886
1.5203499755859375 0.001218578318754832
1.5213499755859374 0.0011053563406070073
1.5223499755859375 0.0009731078892946243
1.5233499755859374 0.0008710626264413197
1.5243499755859375 0.0007863361636797588
1.5253499755859374 0.0006966791550318401
1.5263499755859375 0.0006315786391496659
1.5273499755859374 0.0005668325970570247
1.5283499755859375 0.0005173524965842565
1.5293499755859374 0.00046172173072894416
1.5303499755859375 0.00041654199361801147
1.5313499755859374 0.00038578443229198456
1.5323499755859376 0.00034233227372169493
1.5333499755859374 0.00031702189395825065
1.5343499755859376 0.0002881770270566146
1.5353499755859374 0.0002556787990033627
1.5363499755859376 0.00023858613645037015
1.5373499755859374 0.00021994120130936306
1.5383499755859376 0.00020403716713190078
1.5393499755859374 0.00018104296798507373
1.5403499755859376 0.0001665794290602207
1.5413499755859374 0.0001527286320924759
1.5423499755859376 0.00013566136670609315
1.5433499755859375 0.00012964116719861826
1.5443499755859376 0.00011961820224920909
1.5453499755859375 0.00010610043381651243
1.5463499755859376 9.664687948922316e-05
1.5473499755859375 9.2493100091815e-05
1.5483499755859376 7.992139086127281e-05
1.5493499755859375 7.581175304949284e-05
1.5503499755859376 7.13312237833937e-05
1.5513499755859375 6.538277802368005e-05
1.5523499755859376 5.931129213422537e-05
1.5533499755859375 5.3715542890131474e-05
1.5543499755859376 5.224290303885937e-05
1.5553499755859375 4.980839944134156e-05
1.5563499755859376 4.117251994709174e-05
1.5573499755859375 3.840771348526081e-05
1.5583499755859376 3.8593236046532785e-05
1.5593499755859375 3.587427005792657e-05
1.5603499755859376 3.6361873305092256e-05
1.5613499755859375 3.1372643231103815e-05
1.5623499755859376 2.6660656246046225e-05
1.5633499755859375 2.551204680154721e-05
1.5643499755859376 2.432694581026832e-05
1.5653499755859375 2.2552686277776957e-05
1.5663499755859376 2.6074522950996957e-05
1.5673499755859375 2.493419606859485e-05
1.5683499755859376 2.3987912572920323e-05
1.5693499755859375 2.3094789745906986e-05
1.5703499755859376 1.7894846387207508e-05
1.5713499755859375 1.6720166507487495e-05
1.5723499755859376 1.8569299330314e-05
1.5733499755859375 1.807726298769315e-05
1.5743499755859376 1.6770023309315246e-05
1.5753499755859375 1.1416543275117874e-05
1.5763499755859376 1.1080246573934953e-05
1.5773499755859375 1.5779850461209814e-05
1.5783499755859376 1.5118896650771301e-05
1.5793499755859375 1.452174309330682e-05
1.5803499755859376 1.2129036476835609e-05
1.5813499755859375 1.4456336308891575e-05
1.5823499755859376 1.310035353526473e-05
1.5833499755859375 1.3815786611909668e-05
1.5843499755859376 8.984176868883272e-06
1.5853499755859375 8.776451577432454e-06
1.5863499755859376 1.2797003146260977e-05
1.5873499755859375 1.1845053328822057e-05
1.5883499755859376 5.763786806104084e-06
1.5893499755859375 7.914455103067061e-06
1.5903499755859376 1.0342948177518944e-05
1.5913499755859375 1.219572654614846e-05
1.5923499755859376 1.043337571900338e-05
1.5933499755859375 8.522300243688126e-06
1.5943499755859376 6.879154631557563e-06
1.5953499755859375 1.1497174855321645e-05
1.5963499755859376 8.021945444246133e-06
1.5973499755859375 7.280485200074812e-06
1.5983499755859376 7.063126152691742e-06
1.5993499755859375 1.0161027312278747e-05
1.6003499755859374 7.3987129144370555e-06
1.6013499755859375 5.728560305821398e-06
1.6023499755859374 9.145729321365556e-06
1.6033499755859375 1.1688056789959471e-05
1.6043499755859374 6.582367835411181e-06
1.6053499755859375 6.510131449128191e-06
1.6063499755859374 3.6221130479437607e-06
1.6073499755859375 4.726282301514099e-06
1.6083499755859374 5.261119707332304e-06
1.6093499755859375 7.18863777971516e-06
1.6103499755859374 6.114099960541353e-06
1.6113499755859375 5.7801059059177836e-06
1.6123499755859374 7.869370941383143e-06
1.6133499755859375 3.3054917582564514e-06
1.6143499755859374 6.063479037644962e-06
1.6153499755859375 6.776899293375513e-06
1.6163499755859374 6.702576448406699e-07
1.6173499755859375 4.686904915918906e-06
1.6183499755859374 2.163634684014445e-06
1.6193499755859375 5.508597629765669e-06
1.6203499755859374 6.061003902383769e-07
1.6213499755859375 1.6501456603516355e-07
1.6223499755859374 2.9865361769528435e-06
1.6233499755859375 1.6512201894632502e-06
1.6243499755859374 6.6521056578494604e-06
1.6253499755859375 5.60862235336875e-06
1.6263499755859374 2.9474933398887517e-06
1.6273499755859375 1.2373097843010329e-06
1.6283499755859374 2.345750593425085e-06
1.6293499755859375 3.7623767709623245e-07
1.6303499755859374 2.33356662379632e-06
1.6313499755859375 2.6445211794149755e-06
1.6323499755859374 1.5824034320151744e-06
1.6333499755859375 9.112891663486758e-06
1.6343499755859374 9.999999939225291e-11
1.6353499755859375 9.936377231382447e-07
1.6363499755859374 1.7565704365551938e-06
1.6373499755859375 8.454640240718922e-06
1.6383499755859374 1.2272167414758192e-06
1.6393499755859375 8.926936519741228e-07
1.6403499755859374 5.288659885991365e-06
1.6413499755859375 3.2148543781544232e-06
1.6423499755859374 2.3728030107802076e-06
1.6433499755859375 8.033357444219291e-06
1.6443499755859374 1.0924565685854759e-06
1.6453499755859375 3.983936713739903e-07
1.6463499755859374 7.61539830515782e-06
1.6473499755859375 4.670375198845278e-07
1.6483499755859374 9.209710406139493e-06
1.6493499755859375 3.032034689616954e-06
1.6503499755859374 6.2191891872013604e-06
1.6513499755859375 1.7089996833608012e-06
1.6523499755859374 8.579692609297733e-06
1.6533499755859375 2.5090356791412914e-06
1.6543499755859374 8.055521951367459e-06
1.6553499755859375 7.325600890908391e-06
1.6563499755859374 9.82194630572882e-07
1.6573499755859376 4.269679387410481e-06
1.6583499755859374 4.173458534448097e-06
1.6593499755859376 6.74464642846336e-06
1.6603499755859374 4.660250070701958e-07
1.6613499755859376 3.0012073303205726e-06
1.6623499755859374 9.408944946092864e-06
1.6633499755859376 1.966829571502515e-06
1.6643499755859374 9.018309259166321e-06
1.6653499755859376 7.762381574139e-06
1.6663499755859374 6.411741875732938e-06
1.6673499755859376 8.404162940145454e-07
1.6683499755859375 7.880235595318178e-06
1.6693499755859376 6.436762438776592e-06
1.6703499755859375 3.0336242828828593e-06
1.6713499755859376 3.882771294835644e-06
1.6723499755859375 4.432107331619288e-06
1.6733499755859376 6.778147265625497e-06
1.6743499755859375 2.7834422845026314e-06
1.6753499755859376 1.183098026861747e-05
1.6763499755859375 1.2643906275607484e-06
1.6773499755859376 3.487810763897296e-06
1.6783499755859375 5.087288251767555e-06
1.6793499755859376 3.5450937139103187e-06
1.6803499755859375 1.0646413623665769e-05
1.6813499755859376 1.1429793278997143e-05
1.6823499755859375 3.541629594110418e-06
1.6833499755859376 7.363834689992169e-06
1.6843499755859375 4.582345330466826e-06
1.6853499755859376 2.1926780364574704e-06
1.6863499755859375 4.735384330463906e-06
1.6873499755859376 1.3787050265818834e-05
1.6883499755859375 2.73604718434702e-06
1.6893499755859376 6.835923122707754e-06
1.6903499755859375 8.830986917018891e-06
1.6913499755859376 3.4191096589590112e-06
1.6923499755859375 4.762393558242668e-06
1.6933499755859376 8.300584934962293e-06
1.6943499755859375 2.1320317413368408e-06
1.6953499755859376 3.907542656331013e-06
1.6963499755859375 2.632580978619477e-06
1.6973499755859376 8.866028510965406e-06
1.6983499755859375 4.421160265337676e-06
1.6993499755859376 4.456807858987943e-06
1.7003499755859375 1.7795113769049447e-05
1.7013499755859376 1.3051719671312391e-06
1.7023499755859375 3.058878016114856e-06
1.7033499755859376 1.0558461071923376e-05
1.7043499755859375 1.7455956643856276e-06
1.7053499755859376 7.036137588632604e-06
1.7063499755859375 9.821767841155331e-06
1.7073499755859376 7.955039812562366e-06
1.7083499755859375 6.9757859455421565e-06
1.7093499755859376 2.567957829645214e-06
1.7103499755859375 3.909815471464147e-06
1.7113499755859376 7.14402306281651e-06
1.7123499755859375 1.4099172937373321e-05
1.7133499755859376 1.3030883468066652e-05
1.7143499755859375 5.160991374092797e-06
1.7153499755859376 6.1827960113684334e-06
1.7163499755859375 8.993497855650882e-06
1.7173499755859376 1.0575691897732516e-05
1.7183499755859375 7.123970717657357e-06
1.7193499755859376 5.620334510846684e-06
1.7203499755859375 3.943909696670171e-06
1.7213499755859376 3.836713922635108e-06
1.7223499755859375 9.310347183297078e-06
1.7233499755859376 2.0507174000764885e-06
1.7243499755859375 4.364374084010099e-06
1.7253499755859374 2.075706761388574e-06
1.7263499755859375 9.845224946426849e-06
1.7273499755859374 8.7385678004163e-06
1.7283499755859375 5.126513994279472e-06
1.7293499755859374 5.6516376207582655e-06
1.7303499755859375 1.7571240891278705e-06
1.7313499755859374 5.074032330109427e-06
1.7323499755859375 2.569414364540871e-06
1.7333499755859374 7.551328744739294e-06
1.7343499755859375 5.825836560688913e-06
1.7353499755859374 4.6063002567583074e-06
1.7363499755859375 6.201147504422503e-06
1.7373499755859374 1.3354416781415542e-05
1.7383499755859375 3.3314158012102505e-06
1.7393499755859374 1.1958864827950794e-05
1.7403499755859375 1.2876586600517233e-05
1.7413499755859374 1.227615575771779e-06
1.7423499755859375 6.6259831267719474e-06
1.7433499755859374 8.470991742797196e-06
1.7443499755859375 2.7134286402367516e-07
1.7453499755859374 1.0837330477819762e-06
1.7463499755859375 5.265672962548132e-06
1.7473499755859374 2.713904599405126e-06
1.7483499755859375 2.4966363950322075e-06
1.7493499755859374 3.959651027495662e-06
1.7503499755859375 2.0989672918592105e-06
1.7513499755859374 8.07882247803112e-06
1.7523499755859375 1.820802358755221e-05
1.7533499755859374 3.7258306595807274e-06
1.7543499755859375 2.080499592314785e-06
1.7553499755859374 1.2107661071543892e-05
1.7563499755859375 1.5797426070397098e-05
1.7573499755859374 1.0459490780097742e-05
1.7583499755859375 1.0807623621076345e-05
1.7593499755859374 2.1379293657937855e-06
1.7603499755859375 9.585822117514909e-06
1.7613499755859374 7.662321634901068e-06
1.7623499755859375 3.331739047401546e-06
1.7633499755859374 1.3920056905287008e-05
1.7643499755859375 6.794996734242886e-06
1.7653499755859374 8.912356570363044e-06
1.7663499755859375 1.7214723993674851e-06
1.7673499755859374 2.2238540501954655e-06
1.7683499755859375 3.179693958372809e-06
1.7693499755859374 1.5408849234403258e-06
1.7703499755859375 3.618910947504143e-06
1.7713499755859374 1.1316784657537937e-05
1.7723499755859375 1.3298051975046595e-05
1.7733499755859374 9.152294175388913e-06
1.7743499755859375 5.484044086188078e-06
1.7753499755859374 1.5573176589060248e-06
1.7763499755859375 9.750050570194921e-06
1.7773499755859374 4.8101212208469705e-06
1.7783499755859375 1.0314923129044473e-05
1.7793499755859374 4.2031981865875425e-06
1.7803499755859375 8.003442587020496e-06
1.7813499755859374 5.986538308206946e-06
1.7823499755859376 5.848897077764074e-06
1.7833499755859374 9.917209584576387e-06
1.7843499755859376 3.9391703709649545e-06
1.7853499755859374 3.417141269892454e-06
1.7863499755859376 5.060519955198592e-06
1.7873499755859374 5.2513761909001034e-06
1.7883499755859376 4.783890666052078e-06
1.7893499755859374 1.1398340187345941e-05
1.7903499755859376 4.215415877600511e-06
1.7913499755859374 1.2771771483433742e-05
1.7923499755859376 6.772613812294401e-06
1.7933499755859375 5.5351973666499054e-06
1.7943499755859376 3.047766731469892e-06
1.7953499755859375 1.3359367925052841e-05
1.7963499755859376 1.1148328194394708e-05
1.7973499755859375 5.696733869979079e-06
1.7983499755859376 8.657594541242968e-06
1.7993499755859375 3.1050853040633557e-06
1.8003499755859376 3.0127387435641138e-06
1.8013499755859375 6.438731690347291e-06
1.8023499755859376 6.573975163822373e-06
1.8033499755859375 9.714421854975323e-06
1.8043499755859376 7.329791066392014e-06
1.8053499755859375 9.803171463621158e-06
1.8063499755859376 3.71450399178445e-06
1.8073499755859375 1.3311073610869546e-05
1.8083499755859376 6.2243000138551e-06
1.8093499755859375 8.962664675588408e-06
1.8103499755859376 3.417310115535107e-07
1.8113499755859375 6.699007353745401e-06
1.8123499755859376 3.162766806781292e-06
1.8133499755859375 6.990083488211952e-07
1.8143499755859376 1.3672616909765622e-06
1.8153499755859375 1.4368433228580577e-06
1.8163499755859376 8.200418448911506e-07
1.8173499755859375 3.1173740232285734e-06
1.8183499755859376 3.5205869156810605e-06
1.8193499755859375 1.067082688424037e-06
1.8203499755859376 2.387362668135514e-06
1.8213499755859375 2.0786226377822457e-06
1.8223499755859376 7.614466400506596e-06
1.8233499755859375 4.212898056721315e-06
1.8243499755859376 1.23597359439979e-05
1.8253499755859375 1.3438576521972817e-05
1.8263499755859376 1.1441265814937652e-05
1.8273499755859375 7.342233633001646e-06
1.8283499755859376 1.0957483706685405e-05
1.8293499755859375 6.904940586283104e-06
1.8303499755859376 9.954113629646599e-06
1.8313499755859375 2.3540160230671367e-05
1.8323499755859376 9.176513601912479e-07
1.8333499755859375 9.999999939225291e-11
1.8343499755859376 6.524195099094262e-06
1.8353499755859375 4.536180252519747e-06
1.8363499755859376 6.655767938354984e-06
1.8373499755859375 1.2971065589226782e-05
1.8383499755859376 1.0901309818904063e-06
1.8393499755859375 1.6237996358311099e-06
1.8403499755859376 1.501984001758198e-05
1.8413499755859375 2.6942080876324327e-06
1.8423499755859376 8.607090179187557e-06
1.8433499755859375 1.061840293308099e-05
1.8443499755859376 8.402807094777623e-06
1.8453499755859375 4.422607307787985e-06
1.8463499755859376 6.680753237257401e-06
1.8473499755859375 2.0139174254533523e-06
1.8483499755859376 1.3636567164212465e-05
1.8493499755859375 1.0276958346366882e-05
1.8503499755859374 9.999999939225291e-11
1.8513499755859375 8.583139666977029e-06
1.8523499755859374 5.70092942022408e-06
1.8533499755859375 1.3460727347780477e-06
1.8543499755859374 1.6156299971044063e-05
1.8553499755859375 4.037594053795483e-06
1.8563499755859374 1.953953382072271e-06
1.8573499755859375 7.980616986363506e-06
1.8583499755859374 4.797725278319713e-06
1.8593499755859375 9.345783716222893e-06
1.8603499755859374 6.619553402931189e-07
1.8613499755859375 5.18010265634139e-06
1.8623499755859374 6.337068286181117e-06
1.8633499755859375 1.2448066845536232e-05
1.8643499755859374 1.495171979562689e-06
1.8653499755859375 7.93454310986578e-06
1.8663499755859374 1.2956692565542956e-05
1.8673499755859375 2.0390113732974648e-06
1.8683499755859374 2.832205946458425e-06
1.8693499755859375 5.469654133776203e-06
1.8703499755859374 5.648639921140841e-07
1.8713499755859375 3.6628746211627335e-06
1.8723499755859374 2.7593879494816064e-05
1.8733499755859375 2.89398163997312e-06
1.8743499755859374 9.254628093913197e-06
1.8753499755859375 1.3003937783651055e-05
1.8763499755859374 8.800013941557458e-06
1.8773499755859375 7.855970470700414e-06
1.8783499755859374 4.611542050649101e-06
1.8793499755859375 8.38677403711093e-06
1.8803499755859374 9.002945153042675e-06
1.8813499755859375 4.65060643399499e-06
1.8823499755859374 5.2889680955559015e-06
1.8833499755859375 1.1358766350895166e-05
1.8843499755859374 1.1052873451262713e-05
1.8853499755859375 4.562405229080468e-06
1.8863499755859374 5.906258166203196e-06
1.8873499755859375 2.2218190955639964e-06
1.8883499755859374 3.5210286875742013e-06
1.8893499755859375 1.156616403022781e-05
1.8903499755859374 1.8923713359981774e-05
1.8913499755859375 1.7998208835100132e-05
1.8923499755859374 9.999999939225291e-11
1.8933499755859375 4.108976597005191e-06
1.8943499755859374 9.999999939225291e-11
1.8953499755859375 1.7558736336050392e-06
1.8963499755859374 9.999999939225291e-11
1.8973499755859375 8.78800002586407e-06
1.8983499755859374 2.4988539516925813e-05
1.8993499755859375 9.827340448585648e-06
1.9003499755859374 6.357288608948389e-06
1.9013499755859375 1.856146613135934e-05
1.9023499755859374 7.246752696422239e-06
1.9033499755859375 2.3884077090770007e-05
1.9043499755859374 9.999999939225291e-11
1.9053499755859375 1.5904000028967858e-05
1.9063499755859374 1.346018980257213e-05
1.9073499755859376 8.964434285492948e-06
1.9083499755859374 2.1156446309760212e-05
1.9093499755859376 1.2454884902884563e-05
1.9103499755859374 1.758241676725447e-05
1.9113499755859376 1.007502661837319e-05
1.9123499755859374 5.661684457057466e-06
1.9133499755859376 5.839590152767471e-07
1.9143499755859374 3.840312574891295e-06
1.9153499755859376 6.907372444402427e-06
1.9163499755859374 7.505717003368773e-06
1.9173499755859376 8.549303742633185e-07
1.9183499755859375 3.3716712978767064e-06
1.9193499755859376 2.4283847546158197e-07
1.9203499755859375 1.6430747146915316e-06
1.9213499755859376 2.0511188968648974e-06
1.9223499755859375 8.363653517638643e-06
1.9233499755859376 2.85578127123524e-06
1.9243499755859375 5.6066340376255876e-06
1.9253499755859376 1.550028290729403e-05
1.9263499755859375 7.796428399160504e-06
1.9273499755859376 9.689988607230286e-06
1.9283499755859375 2.3404566648726664e-05
1.9293499755859376 9.290635352954268e-06
1.9303499755859375 1.801803708076477e-05
1.9313499755859376 1.8599936738610267e-05
1.9323499755859375 7.692159269936383e-06
1.9333499755859376 1.276954251807183e-05
1.9343499755859375 2.060548401860984e-06
1.9353499755859376 9.537220660907527e-06
1.9363499755859375 9.960191091522574e-06
1.9373499755859376 1.8417646642774344e-05
1.9383499755859375 2.4129032778243223e-05
1.9393499755859376 1.2227098341099919e-05
1.9403499755859375 4.882185370407299e-06
1.9413499755859376 4.154843151858619e-06
1.9423499755859375 1.5213843435049057e-05
1.9433499755859376 1.6904436827947695e-05
1.9443499755859375 1.979170716367662e-05
1.9453499755859376 2.2690285159606323e-06
1.9463499755859375 9.109554579227463e-06
1.9473499755859376 9.999999939225291e-11
1.9483499755859375 1.4428443003756303e-05
1.9493499755859376 1.813571279247602e-05
1.9503499755859375 1.3248123383770387e-05
1.9513499755859376 1.3470987711722652e-05
1.9523499755859375 1.8926696696629127e-05
1.9533499755859376 1.6591206658631564e-05
1.9543499755859375 1.919202972203493e-05
1.9553499755859376 4.814268262028539e-06
1.9563499755859375 8.554453767525653e-06
1.9573499755859376 9.3368731879373e-07
1.9583499755859375 9.999999939225291e-11
1.9593499755859376 6.884366254477451e-06
1.9603499755859375 1.0183312309285005e-05
1.9613499755859376 9.651292727236674e-06
1.9623499755859375 6.739158901230743e-06
1.9633499755859376 5.480370600707829e-06
1.9643499755859375 1.887503177082787e-05
1.9653499755859376 1.0568083181243064e-06
1.9663499755859375 6.779727312580993e-06
1.9673499755859376 6.098140981570429e-06
1.9683499755859375 1.5320241994534928e-05
1.9693499755859376 1.0502001193041604e-05
1.9703499755859375 2.0629353045175473e-05
1.9713499755859376 1.9781060594444477e-05
1.9723499755859375 6.246309688625237e-06
1.9733499755859376 2.8493846766650677e-05
1.9743499755859375 9.096395030307272e-06
1.9753499755859374 1.1573108883264165e-05
1.9763499755859375 4.0034525833713514e-06
1.9773499755859374 1.3587284289921325e-05
1.9783499755859375 1.6184633132070303e-05
1.9793499755859374 1.4384893390039603e-05
1.9803499755859375 1.0776298586279153e-05
1.9813499755859374 6.599348814283109e-06
1.9823499755859375 1.4009996666572988e-05
1.9833499755859374 7.517944322898984e-06
1.9843499755859375 7.999415732532119e-06
1.9853499755859374 3.39711201377213e-05
1.9863499755859375 1.791581317471961e-05
1.9873499755859374 8.648966128627459e-06
1.9883499755859375 1.1911633579681317e-05
1.9893499755859374 1.1003065349844594e-05
1.9903499755859375 1.2027562285463016e-05
1.9913499755859374 2.0358723122626544e-05
1.9923499755859375 1.0951334261335432e-05
1.9933499755859374 1.9655539654195307e-05
1.9943499755859375 3.514404680015441e-06
1.9953499755859374 1.3850823355217774e-05
1.9963499755859375 1.409128405308972e-05
1.9973499755859374 2.304763300344348e-05
1.9983499755859375 1.4048060014223058e-05
1.9993499755859374 2.562457617993156e-05
2.0003499755859373 1.6180990690675875e-05
2.0013499755859376 6.131944537628442e-06
2.0023499755859375 2.1234626183286308e-05
2.0033499755859374 8.61192481049026e-06
2.0043499755859373 1.6200946799168984e-05
2.0053499755859376 2.352617991467317e-05
2.0063499755859375 1.7747267071778577e-05
2.0073499755859374 6.8704632576555016e-06
2.0083499755859373 8.256761645686339e-07
2.0093499755859376 1.313530975289486e-06
2.0103499755859375 1.575557670245568e-05
2.0113499755859374 2.2530870822568734e-05
2.0123499755859373 2.133433319007357e-05
2.0133499755859376 2.3927256697788835e-05
2.0143499755859375 1.4524191113499302e-05
2.0153499755859374 6.419447366825537e-06
2.0163499755859373 8.140138039986292e-06
2.0173499755859376 2.1225326927378775e-05
2.0183499755859375 1.5351130083824198e-05
2.0193499755859374 1.7471479950472712e-05
2.0203499755859373 2.118502316686014e-05
2.0213499755859377 1.6384860112642246e-05
2.0223499755859375 1.9390986611445745e-05
2.0233499755859374 5.5510012316517535e-06
2.0243499755859373 8.289516602720445e-06
2.0253499755859377 4.016990385074711e-06
2.0263499755859375 3.076297075798114e-05
2.0273499755859374 1.979093959865471e-05
2.0283499755859373 2.8954820396999515e-05
2.0293499755859377 1.1447874518732231e-05
2.0303499755859375 1.1049533689705034e-05
2.0313499755859374 1.5952163375914098e-05
2.0323499755859373 4.504349441655601e-06
2.0333499755859377 1.652964623390929e-06
2.0343499755859376 8.140088682061138e-06
2.0353499755859374 1.0877798655807662e-05
2.0363499755859373 4.3350534394637205e-06
2.0373499755859377 7.304414330417211e-06
2.0383499755859376 5.099822553396768e-06
2.0393499755859374 9.1115072912847e-06
2.0403499755859373 1.1441896586876037e-06
2.0413499755859377 8.64898436702788e-06
2.0423499755859376 1.9310826513295372e-05
2.0433499755859375 1.6063419558728734e-05
2.0443499755859373 2.4458939248385528e-05
2.0453499755859377 1.1371235171585188e-05
2.0463499755859376 7.1207480114517575e-06
2.0473499755859375 1.0429232691725095e-05
2.04835009765625 1.0567691448765497e-05
2.04935009765625 9.429842039378281e-06
2.05035009765625 1.4518166620594758e-05
2.05135009765625 1.0112280331438701e-06
2.05235009765625 9.999999939225291e-11
2.05335009765625 1.8919325979253424e-06
2.05435009765625 1.2147677286217611e-05
2.05535009765625 2.3270649835467337e-05
2.05635009765625 9.999999939225291e-11
2.05735009765625 1.9176576752215625e-05
2.05835009765625 1.0141052771359682e-05
2.05935009765625 2.127101683678726e-05
2.06035009765625 2.2038553142920138e-05
2.06135009765625 1.591997609163324e-05
2.06235009765625 2.1324996293211977e-05
2.06335009765625 2.526965690776706e-05
2.06435009765625 1.6818172492397326e-05
2.06535009765625 1.4240145683288574e-05
2.06635009765625 2.871628695478042e-05
2.06735009765625 7.431894152481652e-06
2.06835009765625 1.8885933483640355e-05
2.06935009765625 2.2024150627354778e-05
2.07035009765625 2.367909997701645e-05
2.07135009765625 1.5576485311612486e-05
2.07235009765625 8.876616484485566e-06
2.07335009765625 5.959574363005871e-06
2.07435009765625 1.3085229244704048e-05
2.07535009765625 1.330856524873525e-05
2.07635009765625 2.8757580245534576e-05
2.07735009765625 2.3299426538869737e-05
2.07835009765625 8.224638062275246e-06
2.07935009765625 9.641959719980756e-06
2.08035009765625 7.093245376733984e-06
2.08135009765625 1.3319019439350655e-07
2.08235009765625 1.0483615915291011e-05
2.08335009765625 7.4115231783326384e-06
2.08435009765625 3.892015044887861e-05
2.08535009765625 2.633812294031183e-05
2.08635009765625 2.4335229924569526e-05
2.08735009765625 1.2276941367114584e-05
2.08835009765625 7.793750652732949e-06
2.08935009765625 9.183663214923735e-06
2.09035009765625 2.962949685752392e-05
2.09135009765625 2.2342752975722156e-05
2.09235009765625 2.4260226637125016e-05
2.09335009765625 1.3191205604622762e-05
2.09435009765625 6.7232560832053425e-06
2.09535009765625 1.3081153544286888e-05
2.09635009765625 1.77412130869925e-05
2.09735009765625 1.545312406960875e-05
2.09835009765625 1.6478146620405216e-05
2.09935009765625 1.4988502565150458e-05
2.10035009765625 2.8993263064573206e-05
2.10135009765625 1.2046153424307704e-05
2.10235009765625 2.301941664579014e-05
2.10335009765625 1.8026862914363543e-05
2.10435009765625 1.2034869869239628e-05
2.10535009765625 8.858190034262137e-06
2.10635009765625 1.4770043004925053e-05
2.10735009765625 2.030969325763484e-05
2.10835009765625 2.8087270135680833e-05
2.10935009765625 2.7404676657170058e-05
2.11035009765625 4.55674595018903e-06
2.11135009765625 2.417148013288776e-05
2.11235009765625 9.068086471465027e-06
2.11335009765625 7.932930117628226e-06
2.11435009765625 2.6599173046027622e-05
2.11535009765625 4.524030101287953e-06
2.11635009765625 1.3109613015937309e-05
2.11735009765625 1.5938749226431054e-05
2.11835009765625 1.3064392066250246e-05
2.11935009765625 2.2047862876206638e-05
2.12035009765625 6.540000050131075e-06
2.12135009765625 1.5996456689511736e-05
2.12235009765625 1.4903800717244546e-05
2.12335009765625 1.1424412945792995e-06
2.12435009765625 1.9515876580650608e-05
2.12535009765625 2.510996302589774e-05
2.12635009765625 5.489238304763333e-06
2.12735009765625 1.3772804522886873e-05
2.12835009765625 2.7873343011985222e-05
2.12935009765625 1.5720113491018614e-05
2.13035009765625 8.265309928295513e-06
2.13135009765625 1.969295631473263e-05
2.13235009765625 1.0865821095649154e-05
2.13335009765625 3.868852742016315e-05
2.13435009765625 1.9382740138098598e-05
2.13535009765625 1.7313063532734912e-05
2.13635009765625 1.6254193615168332e-05
2.13735009765625 1.1544892537737422e-05
2.13835009765625 3.5210267325129037e-06
2.13935009765625 1.2728276933910248e-05
2.14035009765625 2.043558672691385e-05
2.14135009765625 1.2648566586953198e-05
2.14235009765625 2.1644982819755875e-05
2.14335009765625 2.365292515605688e-05
2.14435009765625 1.3351073333372672e-05
2.14535009765625 2.7720310414830842e-05
2.14635009765625 2.276625018566847e-05
2.14735009765625 1.5252515634832283e-05
2.14835009765625 2.0742760195086397e-05
2.14935009765625 4.425816936164395e-06
2.15035009765625 1.9954370024303592e-05
2.15135009765625 3.200347670876032e-06
2.15235009765625 1.2408022691185276e-05
2.15335009765625 3.303229265535871e-05
2.15435009765625 9.999999939225291e-11
2.15535009765625 1.125194767761665e-05
2.15635009765625 6.955467843351807e-06
2.15735009765625 8.934154951324066e-06
2.15835009765625 1.4454841536159318e-05
2.15935009765625 8.345021730444083e-06
2.16035009765625 1.8053310535227257e-05
2.16135009765625 1.848441626255711e-05
2.16235009765625 1.6301101228843134e-05
2.16335009765625 7.054265879560262e-06
2.16435009765625 5.493059580885528e-06
2.16535009765625 2.2511087784854074e-05
2.16635009765625 7.262630189034762e-07
2.16735009765625 1.0430369875393809e-05
2.16835009765625 3.4546949124584594e-05
2.16935009765625 2.9432346733907857e-05
2.17035009765625 9.999999939225291e-11
2.17135009765625 4.886886449106953e-07
2.17235009765625 1.866188986847798e-05
2.17335009765625 2.4067650471503536e-05
2.17435009765625 1.3842233262645702e-05
2.17535009765625 1.0662385223743816e-05
2.17635009765625 1.1327890242682769e-05
2.17735009765625 7.1289630917211375e-06
2.17835009765625 1.4828596225318809e-05
2.17935009765625 2.1487027406692505e-05
2.18035009765625 9.999999939225291e-11
2.18135009765625 1.32891716202721e-05
2.18235009765625 2.860667222800354e-05
2.18335009765625 1.8338513327762485e-05
2.18435009765625 2.8689744256323498e-06
2.18535009765625 2.7619573372679914e-07
2.18635009765625 1.8365502231366312e-05
2.18735009765625 9.999999939225291e-11
2.18835009765625 2.0284710141519703e-05
2.18935009765625 1.7586490139365195e-05
2.19035009765625 2.2225036518648265e-05
2.19135009765625 7.68998319542765e-06
2.19235009765625 1.3710637964929144e-05
2.19335009765625 2.391120962177714e-05
2.19435009765625 1.9444209756329655e-05
2.19535009765625 7.868981493072505e-06
2.19635009765625 1.8830797401934163e-05
2.19735009765625 9.615806818826417e-07
2.19835009765625 1.4559596699352066e-05
2.19935009765625 2.518792365056773e-05
2.20035009765625 1.8251376459375024e-05
2.20135009765625 2.0122073280314605e-05
2.20235009765625 1.5254229850446183e-05
2.20335009765625 2.1060083527117967e-05
2.20435009765625 6.335018803887612e-06
2.20535009765625 1.0216103361975944e-05
2.20635009765625 1.878866401966661e-05
2.20735009765625 3.1008450699913465e-06
2.20835009765625 1.1680609313771128e-05
2.20935009765625 1.593313002861881e-05
2.21035009765625 1.8724223288396994e-05
2.21135009765625 1.4209278354731699e-05
2.21235009765625 1.4861309027764946e-05
2.21335009765625 2.208257579089453e-05
2.21435009765625 1.9213853714366755e-05
2.21535009765625 2.2783676783243815e-05
2.21635009765625 6.96614885211666e-06
2.21735009765625 2.6909773781274758e-05
2.21835009765625 3.583205553392569e-05
2.21935009765625 1.1561860446818173e-05
2.22035009765625 2.5480449349816563e-06
2.22135009765625 5.488254949644519e-06
2.22235009765625 2.7471417168041985e-06
2.22335009765625 1.7695949839738508e-05
2.22435009765625 2.8256395841405415e-05
2.22535009765625 9.306269009054328e-06
2.22635009765625 2.188487288852533e-05
2.22735009765625 3.945868617544572e-05
2.22835009765625 9.999999939225291e-11
2.22935009765625 6.14949498144964e-06
2.23035009765625 1.0150775973064204e-05
2.23135009765625 2.6611159943665066e-05
2.23235009765625 2.2174466866999865e-05
2.23335009765625 2.7051859845717748e-05
2.23435009765625 3.622896735979708e-06
2.23535009765625 2.3004799732007087e-05
2.23635009765625 1.4045383043897648e-05
2.23735009765625 5.615873157882589e-07
2.23835009765625 2.2160178268677555e-05
2.23935009765625 3.490195939472566e-05
2.24035009765625 1.2471910177532426e-05
2.24135009765625 3.2245890853192333e-06
2.24235009765625 1.3401840503017108e-05
2.24335009765625 1.770807969513714e-05
2.24435009765625 3.5231180178622404e-05
2.24535009765625 2.380423325424393e-05
2.24635009765625 5.842130422376949e-06
2.24735009765625 1.0139831768659252e-05
2.24835009765625 3.976247661436598e-05
2.24935009765625 1.6165721909044234e-05
2.25035009765625 2.063790762599401e-06
2.25135009765625 2.1562859716747575e-05
2.25235009765625 5.41668323179086e-05
2.25335009765625 9.999999939225291e-11
2.25435009765625 1.146327966125682e-05
2.25535009765625 9.999999939225291e-11
2.25635009765625 1.8849217449314894e-05
2.25735009765625 2.6905900255466498e-05
2.25835009765625 6.985111355837977e-06
2.25935009765625 2.8489199855054416e-05
2.26035009765625 1.554179946348692e-05
2.26135009765625 3.3021764635729294e-05
2.26235009765625 1.0628379527055643e-06
2.26335009765625 1.063529805565307e-05
2.26435009765625 1.486144024698118e-05
2.26535009765625 9.999999939225291e-11
2.26635009765625 1.8012142973020673e-05
2.26735009765625 2.469820765679624e-06
2.26835009765625 1.317919105834638e-05
2.26935009765625 3.832642687484622e-05
2.27035009765625 3.66273328300674e-06
2.27135009765625 1.1090275171833735e-05
2.27235009765625 3.375292212391893e-05
2.27335009765625 5.847395960142757e-06
2.27435009765625 9.999999939225291e-11
2.27535009765625 1.1488918350600247e-05
2.27635009765625 1.6903743729672626e-05
2.27735009765625 4.45586222703002e-06
2.27835009765625 1.626145657307158e-05
2.27935009765625 9.849809924817877e-06
2.28035009765625 6.2113534659147266e-06
2.28135009765625 7.666484025673861e-06
2.28235009765625 4.546413896351353e-06
2.28335009765625 6.310593550248692e-06
2.28435009765625 9.999999939225291e-11
2.28535009765625 1.521648974425934e-06
2.28635009765625 2.057177984268558e-06
2.28735009765625 9.999999939225291e-11
2.28835009765625 9.999999939225291e-11
2.28935009765625 1.6594879950086278e-05
2.29035009765625 4.376312232731531e-06
2.29135009765625 1.6971793180952472e-05
2.29235009765625 9.861559568283457e-06
2.29335009765625 2.250997601599044e-06
2.29435009765625 5.8668985730037095e-06
2.29535009765625 1.644400336469213e-05
2.29635009765625 1.6580276812116307e-05
2.29735009765625 1.5181346868982835e-06
2.29835009765625 5.966089044754005e-06
2.29935009765625 1.5004472613024216e-05
2.30035009765625 3.4575235716941913e-06
2.30135009765625 4.934335399108628e-06
2.30235009765625 9.999999939225291e-11
2.30335009765625 1.2279984712222359e-05
2.30435009765625 1.4402467835073668e-05
2.30535009765625 2.0860687167327066e-06
2.30635009765625 8.755536982789636e-06
2.30735009765625 3.965589042964624e-06
2.30835009765625 2.9583343806619904e-06
2.30935009765625 8.971540174644115e-07
2.31035009765625 2.919314438611191e-06
2.31135009765625 2.434585582754186e-06
2.31235009765625 3.337228990858421e-06
2.31335009765625 6.273756832039604e-06
2.31435009765625 4.720958298749523e-06
2.31535009765625 9.487498124750951e-06
2.31635009765625 1.3443080824799835e-05
2.31735009765625 1.9607596720258394e-05
2.31835009765625 9.74404140530775e-06
2.31935009765625 6.495397537946701e-06
2.32035009765625 3.6425109768363958e-06
2.32135009765625 1.8877623464389851e-06
2.32235009765625 9.409909107489512e-06
2.32335009765625 1.151235095070054e-05
2.32435009765625 1.5094874349112312e-05
2.32535009765625 1.3224319166814288e-05
2.32635009765625 7.27123076406618e-06
2.32735009765625 7.911008045387765e-06
2.32835009765625 1.4972843147080064e-06
2.32935009765625 2.667251775238337e-07
2.33035009765625 8.841564219134549e-06
2.33135009765625 1.0980038399187226e-05
2.33235009765625 4.6271197303819165e-06
2.33335009765625 5.594620646055168e-06
2.33435009765625 5.54749402605618e-06
2.33535009765625 5.704953994912406e-06
2.33635009765625 4.7321641613962125e-06
2.33735009765625 7.618148811161518e-06
2.33835009765625 5.985019573320945e-06
2.33935009765625 4.254691436168893e-06
2.34035009765625 4.577817938600977e-06
2.34135009765625 6.597136477163682e-06
2.34235009765625 8.196682416989158e-06
2.34335009765625 9.999999939225291e-11
2.34435009765625 2.1709706049666265e-06
2.34535009765625 3.431785517022945e-06
2.34635009765625 8.32916683672617e-06
2.34735009765625 3.0070283631970324e-06
2.34835009765625 9.564097078206637e-06
2.34935009765625 4.702108853962273e-06
2.35035009765625 1.1828552621106308e-05
2.35135009765625 4.943501359472672e-06
2.35235009765625 2.5546868046640487e-06
2.35335009765625 1.0675393471804757e-05
2.35435009765625 4.723050030103574e-06
2.35535009765625 2.400634421769373e-06
2.35635009765625 1.1685803571405511e-05
2.35735009765625 2.876289033387399e-06
2.35835009765625 7.138066381836931e-06
2.35935009765625 4.894949534343477e-06
2.36035009765625 1.3681961766754587e-05
2.36135009765625 1.2995717309725781e-05
2.36235009765625 7.877042614078769e-06
2.36335009765625 9.579982530946532e-06
2.36435009765625 1.765078321720163e-05
2.36535009765625 5.6701082394283734e-06
2.36635009765625 9.11463750526309e-06
2.36735009765625 8.179033175110817e-06
2.36835009765625 7.121846715030244e-07
2.36935009765625 1.594939628072704e-05
2.37035009765625 8.296045465006803e-06
2.37135009765625 1.6775263551001746e-05
2.37235009765625 1.6383066540583968e-05
2.37335009765625 9.762343601069645e-06
2.37435009765625 7.6248841651249675e-06
2.37535009765625 2.9851689854580126e-06
2.37635009765625 1.6938626843815047e-05
2.37735009765625 1.4134983454520505e-05
2.37835009765625 1.0652907658368349e-05
2.37935009765625 1.0869162312398355e-05
2.38035009765625 1.5419015544466673e-05
2.38135009765625 1.5067176427692175e-05
2.38235009765625 1.608091057278216e-05
2.38335009765625 9.522738012795647e-06
2.38435009765625 1.1687963851727545e-05
2.38535009765625 1.7013833470021686e-05
2.38635009765625 1.478929693500201e-05
2.38735009765625 1.0094473021782236e-05
2.38835009765625 2.0994863395268718e-05
2.38935009765625 1.3281917005466919e-05
2.39035009765625 1.9993087043985724e-05
2.39135009765625 2.190701042612394e-05
2.39235009765625 8.157180039889411e-06
2.39335009765625 6.060813281741536e-06
2.39435009765625 1.6725246096029876e-05
2.39535009765625 1.7850842947761218e-05
2.39635009765625 1.2162386362130443e-05
2.39735009765625 9.490466870423949e-06
2.39835009765625 1.5650941456491668e-05
2.39935009765625 2.2592833265662192e-05
2.40035009765625 1.8516442893693844e-05
2.40135009765625 9.463373532575167e-06
2.40235009765625 1.3101267929111298e-05
2.40335009765625 1.1127832525138121e-05
2.40435009765625 1.0716938995756208e-05
2.40535009765625 8.976733389112942e-06
2.40635009765625 1.768104169362535e-05
2.40735009765625 3.047327666232983e-05
2.40835009765625 6.473500164903001e-06
2.40935009765625 1.3263016638423625e-05
2.41035009765625 1.7113883125906188e-05
2.41135009765625 3.139606366554896e-05
2.41235009765625 8.702063178134268e-06
2.41335009765625 1.5974469327678283e-05
2.41435009765625 1.9201853583933707e-05
2.41535009765625 2.192932995967567e-05
2.41635009765625 2.346394040311376e-05
2.41735009765625 3.3170130724708235e-05
2.41835009765625 1.3868943361001012e-05
2.41935009765625 3.914735047146678e-05
2.42035009765625 1.6252163525981208e-05
2.42135009765625 1.6550974493535856e-05
2.42235009765625 3.4924343538781006e-05
2.42335009765625 1.3100019326278318e-05
2.42435009765625 3.064654379462203e-05
2.42535009765625 2.6807786586383978e-05
2.42635009765625 1.8973370315507055e-05
2.42735009765625 1.0037008272660113e-06
2.42835009765625 4.0853042931606366e-05
2.42935009765625 1.070473649668872e-05
2.43035009765625 3.6438893682012954e-05
2.43135009765625 2.5286459907268486e-05
2.43235009765625 2.103797004868587e-05
2.43335009765625 2.3753656229625146e-05
2.43435009765625 1.7032726900652052e-05
2.43535009765625 1.99828326003626e-05
2.43635009765625 1.5610305902858574e-05
2.43735009765625 1.1673909960991935e-05
2.43835009765625 3.258496600513657e-05
2.43935009765625 2.0189766849701604e-05
2.44035009765625 3.048766190962245e-05
2.44135009765625 1.8990206299349666e-05
2.44235009765625 2.5426557558955545e-05
2.44335009765625 1.349432661638339e-05
2.44435009765625 4.0681328003605206e-05
2.44535009765625 5.024791423541804e-05
2.44635009765625 5.7694132745152635e-06
2.44735009765625 1.1957293609157204e-05
2.44835009765625 7.951701370124317e-06
2.44935009765625 3.369919024407864e-05
2.45035009765625 4.067256891479095e-05
2.45135009765625 1.4101583510637283e-05
2.45235009765625 2.2322843627383315e-05
2.45335009765625 3.6048723850399255e-05
2.45435009765625 4.539390171934461e-06
2.45535009765625 2.1145833112920324e-05
2.45635009765625 4.279123231147726e-05
2.45735009765625 9.999999939225291e-11
2.45835009765625 4.7062483305732414e-05
2.45935009765625 4.369955975562334e-05
2.46035009765625 2.0044636524592837e-05
2.46135009765625 3.4277613740414383e-05
2.46235009765625 3.572225065958297e-06
2.46335009765625 2.9800550546497106e-05
2.46435009765625 2.419980630899469e-05
2.46535009765625 3.4111542627215384e-05
2.46635009765625 1.518219670083217e-06
2.46735009765625 2.7295106944317617e-05
2.46835009765625 3.6963299692918856e-05
2.46935009765625 1.9618959980762794e-05
2.47035009765625 7.210063359502547e-06
2.47135009765625 5.526491440832615e-05
2.47235009765625 2.2962540000056228e-05
2.47335009765625 1.178005322193106e-05
2.47435009765625 4.939022784431775e-05
2.47535009765625 8.350595656994032e-06
2.47635009765625 1.7241671836624544e-05
2.47735009765625 3.2626889878883955e-05
2.47835009765625 3.924813276269627e-06
2.47935009765625 3.300383997460206e-05
2.48035009765625 3.010561689734459e-05
2.48135009765625 8.691852446645498e-05
2.48235009765625 9.999999939225291e-11
2.48335009765625 2.9676510797192655e-05
2.48435009765625 2.290699805598706e-05
2.48535009765625 2.2679512619294686e-06
2.48635009765625 2.4023623321882682e-05
2.48735009765625 3.954229255517324e-05
2.48835009765625 3.8579472651084264e-05
2.48935009765625 3.660886005188028e-05
2.49035009765625 1.1433280266877806e-05
2.49135009765625 5.17406640574336e-05
2.49235009765625 6.8980369246141035e-06
2.49335009765625 4.405661874140303e-05
2.49435009765625 5.7072107059260205e-05
2.49535009765625 2.082313682573537e-05
2.49635009765625 2.5930173966723182e-05
2.49735009765625 4.368128255009651e-05
2.49835009765625 4.8368833183000486e-05
2.49935009765625 3.0348566360771657e-05
2.50035009765625 9.524576055506864e-05
2.50135009765625 1.2056215064501313e-05
2.50235009765625 3.493589034744282e-05
2.50335009765625 6.624752189964056e-05
2.50435009765625 3.7280893108497065e-05
2.50535009765625 3.8122234400361776e-05
2.50635009765625 5.6402750002841157e-05
2.50735009765625 4.394556628540158e-05
2.50835009765625 9.350193819652001e-05
2.50935009765625 9.348422288894653e-05
2.51035009765625 1.6743346699259476e-05
2.51135009765625 6.392897261927525e-05
2.51235009765625 4.2713012468690674e-05
2.51335009765625 8.252681543429694e-05
2.51435009765625 4.7582942837228374e-05
2.51535009765625 0.0001291180681437254
2.51635009765625 4.5304480784883096e-05
2.51735009765625 5.916533562412951e-05
2.51835009765625 8.853303113331399e-05
2.51935009765625 6.100163018951814e-05
2.52035009765625 6.804459417859714e-05
2.52135009765625 3.660298651084304e-05
2.52235009765625 3.7970140110701325e-05
2.52335009765625 7.043513935059309e-05
2.52435009765625 7.294205948710442e-05
2.52535009765625 2.7074610464952188e-05
2.52635009765625 7.630310952663421e-05
2.52735009765625 2.127920661561866e-05
2.52835009765625 4.890337504886766e-05
2.52935009765625 4.341582767665386e-05
2.53035009765625 7.244056556373834e-05
2.53135009765625 6.251682993024587e-05
2.53235009765625 6.480873251954714e-05
2.53335009765625 4.7257787858446436e-05
2.53435009765625 4.185539670288563e-05
2.53535009765625 4.18107498747607e-05
2.53635009765625 0.00010729287751019002
2.53735009765625 8.184099880357583e-05
2.53835009765625 1.922552110989943e-05
2.53935009765625 9.591554912428061e-05
2.54035009765625 5.8642860967665914e-05
2.54135009765625 0.00010509530237565438
2.54235009765625 5.1107020117342475e-05
2.54335009765625 5.804738185058038e-05
2.54435009765625 8.249544848998388e-05
2.54535009765625 1.8882326509859954e-05
2.54635009765625 6.103722999493281e-05
2.54735009765625 6.536363701646527e-05
2.54835009765625 2.0115173727160614e-06
2.54935009765625 5.484090962757667e-05
2.55035009765625 0.00011233150803794465
2.55135009765625 0.00012312296157081923
2.55235009765625 8.895388412419139e-05
2.55335009765625 0.00015585479947427907
2.55435009765625 7.177555312712987e-05
2.55535009765625 4.115167733592291e-05
2.55635009765625 2.5786330573938086e-05
2.55735009765625 9.818543602402011e-05
2.55835009765625 0.00016265746516486008
2.55935009765625 4.36349337248861e-06
2.56035009765625 4.536932644744714e-05
2.56135009765625 0.00012746017115811505
2.56235009765625 3.392794712757071e-05
2.56335009765625 4.322015369931857e-05
2.56435009765625 5.792327069987853e-05
2.56535009765625 4.43922704626439e-05
2.56635009765625 6.909937287370364e-05
2.56735009765625 0.00011289705832799276
2.56835009765625 8.022376568987966e-05
2.56935009765625 9.098669358839592e-05
2.57035009765625 4.1831677430055336e-05
2.57135009765625 8.17188915486137e-05
2.57235009765625 8.967386713872353e-05
2.57335009765625 4.773314382570486e-05
2.57435009765625 7.227999623864888e-05
2.57535009765625 3.5630666728441915e-05
2.57635009765625 0.00014801163847247758
2.57735009765625 0.00020031856372952462
2.57835009765625 0.00011621118367960056
2.57935009765625 0.00012926674137512842
2.58035009765625 5.375767045163293e-05
2.58135009765625 0.00013566610092918078
2.58235009765625 3.039242036149581e-05
2.58335009765625 0.00016137392881015937
2.58435009765625 0.00016729869879782199
2.58535009765625 7.319917747129996e-05
2.58635009765625 8.614689422150454e-05
2.58735009765625 0.00019197053586443265
2.58835009765625 7.473726912091177e-05
2.58935009765625 0.00018260939978063107
2.59035009765625 7.674489635974169e-05
2.59135009765625 5.531081308921178e-05
2.59235009765625 5.5099225098323616e-05
2.59335009765625 9.059402470787367e-05
2.59435009765625 6.171541827860654e-05
2.59535009765625 7.492853247069498e-05
2.59635009765625 0.0001724307332187891
2.59735009765625 4.3203176464885476e-05
2.59835009765625 7.458733002785027e-05
2.59935009765625 0.0002119795698672533
2.60035009765625 0.0001363388068272986
