microns transmission
0.402 0.14811130520000002
0.403 0.1467076397
0.404 0.1548864746
0.405 0.1320373917
0.406 0.07513096333
0.407 0.031248319150000002
0.408 0.021543016430000003
0.409 0.02596976519
0.41 0.02769521475
0.411 0.023439769739999998
0.412 0.0177477324
0.413 0.01755907655
0.414 0.03427333355
0.415 0.09724538802999999
0.416 0.20033151629999998
0.417 0.268294735
0.418 0.22291463849999998
0.419 0.1107422733
0.42 0.027903299330000002
0.421 0.005315083265
0.422 0.004731233418
0.423 0.005232999921
0.424 0.005768255591
0.425 0.005320267080999999
0.426 0.004025759995
0.427 0.0027626651530000003
0.428 0.002537097335
0.429 0.003147478104
0.43 0.00379317075
0.431 0.003697277904
0.432 0.002685218453
0.433 0.001630901247
0.434 0.001043045074
0.435 0.001071783826
0.436 0.0017306587100000001
0.437 0.00305551976
0.438 0.004040640295
0.439 0.003803820908
0.44 0.002828013599
0.441 0.002511399984
0.442 0.003224095702
0.443 0.003792828918
0.444 0.0030380818250000004
0.445 0.0015254196519999999
0.446 0.0004968703911
0.447 0.00021884797139999998
0.448 0.0001470187213
0.449 0.0001282110624
0.45 0.00016697324810000002
0.451 0.0002340747789
0.452 0.00033424630759999995
0.453 0.0005045248941
0.454 0.0006177165359000001
0.455 0.0005925633758
0.456 0.000462385565
0.457 0.00038197498769999995
0.458 0.000405763872
0.459 0.0005602309108
0.46 0.000846118927
0.461 0.001134460419
0.462 0.001273993105
0.463 0.001150668263
0.464 0.0009432915597999999
0.465 0.0009551468492
0.466 0.001358353049
0.467 0.0019015221299999998
0.468 0.002048616111
0.469 0.001667696983
0.47 0.001078172997
0.471 0.0006669804454
0.472 0.0004903982207
0.473 0.0004504362121
0.474 0.0004734747112
0.475 0.00047656416889999996
0.476 0.0004575509578
0.477 0.00039525579659999995
0.478 0.0003452716395
0.479 0.0002950822003
0.48 0.00025217173620000003
0.481 0.0002686416358
0.482 0.0003434540704
0.483 0.0004625202715
0.484 0.0006285197288
0.485 0.0008065329492
0.486 0.00085519813
0.487 0.0008084954321
0.488 0.0007638454437
0.489 0.0007585705817000001
0.49 0.0007762257755
0.491 0.0009010630846000001
0.492 0.001165297106
0.493 0.001566510051
0.494 0.002110060304
0.495 0.0026604059340000004
0.496 0.003089030981
0.497 0.003264962435
0.498 0.003187261224
0.499 0.002852170765
0.5 0.002359736413
0.501 0.001816115975
0.502 0.001320059896
0.503 0.0009259174764
0.504 0.0006588761508000001
0.505 0.0004904936254000001
0.506 0.0003884662315
0.507 0.0003061939962
0.508 0.0002459280938
0.509 0.0002135945298
0.51 0.0002111858875
0.511 0.00023028599100000002
0.512 0.00024298548699999998
0.513 0.0002600141056
0.514 0.000281616617
0.515 0.0003205239773
0.516 0.0003789092973
0.517 0.0004981225729
0.518 0.0006505487859000001
0.519 0.0008251959831
0.52 0.00101396665
0.521 0.001238785461
0.522 0.001462233365
0.523 0.001645578742
0.524 0.00188064158
0.525 0.0021688349549999998
0.526 0.002411387861
0.527 0.002414102852
0.528 0.0021502994
0.529 0.001706883907
0.53 0.001283558458
0.531 0.001011692807
0.532 0.0008578168601
0.533 0.0007759954780000001
0.534 0.0007256491482000001
0.535 0.0007536900789
0.536 0.0008491369337
0.537 0.001036571339
0.538 0.001326254755
0.539 0.001880755723
0.54 0.0027448064090000003
0.541 0.003671731949
0.542 0.004043812156
0.543 0.003659602702
0.544 0.0027740129829999997
0.545 0.001918721348
0.546 0.0012981794769999998
0.547 0.0009500710666000001
0.548 0.0007594086975
0.549 0.0006570491195
0.55 0.0006258278339999999
0.551 0.0006312098353999999
0.552 0.0006411574036
0.553 0.0006625279039
0.554 0.0006932824105
0.555 0.0007206089795
0.556 0.0007107801734999999
0.557 0.0007226626575
0.558 0.0007030611485
0.559 0.0006632314622000001
0.56 0.0006099043040999999
0.561 0.0005735581741
0.562 0.0005265395343
0.563 0.0004711707309
0.564 0.00043807324020000006
0.565 0.000398157239
0.566 0.0003637656942
0.567 0.000319189541
0.568 0.0002998246066
0.569 0.0002889569476
0.57 0.0002664450742
0.571 0.0002676141076
0.572 0.0003061555512
0.573 0.00035753984000000004
0.574 0.0003877488524
0.575 0.0004386330023
0.576 0.0005444617569
0.577 0.0006530670077
0.578 0.0007257176936
0.579 0.0007964878529
0.58 0.0008837354928000001
0.581 0.001001966
0.582 0.0011664322019999999
0.583 0.001476432979
0.584 0.0022128096219999997
0.585 0.0038546857239999998
0.586 0.006172298193
0.587 0.007357467412999999
0.588 0.006263889074
0.589 0.003801240325
0.59 0.001884464025
0.591 0.0009981415421
0.592 0.0006540831178000001
0.593 0.0004735847563
0.594 0.00037542708219999996
0.595 0.0003527177125
0.596 0.0003197142109
0.597 0.0003195435181
0.598 0.0003387064487
0.599 0.0003445808962
0.6 0.0003665976971
0.601 0.0004012546316
0.602 0.00045735146849999996
0.603 0.0005484470353
0.604 0.0006573043764
0.605 0.0007506985217000001
0.606 0.0008510027826
0.607 0.0009367179126
0.608 0.0009501511604
0.609 0.0009061811119
0.61 0.0008247711508999999
0.611 0.0007210463285
0.612 0.0006033990905
0.613 0.0005073734
0.614 0.0004294627905
0.615 0.0003819967806
0.616 0.00034230932589999997
0.617 0.00031956247989999996
0.618 0.0003129599616
0.619 0.0002892005257
0.62 0.0002661730535
0.621 0.0002515327372
0.622 0.00027933608740000004
0.623 0.0002987973578
0.624 0.000329275988
0.625 0.0003865918517
0.626 0.0004723935947
0.627 0.0006107541174
0.628 0.0008482553065
0.629 0.0012379921970000001
0.63 0.00183081463
0.631 0.002562779486
0.632 0.0030940154190000004
0.633 0.003100232482
0.634 0.0026167643070000002
0.635 0.002019066811
0.636 0.001554975212
0.637 0.0012873345610000001
0.638 0.001151221097
0.639 0.001104783341
0.64 0.001159216538
0.641 0.001272140294
0.642 0.0014355258639999998
0.643 0.00160585776
0.644 0.0017403991520000002
0.645 0.001750204712
0.646 0.001586043686
0.647 0.0013146071140000002
0.648 0.001023563743
0.649 0.0008091833442
0.65 0.0006530500948
0.651 0.000535405539
0.652 0.0004607673734
0.653 0.0004415665194
0.654 0.0004345919937
0.655 0.0004457916692
0.656 0.0004794250429
0.657 0.0005610076338
0.658 0.0006589629500999999
0.659 0.0007908236235000001
0.66 0.0009485118836
0.661 0.001110822782
0.662 0.001167940199
0.663 0.001108685359
0.664 0.0009875762463
0.665 0.0008646201341999999
0.666 0.0007411549985000001
0.667 0.0006371204554999999
0.668 0.0005872222781
0.669 0.0005593029782
0.67 0.0005515891314
0.671 0.0005541647597999999
0.672 0.0006123451516000001
0.673 0.0007067739964
0.674 0.0008363429457
0.675 0.0009583272784999999
0.676 0.001074911952
0.677 0.00114351064
0.678 0.001168009713
0.679 0.001113384217
0.68 0.000990344435
0.681 0.0008202426136
0.682 0.0006905405968000001
0.683 0.0006434118748000001
0.684 0.000619472973
0.685 0.0005930589512
0.686 0.0005723542347999999
0.687 0.0005876585469
0.688 0.0006176869571
0.689 0.0006387498229999999
0.69 0.0006844001263
0.691 0.0007279148698
0.692 0.0007308837026
0.693 0.0006938908994
0.694 0.0006408076732999999
0.695 0.0005752277747
0.696 0.0004914186521999999
0.697 0.0004328749329
0.698 0.00039433076980000003
0.699 0.00036471776660000003
0.7 0.00033728413280000003
0.701 0.0003051195852
0.702 0.0002888694033
0.703 0.000303611327
0.704 0.0003496171162
0.705 0.0004070972279
0.706 0.00047862526029999997
0.707 0.0005606310815
0.708 0.0006640148908
0.709 0.0008353224397
0.71 0.001158344001
0.711 0.0016901709140000002
0.712 0.002489535809
0.713 0.003572405875
0.714 0.005027908087
0.715 0.006503151059
0.716 0.007369530201
0.717 0.006921193599999999
0.718 0.005545220971
0.719 0.004018556475999999
0.72 0.002822350562
0.721 0.001940992028
0.722 0.001334911287
0.723 0.000985968709
0.724 0.000718344301
0.725 0.0005441755056
0.726 0.00043328311289999997
0.727 0.00036335006359999996
0.728 0.0002922509983
0.729 0.0002250064164
0.73 0.0002048956417
0.731 0.0001944547333
0.732 0.0001830145717
0.733 0.0001665820368
0.734 0.0001826818101
0.735 0.0001890880987
0.736 0.00016995316369999998
0.737 0.0001780149713
0.738 0.0002175399847
0.739 0.0002729556337
0.74 0.0002990337275
0.741 0.0003720101342
0.742 0.0004890323803
0.743 0.0007022922485999999
0.744 0.001043525189
0.745 0.001579308808
0.746 0.0023534056540000002
0.747 0.003362885714
0.748 0.004404200613
0.749 0.00514647007
0.75 0.0054419940710000005
0.751 0.0056343835590000006
0.752 0.006576676965
0.753 0.00886906147
0.754 0.01139692783
0.755 0.011347749229999999
0.756 0.00802183032
0.757 0.003945363462
0.758 0.001614367813
0.759 0.0007920071483000001
0.76 0.0004501378164
0.761 0.00025364790110000003
0.762 0.000151569685
0.763 0.000122627737
0.764 8.490228093999999e-05
0.765 4.7737322750000005e-05
0.766 4.581529181e-05
0.767 4.8802378590000005e-05
0.768 4.777006339e-05
0.769 3.268821165e-05
0.77 3.3843764099999996e-05
0.771 2.8227451260000002e-05
0.772 3.550120397e-05
0.773 3.427335527e-05
0.774 1.538537792e-05
0.775 2.0091489419999998e-05
0.776 2.9021860100000003e-05
0.777 5.276550073e-05
0.778 2.0492160690000002e-05
0.779 2.3749668620000002e-05
0.78 3.31687741e-05
0.781 4.890477285e-05
0.782 2.781548304e-05
0.783 5.369117017999999e-05
0.784 5.368738901e-05
0.785 4.137941636e-05
0.786 3.564669052e-05
0.787 5.549669266e-05
0.788 8.617706597000001e-05
0.789 0.0001594485529
0.79 0.0003123451024
0.791 0.00047526918350000003
0.792 0.0005512461066
0.793 0.0004531254619
0.794 0.0003009153344
0.795 0.0002014462464
0.796 0.0001481579803
0.797 -0.0002549175173
0.798 0.0010504134739999999
0.799 0.00305768162
0.8 0.006493684053
0.801 0.004787395895
0.802 0.007124933004
0.803 0.00640007019
0.804 0.006530334353
0.805 0.0013662116229999999
0.806 0.0005222469196
0.807 0.002354143709
0.808 0.005355226994
0.809 0.00592402339
0.81 0.002875897288
0.811 0.003641034067
0.812 0.0033891645069999998
0.813 0.004922443032
0.814 0.004682123959
0.815 0.005223690867
0.816 0.003652532697
0.817 0.004095380306
0.818 0.0038016957039999997
0.819 0.003059111238
0.82 0.004234022498
0.821 0.006863086819999999
0.822 0.005734747052
0.823 0.001709469259
0.824 -0.001074439511
0.825 0.0007214301824999999
0.826 0.00452471137
0.827 0.005582853556
0.828 0.002487310767
0.829 1.546546817e-05
0.83 0.0016123735899999999
0.831 0.003096567988
0.832 0.003980615139
0.833 0.003492574692
0.834 0.003402359188
0.835 0.003092387915
0.836 0.003286488354
0.837 0.003052832484
0.838 0.0038135918969999997
0.839 0.0039329659940000004
0.84 0.003166573346
0.841 0.002578780055
0.842 0.003092029095
0.843 0.0027063155169999996
0.844 0.0023284065719999998
0.845 0.002099519372
0.846 0.0026163211460000003
0.847 0.003607260883
0.848 0.0039792248609999996
0.849 0.002939411402
0.85 0.002556524873
0.851 0.0032797423009999997
0.852 0.003794831038
0.853 0.003860165179
0.854 0.00448202163
0.855 0.0029974058269999996
0.856 0.0016807475690000001
0.857 0.0010451494159999998
0.858 0.002694675326
0.859 0.0033695745469999997
0.86 0.004530435205
0.861 0.0029749992489999997
0.862 0.002372960001
0.863 0.001657715142
0.864 0.003044214547
0.865 0.003219414949
0.866 0.003583358228
0.867 0.002037779838
0.868 0.002486771345
0.869 0.00333698988
0.87 0.003996228874
0.871 0.003151380122
0.872 0.0035508316760000003
0.873 0.0035595387220000003
0.874 0.0030823636049999996
0.875 0.003042021394
0.876 0.003382830918
0.877 0.003461073041
0.878 0.003245318532
0.879 0.003109414577
0.88 0.0028157332540000002
0.881 0.002435860932
0.882 0.002361132503
0.883 0.002493897676
0.884 0.002227534354
0.885 0.0018225315210000002
0.886 0.002033176571
0.887 0.002533733547
0.888 0.002196507752
0.889 0.001805862933
0.89 0.002308754623
0.891 0.002669242322
0.892 0.002597894669
0.893 0.0027232545609999995
0.894 0.0030254310369999997
0.895 0.003108351231
0.896 0.0030805778499999998
0.897 0.00291570276
0.898 0.00285407275
0.899 0.002856478095
0.9 0.003019017875
0.901 0.0033329457039999997
0.902 0.003434496522
0.903 0.00332234025
0.904 0.003170300424
0.905 0.00314319849
0.906 0.0027806833390000003
0.907 0.0024042333660000003
0.908 0.002473505884
0.909 0.0026395323869999997
0.91 0.002421086282
0.911 0.0020423561330000003
0.912 0.0021173608299999997
0.913 0.002512293458
0.914 0.002409407496
0.915 0.002100013494
0.916 0.001683783382
0.917 0.00133797735
0.918 0.0013831631839999999
0.919 0.0017624846099999999
0.92 0.00199502632
0.921 0.0018775382639999998
0.922 0.001778232306
0.923 0.00201563403
0.924 0.002387761027
0.925 0.002663196027
0.926 0.002691507339
0.927 0.0030871593949999996
0.928 0.003508812487
0.929 0.0038718065619999997
0.93 0.003963145018
0.931 0.004233213663
0.932 0.0047702589629999995
0.933 0.005284164548
0.934 0.00553794682
0.935 0.005678584576
0.936 0.005985291003999999
0.937 0.006377207637
0.938 0.006694370508
0.939 0.006952819228
0.94 0.007051213384
0.941 0.007059220076
0.942 0.0070657825470000005
0.943 0.00718520999
0.944 0.007066512703999999
0.945 0.006924487352
0.946 0.006750703454
0.947 0.006546732783
0.948 0.006262012124
0.949 0.006023330092
0.95 0.005752080679
0.951 0.005462795496
0.952 0.005301644206
0.953 0.005096265078
0.954 0.004787203968
0.955 0.004597196579
0.956 0.004481850266
0.957 0.0043372184040000004
0.958 0.004186825454
0.959 0.004151738286
0.96 0.004127864242
0.961 0.004230553806
0.962 0.004496277571000001
0.963 0.0048266947269999996
0.964 0.00502153933
0.965 0.005378216505
0.966 0.00591568768
0.967 0.0065605658290000006
0.968 0.0072459590439999996
0.969 0.008164223433
0.97 0.00945335865
0.971 0.01090857387
0.972 0.01263005495
0.973 0.014773299689999998
0.974 0.017431116099999998
0.975 0.020438487529999997
0.976 0.024299530979999998
0.977 0.02890133858
0.978 0.03435373783
0.979 0.04065087318
0.98 0.04862752913999999
0.981 0.05738407135
0.982 0.06774334431
0.983 0.07940913677
0.984 0.09264399529
0.985 0.1083605099
0.986 0.1248329639
0.987 0.14266613960000002
0.988 0.1616200447
0.989 0.184178791
0.99 0.20773361210000002
0.991 0.23203462600000002
0.992 0.2608547974
0.993 0.288672142
0.994 0.3164531136
0.995 0.34426273350000003
0.996 0.3775507736
0.997 0.4102627182
0.998 0.44324058530000005
0.999 0.47560150149999997
1.0 0.5055066681
1.001 0.5346878815
1.002 0.5641886139000001
1.003 0.5940803146
1.004 0.62405159
1.005 0.6508429718
1.006 0.6756143951
1.007 0.6963365173
1.008 0.7179512024
1.009 0.7376358795
1.01 0.7565348815999999
1.011 0.7760684204
1.012 0.7929269408999999
1.013 0.8087861633
1.014 0.822627182
1.015 0.8360149384000001
1.016 0.8448535156
1.017 0.8539370728
1.018 0.8646622467
1.019 0.8744351196
1.02 0.8842615508999999
1.021 0.8931398009999999
1.022 0.9003984832999999
1.023 0.9037955475
1.024 0.9071850586
1.025 0.9090496063000001
1.026 0.9102455902
1.027 0.9128070830999999
1.028 0.9168984222000001
1.029 0.9198976135
1.03 0.9211459351000001
1.031 0.9224062347
1.032 0.9226448822000001
1.033 0.9216088104000001
1.034 0.9230220794999999
1.035 0.9240301513999999
1.036 0.9256778717
1.037 0.9275940704
1.038 0.9284431458
1.039 0.9267929076999999
1.04 0.924236145
1.041 0.9235282898
1.042 0.923500061
1.043 0.9266805266999999
1.044 0.9297161865
1.045 0.9297396851
1.046 0.9292932892
1.047 0.9295156097
1.048 0.9314095306
1.049 0.9310105133000001
1.05 0.9299116515999999
1.051 0.9293546295
1.052 0.9312471770999999
1.053 0.93456604
1.054 0.9351943207
1.055 0.9339231873
1.056 0.9312812805
1.057 0.9306930542
1.058 0.9314819336
1.059 0.9327027893000001
1.06 0.9348410797
1.061 0.9358571625000001
1.062 0.9368315125
1.063 0.9370076752
1.064 0.9362392425999999
1.065 0.934589386
1.066 0.9341008759
1.067 0.9358135222999999
1.068 0.9371609497
1.069 0.9385862732
1.07 0.9371579742
1.071 0.9362893676999999
1.072 0.9353001404
1.073 0.9358963776
1.074 0.9362273407
1.075 0.9369774628
1.076 0.9383662415
1.077 0.938739624
1.078 0.9388341522
1.079 0.9378490448
1.08 0.9382982635
1.081 0.9383545685
1.082 0.9375622559
1.083 0.9363374328999999
1.084 0.9363108826
1.085 0.9380673218
1.086 0.940042572
1.087 0.9421544647000001
1.088 0.941841507
1.089 0.939397583
1.09 0.9368917084
1.091 0.9384938812
1.092 0.9426915741
1.093 0.9447863769999999
1.094 0.9447370911
1.095 0.942684021
1.096 0.9416349030000001
1.097 0.940694046
1.098 0.9414085388
1.099 0.9425284576
1.1 0.9432476807000001
1.101 0.9442590332
1.102 0.9445782470999999
1.103 0.9441197205
1.104 0.9431134796
1.105 0.9421147156
1.106 0.9418592834
1.107 0.9424758911000001
1.108 0.9448031616
1.109 0.944319458
1.11 0.9435264587000001
1.111 0.9428318787000001
1.112 0.9428768157999999
1.113 0.9420793152
1.114 0.9420057678
1.115 0.9436830902
1.116 0.9442347717
1.117 0.9451183319
1.118 0.9460542297000001
1.119 0.9464233398
1.12 0.9446195984000001
1.121 0.9430246735
1.122 0.9432788849000001
1.123 0.9429490662000001
1.124 0.9437508391999999
1.125 0.9464632416000001
1.126 0.9485585021999999
1.127 0.9475170898
1.128 0.945252533
1.129 0.9438919067
1.13 0.9446798706
1.131 0.9475950623
1.132 0.9486172485000001
1.133 0.9472875976999999
1.134 0.9458300781
1.135 0.9451410674999999
1.136 0.9457746887
1.137 0.9462602234
1.138 0.9464064789
1.139 0.9450048828
1.14 0.9455326843
1.141 0.9474774933000001
1.142 0.9492243958000001
1.143 0.9489202118
1.144 0.9459929657
1.145 0.9434950256000001
1.146 0.9430205535999999
1.147 0.9442776489000001
1.148 0.9466131592000001
1.149 0.9459804535
1.15 0.9454182434
1.151 0.9450859832999999
1.152 0.9463968658
1.153 0.9464811706999999
1.154 0.9464356232
1.155 0.9470805359000001
1.156 0.947312851
1.157 0.9491558838
1.158 0.9508840179000001
1.159 0.9523801422
1.16 0.9506885529
1.161 0.949302597
1.162 0.9492498779
1.163 0.9511750793
1.164 0.9524133301000001
1.165 0.9532693481
1.166 0.9530707549999999
1.167 0.9522895813
1.168 0.9506600189
1.169 0.9505849457
1.17 0.9495867920000001
1.171 0.9483669281
1.172 0.9462458038
1.173 0.9461994934000001
1.174 0.9447949982
1.175 0.9420150757000001
1.176 0.9369276428000001
1.177 0.9309957886
1.178 0.92557724
1.179 0.9187186432
1.18 0.9109431458
1.181 0.9020074463000001
1.182 0.8901998138
1.183 0.8745937347
1.184 0.8544648743000001
1.185 0.8348550415
1.186 0.8127334595000001
1.187 0.7881752777
1.188 0.7608978271
1.189 0.7352055359
1.19 0.7096282959
1.191 0.6808422089
1.192 0.6525304413
1.193 0.625682373
1.194 0.6019607925
1.195 0.5816408157
1.196 0.5650933456
1.197 0.5531531525
1.198 0.5489738846000001
1.199 0.5506326294
1.2 0.5542858505
1.201 0.5604394531
1.202 0.5721899796000001
1.203 0.5896369934
1.204 0.6102769852000001
1.205 0.632901535
1.206 0.6592176819
1.207 0.6863196564
1.208 0.7135811615000001
1.209 0.741522522
1.21 0.7725359344
1.211 0.8007270049999999
1.212 0.8253274536
1.213 0.8493213654
1.214 0.8702870178000001
1.215 0.8876977539
1.216 0.9020066070999999
1.217 0.9159603119
1.218 0.9289726256999999
1.219 0.9387778473
1.22 0.9444482422
1.221 0.9472156525
1.222 0.9499407196
1.223 0.9530740355999999
1.224 0.9532765960999999
1.225 0.9533723449999999
1.226 0.9533865356
1.227 0.9548874664
1.228 0.9551418304000001
1.229 0.9544302367999999
1.23 0.9525052642999999
1.231 0.950459671
1.232 0.9508171082
1.233 0.952141037
1.234 0.9530010223
1.235 0.9524703979
1.236 0.9518404388
1.237 0.9521304320999999
1.238 0.9515358734
1.239 0.9507241058
1.24 0.9502725983000001
1.241 0.9513976288000001
1.242 0.9529584502999999
1.243 0.9535579681
1.244 0.9536991119
1.245 0.9519788361
1.246 0.9517411041
1.247 0.9508711243000001
1.248 0.9510277557000001
1.249 0.9518458556999999
1.25 0.9531571198000001
1.251 0.9534674835
1.252 0.9532872009000001
1.253 0.9536752319
1.254 0.952559967
1.255 0.9522169495
1.256 0.9516567992999999
1.257 0.9514574432
1.258 0.9516235352
1.259 0.9527446747
1.26 0.9538468170000001
1.261 0.9541059113
1.262 0.9538472748
1.263 0.9530797577
1.264 0.9530447388000001
1.265 0.9543093872
1.266 0.9554998016
1.267 0.9565653229
1.268 0.9558184814
1.269 0.9544374084
1.27 0.9531337738000001
1.271 0.9535517883
1.272 0.9537076569
1.273 0.9535646057
1.274 0.9535974120999999
1.275 0.9538674926999999
1.276 0.9541159057999999
1.277 0.9547935486
1.278 0.9546258545
1.279 0.9530288696
1.28 0.9516418457
1.281 0.9526990509
1.282 0.9539989471
1.283 0.955467453
1.284 0.956100235
1.285 0.9569090271
1.286 0.9562616730000001
1.287 0.9554209899999999
1.288 0.9552658081
1.289 0.9557298278999999
1.29 0.9558147429999999
1.291 0.9559708405
1.292 0.9574859619
1.293 0.9586789702999999
1.294 0.9584757996000001
1.295 0.956162796
1.296 0.9540358734000001
1.297 0.9557803345000001
1.298 0.9598522948999999
1.299 0.9639518737999999
1.3 0.964039917
1.301 0.9627474976000001
1.302 0.9596495056000001
1.303 0.9584774017
1.304 0.9579242706
1.305 0.959201355
1.306 0.9597475433
1.307 0.9605008698
1.308 0.9603762054
1.309 0.9612702942
1.31 0.9608255767999999
1.311 0.9611008453
1.312 0.9603501892
1.313 0.9594125366
1.314 0.9585494995
1.315 0.9598571776999999
1.316 0.9605100249999999
1.317 0.9591711426
1.318 0.9569837189
1.319 0.9573191833
1.32 0.9580612945999999
1.321 0.9576900482
1.322 0.9553141785
1.323 0.9554897308
1.324 0.9571600342000001
1.325 0.9586685181
1.326 0.9577716064
1.327 0.9559680176
1.328 0.9542151642000001
1.329 0.9531439972
1.33 0.954436264
1.331 0.9563310242
1.332 0.9576504517
1.333 0.9566773987
1.334 0.9547478485
1.335 0.9525998688
1.336 0.9526828003
1.337 0.9545988464
1.338 0.9557334137
1.339 0.9556781006
1.34 0.9558415985000001
1.341 0.956713028
1.342 0.9577535248
1.343 0.9579359436
1.344 0.9573694611000001
1.345 0.9565252686
1.346 0.9563683319
1.347 0.9571602631
1.348 0.9596763611
1.349 0.9613018036
1.35 0.9598536682
1.351 0.9573355865000001
1.352 0.9560379028
1.353 0.9563964081
1.354 0.9592339325
1.355 0.9608427428999999
1.356 0.960111618
1.357 0.9593387604
1.358 0.9603070067999999
1.359 0.9592279053
1.36 0.9565388489
1.361 0.9548667145
1.362 0.9561047363
1.363 0.958032608
1.364 0.9593554688
1.365 0.9582130432
1.366 0.9557909393
1.367 0.9513243103000001
1.368 0.9483892059
1.369 0.9475608825999999
1.37 0.9488312530999999
1.371 0.9488396454
1.372 0.9465154266
1.373 0.9420504760999999
1.374 0.9372241211
1.375 0.9344694519
1.376 0.9332476807000001
1.377 0.9315569305
1.378 0.9282502747
1.379 0.9252713776
1.38 0.9235790253
1.381 0.9212870789000001
1.382 0.9187741088999999
1.383 0.9159423828
1.384 0.9132146454
1.385 0.9124801636
1.386 0.9139125824
1.387 0.9150477600000001
1.388 0.9139758301
1.389 0.9132620239000001
1.39 0.9134475707999999
1.391 0.9147425842
1.392 0.9148471069
1.393 0.9168113708
1.394 0.919620285
1.395 0.9224485779
1.396 0.9221981049
1.397 0.9224533081
1.398 0.9238288879
1.399 0.9254080963
1.4 0.9266471863
1.401 0.9284143066
1.402 0.9299090576000001
1.403 0.9306407928
1.404 0.9317781066999999
1.405 0.9324742889
1.406 0.9314692687999999
1.407 0.9315474700999999
1.408 0.9332712555
1.409 0.9353993225
1.41 0.9362841797
1.411 0.9379968262
1.412 0.9400471496999999
1.413 0.9410090637
1.414 0.9408409882
1.415 0.9392266845999999
1.416 0.939406662
1.417 0.9413626862
1.418 0.9428801727
1.419 0.9421562195
1.42 0.9391742705999999
1.421 0.936958847
1.422 0.9334763336
1.423 0.9304743958
1.424 0.9256745148000001
1.425 0.9210861968999999
1.426 0.9160886383000001
1.427 0.9101435852
1.428 0.9018828583
1.429 0.8923491669000001
1.43 0.8833049011
1.431 0.8721944427
1.432 0.8596815490999999
1.433 0.8473331451
1.434 0.8345701599
1.435 0.8203961182
1.436 0.8039847564999999
1.437 0.7903929138
1.438 0.7739699554
1.439 0.7553703308
1.44 0.7342586516999999
1.441 0.7165808105000001
1.442 0.6996542358000001
1.443 0.6807453918
1.444 0.6606834412000001
1.445 0.6412084961
1.446 0.622117424
1.447 0.6052971268
1.448 0.5901664734
1.449 0.5777402496
1.45 0.5652280045
1.451 0.5550513077
1.452 0.5459046936
1.453 0.5378666306000001
1.454 0.5330886841
1.455 0.5320066071
1.456 0.5341134262
1.457 0.5372894669
1.458 0.5437526321
1.459 0.5537391663
1.46 0.5668075943
1.461 0.5810922241
1.462 0.5964329529
1.463 0.6146696854
1.464 0.6353578186
1.465 0.6610368347
1.466 0.6863987732
1.467 0.7123020172
1.468 0.7332289124
1.469 0.7558586121
1.47 0.7783808899
1.471 0.8023096465999999
1.472 0.8268061829
1.473 0.8488937378
1.474 0.8703736114999999
1.475 0.8863647460999999
1.476 0.9026295471
1.477 0.9141569518999999
1.478 0.9247233582
1.479 0.9330047607
1.48 0.9422244263
1.481 0.9490197754
1.482 0.954559021
1.483 0.9594239043999999
1.484 0.9635149384
1.485 0.9637664032000001
1.486 0.9634847259999999
1.487 0.9618767548
1.488 0.9628916168
1.489 0.9642357635000001
1.49 0.9671469879
1.491 0.9683586884000001
1.492 0.9683812714
1.493 0.9670375824
1.494 0.9642591095
1.495 0.9624358368
1.496 0.9612882996000001
1.497 0.9634389496
1.498 0.9643634796
1.499 0.9654095458999999
1.5 0.9640359497
1.501 0.9636594391
1.502 0.9630726624
1.503 0.9621662903000001
1.504 0.9617848969
1.505 0.9635188293
1.506 0.9660301208
1.507 0.9658400726
1.508 0.9662725067
1.509 0.9666786194
1.51 0.9660498047
1.511 0.9656765747
1.512 0.9656370544
1.513 0.9665132903999999
1.514 0.9673395538
1.515 0.9681694794000001
1.516 0.9690458678999999
1.517 0.9692926024999999
1.518 0.9684685516
1.519 0.9651629638999999
1.52 0.9632094574
1.521 0.962298584
1.522 0.9629455566
1.523 0.9657912445
1.524 0.9677120972000001
1.525 0.9666912079
1.526 0.9659349823
1.527 0.9656424713
1.528 0.967753067
1.529 0.967840271
1.53 0.9690094757
1.531 0.9685967255
1.532 0.969834137
1.533 0.9695661163
1.534 0.9682196045000001
1.535 0.9672898865
1.536 0.9666648102000001
1.537 0.9673461914000001
1.538 0.9689260864000001
1.539 0.9704145049999999
1.54 0.9702611541999999
1.541 0.9692606354
1.542 0.9679920197
1.543 0.9647386932
1.544 0.9627597045999999
1.545 0.9620063782
1.546 0.9647219848999999
1.547 0.9651231384000001
1.548 0.9660681151999999
1.549 0.9654279327
1.55 0.9646167755
1.551 0.9628375244
1.552 0.9627558899
1.553 0.9640928649999999
1.554 0.9645874786
1.555 0.9664987946
1.556 0.968065033
1.557 0.9674090576000001
1.558 0.9644216156000001
1.559 0.9619047546
1.56 0.9619669342
1.561 0.9631175232
1.562 0.9643119049000001
1.563 0.9655971527
1.564 0.9676729584
1.565 0.9674797821
1.566 0.9637740325999999
1.567 0.9611911011
1.568 0.9603147125
1.569 0.960831604
1.57 0.9612206268
1.571 0.9619748688
1.572 0.9635662078999999
1.573 0.9637374878
1.574 0.9627978516
1.575 0.9609137726
1.576 0.9607409668
1.577 0.9613044739
1.578 0.9625320435
1.579 0.9645927429
1.58 0.9666509247
1.581 0.9681442261
1.582 0.9645189666999999
1.583 0.9621430205999999
1.584 0.9629243469
1.585 0.9659005736999999
1.586 0.9647424316
1.587 0.9638130187999999
1.588 0.9644924926999999
1.589 0.9638848876999999
1.59 0.9632411956999999
1.591 0.9613790131000001
1.592 0.9619696808
1.593 0.9625843811
1.594 0.9633312988
1.595 0.9632837677
1.596 0.9632965851
1.597 0.9648046875
1.598 0.9631292725
1.599 0.9616857147000001
1.6 0.9603971099999999
1.601 0.9608645629999999
1.602 0.9631079865
1.603 0.9667397308
1.604 0.9704103851000001
1.605 0.9685010529
1.606 0.9662416077
1.607 0.9639595032
1.608 0.9634033966
1.609 0.9639337921000001
1.61 0.9658093262
1.611 0.9670749664
1.612 0.9652414703
1.613 0.9657939911
1.614 0.9673959351000001
1.615 0.9671483612
1.616 0.963846817
1.617 0.9621922302
1.618 0.9632854462
1.619 0.9656808472
1.62 0.9669112396
1.621 0.9664354706
1.622 0.963531723
1.623 0.961067276
1.624 0.9589794922
1.625 0.9612134552
1.626 0.9646741486
1.627 0.9675416565
1.628 0.966770401
1.629 0.9683780670000001
1.63 0.9676698303000001
1.631 0.9627420044
1.632 0.959041214
1.633 0.9592234039
1.634 0.9617838286999999
1.635 0.9632555388999999
1.636 0.9662351227000001
1.637 0.9653682709
1.638 0.9638282776
1.639 0.9610818481
1.64 0.9611954498
1.641 0.9626077271
1.642 0.9640857697
1.643 0.9628720092999999
1.644 0.9625509644
1.645 0.9618133545
1.646 0.9617048645
1.647 0.9606404114
1.648 0.9608396912
1.649 0.9589916992
1.65 0.9598246002
1.651 0.9622620392000001
1.652 0.965220871
1.653 0.9649746704000001
1.654 0.9626284789999999
1.655 0.9615489959999999
1.656 0.9609851837
1.657 0.9609458922999999
1.658 0.9610942841000001
1.659 0.9633415221999999
1.66 0.9650183105000001
1.661 0.9645967102
1.662 0.9637697601
1.663 0.9639842987
1.664 0.9624765778
1.665 0.9621034240999999
1.666 0.9630135344999999
1.667 0.9658767699999999
1.668 0.966341095
1.669 0.9668228912
1.67 0.9644896698
1.671 0.9618895721
1.672 0.9584046173
1.673 0.9591996765
1.674 0.9628108215000001
1.675 0.9656714630000001
1.676 0.966787796
1.677 0.9654908752
1.678 0.9636264038
1.679 0.9626233673
1.68 0.9645758057
1.681 0.9632987212999999
1.682 0.960484314
1.683 0.9610122681
1.684 0.9631256104000001
1.685 0.9659749603000001
1.686 0.9654681396
1.687 0.9634255219000001
1.688 0.9613128662
1.689 0.9624334717
1.69 0.9614995575
1.691 0.9622550964
1.692 0.9631855774
1.693 0.965413208
1.694 0.9640833282
1.695 0.9631317139
1.696 0.9595798492000001
1.697 0.9595046997
1.698 0.9587772368999999
1.699 0.9594264221000001
1.7 0.9601783752
1.701 0.9627721404999999
1.702 0.9624539185000001
1.703 0.9593890381
1.704 0.9560150145999999
1.705 0.9543545532000001
1.706 0.9553249359
1.707 0.9565423584
1.708 0.9575191498
1.709 0.9584041594999999
1.71 0.9579813385
1.711 0.9581463623
1.712 0.9573786926
1.713 0.9562831879
1.714 0.9559262085
1.715 0.9574989318999999
1.716 0.9595296478
1.717 0.9599147034000001
1.718 0.9621239470999999
1.719 0.9612006378
1.72 0.9592894744999999
1.721 0.9553915405
1.722 0.9561441039999999
1.723 0.9567871857
1.724 0.9572763062
1.725 0.9587832641999999
1.726 0.9614694977
1.727 0.9633126831
1.728 0.959511261
1.729 0.9561478424000001
1.73 0.9531289673000001
1.731 0.9539150238
1.732 0.9547238922
1.733 0.9558230591
1.734 0.9557793427
1.735 0.9545084381
1.736 0.9536882018999999
1.737 0.9535453796
1.738 0.9548012543
1.739 0.9557653046
1.74 0.9568835448999999
1.741 0.957124176
1.742 0.9579949951000001
1.743 0.960063858
1.744 0.9596327209000001
1.745 0.958267746
1.746 0.9569901276
1.747 0.9570803069999999
1.748 0.9573970032
1.749 0.9597219848999999
1.75 0.9636118317000001
1.751 0.9642975616
1.752 0.9618097686999999
1.753 0.9599351501
1.754 0.9586682129
1.755 0.9595264435
1.756 0.9601472473
1.757 0.9619231415
1.758 0.9606381989
1.759 0.9609595489999999
1.76 0.9605495453
1.761 0.9586505126999999
1.762 0.9557164000999999
1.763 0.9552495575000001
1.764 0.9569676971
1.765 0.9591571808
1.766 0.9607093811
1.767 0.9613304900999999
1.768 0.9587271880999999
1.769 0.9569126129
1.77 0.9550440979
1.771 0.9566307068000001
1.772 0.9574182129000001
1.773 0.9569267273
1.774 0.9585608673
1.775 0.9638339996
1.776 0.9738755035
1.777 0.9703428649999999
1.778 0.9627378845
1.779 0.9561577606
1.78 0.9602177429
1.781 0.9619522858
1.782 0.9638975525
1.783 0.9652741241
1.784 0.9643034362999999
1.785 0.9609262848
1.786 0.9586008452999999
1.787 0.9585145569
1.788 0.9593751526
1.789 0.9604940796
1.79 0.9609815978999999
1.791 0.9606335449
1.792 0.9588696289
1.793 0.9559205627
1.794 0.9540882111000001
1.795 0.9536304474
1.796 0.9520457458
1.797 0.9517826843
1.798 0.95354599
1.799 0.9568138885
1.8 0.9567147064
1.801 0.9562167358000001
1.802 0.9554566192999999
1.803 0.9546239471
1.804 0.9543761444000001
1.805 0.954908905
1.806 0.9572512054000001
1.807 0.9577043915
1.808 0.9581101227000001
1.809 0.9572084808
1.81 0.9567502594
1.811 0.956089859
1.812 0.9561289978
1.813 0.9578504180999999
1.814 0.9606169891
1.815 0.9623623657
1.816 0.9618474578999999
1.817 0.9607596588
1.818 0.9584031677
1.819 0.9550459290000001
1.82 0.9527403259
1.821 0.9526152039
1.822 0.9541783142
1.823 0.9548530579
1.824 0.9552696991
1.825 0.9544097137
1.826 0.9530264282
1.827 0.9511354065000001
1.828 0.9506396483999999
1.829 0.9502778625
1.83 0.9511598205999999
1.831 0.9528720855999999
1.832 0.9553591919
1.833 0.9547875977
1.834 0.9529509735
1.835 0.952093277
1.836 0.9521252441
1.837 0.9523228455
1.838 0.9535575867
1.839 0.9575410461
1.84 0.9581048584
1.841 0.9560253143
1.842 0.9523113250999999
1.843 0.9502527618000001
1.844 0.9498180388999999
1.845 0.9516677094000001
1.846 0.9542459869
1.847 0.9551390839
1.848 0.9553601074
1.849 0.9536009216
1.85 0.9517710114000001
1.851 0.9496003722999999
1.852 0.9488383484
1.853 0.949396286
1.854 0.9510886383
1.855 0.9528156281
1.856 0.9521878815
1.857 0.950267334
1.858 0.9478020477
1.859 0.947142334
1.86 0.9469714355000001
1.861 0.9465063477
1.862 0.9481997681
1.863 0.9505148314999999
1.864 0.9533316802999999
1.865 0.9530025482000001
1.866 0.9506877899
1.867 0.9475711823
1.868 0.9472582245
1.869 0.9507109833
1.87 0.9521941375999999
1.871 0.9529301453
1.872 0.9523742676000001
1.873 0.9546365356
1.874 0.9552120209
1.875 0.9551087189
1.876 0.9538874054
1.877 0.9546218872
1.878 0.9558049774
1.879 0.9573871613
1.88 0.9584720612
1.881 0.9566827393
1.882 0.9526599884
1.883 0.9495198822
1.884 0.9484928131
1.885 0.9498510742
1.886 0.9514736938
1.887 0.9530417633
1.888 0.9525262451000001
1.889 0.9518742371000001
1.89 0.9499963379
1.891 0.9479116058
1.892 0.9473941803
1.893 0.9471687317
1.894 0.9473711395
1.895 0.9483695221
1.896 0.9506565857
1.897 0.9522740935999999
1.898 0.9506697083
1.899 0.9485610199
1.9 0.9471379851999999
1.901 0.9491321564
1.902 0.9501485443
1.903 0.9504860687
1.904 0.9509686279
1.905 0.9511832428
1.906 0.9496237182999999
1.907 0.9471973418999999
1.908 0.94733284
1.909 0.9494013214
1.91 0.9520636749000001
1.911 0.9543991852000001
1.912 0.9546929932
1.913 0.9552165222
1.914 0.9538367461999999
1.915 0.9519557953000001
1.916 0.9490806580000001
1.917 0.9486042786
1.918 0.9510217285
1.919 0.9523023987000001
1.92 0.9529733276000001
1.921 0.9515021515
1.922 0.9512076569
1.923 0.949556427
1.924 0.947818985
1.925 0.9458450317
1.926 0.9452221679999999
1.927 0.9462213898
1.928 0.9468939972
1.929 0.9469493866
1.93 0.9459072876000001
1.931 0.9441496277
1.932 0.9414425659
1.933 0.9387867737000001
1.934 0.9400566101
1.935 0.942664032
1.936 0.9453676605
1.937 0.9452476501
1.938 0.9457891083
1.939 0.9446659088
1.94 0.9437586212
1.941 0.9429402924
1.942 0.9438227843999999
1.943 0.9463243866000001
1.944 0.9484951019000001
1.945 0.9502644348
1.946 0.9505618286
1.947 0.9495171356000001
1.948 0.9468675995
1.949 0.9446963501000001
1.95 0.9453206635
1.951 0.9476504517
1.952 0.9494469452
1.953 0.949259491
1.954 0.9488943481
1.955 0.9482849121
1.956 0.9474091339
1.957 0.9467630005
1.958 0.9466114807
1.959 0.9465187073
1.96 0.9470735931
1.961 0.9470813751
1.962 0.9476069640999999
1.963 0.946988678
1.964 0.946446991
1.965 0.9447386169
1.966 0.9454950714
1.967 0.9475652313
1.968 0.9478716278
1.969 0.946820755
1.97 0.9447541809000001
1.971 0.9449113464
1.972 0.9440874481
1.973 0.9444275665
1.974 0.9436579132
1.975 0.9442991637999999
1.976 0.9450837708000001
1.977 0.9458911133
1.978 0.9472277069
1.979 0.9476806641000001
1.98 0.9474957275
1.981 0.9460199738
1.982 0.9458109283
1.983 0.9465946959999999
1.984 0.9473454284999999
1.985 0.948895874
1.986 0.9500201416
1.987 0.9517272186
1.988 0.9512041472999999
1.989 0.9509720612
1.99 0.9504293060000001
1.991 0.9514684296
1.992 0.9523705292
1.993 0.9517609405999999
1.994 0.95034729
1.995 0.9476010895
1.996 0.9456931305
1.997 0.9437998962
1.998 0.9469354248
1.999 0.9483808899
2.0 0.9483401489000001
2.001 0.9463734436
2.002 0.9453493500000001
2.003 0.9442373657
2.004 0.942763443
2.005 0.9436685944
2.006 0.9441191100999999
2.007 0.9464029694
2.008 0.9469160461
2.009 0.9465161896
2.01 0.9452760315000001
2.011 0.943509903
2.012 0.9429215240000001
2.013 0.9433483887
2.014 0.9446955108999999
2.015 0.9437429810000001
2.016 0.9428885651000001
2.017 0.9432142639
2.018 0.9433783722
2.019 0.9420119476000001
2.02 0.939390564
2.021 0.9395556641
2.022 0.9425935364
2.023 0.9443379974
2.024 0.9427598572
2.025 0.9399441528
2.026 0.9396375275
2.027 0.9387989044
2.028 0.9381391144
2.029 0.9369181824
2.03 0.9387978363
2.031 0.9413780975
2.032 0.9423930359
2.033 0.9408745575
2.034 0.9394523621
2.035 0.9397872925
2.036 0.9398665619000001
2.037 0.9395574188000001
2.038 0.9398406219000001
2.039 0.939467926
2.04 0.9378907776
2.041 0.9358045197
2.042 0.9351404571999999
2.043 0.9356771851000001
2.044 0.9358313751
2.045 0.9358399962999999
2.046 0.9350431061000001
2.047 0.9358125305
2.048 0.9358656311
2.049 0.9356137085
2.05 0.9351367188
2.051 0.9340138245
2.052 0.9325971985
2.053 0.930452652
2.054 0.9318013
2.055 0.9325656127999999
2.056 0.9342118835
2.057 0.9345043945
2.058 0.9362284851
2.059 0.9366043091
2.06 0.9348355865000001
2.061 0.9334176635999999
2.062 0.9328885651000001
2.063 0.9352552795
2.064 0.9351739501999999
2.065 0.9342222594999999
2.066 0.9328194427
2.067 0.9309831237999999
2.068 0.9306201172
2.069 0.9297029877
2.07 0.9314824677
2.071 0.9329124450999999
2.072 0.9360732269
2.073 0.9368057251
2.074 0.9370678710999999
2.075 0.9386834717000001
2.076 0.9386086272999999
2.077 0.9364196013999999
2.078 0.9330648804
2.079 0.9342353821
2.08 0.9372353363000001
2.081 0.939067688
2.082 0.9395664978
2.083 0.9394035339
2.084 0.9405902863
2.085 0.9388999939
2.086 0.9397770690999999
2.087 0.9399514008
2.088 0.9421052551
2.089 0.9394123077000001
2.09 0.9360424042
2.091 0.9337820435
2.092 0.9349142456
2.093 0.9368752289
2.094 0.9355189514
2.095 0.9332220459
2.096 0.9324056244000001
2.097 0.9348387909
2.098 0.9370195007
2.099 0.9367844391
2.1 0.9352062225000001
2.101 0.9344161223999999
2.102 0.9339576721
2.103 0.9329364777000001
2.104 0.932073288
2.105 0.9336808014
2.106 0.9347529602
2.107 0.9347567749
2.108 0.9342143249999999
2.109 0.9351994324
2.11 0.9364274597
2.111 0.9347975922
2.112 0.9327536010999999
2.113 0.9332552338000001
2.114 0.9353871918
2.115 0.9348268127
2.116 0.9340159606999999
2.117 0.9341184998
2.118 0.9351433563
2.119 0.9364821625
2.12 0.9380184937
2.121 0.9393858337000001
2.122 0.9391064453
2.123 0.9375405121
2.124 0.9369171906
2.125 0.9389326477000001
2.126 0.9414967346
2.127 0.9400888824
2.128 0.9377294159
2.129 0.9364781189
2.13 0.9386011505
2.131 0.9404362488
2.132 0.9399732208
2.133 0.9382789612000001
2.134 0.935711441
2.135 0.9356135559000001
2.136 0.9348482513
2.137 0.934018631
2.138 0.9317388153
2.139 0.9295161437999999
2.14 0.9270172882
2.141 0.9253575134
2.142 0.9262703704999999
2.143 0.9261177826
2.144 0.9256576538
2.145 0.9237924194
2.146 0.9238307953
2.147 0.9243223571999999
2.148 0.9251638794
2.149 0.9257326508
2.15 0.9251066589
2.151 0.9236217499
2.152 0.9210218048000001
2.153 0.9197270966000001
2.154 0.9194570923000001
2.155 0.9201302338
2.156 0.9214884186000001
2.157 0.9199861908
2.158 0.9187327576
2.159 0.9197103882000001
2.16 0.9216107178
2.161 0.9211619568
2.162 0.9195206451
2.163 0.9197998047
2.164 0.9182337952
2.165 0.9157578277999999
2.166 0.9134008025999999
2.167 0.9141584778
2.168 0.9152899170000001
2.169 0.9140377045
2.17 0.9127870178
2.171 0.9122406006
2.172 0.9131768036
2.173 0.9133123016
2.174 0.9138304901
2.175 0.9127488708
2.176 0.9091968536
2.177 0.9048680878
2.178 0.9004963684
2.179 0.8976541901
2.18 0.8944202423000001
2.181 0.892075119
2.182 0.8905677032
2.183 0.8884040833
2.184 0.8838404846
2.185 0.8772335052
2.186 0.8720738982999999
2.187 0.8659522247
2.188 0.8630393219
2.189 0.8573231506000001
2.19 0.8541962433000001
2.191 0.8471725464
2.192 0.8428663635
2.193 0.8358953857
2.194 0.8307116698999999
2.195 0.8234274292000001
2.196 0.8179805756
2.197 0.811674118
2.198 0.8043284607
2.199 0.7963742828
2.2 0.7907428741
2.201 0.7835756682999999
2.202 0.7753673553
2.203 0.7662522125
2.204 0.759421463
2.205 0.7542541504
2.206 0.7506234741
2.207 0.7464219665999999
2.208 0.7412154388000001
2.209 0.7354107666
2.21 0.7303742981000001
2.211 0.7278058624
2.212 0.7275567626999999
2.213 0.7275498962
2.214 0.7264595032
2.215 0.7245075226000001
2.216 0.7246294403
2.217 0.7264603424
2.218 0.728714447
2.219 0.7298700714
2.22 0.7315857697
2.221 0.7339832305999999
2.222 0.7355340576
2.223 0.7385882568
2.224 0.7417398071
2.225 0.7439492035
2.226 0.7440031433000001
2.227 0.7446456146
2.228 0.7458546448
2.229 0.748134613
2.23 0.7507737731999999
2.231 0.7520358276
2.232 0.7527084351000001
2.233 0.754358902
2.234 0.7563941192999999
2.235 0.7579244995000001
2.236 0.759246521
2.237 0.7600024414000001
2.238 0.7605302428999999
2.239 0.7626931
2.24 0.7652112579
2.241 0.7647329712
2.242 0.7624398804000001
2.243 0.7615827179
2.244 0.7641552734
2.245 0.7676240540000001
2.246 0.7703887939
2.247 0.7711150360000001
2.248 0.7694431305
2.249 0.7693547058
2.25 0.7706785583
2.251 0.7736606598
2.252 0.7741756438999999
2.253 0.7740677642999999
2.254 0.7744780731
2.255 0.7767678832999999
2.256 0.7800299072
2.257 0.7814420319
2.258 0.7831027222
2.259 0.7849924469
2.26 0.7880344391
2.261 0.7907945250999999
2.262 0.795109024
2.263 0.7980615233999999
2.264 0.7994586182000001
2.265 0.8003607940999999
2.266 0.8034217834
2.267 0.8057444762999999
2.268 0.8069688415999999
2.269 0.80832901
2.27 0.8110510254000001
2.271 0.813789978
2.272 0.8167165375000001
2.273 0.8176941681
2.274 0.8178463745000001
2.275 0.8182497406
2.276 0.8200289917000001
2.277 0.8221463776
2.278 0.8234581756999999
2.279 0.8246659851
2.28 0.8248429871
2.281 0.8257476807
2.282 0.8283568573
2.283 0.8329879761
2.284 0.8368904877
2.285 0.837586441
2.286 0.8382724761999999
2.287 0.839980011
2.288 0.8432759857000001
2.289 0.8458370972
2.29 0.8478831482
2.291 0.8485361481
2.292 0.8488982391000001
2.293 0.8511432648
2.294 0.8553471374999999
2.295 0.8595008850000001
2.296 0.8607492828
2.297 0.8614335632
2.298 0.8627078247
2.299 0.8664557648
2.3 0.8701812744
2.301 0.8715425873
2.302 0.8712703705
2.303 0.8722846222
2.304 0.8759262848
2.305 0.8796230316
2.306 0.8822385406
2.307 0.8836582183999999
2.308 0.8862536621
2.309 0.8904112244
2.31 0.8941999054
2.311 0.8968766022
2.312 0.8982581329
2.313 0.8973303223000001
2.314 0.8952101134999999
2.315 0.8942540741
2.316 0.8971909332
2.317 0.8992704773
2.318 0.9005426025
2.319 0.8998646545
2.32 0.8991365814
2.321 0.8994261932000001
2.322 0.9017118835
2.323 0.9037478638
2.324 0.9023188019
2.325 0.9000732422
2.326 0.8995999908000001
2.327 0.8992422485
2.328 0.9004294586
2.329 0.9004171753
2.33 0.9002112579
2.331 0.8977729033999999
2.332 0.9000352478000001
2.333 0.9032994080000001
2.334 0.9049767303
2.335 0.9031624603
2.336 0.9011893463
2.337 0.9004676055999999
2.338 0.9001599120999999
2.339 0.9006295013000001
2.34 0.8998602295000001
2.341 0.8986930084
2.342 0.8981014252
2.343 0.8972296906
2.344 0.8974441528
2.345 0.8960003662
2.346 0.8955864716
2.347 0.8952576447
2.348 0.8978200531
2.349 0.9003340149
2.35 0.9011444092
2.351 0.9017237854
2.352 0.9011647034000001
2.353 0.9026302338000001
2.354 0.9035794067
2.355 0.9059065247
2.356 0.9073951721
2.357 0.9075751495
2.358 0.9084606171
2.359 0.9095756531000001
2.36 0.9126049804999999
2.361 0.9121869658999999
2.362 0.9110842896
2.363 0.9082356262000001
2.364 0.9078395080999999
2.365 0.9093434143
2.366 0.9110153198000001
2.367 0.9122940826
2.368 0.9116838074
2.369 0.9105614471
2.37 0.9100289917000001
2.371 0.9109637451
2.372 0.9119909667999999
2.373 0.9102336884000001
2.374 0.9087992096
2.375 0.9087306212999999
2.376 0.9104676818999999
2.377 0.9100731659
2.378 0.9095120239000001
2.379 0.9079217529
2.38 0.9055808258
2.381 0.9035433197
2.382 0.9029378509999999
2.383 0.9032037354000001
2.384 0.9009649658
2.385 0.8970892334
2.386 0.8941130065999999
2.387 0.8934834290000001
2.388 0.8927084351000001
2.389 0.8890520477
2.39 0.8859519958
2.391 0.8834056854000001
2.392 0.8843736267
2.393 0.8854548645
2.394 0.8839526367
2.395 0.8790081786999999
2.396 0.8753407287999999
2.397 0.8756674194
2.398 0.8778393554999999
2.399 0.878956604
2.4 0.8785104370000001
2.401 0.8767019653
2.402 0.8761287688999999
2.403 0.8761668396000001
2.404 0.8769764709000001
2.405 0.8739836121000001
2.406 0.8714421082
2.407 0.8695450592
2.408 0.8700585938000001
2.409 0.870105896
2.41 0.8699590302
2.411 0.8676686859
2.412 0.8641033173
2.413 0.8620468902999999
2.414 0.8621341705000001
2.415 0.8632164764
2.416 0.8637532043
2.417 0.8620857239
2.418 0.8603424835
2.419 0.8580521392999999
2.42 0.8566542053
2.421 0.8551846313
2.422 0.8533101653999999
2.423 0.8508866118999999
2.424 0.8488935852
2.425 0.8496551513999999
2.426 0.8494112396
2.427 0.8464749908
2.428 0.8416139984000001
2.429 0.8372592926
2.43 0.8341705322
2.431 0.8312435913
2.432 0.8296208191
2.433 0.8260095977999999
2.434 0.8227940369
2.435 0.8197724152000001
2.436 0.8171817016999999
2.437 0.8146462250000001
2.438 0.8115472412
2.439 0.8083530426
2.44 0.8038024139
2.441 0.8023249054
2.442 0.8007163239
2.443 0.7992590332
2.444 0.7956928253
2.445 0.7915522003
2.446 0.7884882355
2.447 0.7868801116999999
2.448 0.7873671722000001
2.449 0.7864220428
2.45 0.7839247894
2.451 0.7801701355
2.452 0.7778500366
2.453 0.7752555846999999
2.454 0.7720539856
2.455 0.7686473845999999
2.456 0.7657059479
2.457 0.7640723419
2.458 0.7643946075
2.459 0.764088974
2.46 0.7626388550000001
2.461 0.7590959167
2.462 0.7567053223000001
2.463 0.7561344147
2.464 0.7571528625
2.465 0.7563707733
2.466 0.753864212
2.467 0.751623764
2.468 0.7493096161
2.469 0.7480905914
2.47 0.7475379943999999
2.471 0.7463735199
2.472 0.7441641235
2.473 0.7431738281
2.474 0.7434178925
2.475 0.7421560669
2.476 0.7389900208
2.477 0.7354335021999999
2.478 0.7323490143
2.479 0.7298473357999999
2.48 0.7277550506999999
2.481 0.7265293121
2.482 0.7261611175999999
2.483 0.7247947693000001
2.484 0.7223908996999999
2.485 0.7198683167
2.486 0.7191233826
2.487 0.7175101471
2.488 0.7153375244
2.489 0.7118183136
2.49 0.710273819
2.491 0.709859314
2.492 0.7088996124000001
2.493 0.7066643524
2.494 0.7029439544999999
2.495 0.7012012482
2.496 0.6994422149999999
2.497 0.6991482544000001
2.498 0.6977603911999999
2.499 0.6956026459
2.5 0.6922843933
2.501 0.6891103363000001
2.502 0.6871411132999999
2.503 0.6837059784
2.504 0.6797612762
2.505 0.6772084808
2.506 0.677121582
2.507 0.677793808
2.508 0.6761584473000001
2.509 0.6738900757
2.51 0.670710144
2.511 0.6694037627999999
2.512 0.6690484619
2.513 0.6690979004000001
2.514 0.6678286742999999
2.515 0.6659928893999999
2.516 0.6649974823
2.517 0.6645281219
2.518 0.6638768005
2.519 0.6620455932999999
2.52 0.6604585265999999
2.521 0.6586968231
2.522 0.6581736755
2.523 0.6577831268
2.524 0.6571666718
2.525 0.6550099945
2.526 0.6532633208999999
2.527 0.6523283386
2.528 0.6528775787
2.529 0.654662323
2.53 0.6551619719999999
2.531 0.6527049255
2.532 0.6509490203999999
2.533 0.6507972717
2.534 0.6514992522999999
2.535 0.6509500885
2.536 0.6508285522
2.537 0.6492405701
2.538 0.6487301635999999
2.539 0.6483454895
2.54 0.6491379547
2.541 0.6487237549
2.542 0.6488248444
2.543 0.6477039336999999
2.544 0.6474843597000001
2.545 0.6465131378
2.546 0.6443362427
2.547 0.6411252594
2.548 0.6397280884
2.549 0.6405090332000001
2.55 0.6419458008
2.551 0.6414548492000001
2.552 0.6414437866
2.553 0.6418202972
2.554 0.6415904236
2.555 0.6405737305
2.556 0.6395244598000001
2.557 0.6381892395
2.558 0.6377983475
2.559 0.6400857544
2.56 0.6425401306
2.561 0.6421990204
2.562 0.6402622223000001
2.563 0.638591423
2.564 0.6390752411
2.565 0.6403779602
2.566 0.6407151030999999
2.567 0.6412360382
2.568 0.6426210785
2.569 0.6433897399999999
2.57 0.6428877258
2.571 0.6394610596
2.572 0.6392011261
2.573 0.6406164551000001
2.574 0.6440554810000001
2.575 0.6453177643
2.576 0.6475750732000001
2.577 0.6489967346000001
2.578 0.6496887207
2.579 0.6514266968
2.58 0.6512243651999999
2.581 0.6508907318
2.582 0.6519163512999999
2.583 0.6543733215
2.584 0.6554482269
2.585 0.6587545776
2.586 0.6624058533
2.587 0.6623449707
2.588 0.6588085175
2.589 0.6590587616000001
2.59 0.662881012
2.591 0.6671319579999999
2.592 0.6683295441
2.593 0.6693516541
2.594 0.6694732666000001
2.595 0.6683815002
2.596 0.6671582031
2.59614990234375 0.0008745680666632123
2.597 0.6683439636
2.59714990234375 0.0008690306047598521
2.598 0.6708863830999999
2.59814990234375 0.0008762447784344356
2.59914990234375 0.0008873749027649562
