microns transmission
0.39779000854492186 1.4812173655324537e-07
0.39879000854492186 1.6255969865023682e-08
0.39979000854492186 1.2417669923436847e-08
0.40079000854492186 9.999999939225291e-11
0.40179000854492186 9.999999939225291e-11
0.40279000854492186 9.999999939225291e-11
0.40379000854492186 7.953929257749811e-08
0.40479000854492186 6.229500473094636e-08
0.40579000854492187 7.300147176832657e-08
0.40679000854492187 5.232456715020817e-08
0.40779000854492187 9.290856456030857e-08
0.40879000854492187 1.6593146938248536e-07
0.40979000854492187 3.175291334756025e-08
0.41079000854492187 6.38441640828565e-08
0.41179000854492187 1.1461722957998668e-07
0.41279000854492187 1.2376978399212626e-07
0.4137900085449219 9.999999939225291e-11
0.4147900085449219 9.999999939225291e-11
0.4157900085449219 7.660186454335379e-08
0.4167900085449219 9.999999939225291e-11
0.4177900085449219 9.999999939225291e-11
0.4187900085449219 1.7601410740771445e-08
0.4197900085449219 1.3770751593256138e-07
0.4207900085449219 4.5796199727258607e-08
0.4217900085449219 1.3964673393947653e-08
0.4227900085449219 9.999999939225291e-11
0.4237900085449219 1.2921830094825282e-08
0.4247900085449219 6.826363530739361e-08
0.4257900085449219 5.570430135234024e-08
0.4267900085449219 3.69168999666177e-08
0.4277900085449219 3.622156701392024e-08
0.4287900085449219 2.011634963613081e-07
0.4297900085449219 2.2466441729799652e-07
0.4307900085449219 1.498096969232421e-07
0.4317900085449219 5.466638296702797e-08
0.4327900085449219 1.705637674061696e-08
0.4337900085449219 9.999999939225291e-11
0.4347900085449219 9.999999939225291e-11
0.4357900085449219 2.687511707399892e-08
0.4367900085449219 9.999999939225291e-11
0.4377900085449219 9.999999939225291e-11
0.4387900085449219 8.12357024315702e-09
0.4397900085449219 3.658969891517927e-09
0.4407900085449219 9.999999939225291e-11
0.4417900085449219 1.4698562760410518e-07
0.4427900085449219 5.0067699195466275e-08
0.4437900085449219 1.5731367663344524e-07
0.4447900085449219 4.8203933499616866e-08
0.4457900085449219 1.5928653435063704e-07
0.4467900085449219 9.33083654193941e-09
0.4477900085449219 8.829397605344033e-08
0.44879000854492185 2.522637684402677e-07
0.44979000854492185 9.999999939225291e-11
0.45079000854492185 1.8049323238974086e-08
0.45179000854492185 6.401189915905547e-08
0.45279000854492185 3.185755980794624e-08
0.45379000854492185 9.999999939225291e-11
0.45479000854492185 9.999999939225291e-11
0.45579000854492185 9.999999939225291e-11
0.45679000854492186 6.478063899824822e-08
0.45779000854492186 2.1704070096717487e-08
0.45879000854492186 3.432022327073033e-08
0.45979000854492186 9.999999939225291e-11
0.46079000854492186 4.359189986165764e-08
0.46179000854492186 7.747989568152036e-08
0.46279000854492186 9.999999939225291e-11
0.46379000854492186 1.4622450938380402e-07
0.46479000854492186 5.991677916187636e-08
0.46579000854492186 9.999999939225291e-11
0.46679000854492186 1.6996922666360586e-08
0.46779000854492186 2.9107323268699283e-08
0.46879000854492187 4.097783274185455e-09
0.46979000854492187 4.070303270727512e-09
0.47079000854492187 2.9281597964114782e-08
0.47179000854492187 9.999999939225291e-11
0.47279000854492187 9.293853241073199e-08
0.47379000854492187 1.2298836468656778e-07
0.47479000854492187 1.8700386741935896e-07
0.47579000854492187 1.7079697294993442e-08
0.4767900085449219 4.614899691723906e-08
0.4777900085449219 3.3328379481408394e-08
0.4787900085449219 4.192678296692047e-08
0.4797900085449219 3.744903319002901e-08
0.4807900085449219 6.320294874425276e-08
0.4817900085449219 9.999999939225291e-11
0.4827900085449219 9.999999939225291e-11
0.4837900085449219 1.98443564537835e-07
0.4847900085449219 9.999999939225291e-11
0.4857900085449219 1.3526241370224548e-07
0.4867900085449219 9.999999939225291e-11
0.4877900085449219 2.419593298933857e-07
0.4887900085449219 1.4858623555547013e-07
0.4897900085449219 8.917889656068212e-08
0.4907900085449219 1.2265793581415588e-07
0.4917900085449219 1.4418693505528306e-07
0.4927900085449219 1.6250756565601892e-08
0.4937900085449219 3.41814339736383e-08
0.4947900085449219 1.3629506646554526e-07
0.4957900085449219 1.9633033540837159e-07
0.4967900085449219 2.859499353450682e-08
0.4977900085449219 9.999999939225291e-11
0.4987900085449219 9.999999939225291e-11
0.4997900085449219 4.1372889730458453e-08
0.5007900085449218 2.57041398678363e-07
0.5017900085449218 1.9764583192897573e-07
0.5027900085449218 7.232513058082664e-08
0.5037900085449218 7.232167904843341e-08
0.5047900085449218 2.9443843887477783e-08
0.5057900085449218 6.411293189382642e-08
0.5067900085449218 7.251695362420207e-08
0.5077900085449218 3.820564257258259e-08
0.5087900085449218 8.378839636928129e-09
0.5097900085449218 7.788183108795958e-09
0.5107900085449218 4.30649325681524e-08
0.5117900085449218 1.4255789816767597e-07
0.5127899780273437 4.248058149099639e-08
0.5137899780273437 4.606558718478482e-08
0.5147899780273437 1.0399706939464201e-07
0.5157899780273437 1.714236340137158e-08
0.5167899780273437 8.66246970569288e-08
0.5177899780273437 5.675192101447142e-08
0.5187899780273437 7.806250221046677e-09
0.5197899780273437 9.999999939225291e-11
0.5207899780273437 1.248027344876353e-08
0.5217899780273437 9.676560239313403e-08
0.5227899780273437 2.9378029770062615e-07
0.5237899780273437 1.0117091581681356e-07
0.5247899780273437 6.213083942145184e-08
0.5257899780273437 1.3301079813269704e-07
0.5267899780273437 2.325191962881945e-07
0.5277899780273437 4.88872035209198e-08
0.5287899780273437 6.421886306876938e-08
0.5297899780273437 9.999999939225291e-11
0.5307899780273437 8.859953327740774e-08
0.5317899780273437 2.9486449519093108e-08
0.5327899780273437 3.390853402507332e-08
0.5337899780273437 2.1729883580216363e-07
0.5347899780273437 9.999999939225291e-11
0.5357899780273437 1.5897290116602864e-07
0.5367899780273437 1.38125672795771e-07
0.5377899780273437 9.989441761781847e-08
0.5387899780273437 2.1940009344116144e-08
0.5397899780273437 1.0156126791116549e-07
0.5407899780273437 2.1925093631007067e-08
0.5417899780273437 4.7560834695777504e-08
0.5427899780273437 1.0430313977849437e-07
0.5437899780273437 1.6139562866316719e-07
0.5447899780273437 1.6603783175620872e-07
0.5457899780273437 9.348267061189594e-08
0.5467899780273437 6.845420137994532e-08
0.5477899780273437 4.714713284078205e-08
0.5487899780273438 9.999999939225291e-11
0.5497899780273438 3.440046758266627e-08
0.5507899780273438 6.39955870192684e-08
0.5517899780273438 1.766166678862646e-07
0.5527899780273438 5.62727358932591e-08
0.5537899780273438 3.434079866693196e-08
0.5547899780273438 3.848363970367549e-07
0.5557899780273438 1.5090946059596414e-07
0.5567899780273438 1.6872119618168332e-07
0.5577899780273438 3.449366653640595e-08
0.5587899780273438 2.2575923139811493e-07
0.5597899780273438 2.304891313542612e-07
0.5607899780273438 8.747683697407638e-09
0.5617899780273438 9.999999939225291e-11
0.5627899780273438 9.999999939225291e-11
0.5637899780273438 5.6506042153496124e-08
0.5647899780273438 3.919356529398972e-08
0.5657899780273438 1.3591932050379305e-07
0.5667899780273438 9.999999939225291e-11
0.5677899780273438 1.5697772444885533e-07
0.5687899780273438 3.385480107809258e-08
0.5697899780273438 2.3558016334727463e-08
0.5707899780273438 1.1657130623158687e-07
0.5717899780273438 3.872386612850202e-09
0.5727899780273438 9.999999939225291e-11
0.5737899780273438 1.2643482816265816e-07
0.5747899780273438 7.692725714214533e-08
0.5757899780273438 6.159066661718764e-08
0.5767899780273438 2.2920740570716212e-08
0.5777899780273438 1.0526259524468174e-07
0.5787899780273438 8.737033031872935e-08
0.5797899780273438 3.749137966894504e-08
0.5807899780273438 9.310140204258724e-08
0.5817899780273438 1.3952989418678879e-08
0.5827899780273438 5.761223362673225e-08
0.5837899780273438 1.3496380269077216e-07
0.5847899780273438 1.2124539994514312e-07
0.5857899780273438 9.47033250249992e-08
0.5867899780273438 2.8147633906646283e-08
0.5877899780273438 9.999999939225291e-11
0.5887899780273438 7.111691992337891e-08
0.5897899780273438 9.317383081667667e-08
0.5907899780273438 9.999999939225291e-11
0.5917899780273438 6.223833598421417e-08
0.5927899780273438 6.924564973272614e-08
0.5937899780273438 1.2847614960935042e-07
0.5947899780273438 9.11922662035399e-08
0.5957899780273438 2.5209799787262454e-07
0.5967899780273438 8.864803814567779e-08
0.5977899780273438 7.909163054264922e-08
0.5987899780273438 1.2307139968470437e-07
0.5997899780273438 9.999999939225291e-11
0.6007899780273438 4.562636627033119e-09
0.6017899780273438 1.6332006453012582e-07
0.6027899780273438 1.6689429685357027e-07
0.6037899780273438 1.459911951921337e-07
0.6047899780273438 1.88945833616098e-08
0.6057899780273438 6.029302347757929e-08
0.6067899780273438 1.8503201317798812e-07
0.6077899780273438 1.194725310179242e-07
0.6087899780273438 2.2195582660700097e-08
0.6097899780273438 7.659089606389577e-08
0.6107899780273438 9.999999939225291e-11
0.6117899780273437 1.4198452943740374e-08
0.6127899780273437 9.999999939225291e-11
0.6137899780273437 9.999999939225291e-11
0.6147899780273437 1.290897030751618e-09
0.6157899780273437 1.82267063640514e-07
0.6167899780273437 1.1049982953537096e-07
0.6177899780273437 1.6359233086404857e-07
0.6187899780273437 2.091325374446266e-07
0.6197899780273437 8.306253256466315e-08
0.6207899780273437 1.866101683845045e-07
0.6217899780273437 1.0841968443919825e-07
0.6227899780273437 1.4238553376344497e-07
0.6237899780273437 2.9692543951872115e-07
0.6247899780273437 9.286726778986084e-08
0.6257899780273437 5.727969811057203e-08
0.6267899780273437 2.881238348588037e-07
0.6277899780273437 1.7644726941767887e-08
0.6287899780273437 2.1922520113311826e-08
0.6297899780273437 9.443201785567604e-08
0.6307899780273437 3.9089267473239415e-08
0.6317899780273437 3.924819864072522e-08
0.6327899780273437 6.910566182405375e-08
0.6337899780273437 4.768970519523445e-08
0.6347899780273437 4.3887867627508586e-08
0.6357899780273437 1.5685542355943954e-07
0.6367899780273437 9.97763815272871e-08
0.6377899780273437 6.160600069785953e-08
0.6387899780273437 5.766549969976609e-08
0.6397899780273437 5.7767829628000795e-08
0.6407899780273437 6.235176816341929e-08
0.6417899780273437 1.3435396830333936e-07
0.6427899780273437 1.807469716859818e-07
0.6437899780273437 8.663134429968503e-08
0.6447899780273437 1.1383519788132901e-07
0.6457899780273437 6.776823470685163e-08
0.6467899780273437 9.999999939225291e-11
0.6477899780273437 1.7162716782574233e-07
0.6487899780273437 1.1301526147515043e-07
0.6497899780273437 3.08992191773901e-08
0.6507899780273437 1.1018874258361678e-07
0.6517899780273437 1.1910436417868672e-07
0.6527899780273437 1.1182520852711284e-07
0.6537899780273437 3.479874102355988e-08
0.6547899780273437 1.7356250380610543e-08
0.6557899780273437 8.91127604063513e-08
0.6567899780273437 2.614684611520109e-07
0.6577899780273437 2.8585066805438446e-07
0.6587899780273437 4.8558398801172113e-08
0.6597899780273437 1.9397140780104867e-07
0.6607899780273437 1.580406504331222e-07
0.6617899780273437 1.598057424908224e-07
0.6627899780273437 8.500886370536401e-08
0.6637899780273437 1.4090396724656765e-07
0.6647899780273437 2.471195727782316e-07
0.6657899780273437 7.05859330156026e-08
0.6667899780273437 2.8380567224909706e-07
0.6677899780273437 4.243641402960444e-07
0.6687899780273437 3.4092941253523653e-07
0.6697899780273437 2.7293663151795045e-07
0.6707899780273437 2.902810683735879e-07
0.6717899780273437 1.2824029979559744e-07
0.6727899780273437 4.461661410459783e-07
0.6737899780273438 2.5307456816096403e-07
0.6747899780273438 2.3585700581622385e-07
0.6757899780273438 1.5474631971971558e-07
0.6767899780273438 2.9041320279551046e-07
0.6777899780273438 2.146150991884828e-07
0.6787899780273438 3.5524913982953876e-07
0.6797899780273438 2.910806021342675e-07
0.6807899780273438 2.463769715177477e-07
0.6817899780273438 3.7771981927411013e-07
0.6827899780273438 2.76557093457086e-07
0.6837899780273438 1.9975144368800102e-07
0.6847899780273438 3.0939746466174255e-07
0.6857899780273438 3.608432355880117e-07
0.6867899780273438 1.4435052131981744e-07
0.6877899780273438 1.1909721893429056e-07
0.6887899780273438 1.5224003653872367e-07
0.6897899780273438 3.470709089015145e-07
0.6907899780273438 2.173508061975582e-07
0.6917899780273438 2.0287903412648708e-07
0.6927899780273438 2.4399547328357584e-07
0.6937899780273438 2.853319684200291e-07
0.6947899780273438 2.4099974057574985e-07
0.6957899780273438 4.443118753745997e-07
0.6967899780273438 2.7531339921615936e-07
0.6977899780273438 4.2774514440679924e-07
0.6987899780273438 3.3718499556319636e-07
0.6997899780273438 1.7579876268492e-07
0.7007899780273438 1.6083763547373547e-07
0.7017899780273438 3.772838878527788e-07
0.7027899780273438 1.7372765528674466e-07
0.7037899780273438 2.865622961204887e-07
0.7047899780273438 2.058403337172147e-07
0.7057899780273438 2.855861324254268e-07
0.7067899780273438 2.5346759381742836e-07
0.7077899780273438 3.6787477559604066e-07
0.7087899780273438 2.439221407257719e-07
0.7097899780273438 1.9164517501243002e-07
0.7107899780273438 2.117154637441369e-07
0.7117899780273438 1.3417879962377792e-07
0.7127899780273438 9.313973421261798e-08
0.7137899780273438 1.6612770534329968e-07
0.7147899780273438 1.9061770287838915e-07
0.7157899780273438 3.238363691101161e-07
0.7167899780273438 3.3557496256738283e-07
0.7177899780273438 2.2507641344482466e-07
0.7187899780273438 1.1213593931339953e-07
0.7197899780273438 2.473888707754668e-07
0.7207899780273438 1.5471236487189327e-07
0.7217899780273438 4.022296222198444e-07
0.7227899780273438 2.3191938640051053e-07
0.7237899780273438 2.565148895161684e-07
0.7247899780273438 3.5527537572003586e-07
0.7257899780273438 3.8045956292383687e-07
0.7267899780273438 2.0681367156309232e-07
0.7277899780273438 2.525565927384103e-07
0.7287899780273438 1.3859049466861487e-07
0.7297899780273438 9.213886490518538e-08
0.7307899780273438 1.2165261861873944e-07
0.7317899780273438 2.8232446159866715e-07
0.7327899780273438 3.462634534419825e-07
0.7337899780273438 2.4909122996241707e-07
0.7347899780273438 3.397805024481689e-07
0.7357899780273438 2.2126336938654844e-07
0.7367899780273437 2.9264555486167395e-07
0.7377899780273437 3.342413769017819e-07
0.7387899780273437 2.947986779133771e-07
0.7397899780273437 2.548819008740821e-07
0.7407899780273437 2.7442159080237614e-07
0.7417899780273437 1.81354066626227e-07
0.7427899780273437 3.1252320695784876e-07
0.7437899780273437 1.693515703434419e-07
0.7447899780273437 1.8460849822747132e-07
0.7457899780273437 2.1946648489941838e-07
0.7467899780273437 1.8768077133006027e-07
0.7477899780273437 2.1831961930729448e-07
0.7487899780273437 2.889890235261798e-07
0.7497899780273437 3.1580828135702177e-07
0.7507899780273437 4.2102945978209993e-07
0.7517899780273437 4.930733727330031e-07
0.7527899780273437 2.4442829645347316e-07
0.7537899780273437 3.9728304424594777e-07
0.7547899780273437 3.5082914412972367e-07
0.7557899780273437 2.1110893041687007e-07
0.7567899780273437 3.3741435800038745e-07
0.7577899780273437 2.782178322983479e-07
0.7587899780273437 2.466998379417144e-07
0.7597899780273437 2.7888149851366487e-07
0.7607899780273437 2.380869322108718e-07
0.7617899780273437 1.980864976225405e-07
0.7627899780273437 3.381059468665626e-07
0.7637899780273437 2.1812923210203412e-07
0.7647899780273437 2.631000010181831e-07
0.7657899780273437 4.694873556824556e-07
0.7667899780273437 3.9729293954830306e-07
0.7677899780273437 4.787733754104314e-07
0.7687899780273437 3.8278745705611073e-07
0.7697899780273437 3.532767095748568e-07
0.7707899780273437 4.0666634352722517e-07
0.7717899780273437 4.98408450463709e-07
0.7727899780273437 3.474427679369304e-07
0.7737899780273437 2.1710266421059998e-07
0.7747899780273437 1.7037086848858963e-07
0.7757899780273437 2.4956753840103357e-07
0.7767899780273437 1.5252180898706058e-07
0.7777899780273437 3.009959952275191e-07
0.7787899780273437 1.125285336645021e-07
0.7797899780273437 3.033071334357373e-07
0.7807899780273437 2.0058308109582867e-07
0.7817899780273437 3.7752821299363857e-07
0.7827899780273437 2.335375305732394e-07
0.7837899780273437 3.781621065475823e-07
0.7847899780273437 1.952741574010967e-07
0.7857899780273437 1.5126447616845932e-07
0.7867899780273437 7.722212441940712e-08
0.7877899780273437 1.1014953426702335e-07
0.7887899780273437 1.0204576099089498e-07
0.7897899780273437 8.047316512123834e-08
0.7907899780273437 8.298646242780686e-08
0.7917899780273437 1.8235612211962386e-07
0.7927899780273437 5.088639904116121e-08
0.7937899780273437 1.1635888196970257e-07
0.7947899780273437 9.331051574375711e-08
0.7957899780273437 6.837486650942044e-08
0.7967899780273437 1.2181571375613488e-07
0.7977899780273437 1.7200605210117103e-07
0.7987899780273438 9.745012622812512e-08
0.7997899780273438 1.9671503161670908e-07
0.8007899780273438 2.5017582176042617e-07
0.8017899780273438 2.5733796601689384e-07
0.8027899780273438 1.4287769885985648e-07
0.8037899780273438 2.3478704668513933e-07
0.8047899780273438 7.38080113416979e-08
0.8057899780273438 1.9022320558417705e-07
0.8067899780273438 1.4037792319368062e-07
0.8077899780273438 1.0584866453262027e-07
0.8087899780273438 1.8199655653663896e-07
0.8097899780273438 9.638538201633092e-08
0.8107899780273438 2.2513658750031605e-07
0.8117899780273438 3.654793745280302e-08
0.8127899780273438 2.546151644879903e-07
0.8137899780273438 1.7210334010369367e-07
0.8147899780273438 2.442467687767588e-07
0.8157899780273438 3.644683435608554e-07
0.8167899780273438 1.688004499752538e-07
0.8177899780273438 1.5905755343150568e-07
0.8187899780273438 1.9904953299933622e-07
0.8197899780273438 2.9353020507905884e-07
0.8207899780273438 1.782474366318767e-07
0.8217899780273438 3.330395008721127e-07
0.8227899780273438 3.4087350795984426e-07
0.8237899780273438 1.29904184834862e-07
0.8247899780273438 1.802521095030838e-07
0.8257899780273438 2.287291910483982e-07
0.8267899780273438 3.201812449935389e-08
0.8277899780273438 1.193647692987074e-07
0.8287899780273438 2.568606238431683e-07
0.8297899780273438 2.5647876748363385e-07
0.8307899780273438 2.1602861435034014e-07
0.8317899780273438 2.0026793649810035e-07
0.8327899780273438 2.2981339152842993e-07
0.8337899780273438 3.7569118833120176e-07
0.8347899780273438 4.2889823496430845e-07
0.8357899780273438 5.092036839555045e-07
0.8367899780273438 2.9974654710801374e-07
0.8377899780273438 2.182254179822901e-07
0.8387899780273438 4.2210692581698697e-07
0.8397899780273438 4.6823774868780933e-07
0.8407899780273438 3.3184556055072387e-07
0.8417899780273438 1.3023293285157804e-07
0.8427899780273438 2.6922105636663677e-07
0.8437899780273438 3.676801794753796e-07
0.8447899780273438 3.444858312351448e-07
0.8457899780273438 4.511007093285264e-07
0.8467899780273438 2.472840505940998e-07
0.8477899780273438 3.8819105605773324e-07
0.8487899780273438 4.948458460948252e-07
0.8497899780273438 3.2118366167686166e-07
0.8507899780273438 3.7599449292729843e-07
0.8517899780273438 4.339995897660386e-07
0.8527899780273438 3.186843583672922e-07
0.8537899780273438 1.721201587620756e-07
0.8547899780273438 5.861582851881308e-07
0.8557899780273438 4.985252374242084e-07
0.8567899780273438 4.7461247468423116e-07
0.8577899780273438 3.6814795806306375e-07
0.8587899780273438 2.0152543719654983e-08
0.8597899780273438 3.779530705776053e-07
0.8607899780273438 6.911995138290318e-07
0.8617899780273437 5.981481157707e-07
0.8627899780273437 4.952660106066033e-07
0.8637899780273437 3.04075676764055e-07
0.8647899780273437 2.6308201042527373e-07
0.8657899780273437 1.7313874292710063e-07
0.8667899780273437 2.54915585512109e-07
0.8677899780273437 1.0000000000000002e-10
0.8687899780273437 2.382658738361702e-07
0.8697899780273437 1.0000000000000002e-10
0.8707899780273437 1.0000000000000002e-10
0.8717899780273437 1.0000000000000002e-10
0.8727899780273437 2.74385506827379e-07
0.8737899780273437 1.0000000000000002e-10
0.8747899780273437 3.3719575531137e-07
0.8757899780273437 9.344175787089313e-07
0.8767899780273437 1.1194262714349484e-06
0.8777899780273437 1.0000000000000002e-10
0.8787899780273437 1.0000000000000002e-10
0.8797899780273437 1.1535654388936774e-06
0.8807899780273437 2.7173432237525166e-07
0.8817899780273437 2.4753233294686953e-07
0.8827899780273437 9.369602616828033e-07
0.8837899780273437 9.763304716037898e-07
0.8847899780273437 7.757774097318577e-07
0.8857899780273437 2.098794831343404e-06
0.8867899780273437 1.4008399895955627e-06
0.8877899780273437 2.6361664224118807e-08
0.8887899780273437 2.0259966270675847e-06
0.8897899780273437 1.0000000000000002e-10
0.8907899780273437 2.820842868487816e-06
0.8917899780273437 1.0000000000000002e-10
0.8927899780273437 1.0000000000000002e-10
0.8937899780273437 2.53218430142196e-06
0.8947899780273437 1.0000000000000002e-10
0.8957899780273437 4.584959122048992e-06
0.8967899780273437 1.0000000000000002e-10
0.8977899780273437 4.1347645773137375e-07
0.8987899780273437 1.2393133643181629e-07
0.8997899780273437 3.5971319094015714e-07
0.9007899780273437 6.341377801432047e-08
0.9017899780273437 2.3181161518904327e-07
0.9027899780273437 9.564806180769566e-08
0.9037899780273437 2.6723787087200317e-07
0.9047899780273437 4.2663958673981387e-07
0.9057899780273437 4.2956462237249785e-07
0.9067899780273437 2.996873130978759e-07
0.9077899780273437 1.8617252157461973e-07
0.9087899780273437 3.036479664708434e-07
0.9097899780273437 3.7141505626078957e-07
0.9107899780273437 5.695836797617315e-08
0.9117899780273437 3.5099386861597914e-07
0.9127899780273437 5.869375312310103e-07
0.9137899780273437 2.544488825822923e-07
0.9147899780273437 4.0760321229962285e-07
0.9157899780273437 2.580603191253388e-07
0.9167899780273437 4.0895430659784636e-07
0.9177899780273437 3.6354232552094014e-07
0.9187899780273437 2.2072090084812752e-07
0.9197899780273437 4.912119470624866e-07
0.9207899780273437 3.5729713762411314e-07
0.9217899780273437 3.776498443179178e-07
0.9227899780273437 5.303605691544221e-07
0.9237899780273438 3.677593126183622e-07
0.9247899780273438 4.968051234704637e-07
0.9257899780273438 4.573400343001161e-07
0.9267899780273438 2.391588343387582e-07
0.9277899780273438 5.600073679443577e-07
0.9287899780273438 7.502417440864112e-07
0.9297899780273438 7.559695034675309e-07
0.9307899780273438 3.895252733426254e-07
0.9317899780273438 6.616606679237641e-07
0.9327899780273438 7.651988012570783e-07
0.9337899780273438 4.5733501226382636e-07
0.9347899780273438 6.666836017130639e-07
0.9357899780273438 7.038711615511536e-07
0.9367899780273438 7.540206363774024e-07
0.9377899780273438 6.214435974941649e-07
0.9387899780273438 7.73131221823171e-07
0.9397899780273438 5.008399055797999e-07
0.9407899780273438 5.647587951018099e-07
0.9417899780273438 4.7203741240400355e-07
0.9427899780273438 6.719563772554698e-07
0.9437899780273438 6.40305080873076e-07
0.9447899780273438 4.870514750976194e-07
0.9457899780273438 3.5630991533816054e-07
0.9467899780273438 7.081874088602475e-07
0.9477899780273438 7.364279786068255e-07
0.9487899780273438 7.187516041806735e-07
0.9497899780273438 4.588741288224446e-07
0.9507899780273438 7.879906983622968e-07
0.9517899780273438 6.962180908471538e-07
0.9527899780273438 7.837386021976991e-07
0.9537899780273438 9.550062592009407e-07
0.9547899780273438 7.249549690764863e-07
0.9557899780273438 7.201205193061246e-07
0.9567899780273438 7.887203839117894e-07
0.9577899780273438 1.0438443623587551e-06
0.9587899780273438 8.361159013985967e-07
0.9597899780273438 6.208277686586676e-07
0.9607899780273438 6.938653733436468e-07
0.9617899780273438 7.444789077128944e-07
0.9627899780273438 4.2982929649566946e-07
0.9637899780273438 6.673009559423265e-07
0.9647899780273438 6.331366573005133e-07
0.9657899780273438 8.167270694452336e-07
0.9667899780273438 7.021652976548577e-07
0.9677899780273438 5.682924875532799e-07
0.9687899780273438 9.730888672890828e-07
0.9697899780273438 8.380698925195739e-07
0.9707899780273438 7.615912977842321e-07
0.9717899780273438 8.585741508363175e-07
0.9727899780273438 9.729093900214115e-07
0.9737899780273438 6.771942657578493e-07
0.9747899780273438 6.859662631851152e-07
0.9757899780273438 8.489761169099414e-07
0.9767899780273438 7.046707112993241e-07
0.9777899780273438 5.491376792745082e-07
0.9787899780273438 3.497513069196639e-07
0.9797899780273438 6.67818420392035e-07
0.9807899780273438 5.957845872912916e-07
0.9817899780273438 6.942799363851342e-07
0.9827899780273438 4.2970283699159226e-07
0.9837899780273438 4.93010662494213e-07
0.9847899780273438 5.919135501464151e-07
0.9857899780273438 6.913892664413035e-07
0.9867899780273437 8.982540437849002e-07
0.9877899780273437 4.401956666697743e-07
0.9887899780273437 7.432815538951974e-07
0.9897899780273437 9.1209103071542e-07
0.9907899780273437 7.631616178331932e-07
0.9917899780273437 6.068575745527605e-07
0.9927899780273437 6.609012100121815e-07
0.9937899780273437 7.072130190751458e-07
0.9947899780273437 7.939665538712104e-07
0.9957899780273437 7.850011283595554e-07
0.9967899780273437 7.2064571062506e-07
0.9977899780273437 7.53762381425912e-07
0.9987899780273437 4.678552310603361e-06
0.9997899780273437 4.048868237684171e-06
1.0007899780273437 5.8746174909174444e-06
1.0017899780273438 4.962954068711648e-06
1.0027899780273437 4.880401344659428e-06
1.0037899780273438 5.810865356276432e-06
1.0047899780273437 4.570958165762325e-06
1.0057899780273438 5.022998666390777e-06
1.0067899780273437 3.078832329871754e-06
1.0077899780273438 4.442490462679416e-06
1.0087899780273437 4.22484192919607e-06
1.0097899780273438 4.8492210529123746e-06
1.0107899780273437 4.811505010972421e-06
1.0117899780273438 3.503174618041764e-06
1.0127899780273437 4.46476973593235e-06
1.0137899780273438 4.659945649715761e-06
1.0147899780273437 6.21612329268828e-06
1.0157899780273438 4.8557081026956435e-06
1.0167899780273437 5.5082743832220634e-06
1.0177899780273438 4.4504349352791905e-06
1.0187899780273437 5.550470668822527e-06
1.0197899780273438 4.772803610345969e-06
1.0207899780273437 4.20533634799843e-06
1.0217899780273438 4.733576109477629e-06
1.0227899780273437 4.782481798126052e-06
1.0237899780273438 4.505203978624195e-06
1.0247900390625 4.46247577201575e-06
1.0257900390625 3.974264351806293e-06
1.0267900390625 4.170206957496703e-06
1.0277900390625 4.0678613004274665e-06
1.0287900390625 3.757207014132291e-06
1.0297900390625 4.568404013601442e-06
1.0307900390625 4.034201653363804e-06
1.0317900390625 4.0364251860106986e-06
1.0327900390625 3.0091029960506902e-06
1.0337900390625 3.605825768318027e-06
1.0347900390625 3.906319616362452e-06
1.0357900390625 3.552185953594744e-06
1.0367900390625 4.300183015099416e-06
1.0377900390625 4.308193650407095e-06
1.0387900390625 4.07527443409587e-06
1.0397900390625 3.2595819599616035e-06
1.0407900390625 2.847265956612925e-06
1.0417900390625 2.526713360566646e-06
1.0427900390625 3.6522105801850557e-06
1.0437900390625 4.085326994148393e-06
1.0447900390625 3.734642620353649e-06
1.0457900390625 3.86253435863182e-06
1.0467900390625 4.3395483711113534e-06
1.0477900390625 3.6490379716269673e-06
1.0487900390625 3.700263914652169e-06
1.0497900390625 9.851495512217905e-07
1.0507900390625 2.900220376128952e-06
1.0517900390625 2.4933997095407296e-06
1.0527900390625 2.960793305343638e-06
1.0537900390625 3.120367618976161e-06
1.0547900390625 3.798310353886336e-06
1.0557900390625 2.982294342170159e-06
1.0567900390625 3.3171026734635234e-06
1.0577900390625 3.715774995119621e-06
1.0587900390625 2.464923745719716e-06
1.0597900390625 4.1378315654583275e-06
1.0607900390625 3.6461426255603627e-06
1.0617900390625 3.7212403064283233e-06
1.0627900390625 2.11015595899274e-06
1.0637900390625 2.967709636626144e-06
1.0647900390625 2.7139889425598084e-06
1.0657900390625 3.3449530019424858e-06
1.0667900390625 4.530786342608432e-06
1.0677900390625 3.658173664007336e-06
1.0687900390625 2.9092356756639975e-06
1.0697900390625 2.7797720395028593e-06
1.0707900390625 2.752487998805009e-06
1.0717900390625 2.651639370014891e-06
1.0727900390625 2.423734646678592e-06
1.0737900390625 2.986558004825686e-06
1.0747900390625 2.634070939772452e-06
1.0757900390625 2.1285599602075915e-06
1.0767900390625 4.042989409451063e-06
1.0777900390625 2.34498773352243e-06
1.0787900390625 2.5600216758903117e-06
1.0797900390625 3.5718256064380212e-06
1.0807900390625 3.1327246688306333e-06
1.0817900390625 3.6325829569250347e-06
1.0827900390625 2.456696068596405e-06
1.0837900390625 3.421807293004046e-06
1.0847900390625 3.4202674093345805e-06
1.0857900390625 1.8152233193783709e-06
1.0867900390625 2.530726002684484e-06
1.0877900390625 2.896935329772532e-06
1.0887900390625 2.9957200361726183e-06
1.0897900390625 1.6703583241906016e-06
1.0907900390625 2.272577645877997e-06
1.0917900390625 2.436782669974491e-06
1.0927900390625 3.8143000953520338e-06
1.0937900390625 3.324476322935273e-06
1.0947900390625 2.771638343498732e-06
1.0957900390625 3.143000746301065e-06
1.0967900390625 2.5187229524211337e-06
1.0977900390625 3.411141030179958e-06
1.0987900390625 2.5650300570608425e-06
1.0997900390625 1.7431703357336423e-06
1.1007900390625 3.2753143265532954e-06
1.1017900390625 3.3477206792061525e-06
1.1027900390625 2.1847693036155155e-06
1.1037900390625 1.4900425594532863e-06
1.1047900390625 3.5215926861080033e-06
1.1057900390625 2.8576793071503443e-06
1.1067900390625 2.900979986103873e-06
1.1077900390625 2.973356264798592e-06
1.1087900390625 3.2540783286094665e-06
1.1097900390625 2.439876067607353e-06
1.1107900390625 2.3933606765543423e-06
1.1117900390625 3.1659603700973096e-06
1.1127900390625 1.9406143595309306e-06
1.1137900390625 2.0669437071774156e-06
1.1147900390625 3.3665759838186204e-06
1.1157900390625 2.353197002472977e-06
1.1167900390625 3.436080684574942e-06
1.1177900390625 2.7916757001851993e-06
1.1187900390625 2.9192716950395455e-06
1.1197900390625 1.8986240320373326e-06
1.1207900390625 1.7380800272803753e-06
1.1217900390625 1.968293023916582e-06
1.1227900390625 2.7785383281297983e-06
1.1237900390625 2.741433612148588e-06
1.1247900390625 1.9789786892943085e-06
1.1257900390625 2.137286258706202e-06
1.1267900390625 2.3675959285659095e-06
1.1277900390625 2.283255938285341e-06
1.1287900390625 2.8561233678677427e-06
1.1297900390625 3.090938359188537e-06
1.1307900390625 3.191884704089413e-06
1.1317900390625 2.8863629753080507e-06
1.1327900390625 3.123101293264578e-06
1.1337900390625 2.5243486258356524e-06
1.1347900390625 3.528027640034755e-06
1.1357900390625 2.1032907049326845e-06
1.1367900390625 2.6585333398543297e-06
1.1377900390625 1.8000596901401878e-06
1.1387900390625 2.695781974277149e-06
1.1397900390625 3.1427213495286805e-06
1.1407900390625 2.978402335429564e-06
1.1417900390625 1.9756159842169532e-06
1.1427900390625 2.6758070453070104e-06
1.1437900390625 2.742551635795583e-06
1.1447900390625 2.4526153477684905e-06
1.1457900390625 2.200789313064888e-06
1.1467900390625 2.959848012930403e-06
1.1477900390625 2.6811359566636385e-06
1.1487900390625 2.3181979971316953e-06
1.1497900390625 1.6012296691769733e-06
1.1507900390625 2.3733740575456373e-06
1.1517900390625 2.3197169745496163e-06
1.1527900390625 3.1706066996169585e-06
1.1537900390625 3.4835490320498747e-06
1.1547900390625 2.9710303351748734e-06
1.1557900390625 3.7324500347798065e-06
1.1567900390625 3.178529635382195e-06
1.1577900390625 2.1265196846798063e-06
1.1587900390625 3.041656940088918e-06
1.1597900390625 2.0148940287375204e-06
1.1607900390625 2.90644500637427e-06
1.1617900390625 2.114181988872588e-06
1.1627900390625 3.195848936835925e-06
1.1637900390625 2.3483049396115043e-06
1.1647900390625 2.727195678744465e-06
1.1657900390625 1.9427943334449082e-06
1.1667900390625 2.8889563206272823e-06
1.1677900390625 1.5427113248733804e-06
1.1687900390625 2.3218936500294753e-06
1.1697900390625 3.0163480550982056e-06
1.1707900390625 2.4009453773032873e-06
1.1717900390625 2.404178618841494e-06
1.1727900390625 3.1954265917496135e-06
1.1737900390625 2.3475436804195244e-06
1.1747900390625 3.0683816294185815e-06
1.1757900390625 3.4481743932701646e-06
1.1767900390625 3.762037376873195e-06
1.1777900390625 2.8853092226199806e-06
1.1787900390625 2.6152629773908604e-06
1.1797900390625 2.8125359676778316e-06
1.1807900390625 2.400610343708346e-06
1.1817900390625 2.820194010079528e-06
1.1827900390625 2.197436309264352e-06
1.1837900390625 2.5981566674696904e-06
1.1847900390625 2.0403456922698146e-06
1.1857900390625 1.958158342555786e-06
1.1867900390625 2.8806472740446528e-06
1.1877900390625 3.091555651432524e-06
1.1887900390625 2.966759930131957e-06
1.1897900390625 3.2756383491990465e-06
1.1907900390625 3.1752170373996098e-06
1.1917900390625 2.4077229803272836e-06
1.1927900390625 2.5290149884919326e-06
1.1937900390625 3.2961463633303837e-06
1.1947900390625 1.964807961485349e-06
1.1957900390625 3.390438699473937e-06
1.1967900390625 3.508671652525663e-06
1.1977900390625 2.1304950253882755e-06
1.1987900390625 3.6323389698130387e-06
1.1997900390625 3.374753093036513e-06
1.2007900390625 3.1820990261621772e-06
1.2017900390625 2.428761605794231e-06
1.2027900390625 3.3909079502336683e-06
1.2037900390625 1.9950589436727263e-06
1.2047900390625 3.389736035993944e-06
1.2057900390625 2.8278070385567846e-06
1.2067900390625 3.0602839736578362e-06
1.2077900390625 2.1556112915277483e-06
1.2087900390625 2.8330550412647426e-06
1.2097900390625 3.2936169494253893e-06
1.2107900390625 2.1182910616820057e-06
1.2117900390625 3.017278698583444e-06
1.2127900390625 2.944917941931635e-06
1.2137900390625 2.639607070401932e-06
1.2147900390625 3.848020375395814e-06
1.2157900390625 3.155954764224589e-06
1.2167900390625 2.936927048722282e-06
1.2177900390625 3.4821189668339984e-06
1.2187900390625 4.040914063807577e-06
1.2197900390625 3.7264503771439195e-06
1.2207900390625 3.6999569662536187e-06
1.2217900390625 4.296600624608497e-06
1.2227900390625 4.341572057455778e-06
1.2237900390625 4.690699958397696e-06
1.2247900390625 4.158736749862631e-06
1.2257900390625 4.1075579550427696e-06
1.2267900390625 4.641509925325711e-06
1.2277900390625 3.523972409311682e-06
1.2287900390625 4.274941650995363e-06
1.2297900390625 4.462216068835308e-06
1.2307900390625 5.258263845462352e-06
1.2317900390625 4.591857044336696e-06
1.2327900390625 4.01870939337338e-06
1.2337900390625 5.097276492354771e-06
1.2347900390625 5.850910480755071e-06
1.2357900390625 5.755466409027577e-06
1.2367900390625 6.6239633209382495e-06
1.2377900390625 6.093217137580117e-06
1.2387900390625 5.66928560147062e-06
1.2397900390625 7.053709123283625e-06
1.2407900390625 6.131892053720852e-06
1.2417900390625 8.394282776862382e-06
1.2427900390625 8.84030635158221e-06
1.2437900390625 7.642971856209138e-06
1.2447900390625 8.681172815461953e-06
1.2457900390625 8.858876923720041e-06
1.2467900390625 9.963812190108e-06
1.2477900390625 1.0784256737679243e-05
1.2487900390625 1.1256470267350476e-05
1.2497900390625 1.2048180215060711e-05
1.2507900390625 1.2889213394373655e-05
1.2517900390625 1.4860376638049882e-05
1.2527900390625 1.6408469916010898e-05
1.2537900390625 1.5901116809497278e-05
1.2547900390625 1.889424631372094e-05
1.2557900390625 2.0806083533292015e-05
1.2567900390625 2.2376843262463808e-05
1.2577900390625 2.371484413743019e-05
1.2587900390625 2.551705033207933e-05
1.2597900390625 2.78335134498775e-05
1.2607900390625 3.0953093276669585e-05
1.2617900390625 3.370238002389669e-05
1.2627900390625 3.6959543358534574e-05
1.2637900390625 4.039320318649213e-05
1.2647900390625 4.442446244259675e-05
1.2657900390625 4.953211018194755e-05
1.2667900390625 5.465794975558917e-05
1.2677900390625 6.118850316852331e-05
1.2687900390625 6.810624773303668e-05
1.2697900390625 7.390038265536229e-05
1.2707900390625 8.379018244644007e-05
1.2717900390625 9.322895978887877e-05
1.2727900390625 0.0001059574664880832
1.2737900390625 0.00011834856743613878
1.2747900390625 0.0001340242320050796
1.2757900390625 0.00015267220325767994
1.2767900390625 0.00017284079765280086
1.2777900390625 0.0001967158665259679
1.2787900390625 0.00022453633447488147
1.2797900390625 0.0002565983682870865
1.2807900390625 0.0002945166702071826
1.2817900390625 0.0003370907654364904
1.2827900390625 0.0003863498071829478
1.2837900390625 0.00044413487116495766
1.2847900390625 0.000508740171790123
1.2857900390625 0.0005835159619649252
1.2867900390625 0.0006742984056472779
1.2877900390625 0.0007720560828844707
1.2887900390625 0.0008954317371050517
1.2897900390625 0.0010349176824092864
1.2907900390625 0.0011953419943650564
1.2917900390625 0.0013816429674625398
1.2927900390625 0.0016234053174654641
1.2937900390625 0.0018808733423550925
1.2947900390625 0.0021936459839344024
1.2957900390625 0.002603456775347392
1.2967900390625 0.003062939643859863
1.2977900390625 0.003620037039120992
1.2987900390625 0.004335332314173381
1.2997900390625 0.005196523269017538
1.3007900390625 0.006222358743349711
1.3017900390625 0.007560208042462668
1.3027900390625 0.009167963067690531
1.3037900390625 0.011097379922866822
1.3047900390625 0.013508906364440918
1.3057900390625 0.016559850374857587
1.3067900390625 0.019845580259958903
1.3077900390625 0.022726003328959146
1.3087900390625 0.02531248648961385
1.3097900390625 0.026650190353393555
1.3107900390625 0.029132233460744224
1.3117900390625 0.03276180744171143
1.3127900390625 0.03598811388015747
1.3137900390625 0.03984147071838379
1.3147900390625 0.04544328530629475
1.3157900390625 0.05010396003723144
1.3167900390625 0.05705403010050456
1.3177900390625 0.06434716701507569
1.3187900390625 0.07419527689615886
1.3197900390625 0.08392750104268393
1.3207900390625 0.09981860796610514
1.3217900390625 0.11746086756388346
1.3227900390625 0.1389282004038493
1.3237900390625 0.16159723281860353
1.3247900390625 0.1926495615641276
1.3257900390625 0.2232241694132487
1.3267900390625 0.2606341044108073
1.3277900390625 0.30153593063354495
1.3287900390625 0.34944466908772787
1.3297900390625 0.4020575714111328
1.3307900390625 0.4617824935913086
1.3317900390625 0.5214214706420899
1.3327900390625 0.5841530354817709
1.3337900390625 0.6461031214396159
1.3347900390625 0.6994699096679687
1.3357900390625 0.7540462493896485
1.3367900390625 0.7965387217203777
1.3377900390625 0.8333850351969402
1.3387900390625 0.8612679545084636
1.3397900390625 0.884702657063802
1.3407900390625 0.9000930786132812
1.3417900390625 0.9093886311848958
1.3427900390625 0.9165685272216797
1.3437900390625 0.9253146362304687
1.3447900390625 0.9244156901041667
1.3457900390625 0.9250702412923176
1.3467900390625 0.933129399617513
1.3477900390625 0.9325134023030599
1.3487900390625 0.9357720947265625
1.3497900390625 0.9374346923828125
1.3507900390625 0.9402033742268879
1.3517900390625 0.9435103861490886
1.3527900390625 0.9440734354654948
1.3537900390625 0.9461383056640625
1.3547900390625 0.9449098205566406
1.3557900390625 0.9449038441975911
1.3567900390625 0.9448615010579426
1.3577900390625 0.9431580607096355
1.3587900390625 0.9431435139973958
1.3597900390625 0.9433034769694011
1.3607900390625 0.9417601521809895
1.3617900390625 0.9419956715901692
1.3627900390625 0.9372449747721354
1.3637900390625 0.9423988850911458
1.3647900390625 0.9396395874023438
1.3657900390625 0.9385636393229168
1.3667900390625 0.9363231404622395
1.3677900390625 0.9342157745361328
1.3687900390625 0.9397411092122395
1.3697900390625 0.9357470703125
1.3707900390625 0.9385094706217448
1.3717900390625 0.940216801961263
1.3727900390625 0.9352698008219401
1.3737900390625 0.9354426320393879
1.3747900390625 0.9350138600667317
1.3757900390625 0.9336640167236329
1.3767900390625 0.9341597493489583
1.3777900390625 0.9346814473470052
1.3787900390625 0.932280782063802
1.3797900390625 0.930425542195638
1.3807900390625 0.9306681569417318
1.3817900390625 0.9296341705322265
1.3827900390625 0.9306094614664714
1.3837900390625 0.9298676045735677
1.3847900390625 0.9303376770019531
1.3857900390625 0.9279900614420573
1.3867900390625 0.9297824096679688
1.3877900390625 0.9281021881103516
1.3887900390625 0.9281974792480469
1.3897900390625 0.9271535746256511
1.3907900390625 0.927643534342448
1.3917900390625 0.9276725769042968
1.3927900390625 0.9297008260091145
1.3937900390625 0.9299495442708333
1.3947900390625 0.9292498779296875
1.3957900390625 0.9325884755452474
1.3967900390625 0.931835428873698
1.3977900390625 0.9323300170898438
1.3987900390625 0.9320833841959636
1.3997900390625 0.934558817545573
1.4007900390625 0.9358976236979167
1.4017900390625 0.9378147379557292
1.4027900390625 0.9398117319742839
1.4037900390625 0.9393546040852864
1.4047900390625 0.9396557871500651
1.4057900390625 0.9425034077962239
1.4067900390625 0.9437862141927083
1.4077900390625 0.942422383626302
1.4087900390625 0.9479356129964193
1.4097900390625 0.9471646626790364
1.4107900390625 0.9446848042805989
1.4117900390625 0.9468408711751302
1.4127900390625 0.9492915852864583
1.4137900390625 0.9498318735758464
1.4147900390625 0.9492875417073567
1.4157900390625 0.9508331553141276
1.4167900390625 0.953684819539388
1.4177900390625 0.9541569264729817
1.4187900390625 0.9554724629720052
1.4197900390625 0.9551987711588542
1.4207900390625 0.9542055002848308
1.4217900390625 0.9598558807373047
1.4227900390625 0.9546055094401042
1.4237900390625 0.958488260904948
1.4247900390625 0.958297119140625
1.4257900390625 0.9539945220947266
1.4267900390625 0.9605456034342449
1.4277900390625 0.9584441630045574
1.4287900390625 0.9590882364908855
1.4297900390625 0.9633943684895833
1.4307900390625 0.959698003133138
1.4317900390625 0.9611050923665364
1.4327900390625 0.9588915761311848
1.4337900390625 0.9625301361083984
1.4347900390625 0.9624791717529297
1.4357900390625 0.9580215708414714
1.4367900390625 0.9605460103352864
1.4377900390625 0.9636906433105469
1.4387900390625 0.961829605102539
1.4397900390625 0.9635125732421875
1.4407900390625 0.9634161376953125
1.4417900390625 0.9613188680013021
1.4427900390625 0.9616686503092449
1.4437900390625 0.9657437896728516
1.4447900390625 0.9658911895751953
1.4457900390625 0.9622933705647786
1.4467900390625 0.9636168162027995
1.4477900390625 0.9640739440917969
1.4487900390625 0.964729995727539
1.4497900390625 0.9603412119547526
1.4507900390625 0.9633857727050781
1.4517900390625 0.963477528889974
1.4527900390625 0.9606668090820313
1.4537900390625 0.9595033772786458
1.4547900390625 0.9573402404785156
1.4557900390625 0.9591424306233723
1.4567900390625 0.9581630198160808
1.4577900390625 0.9569897715250651
1.4587900390625 0.9578600311279297
1.4597900390625 0.9558194478352864
1.4607900390625 0.9532703399658203
1.4617900390625 0.9489176432291667
1.4627900390625 0.9466363271077474
1.4637900390625 0.9445083109537761
1.4647900390625 0.9446276346842448
1.4657900390625 0.9459783172607422
1.4667900390625 0.9404793039957683
1.4677900390625 0.9411693318684895
1.4687900390625 0.9409572855631511
1.4697900390625 0.9377597808837891
1.4707900390625 0.9335718536376953
1.4717900390625 0.935696283976237
1.4727900390625 0.9356335194905598
1.4737900390625 0.9328445180257161
1.4747900390625 0.9343476867675782
1.4757900390625 0.9316007232666016
1.4767900390625 0.9291225941975911
1.4777900390625 0.9347277069091797
1.4787900390625 0.9336032613118489
1.4797900390625 0.933912607828776
1.4807900390625 0.9316207885742187
1.4817900390625 0.9367332458496094
1.4827900390625 0.9354357655843099
1.4837900390625 0.9337619272867839
1.4847900390625 0.9357572428385417
1.4857900390625 0.9424726867675781
1.4867900390625 0.9399578857421875
1.4877900390625 0.9425180053710938
1.4887900390625 0.9429684702555339
1.4897900390625 0.9436457061767578
1.4907900390625 0.9466253407796223
1.4917900390625 0.947854487101237
1.4927900390625 0.9497463480631511
1.4937900390625 0.9491277313232422
1.4947900390625 0.9526097106933594
1.4957900390625 0.954509760538737
1.4967900390625 0.956316426595052
1.4977900390625 0.9547108459472656
1.4987900390625 0.9562758890787761
1.4997900390625 0.9598086039225261
1.5007900390625 0.963497823079427
1.5017900390625 0.962069829305013
1.5027900390625 0.9636078898111979
1.5037900390625 0.9657112630208333
1.5047900390625 0.9643785603841145
1.5057900390625 0.9663971710205078
1.5067900390625 0.9671096801757812
1.5077900390625 0.9687919108072918
1.5087900390625 0.9715230305989583
1.5097900390625 0.9738235727945964
1.5107900390625 0.972344462076823
1.5117900390625 0.9725529479980469
1.5127900390625 0.9748858642578125
1.5137900390625 0.9767008463541668
1.5147900390625 0.9713283030192058
1.5157900390625 0.9740777587890626
1.5167900390625 0.9712972005208332
1.5177900390625 0.9749067433675129
1.5187900390625 0.9722703806559245
1.5197900390625 0.9726864878336589
1.5207900390625 0.9708887990315754
1.5217900390625 0.9711757151285808
1.5227900390625 0.971022669474284
1.5237900390625 0.9737185668945313
1.5247900390625 0.9695883941650391
1.5257900390625 0.97111083984375
1.5267900390625 0.9689059193929036
1.5277900390625 0.9685354359944661
1.5287900390625 0.9685522715250652
1.5297900390625 0.9624031829833984
1.5307900390625 0.9683735148111979
1.5317900390625 0.963622334798177
1.5327900390625 0.9606822204589843
1.5337900390625 0.9559712727864583
1.5347900390625 0.9627825927734375
1.5357900390625 0.9601005045572917
1.5367900390625 0.9582283274332682
1.5377900390625 0.9590810902913411
1.5387900390625 0.9583523559570313
1.5397900390625 0.9554056549072265
1.5407900390625 0.9545741017659505
1.5417900390625 0.9553601582845052
1.5427900390625 0.9543865458170573
1.5437900390625 0.9533837636311848
1.5447900390625 0.9584487152099609
1.5457900390625 0.9527342224121094
1.5467900390625 0.9523860168457031
1.5477900390625 0.9515834808349609
1.5487900390625 0.955582758585612
1.5497900390625 0.9528468068440755
1.5507900390625 0.9524699147542317
1.5517900390625 0.9466341654459636
1.5527900390625 0.9510593414306641
1.5537900390625 0.9495670572916667
1.5547900390625 0.9499631754557292
1.5557900390625 0.9487579345703125
1.5567900390625 0.9464077504475911
1.5577900390625 0.946291275024414
1.5587900390625 0.9470834604899089
1.5597900390625 0.9467812601725261
1.5607900390625 0.9439617156982422
1.5617900390625 0.9471255747477214
1.5627900390625 0.9426018269856771
1.5637900390625 0.9458201344807943
1.5647900390625 0.9450993855794271
1.5657900390625 0.9444411977132161
1.5667900390625 0.9461312103271484
1.5677900390625 0.9427687835693359
1.5687900390625 0.9453149668375651
1.5697900390625 0.9480308024088542
1.5707900390625 0.9455158233642578
1.5717900390625 0.9500815327962239
1.5727900390625 0.9540179951985677
1.5737900390625 0.9533763631184895
1.5747900390625 0.9548921712239583
1.5757900390625 0.9527878824869792
1.5767900390625 0.9578314208984375
1.5777900390625 0.9589835357666016
1.5787900390625 0.9590511830647785
1.5797900390625 0.9640038553873699
1.5807900390625 0.9681270090738933
1.5817900390625 0.9668518320719401
1.5827900390625 0.9687707010904948
1.5837900390625 0.973921381632487
1.5847900390625 0.975156758626302
1.5857900390625 0.9774632263183594
1.5867900390625 0.9733025105794271
1.5877900390625 0.9790120697021485
1.5887900390625 0.9772908020019532
1.5897900390625 0.9833892822265625
1.5907900390625 0.9813419087727864
1.5917900390625 0.984274393717448
1.5927900390625 0.9835499572753906
1.5937900390625 0.9837271881103515
1.5947900390625 0.9831914520263672
1.5957900390625 0.9806371561686198
1.5967900390625 0.986774673461914
1.5977900390625 0.9841085306803385
1.5987900390625 0.9837456766764323
1.5997900390625 0.9798646291097005
1.6007900390625 0.9866985829671223
1.6017900390625 0.9801063028971355
1.6027900390625 0.9814463297526043
1.6037900390625 0.9798291269938152
1.6047900390625 0.985926996866862
1.6057900390625 0.9846462758382161
1.6067900390625 0.9828148905436198
1.6077900390625 0.9787498728434245
1.6087900390625 0.982291259765625
1.6097900390625 0.983533706665039
1.6107900390625 0.9818289438883464
1.6117900390625 0.9829157002766926
1.6127900390625 0.9802422332763672
1.6137900390625 0.9831439463297527
1.6147900390625 0.9846001434326171
1.6157900390625 0.9829222106933594
1.6167900390625 0.9854354095458985
1.6177900390625 0.985706278483073
1.6187900390625 0.9778242746988933
1.6197900390625 0.982582015991211
1.6207900390625 0.9771514638264973
1.6217900390625 0.9822048441569011
1.6227900390625 0.9772179412841797
1.6237900390625 0.9807964324951172
1.6247900390625 0.9795465342203776
1.6257900390625 0.9778264109293621
1.6267900390625 0.9766038767496745
1.6277900390625 0.9812539927164714
1.6287900390625 0.9763694763183594
1.6297900390625 0.9757025909423828
1.6307900390625 0.97548828125
1.6317900390625 0.9761975606282551
1.6327900390625 0.9794461568196614
1.6337900390625 0.9757425689697266
1.6347900390625 0.9765811920166015
1.6357900390625 0.9792489624023437
1.6367900390625 0.9764822387695312
1.6377900390625 0.9760487874348958
1.6387900390625 0.9764343516031901
1.6397900390625 0.9764065806070964
1.6407900390625 0.9740508778889974
1.6417900390625 0.9762233479817708
1.6427900390625 0.9718487803141277
1.6437900390625 0.9747165425618489
1.6447900390625 0.9661676534016926
1.6457900390625 0.9743702697753907
1.6467900390625 0.9711589813232422
1.6477900390625 0.9728922780354817
1.6487900390625 0.9690887959798177
1.6497900390625 0.9733066304524739
1.6507900390625 0.9726407877604167
1.6517900390625 0.9740859985351562
1.6527900390625 0.9791806538899739
1.6537900390625 0.9796696472167968
1.6547900390625 0.9792475891113281
1.6557900390625 0.9744952138264974
1.6567900390625 0.9739776357014973
1.6577900390625 0.9685509745279949
1.6587900390625 0.958156967163086
1.6597900390625 0.9390857696533204
1.6607900390625 0.9216818745930989
1.6617900390625 0.88755615234375
1.6627900390625 0.8533936309814453
1.6637900390625 0.8012528991699219
1.6647900390625 0.749396260579427
1.6657900390625 0.691674321492513
1.6667900390625 0.6307310485839843
1.6677900390625 0.5727789688110352
1.6687900390625 0.5084208424886068
1.6697900390625 0.4449334716796875
1.6707900390625 0.3909455362955729
1.6717900390625 0.33628746668497717
1.6727900390625 0.2899212328592936
1.6737900390625 0.24635653177897138
1.6747900390625 0.21128550211588543
1.6757900390625 0.1833580271402995
1.6767900390625 0.15895320256551107
1.6777900390625 0.14063779830932618
1.6787900390625 0.12225393295288085
1.6797900390625 0.10723320007324219
1.6807900390625 0.09398002624511718
1.6817900390625 0.08371159871419272
1.6827900390625 0.0734326696395874
1.6837900390625 0.066200270652771
1.6847900390625 0.05869418462117513
1.6857900390625 0.05077495574951172
1.6867900390625 0.043462915420532225
1.6877900390625 0.03670304298400879
1.6887900390625 0.030745059649149576
1.6897900390625 0.025933279991149902
1.6907900390625 0.02182358264923096
1.6917900390625 0.01843569993972778
1.6927900390625 0.015400643348693848
1.6937900390625 0.013051693439483642
1.6947900390625 0.011009550094604493
1.6957900390625 0.009258878628412882
1.6967900390625 0.007895774841308593
1.6977900390625 0.006686350703239441
1.6987900390625 0.005704008539517721
1.6997900390625 0.0048839335640271505
1.7007900390625 0.004197543958822886
1.7017900390625 0.003596430917580922
1.7027900390625 0.0031080859899520873
1.7037900390625 0.0026916123429934187
1.7047900390625 0.002321475644906362
1.7057900390625 0.0020253179967403413
1.7067900390625 0.0017696757117907206
1.7077900390625 0.0015469830234845481
1.7087900390625 0.0013554953535397849
1.7097900390625 0.0011929740011692048
1.7107900390625 0.0010489333420991898
1.7117900390625 0.00092060682674249
1.7127900390625 0.0008192513386408489
1.7137900390625 0.0007225413123766581
1.7147900390625 0.0006455660487214725
1.7157900390625 0.0005755305041869481
1.7167900390625 0.0005142493297656377
1.7177900390625 0.00045701286445061365
1.7187900390625 0.00041336496671040855
1.7197900390625 0.0003716844320297241
1.7207900390625 0.000334104597568512
1.7217900390625 0.00030230343341827395
1.7227900390625 0.0002726653714974721
1.7237900390625 0.0002483045992751916
1.7247900390625 0.00022375676160057384
1.7257900390625 0.00020551490286986035
1.7267900390625 0.0001846670297284921
1.7277900390625 0.0001709216336409251
1.7287900390625 0.00015348099792997043
1.7297900390625 0.0001418773333231608
1.7307900390625 0.00013066653162240982
1.7317900390625 0.00011709963281949362
1.7327900390625 0.00011221766782303652
1.7337900390625 9.837557872136435e-05
1.7347900390625 9.105259863038858e-05
1.7357900390625 8.59023972103993e-05
1.7367900390625 7.735872796426217e-05
1.7377900390625 7.317755992213885e-05
1.7387900390625 7.005225867033004e-05
1.7397900390625 6.292835188408692e-05
1.7407900390625 5.7618130619327233e-05
1.7417900390625 5.464043313016494e-05
1.7427900390625 5.0086399229864284e-05
1.7437900390625 4.678774004181226e-05
1.7447900390625 4.2854676333566504e-05
1.7457900390625 4.059767350554466e-05
1.7467900390625 3.6826160115500295e-05
1.7477900390625 3.564452364419898e-05
1.7487900390625 3.465295614053806e-05
1.7497900390625 3.2217702828347685e-05
1.7507900390625 2.9529565945267678e-05
1.7517900390625 2.863073954358697e-05
1.7527900390625 2.6192856797327598e-05
1.7537900390625 2.4693786787490047e-05
1.7547900390625 2.3781036337216698e-05
1.7557900390625 2.160732944806417e-05
1.7567900390625 2.1834130554149547e-05
1.7577900390625 2.333924019088348e-05
1.7587900390625 2.0468103078504406e-05
1.7597900390625 1.586732338182628e-05
1.7607900390625 2.0214770144472517e-05
1.7617900390625 1.4784933300688863e-05
1.7627900390625 1.4867986319586635e-05
1.7637900390625 1.744129656193157e-05
1.7647900390625 1.6348680170873803e-05
1.7657900390625 1.6307299956679346e-05
1.7667900390625 1.3762153297041852e-05
1.7677900390625 1.3488753465935587e-05
1.7687900390625 1.0187782463617622e-05
1.7697900390625 1.6174533326799673e-05
1.7707900390625 1.0154444607906043e-05
1.7717900390625 1.2164757742236059e-05
1.7727900390625 1.188545332600673e-05
1.7737900390625 1.0933303274214268e-05
1.7747900390625 1.1750103440135717e-05
1.7757900390625 8.552993143287798e-06
1.7767900390625 1.098477883109202e-05
1.7777900390625 1.2964016447464626e-05
1.7787900390625 1.2026036468644935e-05
1.7797900390625 1.3020516683657963e-05
1.7807900390625 9.280878196780881e-06
1.7817900390625 1.1810083330298464e-05
1.7827900390625 9.6105052701508e-06
1.7837900390625 1.3731073122471571e-05
1.7847900390625 9.014734144633015e-06
1.7857900390625 1.2104453053325415e-05
1.7867900390625 7.933120941743255e-06
1.7877900390625 9.677359679092964e-06
1.7887900390625 1.084157731384039e-05
1.7897900390625 1.2250926811248064e-05
1.7907900390625 1.0108835219095151e-05
1.7917900390625 7.279844818791995e-06
1.7927900390625 1.1389600113034248e-05
1.7937900390625 8.719335310161114e-06
1.7947900390625 1.0815256973728538e-05
1.7957900390625 9.783468364427487e-06
1.7967900390625 6.01293616152058e-06
1.7977900390625 9.225521159047882e-06
1.7987900390625 7.92118429671973e-06
1.7997900390625 7.116659544408321e-06
1.8007900390625 6.701223513421913e-06
1.8017900390625 1.3049279805272818e-05
1.8027900390625 8.106751871916154e-06
1.8037900390625 8.19562216444562e-06
1.8047900390625 5.910086329095065e-06
1.8057900390625 7.570511661469936e-06
1.8067900390625 1.106188166886568e-05
1.8077900390625 1.0736273446430762e-05
1.8087900390625 1.0932940252435703e-05
1.8097900390625 9.250986428620914e-06
1.8107900390625 9.818433900363744e-06
1.8117900390625 1.3407546794041991e-05
1.8127900390625 7.837464606078963e-06
1.8137900390625 9.960183718552191e-06
1.8147900390625 9.792231139726937e-06
1.8157900390625 1.020244477937619e-05
1.8167900390625 9.294967555130521e-06
1.8177900390625 8.812597370706498e-06
1.8187900390625 9.436158773799737e-06
1.8197900390625 1.1597702978178858e-05
1.8207900390625 7.212830047744015e-06
1.8217900390625 1.0173760044078032e-05
1.8227900390625 1.0479626556237537e-05
1.8237900390625 1.2222366640344262e-05
1.8247900390625 9.14471340365708e-06
1.8257900390625 1.2966866682594021e-05
1.8267900390625 8.40987719129771e-06
1.8277900390625 9.17379065261533e-06
1.8287900390625 1.1019249601910513e-05
1.8297900390625 1.1770663550123572e-05
1.8307900390625 1.1103418655693531e-05
1.8317900390625 8.615568513050675e-06
1.8327900390625 7.792873269257446e-06
1.8337900390625 8.813775493763388e-06
1.8347900390625 1.1753096478059888e-05
1.8357900390625 1.0321843049799402e-05
1.8367900390625 8.725564111955463e-06
1.8377900390625 8.041678617397944e-06
1.8387900390625 1.0640946178076167e-05
1.8397900390625 9.31278724844257e-06
1.8407900390625 1.2504753346244494e-05
1.8417900390625 7.755081363332768e-06
1.8427900390625 9.179277500758568e-06
1.8437900390625 1.1565909953787923e-05
1.8447900390625 9.285447692188124e-06
1.8457900390625 5.082435867128273e-06
1.8467900390625 9.776869555935263e-06
1.8477900390625 1.3827466561148565e-05
1.8487900390625 8.299174369312823e-06
1.8497900390625 1.3809873489663005e-05
1.8507900390625 9.566924806373815e-06
1.8517900390625 6.7777372896671295e-06
1.8527900390625 9.028310887515546e-06
1.8537900390625 7.604699349030853e-06
1.8547900390625 1.0787206507908803e-05
1.8557900390625 1.3929540291428566e-05
1.8567900390625 8.961317944340407e-06
1.8577900390625 8.683765190653504e-06
1.8587900390625 1.0551459854468704e-05
1.8597900390625 9.032384647677341e-06
1.8607900390625 1.0027890869726737e-05
1.8617900390625 9.53321015307059e-06
1.8627900390625 6.932351971045136e-06
1.8637900390625 1.1536471235255401e-05
1.8647900390625 1.316495977031688e-05
1.8657900390625 9.580272405097882e-06
1.8667900390625 1.0687780644123752e-05
1.8677900390625 1.3013323380922278e-05
1.8687900390625 1.1571036496510107e-05
1.8697900390625 1.1365070240572096e-05
1.8707900390625 1.1428545888823766e-05
1.8717900390625 7.921012972171108e-06
1.8727900390625 4.129220615141094e-06
1.8737900390625 4.816481960006058e-06
1.8747900390625 7.984885984721283e-06
1.8757900390625 9.490995241018633e-06
1.8767900390625 1.4180010184645653e-05
1.8777900390625 1.2307651340961456e-05
1.8787900390625 1.4199519840379555e-05
1.8797900390625 1.2129873114948471e-05
1.8807900390625 9.660341699297228e-06
1.8817900390625 1.0993924224749207e-05
1.8827900390625 1.045059529133141e-05
1.8837900390625 7.773525818871954e-06
1.8847900390625 1.612564316019416e-05
1.8857900390625 1.0802458079221349e-05
1.8867900390625 1.5760529786348344e-05
1.8877900390625 1.0853648030509551e-05
1.8887900390625 1.116916808920602e-05
1.8897900390625 1.0273277099865179e-05
1.8907900390625 1.0085931474653382e-05
1.8917900390625 1.316750654950738e-05
1.8927900390625 1.0354008603220183e-05
1.8937900390625 9.740716389690836e-06
1.8947900390625 1.3249549859513839e-05
1.8957900390625 1.3043892880280812e-05
1.8967900390625 5.5232236627489325e-06
1.8977900390625 1.362412003800273e-05
1.8987900390625 8.782203076407314e-06
1.8997900390625 1.0192654056785006e-05
1.9007900390625 7.7715851754571e-06
1.9017900390625 1.0843721878093977e-05
1.9027900390625 1.4570500158394377e-05
1.9037900390625 1.0806293381998936e-05
1.9047900390625 9.773354007241626e-06
1.9057900390625 1.036682748235762e-05
1.9067900390625 1.2293679756112397e-05
1.9077900390625 1.2299123142535489e-05
1.9087900390625 6.846167768041293e-06
1.9097900390625 1.4032184844836593e-05
1.9107900390625 1.0819801439841587e-05
1.9117900390625 1.047311913377295e-05
1.9127900390625 1.3029183416316908e-05
1.9137900390625 8.160410022052626e-06
1.9147900390625 7.5378860735024016e-06
1.9157900390625 1.294544975583752e-05
1.9167900390625 8.050551405176521e-06
1.9177900390625 1.18727027438581e-05
1.9187900390625 7.542827709888419e-06
1.9197900390625 1.569370971992612e-05
1.9207900390625 1.3367670277754467e-05
1.9217900390625 1.3867100157464544e-05
1.9227900390625 1.2256428211306531e-05
1.9237900390625 8.549734678429862e-06
1.9247900390625 1.1589408580524225e-05
1.9257900390625 1.0959849848101537e-05
1.9267900390625 1.0760241808990639e-05
1.9277900390625 1.0525459850517411e-05
1.9287900390625 1.116067636758089e-05
1.9297900390625 8.82308348082006e-06
1.9307900390625 1.2020416713009278e-05
1.9317900390625 8.94710033511122e-06
1.9327900390625 7.310996491772433e-06
1.9337900390625 1.351776998490095e-05
1.9347900390625 1.2320633589600523e-05
1.9357900390625 1.1736790183931589e-05
1.9367900390625 1.2063686929953594e-05
1.9377900390625 1.481170339199404e-05
1.9387900390625 1.1262867677335937e-05
1.9397900390625 8.97347112186253e-06
1.9407900390625 1.5002616758768756e-05
1.9417900390625 1.3305892546971638e-05
1.9427900390625 1.1340759810991585e-05
1.9437900390625 1.2241050135344268e-05
1.9447900390625 1.8662666358674567e-05
1.9457900390625 1.0960777872242034e-05
1.9467900390625 1.3435183403392633e-05
1.9477900390625 1.5030346500376861e-05
1.9487900390625 1.2132090050727129e-05
1.9497900390625 1.3167686605205138e-05
1.9507900390625 1.39105300574253e-05
1.9517900390625 1.1474559626852472e-05
1.9527900390625 1.694254654770096e-05
1.9537900390625 1.0496484853016835e-05
1.9547900390625 1.3799213338643312e-05
1.9557900390625 9.192365105263889e-06
1.9567900390625 1.2203026562929153e-05
1.9577900390625 1.3697593240067362e-05
1.9587900390625 1.2793823067719738e-05
1.9597900390625 1.4110169528673093e-05
1.9607900390625 1.1630856509630878e-05
1.9617900390625 1.2772156624123455e-05
1.9627900390625 1.1931686894968152e-05
1.9637900390625 1.0212557584357758e-05
1.9647900390625 1.3160576733450096e-05
1.9657900390625 1.3526140246540308e-05
1.9667900390625 9.288679769573113e-06
1.9677900390625 1.2682676703358691e-05
1.9687900390625 1.1729460287218292e-05
1.9697900390625 1.5460669916744034e-05
1.9707900390625 1.344931311905384e-05
1.9717900390625 1.287159975618124e-05
1.9727900390625 9.84201324172318e-06
1.9737900390625 1.0408225158850353e-05
1.9747900390625 1.3535583081344765e-05
1.9757900390625 1.2050316824267308e-05
1.9767900390625 1.2832526505614321e-05
1.9777900390625 1.0356820227267842e-05
1.9787900390625 1.1215692308420937e-05
1.9797900390625 1.1125353630632162e-05
1.9807900390625 1.282563665881753e-05
1.9817900390625 1.0891676259537538e-05
1.9827900390625 1.4500746425862114e-05
1.9837900390625 1.0070632755135496e-05
1.9847900390625 1.615058669509987e-05
1.9857900390625 1.0568086290732026e-05
1.9867900390625 7.7828149854516e-06
1.9877900390625 9.60637757088989e-06
1.9887900390625 1.1242931359447539e-05
1.9897900390625 1.4003860220933955e-05
1.9907900390625 9.17405898993214e-06
1.9917900390625 1.7398383157948652e-05
1.9927900390625 1.3356683775782584e-05
1.9937900390625 1.0267329829124113e-05
1.9947900390625 1.0583579229811828e-05
1.9957900390625 1.0091784837034841e-05
1.9967900390625 1.2508557022859652e-05
1.9977900390625 1.3905819893504184e-05
1.9987900390625 1.3244649938618143e-05
1.9997900390625 1.6456383746117355e-05
2.0007900390625 1.2755627976730465e-05
2.0017900390625 1.3193203291545313e-05
2.0027900390625 1.2507040325241785e-05
2.0037900390625 1.3541886582970619e-05
2.0047900390625 1.3721969832355777e-05
2.0057900390625 1.4229973312467336e-05
2.0067900390625 1.7673416684071224e-05
2.0077900390625 1.5004616773997744e-05
2.0087900390625 1.594586685920755e-05
2.0097900390625 1.625802678366502e-05
2.0107900390625 1.284880000942697e-05
2.0117900390625 1.5080096588159601e-05
2.0127900390625 1.836066987986366e-05
2.0137900390625 9.830707567743956e-06
2.0147900390625 1.786448643542826e-05
2.0157900390625 1.5653016744181515e-05
2.0167900390625 9.971637434015671e-06
2.0177900390625 1.5249459926659863e-05
2.0187900390625 1.2206664541736245e-05
2.0197900390625 2.0240476975838342e-05
2.0207900390625 1.0976128590603668e-05
2.0217900390625 1.4852333115413786e-05
2.0227900390625 1.5539249870926143e-05
2.0237900390625 1.679814032589396e-05
2.0247900390625 1.176627663274606e-05
2.0257900390625 8.138428480985263e-06
2.0267900390625 1.4652976921449106e-05
2.0277900390625 1.470210651556651e-05
2.0287900390625 1.892474014312029e-05
2.0297900390625 7.834598266830048e-06
2.0307900390625 1.4820923485482733e-05
2.0317900390625 1.6440813584874074e-05
2.0327900390625 1.0256775616047282e-05
2.0337900390625 2.027034953547021e-05
2.0347900390625 1.4743033098056913e-05
2.0357900390625 1.6662396568184098e-05
2.0367900390625 1.2883816380053759e-05
2.0377900390625 1.3530206633731722e-05
2.0387900390625 9.11728343150268e-06
2.0397900390625 1.7616003363703686e-05
2.0407900390625 1.1562558550698061e-05
2.0417900390625 1.8383230005080503e-05
2.0427900390625 1.1294653328756492e-05
2.0437900390625 1.4466159821798403e-05
2.0447900390625 1.1383154972766835e-05
2.0457900390625 2.076464317118128e-05
2.0467900390625 1.8510949642707902e-05
2.0477900390625 1.529967994429171e-05
2.0487900390625 1.750233699567616e-05
2.0497900390625 1.0265881234469513e-05
2.0507900390625 2.1612339187413453e-05
2.0517900390625 1.2881517371473213e-05
2.0527900390625 1.763651962392032e-05
2.0537900390625 1.4855673070996999e-05
2.0547900390625 1.4100423237929742e-05
2.0557900390625 2.188228303566575e-05
2.0567900390625 1.2420993492317697e-05
2.0577900390625 1.1980656612043578e-05
2.0587900390625 1.6814890162398418e-05
2.0597900390625 1.8351203373943765e-05
2.0607900390625 1.4879010074461501e-05
2.0617900390625 1.7299046739935874e-05
2.0627900390625 1.7567799659445882e-05
2.0637900390625 2.024044321539501e-05
2.0647900390625 1.6784806502982976e-05
2.0657900390625 1.3226299779489637e-05
2.0667900390625 1.4046980068087578e-05
2.0677900390625 1.5173176458726327e-05
2.0687900390625 1.5696396585553883e-05
2.0697900390625 1.780836299682657e-05
2.0707900390625 1.2741060345433652e-05
2.0717900390625 2.4338753428310155e-05
2.0727900390625 1.3566833222284914e-05
2.0737900390625 1.6378360257173578e-05
2.0747900390625 2.2864639759063722e-05
2.0757900390625 1.3200563456242282e-05
2.0767900390625 2.0491476558769742e-05
2.0777900390625 1.3398593291640281e-05
2.0787900390625 1.3421589974313975e-05
2.0797900390625 1.8225403813024363e-05
2.0807900390625 1.2605419421258072e-05
2.0817900390625 1.5557353229572376e-05
2.0827900390625 1.5271583494419855e-05
2.0837900390625 1.8483912960315744e-05
2.0847900390625 1.7590176624556383e-05
2.0857900390625 2.199164048458139e-05
2.0867900390625 1.8594126449897884e-05
2.0877900390625 1.3770870088289182e-05
2.0887900390625 1.944739332733055e-05
2.0897900390625 2.3468749908109507e-05
2.0907900390625 1.4014053158462048e-05
2.0917900390625 1.4281183248385786e-05
2.0927900390625 1.7926163660983245e-05
2.0937900390625 1.4062433037906886e-05
2.0947900390625 1.9957870244979857e-05
2.0957900390625 1.5981700271368028e-05
2.0967900390625 1.576670678332448e-05
2.0977900390625 1.3931758003309369e-05
2.0987900390625 1.3104282164325317e-05
2.0997900390625 1.4575029878566664e-05
2.1007900390625 1.628788304515183e-05
2.1017900390625 1.838537010674675e-05
2.1027900390625 1.84572065093865e-05
2.1037900390625 2.2976753146698078e-05
2.1047900390625 1.3525757822208107e-05
2.1057900390625 1.3424158290339012e-05
2.1067900390625 1.3735620304942131e-05
2.1077900390625 1.3033363114421566e-05
2.1087900390625 1.572001997071008e-05
2.1097900390625 1.785976307777067e-05
2.1107900390625 1.517103014824291e-05
2.1117900390625 2.1733970691760383e-05
2.1127900390625 1.89779504823188e-05
2.1137900390625 2.0082203360895315e-05
2.1147900390625 2.4217213115965327e-05
2.1157900390625 1.7936550235996644e-05
2.1167900390625 1.859376983096202e-05
2.1177900390625 1.665560295805335e-05
2.1187900390625 2.4385903185854354e-05
2.1197900390625 1.8688989803195e-05
2.1207900390625 1.3472606272747118e-05
2.1217900390625 1.1966060070941846e-05
2.1227900390625 1.7603283437589806e-05
2.1237900390625 1.680653658695519e-05
2.1247900390625 2.049628645181656e-05
2.1257900390625 1.9094563322141765e-05
2.1267900390625 2.2852019562075535e-05
2.1277900390625 2.344413660466671e-05
2.1287900390625 2.3098690435290336e-05
2.1297900390625 2.4051067108909288e-05
2.1307900390625 2.414446285304924e-05
2.1317900390625 1.5749499434605242e-05
2.1327900390625 2.5636316277086735e-05
2.1337900390625 2.3372396826744078e-05
2.1347900390625 1.1346246271083753e-05
2.1357900390625 2.0399706360573567e-05
2.1367900390625 2.373928320594132e-05
2.1377900390625 1.2042417850655814e-05
2.1387900390625 2.6415192987769842e-05
2.1397900390625 2.0153216319158673e-05
2.1407900390625 2.3694533156231045e-05
2.1417900390625 2.4039390264078976e-05
2.1427900390625 2.4738640058785676e-05
2.1437900390625 2.7260799737026297e-05
2.1447900390625 1.8833546588818234e-05
2.1457900390625 2.5663737518092e-05
2.1467900390625 1.9820153247565032e-05
2.1477900390625 2.4691326931739847e-05
2.1487900390625 2.7280820067971944e-05
2.1497900390625 2.21232200662295e-05
2.1507900390625 1.730176038108766e-05
2.1517900390625 2.70736962556839e-05
2.1527900390625 2.4140072831263145e-05
2.1537900390625 3.372403016934792e-05
2.1547900390625 2.3838283183674018e-05
2.1557900390625 2.8716910164803267e-05
2.1567900390625 2.5492863884816566e-05
2.1577900390625 2.6486852827171482e-05
2.1587900390625 2.299005320916573e-05
2.1597900390625 1.979695982299745e-05
2.1607900390625 2.3394846357405187e-05
2.1617900390625 1.9469986436888576e-05
2.1627900390625 1.7300383963932593e-05
2.1637900390625 2.4731527082622053e-05
2.1647900390625 2.158349690337976e-05
2.1657900390625 1.4806749920050303e-05
2.1667900390625 2.2246683171639838e-05
2.1677900390625 1.8643803196027874e-05
2.1687900390625 2.592425987434884e-05
2.1697900390625 2.3556899977847935e-05
2.1707900390625 2.1899996402983866e-05
2.1717900390625 2.573353354819119e-05
2.1727900390625 2.869128016754985e-05
2.1737900390625 2.6283456633488335e-05
2.1747900390625 2.444720322576662e-05
2.1757900390625 2.188759002213677e-05
2.1767900390625 1.1409855020853381e-05
2.1777900390625 2.3634396493434907e-05
2.1787900390625 1.606971025466919e-05
2.1797900390625 2.1588783323143922e-05
2.1807900390625 1.964277005754411e-05
2.1817900390625 2.048534651597341e-05
2.1827900390625 2.328182648246487e-05
2.1837900390625 2.2982273173208037e-05
2.1847900390625 2.8546223572144905e-05
2.1857900390625 1.9620186261211833e-05
2.1867900390625 2.670626388862729e-05
2.1877900390625 1.6699123273914057e-05
2.1887900390625 2.355293370783329e-05
2.1897900390625 2.631467611839374e-05
2.1907900390625 2.225034637376666e-05
2.1917900390625 2.8543299995362757e-05
2.1927900390625 2.0528086461126806e-05
2.1937900390625 2.0825283136218787e-05
2.1947900390625 2.452542306855321e-05
2.1957900390625 2.197134386127194e-05
2.1967900390625 2.846531725178162e-05
2.1977900390625 2.385996359710892e-05
2.1987900390625 2.5200210511684418e-05
2.1997900390625 2.7196076698601245e-05
2.2007900390625 2.1730459605654083e-05
2.2017900390625 2.51852433818082e-05
2.2027900390625 3.067579974109928e-05
2.2037900390625 3.129855962470174e-05
2.2047900390625 2.4487049474070468e-05
2.2057900390625 2.92441303220888e-05
2.2067900390625 3.383606051405271e-05
2.2077900390625 3.014395711943507e-05
2.2087900390625 2.794566641872128e-05
2.2097900390625 3.6722704147299135e-05
2.2107900390625 2.7068386164804302e-05
2.2117900390625 3.993295365944505e-05
2.2127900390625 2.9546110114703574e-05
2.2137900390625 3.3561099941531816e-05
2.2147900390625 3.90734663233161e-05
2.2157900390625 3.043541684746742e-05
2.2167900390625 2.954449038952589e-05
2.2177900390625 3.252935983861486e-05
2.2187900390625 2.486932324245572e-05
2.2197900390625 3.242847664902608e-05
2.2207900390625 2.4374333831171193e-05
2.2217900390625 3.442122368142009e-05
2.2227900390625 2.4495397228747605e-05
2.2237900390625 2.7063277084380388e-05
2.2247900390625 3.635037379960219e-05
2.2257900390625 3.25166565986971e-05
2.2267900390625 2.5326993005971112e-05
2.2277900390625 3.743300680071116e-05
2.2287900390625 2.4234026204794647e-05
2.2297900390625 3.134516611074408e-05
2.2307900390625 2.9922396255036195e-05
2.2317900390625 3.075531994303068e-05
2.2327900390625 3.1556929461658e-05
2.2337900390625 4.2291797387103244e-05
2.2347900390625 3.851028236870965e-05
2.2357900390625 2.3706489397833744e-05
2.2367900390625 2.2681356640532612e-05
2.2377900390625 3.2097343355417253e-05
2.2387900390625 3.060307974616686e-05
2.2397900390625 3.472627373412251e-05
2.2407900390625 2.569832062969605e-05
2.2417900390625 2.9405332946528993e-05
2.2427900390625 4.046094991887609e-05
2.2437900390625 3.308617975562811e-05
2.2447900390625 4.538460324207942e-05
2.2457900390625 2.9315683059394358e-05
2.2467900390625 3.2260356626162926e-05
2.2477900390625 4.949960702409347e-05
2.2487900390625 3.354382080336412e-05
2.2497900390625 4.3222426902502776e-05
2.2507900390625 3.8795683067291976e-05
2.2517900390625 2.867262655248245e-05
2.2527900390625 4.141950669387976e-05
2.2537900390625 3.0983852533002694e-05
2.2547900390625 2.924810706948241e-05
2.2557900390625 3.486039349809289e-05
2.2567900390625 3.1474236554155743e-05
2.2577900390625 3.903097007423639e-05
2.2587900390625 3.370990045368672e-05
2.2597900390625 3.879794773335258e-05
2.2607900390625 2.551803675790628e-05
2.2617900390625 4.336053039878607e-05
2.2627900390625 3.3682606493433316e-05
2.2637900390625 4.357167053967714e-05
2.2647900390625 3.8538379594683644e-05
2.2657900390625 4.547095702340205e-05
2.2667900390625 4.584739916026592e-05
2.2677900390625 5.1237062240640326e-05
2.2687900390625 4.113091854378581e-05
2.2697900390625 3.691983409225941e-05
2.2707900390625 4.2524988918254775e-05
2.2717900390625 3.6994800126800934e-05
2.2727900390625 4.185255616903305e-05
2.2737900390625 3.633932676166296e-05
2.2747900390625 3.620155000438293e-05
2.2757900390625 3.800042594472567e-05
2.2767900390625 3.8883532397449017e-05
2.2777900390625 2.9995356065531572e-05
2.2787900390625 3.546388897423943e-05
2.2797900390625 2.8835219951967397e-05
2.2807900390625 3.303784333790342e-05
2.2817900390625 2.346369049822291e-05
2.2827900390625 2.111964005356034e-05
2.2837900390625 2.4401273112744093e-05
2.2847900390625 2.314029959961772e-05
2.2857900390625 2.6299863432844482e-05
2.2867900390625 2.3553429637104274e-05
2.2877900390625 1.7299760365858674e-05
2.2887900390625 3.167024658372005e-05
2.2897900390625 1.7459346757580837e-05
2.2907900390625 2.7226100210100414e-05
2.2917900390625 1.823204957569639e-05
2.2927900390625 1.7925143474712968e-05
2.2937900390625 2.3841437262793384e-05
2.2947900390625 1.5897809838255247e-05
2.2957900390625 1.1538224838053186e-05
2.2967900390625 1.3906952226534486e-05
2.2977900390625 1.0023315165502329e-05
2.2987900390625 1.6495973492662113e-05
2.2997900390625 1.4175140143682558e-05
2.3007900390625 1.345158360588054e-05
2.3017900390625 1.9104359671473504e-05
2.3027900390625 1.4252692926675081e-05
2.3037900390625 1.6573333414271475e-05
2.3047900390625 1.2962153414264322e-05
2.3057900390625 1.4449626905843616e-05
2.3067900390625 1.1035377004494269e-05
2.3077900390625 1.1934710006850462e-05
2.3087900390625 1.4236969873309135e-05
2.3097900390625 9.342553870131572e-06
2.3107900390625 1.4956380085398753e-05
2.3117900390625 1.659793274787565e-05
2.3127900390625 1.2220705975778401e-05
2.3137900390625 9.251677935632567e-06
2.3147900390625 1.2613130190099279e-05
2.3157900390625 1.4694430089245241e-05
2.3167900390625 1.3862240205829342e-05
2.3177900390625 7.340869633480906e-06
2.3187900390625 1.0343703130880992e-05
2.3197900390625 1.177123320909838e-05
2.3207900390625 1.0264187391536931e-05
2.3217900390625 1.1995319897929828e-05
2.3227900390625 1.2592559990783532e-05
2.3237900390625 8.028867305256427e-06
2.3247900390625 9.473827667534351e-06
2.3257900390625 1.168870987991492e-05
2.3267900390625 1.0005957835043471e-05
2.3277900390625 9.516856322685877e-06
2.3287900390625 1.1173083136479061e-05
2.3297900390625 1.2505523627623916e-05
2.3307900390625 8.70418812458714e-06
2.3317900390625 9.382649635275205e-06
2.3327900390625 1.1501610085057716e-05
2.3337900390625 1.1078439420089126e-05
2.3347900390625 9.541212348267436e-06
2.3357900390625 9.355053189210593e-06
2.3367900390625 8.584041303644578e-06
2.3377900390625 1.2536693441992004e-05
2.3387900390625 9.515495815624793e-06
2.3397900390625 1.1909292079508304e-05
2.3407900390625 7.87341947822521e-06
2.3417900390625 1.1419272826363642e-05
2.3427900390625 1.1315939870352546e-05
2.3437900390625 8.815332936743895e-06
2.3447900390625 1.0953835832575957e-05
2.3457900390625 1.0390864335931838e-05
2.3467900390625 1.2431963502118986e-05
2.3477900390625 9.892123634926976e-06
2.3487900390625 8.98284410747389e-06
2.3497900390625 1.0687327788521845e-05
2.3507900390625 8.621416636742651e-06
2.3517900390625 8.922519239907464e-06
2.3527900390625 1.1884473497048021e-05
2.3537900390625 1.1771112913265824e-05
2.3547900390625 1.0677132910738389e-05
2.3557900390625 4.419301209660868e-06
2.3567900390625 1.2798186702032883e-05
2.3577900390625 1.0780078397753338e-05
2.3587900390625 8.575951408905287e-06
2.3597900390625 1.4212626653412979e-05
2.3607900390625 1.3526930318524439e-05
2.3617900390625 9.669351857155562e-06
2.3627900390625 1.0750640843374034e-05
2.3637900390625 1.0976143336544434e-05
2.3647900390625 1.0165832354687155e-05
2.3657900390625 1.2683820289870103e-05
2.3667900390625 8.204791035192708e-06
2.3677900390625 8.795531854654352e-06
2.3687900390625 9.247942167955139e-06
2.3697900390625 1.0032406814085941e-05
2.3707900390625 1.0550020961090923e-05
2.3717900390625 1.0677935012305777e-05
2.3727900390625 1.3843753452723224e-05
2.3737900390625 8.197916807451596e-06
2.3747900390625 1.1585803003981709e-05
2.3757900390625 1.3473329987997811e-05
2.3767900390625 9.161997586488725e-06
2.3777900390625 1.0721796037008364e-05
2.3787900390625 1.3630922961359222e-05
2.3797900390625 1.4491719969858726e-05
2.3807900390625 1.1248531130452951e-05
2.3817900390625 1.0841166949830949e-05
2.3827900390625 1.158859406132251e-05
2.3837900390625 9.164955311765274e-06
2.3847900390625 1.1701513237009446e-05
2.3857900390625 1.5157176724945505e-05
2.3867900390625 1.008585871507724e-05
2.3877900390625 9.423050602587561e-06
2.3887900390625 1.3822986899564665e-05
2.3897900390625 1.1976136205097038e-05
2.3907900390625 1.2205543462187053e-05
2.3917900390625 2.0057319973905883e-05
2.3927900390625 1.2152210110798478e-05
2.3937900390625 1.6315313211331764e-05
2.3947900390625 1.4261196677883465e-05
2.3957900390625 1.6713566534842054e-05
2.3967900390625 1.3529152104941507e-05
2.3977900390625 9.13405732717365e-06
2.3987900390625 1.2503246543928982e-05
2.3997900390625 1.4296830243741471e-05
2.4007900390625 1.8481536923597256e-05
2.4017900390625 1.4936516527086496e-05
2.4027900390625 1.3904829975217581e-05
2.4037900390625 9.441984293516725e-06
2.4047900390625 1.3032511924393475e-05
2.4057900390625 1.6547336708754302e-05
2.4067900390625 1.7745373382543522e-05
2.4077900390625 1.558463981685539e-05
2.4087900390625 1.3190637303826708e-05
2.4097900390625 1.679114648140967e-05
2.4107900390625 7.57445542452236e-06
2.4117900390625 1.4882206839198868e-05
2.4127900390625 1.006504287943244e-05
2.4137900390625 1.8868863116949795e-05
2.4147900390625 1.3274593123545248e-05
2.4157900390625 1.4765619998797775e-05
2.4167900390625 1.8153999699279667e-05
2.4177900390625 1.1290276500706871e-05
2.4187900390625 1.8347350026791293e-05
2.4197900390625 1.695234018067519e-05
2.4207900390625 1.6434656766553718e-05
2.4217900390625 1.3440159770349662e-05
2.4227900390625 1.5247736979896824e-05
2.4237900390625 1.1442306955965857e-05
2.4247900390625 1.3327209744602442e-05
2.4257900390625 1.8443096584330004e-05
2.4267900390625 1.6807463640968005e-05
2.4277900390625 2.5428173442681632e-05
2.4287900390625 1.8167226808145643e-05
2.4297900390625 1.6390203187863033e-05
2.4307900390625 1.8451316670204202e-05
2.4317900390625 1.936828639979164e-05
2.4327900390625 1.7666680505499244e-05
2.4337900390625 2.190825995057821e-05
2.4347900390625 1.8526943555722634e-05
2.4357900390625 1.3108631440748771e-05
2.4367900390625 2.2189076213786998e-05
2.4377900390625 2.02892297723641e-05
2.4387900390625 2.0588996509710947e-05
2.4397900390625 2.2613550536334516e-05
2.4407900390625 1.4268093121548493e-05
2.4417900390625 1.9385019938151043e-05
2.4427900390625 1.8601875829820832e-05
2.4437900390625 2.283545288567742e-05
2.4447900390625 1.0341704861881833e-05
2.4457900390625 2.442515998457869e-05
2.4467900390625 2.3495933273807168e-05
2.4477900390625 2.7331959766646227e-05
2.4487900390625 1.679967312763135e-05
2.4497900390625 2.6429913317163787e-05
2.4507900390625 1.7652466582755247e-05
2.4517900390625 1.8323226055751247e-05
2.4527900390625 2.6938629647096e-05
2.4537900390625 2.148066608545681e-05
2.4547900390625 2.2166902975489697e-05
2.4557900390625 2.1051222768922648e-05
2.4567900390625 2.2037316424151264e-05
2.4577900390625 2.4385472449163593e-05
2.4587900390625 2.247330965474248e-05
2.4597900390625 2.8032706274340548e-05
2.4607900390625 1.339106645900756e-05
2.4617900390625 2.617653692141175e-05
2.4627900390625 3.1188649591058495e-05
2.4637900390625 2.0476760109886527e-05
2.4647900390625 1.925526342044274e-05
2.4657900390625 3.4493324346840384e-05
2.4667900390625 2.5316126799831786e-05
2.4677900390625 2.7357820266236864e-05
2.4687900390625 2.3179526906460523e-05
2.4697900390625 1.753905982089539e-05
2.4707900390625 3.125040636708339e-05
2.4717900390625 2.450073603540659e-05
2.4727900390625 1.8707670193786422e-05
2.4737900390625 3.0657086366166675e-05
2.4747900390625 2.0504723070189358e-05
2.4757900390625 2.6900993349651494e-05
2.4767900390625 2.7831423406799637e-05
2.4777900390625 1.8209006326893966e-05
2.4787900390625 2.2567789225528635e-05
2.4797900390625 2.2591123512635626e-05
2.4807900390625 2.633786294609308e-05
2.4817900390625 3.341177012771368e-05
2.4827900390625 3.0225079972296952e-05
2.4837900390625 2.3162233798454205e-05
2.4847900390625 3.2772383031745756e-05
2.4857900390625 2.4933553456018367e-05
2.4867900390625 2.8095563563207783e-05
2.4877900390625 2.57118030761679e-05
2.4887900390625 2.571684385960301e-05
2.4897900390625 3.233428345993161e-05
2.4907900390625 2.6382743380963803e-05
2.4917900390625 3.0172283295542002e-05
2.4927900390625 1.9126527089004716e-05
2.4937900390625 3.21550527587533e-05
2.4947900390625 3.500892392670115e-05
2.4957900390625 2.9727136716246605e-05
2.4967900390625 1.826668002953132e-05
2.4977900390625 3.7147179245948794e-05
2.4987900390625 3.8146940836062036e-05
2.4997900390625 3.2016370290269455e-05
2.5007900390625 3.251562981555859e-05
2.5017900390625 2.8470813607176145e-05
2.5027900390625 2.7610252921779953e-05
2.5037900390625 2.777624332035581e-05
2.5047900390625 3.4935680062820514e-05
2.5057900390625 1.8288684659637512e-05
2.5067900390625 3.395680415754517e-05
2.5077900390625 3.3743172728767e-05
2.5087900390625 2.7165753611673914e-05
2.5097900390625 4.218865962078174e-05
2.5107900390625 3.537033296500643e-05
2.5117900390625 2.6435230392962693e-05
2.5127900390625 2.9652046117310725e-05
2.5137900390625 4.258884272227685e-05
2.5147900390625 4.1707661002874376e-05
2.5157900390625 3.862871633221706e-05
2.5167900390625 2.1339013474062086e-05
2.5177900390625 3.7176353701700766e-05
2.5187900390625 3.908768606682618e-05
2.5197900390625 4.5917835862686237e-05
2.5207900390625 3.5692163122196994e-05
2.5217900390625 3.4272909009208285e-05
2.5227900390625 3.757840255275369e-05
2.5237900390625 4.067453633372982e-05
2.5247900390625 4.207481630146503e-05
2.5257900390625 4.194596627106269e-05
2.5267900390625 3.67814558558166e-05
2.5277900390625 3.605152325083812e-05
2.5287900390625 3.618315405522784e-05
2.5297900390625 4.348965051273505e-05
2.5307900390625 4.11978573538363e-05
2.5317900390625 5.19916337604324e-05
2.5327900390625 4.14827869584163e-05
2.5337900390625 4.456645343452692e-05
2.5347900390625 3.5681096681704126e-05
2.5357900390625 4.770463254923622e-05
2.5367900390625 5.296447003881137e-05
2.5377900390625 6.151031237095595e-05
2.5387900390625 3.971928032115102e-05
2.5397900390625 4.228421719744801e-05
2.5407900390625 6.83653602997462e-05
2.5417900390625 5.5676866322755815e-05
2.5427900390625 2.664212331486245e-05
2.5437900390625 2.334923289405803e-05
2.5447900390625 5.988655301431815e-05
2.5457900390625 6.867792457342148e-05
2.5467900390625 5.683763728787502e-05
2.5477900390625 5.214319253961245e-05
2.5487900390625 5.22200483828783e-05
2.5497900390625 5.735770023117463e-05
2.5507900390625 4.333049058914185e-05
2.5517900390625 6.0107678485413386e-05
2.5527900390625 5.029254748175542e-05
2.5537900390625 5.553979892283678e-05
2.5547900390625 5.015100973347823e-05
2.5557900390625 4.993961192667484e-05
2.5567900390625 5.218554598589738e-05
2.5577900390625 7.355206025143464e-05
2.5587900390625 6.012125251193841e-05
2.5597900390625 4.221674986183643e-05
2.5607900390625 4.0818909959246714e-05
2.5617900390625 6.002736122657855e-05
2.5627900390625 7.671521200488011e-05
2.5637900390625 5.183184985071421e-05
2.5647900390625 5.713221073771517e-05
2.5657900390625 6.727645639330149e-05
2.5667900390625 8.385518565773965e-05
2.5677900390625 3.7656608037650584e-05
2.5687900390625 6.110912344108026e-05
2.5697900390625 8.11579062913855e-05
2.5707900390625 3.9091133124505474e-05
2.5717900390625 5.733406830889483e-05
2.5727900390625 5.789133254438639e-05
2.5737900390625 4.9448323746522264e-05
2.5747900390625 4.9714652510980766e-05
2.5757900390625 7.120170009632905e-05
2.5767900390625 9.726589235166708e-05
2.5777900390625 4.923314942667882e-05
2.5787900390625 5.014917968461911e-05
2.5797900390625 4.9410985472301645e-05
2.5807900390625 8.990895623962083e-05
2.5817900390625 1.6218741699655462e-05
2.5827900390625 4.624071957853933e-05
2.5837900390625 3.013289300724864e-05
2.5847900390625 6.887999828904868e-05
2.5857900390625 4.7129407369842126e-05
2.5867900390625 0.00011114368215203285
2.5877900390625 1.8606787780299782e-05
2.5887900390625 9.064998477697372e-05
2.5897900390625 7.540474024911721e-05
2.5907900390625 8.764873258769512e-05
2.5917900390625 6.838365380341809e-05
2.5927900390625 3.9453070300320784e-05
2.5937900390625 9.876859684785208e-05
2.5947900390625 9.630744655927023e-05
2.5957900390625 9.128418130179247e-05
2.5967900390625 7.177012196431557e-05
2.5977900390625 9.058272310843071e-05
