microns transmission
0.39779000854492186 3.804129502960052e-08
0.39879000854492186 9.999999939225291e-11
0.39979000854492186 5.8399297483783627e-08
0.40079000854492186 1.273251397530354e-07
0.40179000854492186 1.344964236219918e-07
0.40279000854492186 1.6577041606069542e-07
0.40379000854492186 7.932409097281359e-08
0.40479000854492186 3.5374534412824232e-09
0.40579000854492187 2.8693510406204346e-08
0.40679000854492187 1.0936479495349261e-07
0.40779000854492187 7.91549412800426e-08
0.40879000854492187 1.6180203904999264e-07
0.40979000854492187 8.267455389917208e-08
0.41079000854492187 1.715739078160065e-07
0.41179000854492187 9.83201156371886e-08
0.41279000854492187 2.826807222670406e-08
0.4137900085449219 3.03219737058195e-07
0.4147900085449219 4.339679356905417e-08
0.4157900085449219 9.999999939225291e-11
0.4167900085449219 3.3237782467073396e-08
0.4177900085449219 2.9116166941160295e-08
0.4187900085449219 3.331894918486474e-08
0.4197900085449219 2.9148090106900783e-07
0.4207900085449219 4.3181099294760845e-08
0.4217900085449219 2.467046402128877e-08
0.4227900085449219 9.999999939225291e-11
0.4237900085449219 4.933489912891295e-09
0.4247900085449219 3.828500130846161e-08
0.4257900085449219 3.206563997082412e-07
0.4267900085449219 2.1806690407781087e-07
0.4277900085449219 1.7201388042546267e-07
0.4287900085449219 3.5242826925241387e-07
0.4297900085449219 3.1967629790112064e-07
0.4307900085449219 4.384105219893778e-07
0.4317900085449219 3.482642629630087e-07
0.4327900085449219 1.9435689899853043e-07
0.4337900085449219 1.6179453268705402e-07
0.4347900085449219 2.1434290223017643e-07
0.4357900085449219 2.936670964182042e-08
0.4367900085449219 6.263365132023561e-08
0.4377900085449219 1.2829809783158432e-07
0.4387900085449219 1.0594880258156062e-07
0.4397900085449219 2.2920023184269667e-07
0.4407900085449219 1.6271283771314888e-07
0.4417900085449219 3.2173466631017314e-07
0.4427900085449219 2.746260967493678e-07
0.4437900085449219 2.0826806576224044e-07
0.4447900085449219 3.202305924787652e-07
0.4457900085449219 1.6009728672846296e-07
0.4467900085449219 1.0370426025474443e-07
0.4477900085449219 2.1146948408083215e-07
0.44879000854492185 2.206741010013502e-07
0.44979000854492185 1.7922467122843953e-07
0.45079000854492185 4.804510692402175e-08
0.45179000854492185 1.2874244930571877e-07
0.45279000854492185 7.59519638826589e-08
0.45379000854492185 5.1796863870616035e-08
0.45479000854492185 9.999999939225291e-11
0.45579000854492185 7.923626374880163e-08
0.45679000854492186 1.6800819745791766e-07
0.45779000854492186 1.7564972681978948e-07
0.45879000854492186 6.916167734220361e-08
0.45979000854492186 5.0591792133403144e-08
0.46079000854492186 9.999999939225291e-11
0.46179000854492186 8.937956810228798e-09
0.46279000854492186 1.8620713793400985e-07
0.46379000854492186 3.634376672205045e-08
0.46479000854492186 4.0018723715580975e-08
0.46579000854492186 9.999999939225291e-11
0.46679000854492186 9.999999939225291e-11
0.46779000854492186 7.133763912925417e-08
0.46879000854492187 7.601224256544487e-08
0.46979000854492187 1.1581414582906291e-07
0.47079000854492187 1.071647333332019e-07
0.47179000854492187 9.999999939225291e-11
0.47279000854492187 1.1530142728588543e-07
0.47379000854492187 5.302363282074414e-08
0.47479000854492187 1.287426345886189e-07
0.47579000854492187 2.2009490544168862e-08
0.4767900085449219 9.999999939225291e-11
0.4777900085449219 9.999999939225291e-11
0.4787900085449219 1.0626870218466422e-07
0.4797900085449219 9.999999939225291e-11
0.4807900085449219 1.7897029866986715e-08
0.4817900085449219 7.57914016880079e-08
0.4827900085449219 9.999999939225291e-11
0.4837900085449219 9.999999939225291e-11
0.4847900085449219 6.650061701899783e-08
0.4857900085449219 9.999999939225291e-11
0.4867900085449219 7.10381667771524e-08
0.4877900085449219 8.952976357316326e-09
0.4887900085449219 9.999999939225291e-11
0.4897900085449219 3.104210382668763e-08
0.4907900085449219 1.7736173602382148e-08
0.4917900085449219 4.408246490802033e-09
0.4927900085449219 9.999999939225291e-11
0.4937900085449219 1.337346293439623e-07
0.4947900085449219 9.999999939225291e-11
0.4957900085449219 1.3541646186610023e-08
0.4967900085449219 9.999999939225291e-11
0.4977900085449219 1.7703086185131648e-08
0.4987900085449219 2.6546045974740197e-08
0.4997900085449219 9.791572589771627e-08
0.5007900085449218 9.999999939225291e-11
0.5017900085449218 9.999999939225291e-11
0.5027900085449218 8.541326749285835e-08
0.5037900085449218 4.4699236593596465e-08
0.5047900085449218 9.999999939225291e-11
0.5057900085449218 9.999999939225291e-11
0.5067900085449218 9.999999939225291e-11
0.5077900085449218 9.999999939225291e-11
0.5087900085449218 1.8196523440631533e-08
0.5097900085449218 9.999999939225291e-11
0.5107900085449218 9.999999939225291e-11
0.5117900085449218 9.999999939225291e-11
0.5127899780273437 8.807316991266135e-09
0.5137899780273437 5.447726602270109e-08
0.5147899780273437 9.505630598205528e-08
0.5157899780273437 5.399086338305399e-08
0.5167899780273437 1.8269483105607758e-08
0.5177899780273437 9.999999939225291e-11
0.5187899780273437 9.589461569703416e-08
0.5197899780273437 9.999999939225291e-11
0.5207899780273437 9.206446859089112e-08
0.5217899780273437 9.999999939225291e-11
0.5227899780273437 9.999999939225291e-11
0.5237899780273437 7.863807730916031e-08
0.5247899780273437 7.917172029377659e-08
0.5257899780273437 4.6242012456213886e-08
0.5267899780273437 7.44105170458198e-08
0.5277899780273437 1.7348583241982851e-07
0.5287899780273437 6.0872035089569e-08
0.5297899780273437 4.3620032326903886e-09
0.5307899780273437 5.7222563653406654e-08
0.5317899780273437 9.692319165033325e-08
0.5327899780273437 8.849266764994942e-08
0.5337899780273437 1.1518790112556113e-07
0.5347899780273437 1.69556069522514e-07
0.5357899780273437 1.2091348101724484e-07
0.5367899780273437 1.1781267555003675e-07
0.5377899780273437 6.403991730685733e-08
0.5387899780273437 1.3853893541397136e-07
0.5397899780273437 3.766340644991336e-07
0.5407899780273437 9.771667237146175e-08
0.5417899780273437 9.999999939225291e-11
0.5427899780273437 9.999999939225291e-11
0.5437899780273437 9.999999939225291e-11
0.5447899780273437 1.059333377876707e-07
0.5457899780273437 1.748071665197415e-08
0.5467899780273437 1.0706956683925739e-07
0.5477899780273437 4.50203007022291e-08
0.5487899780273438 9.999999939225291e-11
0.5497899780273438 2.2387659956990548e-08
0.5507899780273438 3.008082361096361e-07
0.5517899780273438 2.829624402996463e-07
0.5527899780273438 9.999999939225291e-11
0.5537899780273438 1.7950685257043612e-07
0.5547899780273438 8.774469832199353e-09
0.5557899780273438 8.993168532533957e-08
0.5567899780273438 8.575980736965269e-08
0.5577899780273438 2.249366004865768e-08
0.5587899780273438 5.855031945796914e-08
0.5597899780273438 9.999999939225291e-11
0.5607899780273438 9.999999939225291e-11
0.5617899780273438 1.0548911364279454e-07
0.5627899780273438 1.7914239833771716e-07
0.5637899780273438 1.5182642224923862e-07
0.5647899780273438 4.416683191029354e-09
0.5657899780273438 1.0101766479605109e-07
0.5667899780273438 1.97130073272452e-08
0.5677899780273438 1.4721435642665407e-07
0.5687899780273438 1.0576312469072017e-07
0.5697899780273438 8.915178076070637e-08
0.5707899780273438 1.0790940298951076e-07
0.5717899780273438 6.77910978878297e-08
0.5727899780273438 6.88659379684727e-08
0.5737899780273438 5.0756425832669076e-08
0.5747899780273438 2.4659533763108735e-08
0.5757899780273438 5.2558841616701104e-08
0.5767899780273438 1.9253503319068462e-08
0.5777899780273438 2.482434918723205e-07
0.5787899780273438 1.6681310055055576e-07
0.5797899780273438 2.1235716303635855e-07
0.5807899780273438 4.627276689224876e-09
0.5817899780273438 9.999999939225291e-11
0.5827899780273438 8.90768387762364e-08
0.5837899780273438 1.1130163061719619e-07
0.5847899780273438 3.519926619510727e-08
0.5857899780273438 2.640959307124528e-07
0.5867899780273438 1.0950850117967073e-07
0.5877899780273438 1.7796783746841053e-07
0.5887899780273438 9.999999939225291e-11
0.5897899780273438 1.313133334897761e-07
0.5907899780273438 9.99132675261194e-09
0.5917899780273438 1.2908495136798592e-07
0.5927899780273438 1.6008019883884118e-07
0.5937899780273438 2.287386632815469e-07
0.5947899780273438 1.2555428687240541e-07
0.5957899780273438 9.999999939225291e-11
0.5967899780273438 5.738232115011973e-07
0.5977899780273438 4.829173144334694e-09
0.5987899780273438 2.9309198096664583e-08
0.5997899780273438 7.559153042772474e-08
0.6007899780273438 2.528815002733609e-07
0.6017899780273438 1.001738989240645e-07
0.6027899780273438 1.843858020341334e-07
0.6037899780273438 4.561905673957275e-07
0.6047899780273438 5.895268863002438e-08
0.6057899780273438 8.78159672120423e-08
0.6067899780273438 9.645981395263922e-08
0.6077899780273438 9.999999939225291e-11
0.6087899780273438 1.3051066313588914e-07
0.6097899780273438 9.559523327003678e-09
0.6107899780273438 1.2948634775966638e-07
0.6117899780273437 8.383870140645419e-08
0.6127899780273437 2.1970896947702084e-07
0.6137899780273437 3.074620629680188e-07
0.6147899780273437 9.680985613158555e-08
0.6157899780273437 7.585753675876105e-08
0.6167899780273437 2.4450840101053474e-07
0.6177899780273437 9.346780072583271e-08
0.6187899780273437 9.999999939225291e-11
0.6197899780273437 2.061811513461483e-07
0.6207899780273437 1.0422025939445708e-07
0.6217899780273437 1.9740246595271553e-07
0.6227899780273437 7.405780287387624e-08
0.6237899780273437 9.999999939225291e-11
0.6247899780273437 1.094549649375646e-07
0.6257899780273437 7.727919824359239e-08
0.6267899780273437 1.8165566603241717e-07
0.6277899780273437 9.999999939225291e-11
0.6287899780273437 1.6282949824623453e-07
0.6297899780273437 9.999999939225291e-11
0.6307899780273437 2.797990358279397e-07
0.6317899780273437 1.3494668867982304e-07
0.6327899780273437 9.999999939225291e-11
0.6337899780273437 1.080868336315414e-07
0.6347899780273437 6.313533387647397e-08
0.6357899780273437 5.546673855860718e-07
0.6367899780273437 1.8217626954234826e-07
0.6377899780273437 1.319574297061384e-07
0.6387899780273437 2.066813707527852e-07
0.6397899780273437 4.985664660731951e-07
0.6407899780273437 1.8075137935132563e-07
0.6417899780273437 8.761185805875962e-08
0.6427899780273437 1.309590910144228e-07
0.6437899780273437 1.6491830173196813e-07
0.6447899780273437 1.6022929836860083e-07
0.6457899780273437 2.7745422509421284e-07
0.6467899780273437 1.4542186666706887e-07
0.6477899780273437 1.1118244022630582e-07
0.6487899780273437 8.05960496297331e-08
0.6497899780273437 3.636308368489457e-07
0.6507899780273437 1.0013501347809021e-07
0.6517899780273437 1.5128375404553178e-07
0.6527899780273437 1.6153847051706786e-07
0.6537899780273437 3.6076085962122307e-07
0.6547899780273437 3.2902293241932055e-07
0.6557899780273437 2.1597916808483814e-07
0.6567899780273437 1.5560970496153458e-07
0.6577899780273437 3.0174030446990703e-07
0.6587899780273437 1.3611248202020456e-07
0.6597899780273437 2.2926156816538424e-07
0.6607899780273437 3.011796919357342e-07
0.6617899780273437 4.3978747271467e-07
0.6627899780273437 2.9037066269665955e-07
0.6637899780273437 3.2930159856429477e-07
0.6647899780273437 1.8392464880889748e-07
0.6657899780273437 3.5639740114371913e-07
0.6667899780273437 1.5233999571743575e-07
0.6677899780273437 4.5806146469355246e-07
0.6687899780273437 3.802427697034242e-07
0.6697899780273437 3.370356049951321e-07
0.6707899780273437 3.2371033739764246e-07
0.6717899780273437 4.0407980122836307e-07
0.6727899780273437 2.3832756631906686e-07
0.6737899780273438 2.6705983448967646e-07
0.6747899780273438 1.722306903199448e-07
0.6757899780273438 2.6802246187192695e-07
0.6767899780273438 3.014264984813053e-07
0.6777899780273438 2.9847646752993267e-07
0.6787899780273438 2.5469193133176304e-07
0.6797899780273438 6.033112610263439e-07
0.6807899780273438 5.096075013473941e-07
0.6817899780273438 2.828539012019367e-07
0.6827899780273438 2.8050867210064706e-07
0.6837899780273438 3.0566510455779887e-07
0.6847899780273438 3.660033689811826e-07
0.6857899780273438 4.3353259873886906e-07
0.6867899780273438 4.1255440009990706e-07
0.6877899780273438 4.782271692723347e-07
0.6887899780273438 3.562934944056906e-07
0.6897899780273438 3.788027970585972e-07
0.6907899780273438 5.320363319090878e-07
0.6917899780273438 5.11192059396611e-07
0.6927899780273438 3.346294700653137e-07
0.6937899780273438 3.634635686466936e-07
0.6947899780273438 4.110782295659495e-07
0.6957899780273438 3.013389262681206e-07
0.6967899780273438 4.978935976396315e-07
0.6977899780273438 3.0569079778312395e-07
0.6987899780273438 2.717581719480222e-07
0.6997899780273438 1.806403997761663e-07
0.7007899780273438 4.745161762305846e-07
0.7017899780273438 3.733315558444398e-07
0.7027899780273438 3.9518280270082566e-07
0.7037899780273438 3.627933983807452e-07
0.7047899780273438 4.682270324944208e-07
0.7057899780273438 3.735474577600447e-07
0.7067899780273438 3.778344641129176e-07
0.7077899780273438 1.9462263177653465e-07
0.7087899780273438 3.384018054930493e-07
0.7097899780273438 3.2286809679741657e-07
0.7107899780273438 2.3647763252180691e-07
0.7117899780273438 1.6907127549832995e-07
0.7127899780273438 3.098044605091369e-07
0.7137899780273438 4.596030824662497e-07
0.7147899780273438 3.029045668275406e-07
0.7157899780273438 2.943281348658881e-07
0.7167899780273438 2.1837397071067244e-07
0.7177899780273438 5.396439034181336e-07
0.7187899780273438 5.216645634694336e-07
0.7197899780273438 4.5366132932637503e-07
0.7207899780273438 5.672159265183533e-07
0.7217899780273438 3.033651986091475e-07
0.7227899780273438 5.510646587936208e-07
0.7237899780273438 4.687538300155817e-07
0.7247899780273438 4.404870681658698e-07
0.7257899780273438 4.7339974116766827e-07
0.7267899780273438 2.685615072550718e-07
0.7277899780273438 3.108356395387091e-07
0.7287899780273438 4.599971362040378e-07
0.7297899780273438 3.2338502933271227e-07
0.7307899780273438 3.83812542471181e-07
0.7317899780273438 3.1228680249147567e-08
0.7327899780273438 2.5658705074723303e-07
0.7337899780273438 3.0808696465101094e-07
0.7347899780273438 2.4075100858074923e-07
0.7357899780273438 3.7255079708605385e-07
0.7367899780273437 3.436581998054559e-07
0.7377899780273437 4.90002033378308e-07
0.7387899780273437 4.818301507233022e-07
0.7397899780273437 4.10857925695988e-07
0.7407899780273437 4.3867542747951423e-07
0.7417899780273437 4.290510272160949e-07
0.7427899780273437 4.31312364526093e-07
0.7437899780273437 2.8574182579177434e-07
0.7447899780273437 3.455523013447722e-07
0.7457899780273437 1.1044227297437223e-07
0.7467899780273437 2.0739563600121376e-07
0.7477899780273437 2.454661322796407e-07
0.7487899780273437 4.169878957327455e-07
0.7497899780273437 5.136568627979917e-07
0.7507899780273437 3.9604884174574785e-07
0.7517899780273437 3.61315366414298e-07
0.7527899780273437 4.599232973608499e-07
0.7537899780273437 3.999865718166499e-07
0.7547899780273437 3.02505165260906e-07
0.7557899780273437 2.461341136950068e-07
0.7567899780273437 4.435271087762279e-07
0.7577899780273437 4.122292981871093e-07
0.7587899780273437 3.8347230050324775e-07
0.7597899780273437 2.3931817243768213e-07
0.7607899780273437 3.506546030015064e-07
0.7617899780273437 2.7037686474310854e-07
0.7627899780273437 1.792282004201932e-07
0.7637899780273437 2.93782274335778e-07
0.7647899780273437 3.7903089226650386e-07
0.7657899780273437 2.2238796494396713e-07
0.7667899780273437 2.2808136539727758e-07
0.7677899780273437 7.24403741703128e-08
0.7687899780273437 1.3548513607020142e-07
0.7697899780273437 2.1930299529534143e-07
0.7707899780273437 3.3060077233434037e-07
0.7717899780273437 1.0323426709331803e-07
0.7727899780273437 1.0530701122964578e-07
0.7737899780273437 3.3629927202127876e-07
0.7747899780273437 4.0497853963946304e-07
0.7757899780273437 2.303051345127945e-07
0.7767899780273437 1.7798389611319482e-07
0.7777899780273437 6.527533281897036e-08
0.7787899780273437 3.764113353099674e-07
0.7797899780273437 2.1297756575222593e-07
0.7807899780273437 9.419423956084453e-08
0.7817899780273437 2.929118272732012e-07
0.7827899780273437 2.1570616809185595e-07
0.7837899780273437 4.456284295883961e-07
0.7847899780273437 2.575219332356937e-07
0.7857899780273437 1.9782168389307723e-07
0.7867899780273437 2.274976335077857e-07
0.7877899780273437 4.98262173399174e-07
0.7887899780273437 4.221332953117477e-07
0.7897899780273437 1.7746123072962898e-07
0.7907899780273437 3.980648034485057e-07
0.7917899780273437 1.4382286887363685e-07
0.7927899780273437 4.765058959795473e-07
0.7937899780273437 1.0167191400493417e-07
0.7947899780273437 1.521010718115908e-07
0.7957899780273437 1.5945902946808605e-07
0.7967899780273437 4.600286676037513e-09
0.7977899780273437 1.7200605210117103e-07
0.7987899780273438 9.745012622812512e-08
0.7997899780273438 1.9671503161670908e-07
0.8007899780273438 2.5017582176042617e-07
0.8017899780273438 2.5733796601689384e-07
0.8027899780273438 1.4287769885985648e-07
0.8037899780273438 2.3478704668513933e-07
0.8047899780273438 7.38080113416979e-08
0.8057899780273438 1.9022320558417705e-07
0.8067899780273438 1.4037792319368062e-07
0.8077899780273438 1.0584866453262027e-07
0.8087899780273438 1.8199655653663896e-07
0.8097899780273438 9.638538201633092e-08
0.8107899780273438 2.2513658750031605e-07
0.8117899780273438 3.654793745280302e-08
0.8127899780273438 2.546151644879903e-07
0.8137899780273438 1.7210334010369367e-07
0.8147899780273438 2.442467687767588e-07
0.8157899780273438 3.644683435608554e-07
0.8167899780273438 1.688004499752538e-07
0.8177899780273438 1.5905755343150568e-07
0.8187899780273438 1.9904953299933622e-07
0.8197899780273438 2.9353020507905884e-07
0.8207899780273438 1.782474366318767e-07
0.8217899780273438 3.330395008721127e-07
0.8227899780273438 3.4087350795984426e-07
0.8237899780273438 1.29904184834862e-07
0.8247899780273438 1.802521095030838e-07
0.8257899780273438 2.287291910483982e-07
0.8267899780273438 3.201812449935389e-08
0.8277899780273438 1.193647692987074e-07
0.8287899780273438 2.568606238431683e-07
0.8297899780273438 2.5647876748363385e-07
0.8307899780273438 2.1602861435034014e-07
0.8317899780273438 2.0026793649810035e-07
0.8327899780273438 2.2981339152842993e-07
0.8337899780273438 3.7569118833120176e-07
0.8347899780273438 4.2889823496430845e-07
0.8357899780273438 5.092036839555045e-07
0.8367899780273438 2.9974654710801374e-07
0.8377899780273438 2.182254179822901e-07
0.8387899780273438 4.2210692581698697e-07
0.8397899780273438 4.6823774868780933e-07
0.8407899780273438 3.3184556055072387e-07
0.8417899780273438 1.3023293285157804e-07
0.8427899780273438 2.6922105636663677e-07
0.8437899780273438 3.676801794753796e-07
0.8447899780273438 3.444858312351448e-07
0.8457899780273438 4.511007093285264e-07
0.8467899780273438 2.472840505940998e-07
0.8477899780273438 3.8819105605773324e-07
0.8487899780273438 4.948458460948252e-07
0.8497899780273438 3.2118366167686166e-07
0.8507899780273438 3.7599449292729843e-07
0.8517899780273438 4.339995897660386e-07
0.8527899780273438 3.186843583672922e-07
0.8537899780273438 1.721201587620756e-07
0.8547899780273438 5.861582851881308e-07
0.8557899780273438 4.985252374242084e-07
0.8567899780273438 4.7461247468423116e-07
0.8577899780273438 3.6814795806306375e-07
0.8587899780273438 2.0152543719654983e-08
0.8597899780273438 3.779530705776053e-07
0.8607899780273438 6.911995138290318e-07
0.8617899780273437 5.981481157707e-07
0.8627899780273437 4.952660106066033e-07
0.8637899780273437 3.04075676764055e-07
0.8647899780273437 2.6308201042527373e-07
0.8657899780273437 1.7313874292710063e-07
0.8667899780273437 2.54915585512109e-07
0.8677899780273437 1.0000000000000002e-10
0.8687899780273437 2.382658738361702e-07
0.8697899780273437 1.0000000000000002e-10
0.8707899780273437 1.0000000000000002e-10
0.8717899780273437 1.0000000000000002e-10
0.8727899780273437 2.74385506827379e-07
0.8737899780273437 1.0000000000000002e-10
0.8747899780273437 3.3719575531137e-07
0.8757899780273437 9.344175787089313e-07
0.8767899780273437 1.1194262714349484e-06
0.8777899780273437 1.0000000000000002e-10
0.8787899780273437 1.0000000000000002e-10
0.8797899780273437 1.1535654388936774e-06
0.8807899780273437 2.7173432237525166e-07
0.8817899780273437 2.4753233294686953e-07
0.8827899780273437 9.369602616828033e-07
0.8837899780273437 9.763304716037898e-07
0.8847899780273437 7.757774097318577e-07
0.8857899780273437 2.098794831343404e-06
0.8867899780273437 1.4008399895955627e-06
0.8877899780273437 2.6361664224118807e-08
0.8887899780273437 2.0259966270675847e-06
0.8897899780273437 1.0000000000000002e-10
0.8907899780273437 2.820842868487816e-06
0.8917899780273437 1.0000000000000002e-10
0.8927899780273437 1.0000000000000002e-10
0.8937899780273437 2.53218430142196e-06
0.8947899780273437 1.0000000000000002e-10
0.8957899780273437 4.584959122048992e-06
0.8967899780273437 1.0000000000000002e-10
0.8977899780273437 4.1347645773137375e-07
0.8987899780273437 1.2393133643181629e-07
0.8997899780273437 3.5971319094015714e-07
0.9007899780273437 6.341377801432047e-08
0.9017899780273437 2.3181161518904327e-07
0.9027899780273437 9.564806180769566e-08
0.9037899780273437 2.6723787087200317e-07
0.9047899780273437 4.2663958673981387e-07
0.9057899780273437 4.2956462237249785e-07
0.9067899780273437 2.996873130978759e-07
0.9077899780273437 1.8617252157461973e-07
0.9087899780273437 3.036479664708434e-07
0.9097899780273437 3.7141505626078957e-07
0.9107899780273437 5.695836797617315e-08
0.9117899780273437 3.5099386861597914e-07
0.9127899780273437 5.869375312310103e-07
0.9137899780273437 2.544488825822923e-07
0.9147899780273437 4.0760321229962285e-07
0.9157899780273437 2.580603191253388e-07
0.9167899780273437 4.0895430659784636e-07
0.9177899780273437 3.6354232552094014e-07
0.9187899780273437 2.2072090084812752e-07
0.9197899780273437 4.912119470624866e-07
0.9207899780273437 3.5729713762411314e-07
0.9217899780273437 3.776498443179178e-07
0.9227899780273437 5.303605691544221e-07
0.9237899780273438 3.677593126183622e-07
0.9247899780273438 4.968051234704637e-07
0.9257899780273438 4.573400343001161e-07
0.9267899780273438 2.391588343387582e-07
0.9277899780273438 5.600073679443577e-07
0.9287899780273438 7.502417440864112e-07
0.9297899780273438 7.559695034675309e-07
0.9307899780273438 3.895252733426254e-07
0.9317899780273438 6.616606679237641e-07
0.9327899780273438 7.651988012570783e-07
0.9337899780273438 4.5733501226382636e-07
0.9347899780273438 6.666836017130639e-07
0.9357899780273438 7.038711615511536e-07
0.9367899780273438 7.540206363774024e-07
0.9377899780273438 6.214435974941649e-07
0.9387899780273438 7.73131221823171e-07
0.9397899780273438 5.008399055797999e-07
0.9407899780273438 5.647587951018099e-07
0.9417899780273438 4.7203741240400355e-07
0.9427899780273438 6.719563772554698e-07
0.9437899780273438 6.40305080873076e-07
0.9447899780273438 4.870514750976194e-07
0.9457899780273438 3.5630991533816054e-07
0.9467899780273438 7.081874088602475e-07
0.9477899780273438 7.364279786068255e-07
0.9487899780273438 7.187516041806735e-07
0.9497899780273438 4.588741288224446e-07
0.9507899780273438 7.879906983622968e-07
0.9517899780273438 6.962180908471538e-07
0.9527899780273438 7.837386021976991e-07
0.9537899780273438 9.550062592009407e-07
0.9547899780273438 7.249549690764863e-07
0.9557899780273438 7.201205193061246e-07
0.9567899780273438 7.887203839117894e-07
0.9577899780273438 1.0438443623587551e-06
0.9587899780273438 8.361159013985967e-07
0.9597899780273438 6.208277686586676e-07
0.9607899780273438 6.938653733436468e-07
0.9617899780273438 7.444789077128944e-07
0.9627899780273438 4.2982929649566946e-07
0.9637899780273438 6.673009559423265e-07
0.9647899780273438 6.331366573005133e-07
0.9657899780273438 8.167270694452336e-07
0.9667899780273438 7.021652976548577e-07
0.9677899780273438 5.682924875532799e-07
0.9687899780273438 9.730888672890828e-07
0.9697899780273438 8.380698925195739e-07
0.9707899780273438 7.615912977842321e-07
0.9717899780273438 8.585741508363175e-07
0.9727899780273438 9.729093900214115e-07
0.9737899780273438 6.771942657578493e-07
0.9747899780273438 6.859662631851152e-07
0.9757899780273438 8.489761169099414e-07
0.9767899780273438 7.046707112993241e-07
0.9777899780273438 5.491376792745082e-07
0.9787899780273438 3.497513069196639e-07
0.9797899780273438 6.67818420392035e-07
0.9807899780273438 5.957845872912916e-07
0.9817899780273438 6.942799363851342e-07
0.9827899780273438 4.2970283699159226e-07
0.9837899780273438 4.93010662494213e-07
0.9847899780273438 5.919135501464151e-07
0.9857899780273438 6.913892664413035e-07
0.9867899780273437 8.982540437849002e-07
0.9877899780273437 4.401956666697743e-07
0.9887899780273437 7.432815538951974e-07
0.9897899780273437 9.1209103071542e-07
0.9907899780273437 7.631616178331932e-07
0.9917899780273437 6.068575745527605e-07
0.9927899780273437 6.609012100121815e-07
0.9937899780273437 7.072130190751458e-07
0.9947899780273437 7.939665538712104e-07
0.9957899780273437 7.850011283595554e-07
0.9967899780273437 7.2064571062506e-07
0.9977899780273437 7.53762381425912e-07
0.9987899780273437 5.680744264585277e-06
0.9997899780273437 4.967165587004274e-06
1.0007899780273437 3.994616272393614e-06
1.0017899780273438 5.571970444483062e-06
1.0027899780273437 4.49705325687925e-06
1.0037899780273438 3.959881044769038e-06
1.0047899780273437 5.72506144332389e-06
1.0057899780273438 6.810604827478528e-06
1.0067899780273437 6.368844672882309e-06
1.0077899780273438 2.645414642756805e-06
1.0087899780273437 3.256702426976214e-06
1.0097899780273438 4.552907291023682e-06
1.0107899780273437 4.8170313433123126e-06
1.0117899780273438 4.130276599122832e-06
1.0127899780273437 3.4925612271763386e-06
1.0137899780273438 3.989341300136099e-06
1.0147899780273437 3.938958010015388e-06
1.0157899780273438 4.681945332170774e-06
1.0167899780273437 3.6272349340530735e-06
1.0177899780273438 2.3638977048297726e-06
1.0187899780273437 2.384853675418223e-06
1.0197899780273438 4.731631294513742e-06
1.0207899780273437 4.254940043513973e-06
1.0217899780273438 5.775395936022202e-06
1.0227899780273437 2.9455326148308812e-06
1.0237899780273438 4.070787593567123e-06
1.0247900390625 5.802211623328427e-06
1.0257900390625 4.54877803955848e-06
1.0267900390625 3.1087326351553203e-06
1.0277900390625 4.212305939290673e-06
1.0287900390625 3.119645698461682e-06
1.0297900390625 1.2057954639506836e-06
1.0307900390625 2.3964633389065663e-06
1.0317900390625 3.4278966874505086e-06
1.0327900390625 2.732714977658664e-06
1.0337900390625 3.7817686097696424e-06
1.0347900390625 3.1650859940176206e-06
1.0357900390625 2.775698958430439e-06
1.0367900390625 3.894638988034179e-06
1.0377900390625 2.4377012838764738e-06
1.0387900390625 2.2022140425785135e-06
1.0397900390625 4.5746640535071495e-06
1.0407900390625 4.149806336499751e-06
1.0417900390625 3.300479050570478e-06
1.0427900390625 2.2564726532436907e-06
1.0437900390625 4.826948764578749e-06
1.0447900390625 3.5754397201041382e-06
1.0457900390625 4.451145650818944e-06
1.0467900390625 3.3006656061237053e-06
1.0477900390625 3.6779816340034206e-06
1.0487900390625 3.404484693116198e-06
1.0497900390625 3.503266877184312e-06
1.0507900390625 3.7362996954470873e-06
1.0517900390625 3.252420671439419e-06
1.0527900390625 3.049695030009995e-06
1.0537900390625 3.163362950241814e-06
1.0547900390625 2.893573643329243e-06
1.0557900390625 2.1570499908799924e-06
1.0567900390625 1.8272140005137772e-06
1.0577900390625 2.6225129840895534e-06
1.0587900390625 2.6546113076619804e-06
1.0597900390625 3.00569959411708e-06
1.0607900390625 3.1343816469113034e-06
1.0617900390625 3.359053613773237e-06
1.0627900390625 3.4273087900752823e-06
1.0637900390625 2.9084346412370605e-06
1.0647900390625 3.927537278893094e-06
1.0657900390625 4.342951676032196e-06
1.0667900390625 4.165667730073134e-06
1.0677900390625 3.3108489393877487e-06
1.0687900390625 1.7943933683757982e-06
1.0697900390625 2.562755301672344e-06
1.0707900390625 3.904994712987293e-06
1.0717900390625 4.243723039204876e-06
1.0727900390625 4.338840954005718e-06
1.0737900390625 3.158468656086673e-06
1.0747900390625 4.519874443455289e-06
1.0757900390625 3.0606303092402716e-06
1.0767900390625 3.092618620333572e-06
1.0777900390625 2.6053333810220162e-06
1.0787900390625 2.4061492877081038e-06
1.0797900390625 2.6405540605386096e-06
1.0807900390625 1.794104949415972e-06
1.0817900390625 2.2811233551086237e-06
1.0827900390625 1.8959696656869104e-06
1.0837900390625 1.8783860529462496e-06
1.0847900390625 4.143616339812676e-06
1.0857900390625 2.150857326341793e-06
1.0867900390625 2.9098619900954266e-06
1.0877900390625 3.1800852351201078e-06
1.0887900390625 2.7857757231686263e-06
1.0897900390625 2.520685666240752e-06
1.0907900390625 3.1512843755384283e-06
1.0917900390625 2.839988301275298e-06
1.0927900390625 2.885087742470205e-06
1.0937900390625 1.5630666651607802e-06
1.0947900390625 1.2359752630194028e-06
1.0957900390625 2.19202134758234e-06
1.0967900390625 2.5706857074207316e-06
1.0977900390625 2.180850327325364e-06
1.0987900390625 3.1541252974420785e-06
1.0997900390625 3.145295971383651e-06
1.1007900390625 3.484589688014239e-06
1.1017900390625 2.93693437318628e-06
1.1027900390625 2.0512743018722783e-06
1.1037900390625 2.3409449689400693e-06
1.1047900390625 3.3913202544984717e-06
1.1057900390625 4.251211745819698e-06
1.1067900390625 3.1247463387747604e-06
1.1077900390625 1.5685180066308627e-06
1.1087900390625 1.9656753283925353e-06
1.1097900390625 2.127566694980487e-06
1.1107900390625 1.6391066795525453e-06
1.1117900390625 4.1280743122721715e-06
1.1127900390625 3.8542459757688144e-06
1.1137900390625 3.827835316769779e-06
1.1147900390625 3.46210174029693e-06
1.1157900390625 2.522655073941375e-06
1.1167900390625 2.9500533128157257e-06
1.1177900390625 2.14796566676038e-06
1.1187900390625 2.922515365450333e-06
1.1197900390625 2.995346003444865e-06
1.1207900390625 2.6600170531310143e-06
1.1217900390625 1.875563296683443e-06
1.1227900390625 1.5649013221263885e-06
1.1237900390625 3.07272906259944e-06
1.1247900390625 2.5635283964220433e-06
1.1257900390625 1.863196666818112e-06
1.1267900390625 3.2321622711606324e-06
1.1277900390625 3.114391341417407e-06
1.1287900390625 3.165899640104423e-06
1.1297900390625 4.296114687652637e-06
1.1307900390625 3.465334205732991e-06
1.1317900390625 3.6527889703089993e-06
1.1327900390625 1.916940624748046e-06
1.1337900390625 2.693767698171238e-06
1.1347900390625 2.4558903533034027e-06
1.1357900390625 2.7315115827756627e-06
1.1367900390625 2.755709671570609e-06
1.1377900390625 2.4412012620208164e-06
1.1387900390625 2.5491456714613984e-06
1.1397900390625 2.247185038868338e-06
1.1407900390625 2.8315226275784273e-06
1.1417900390625 3.047378365105639e-06
1.1427900390625 2.214417666740095e-06
1.1437900390625 2.9187300242483617e-06
1.1447900390625 3.5524282914896802e-06
1.1457900390625 3.4419456884885827e-06
1.1467900390625 1.9149446355489395e-06
1.1477900390625 2.2553486633114517e-06
1.1487900390625 2.9636065786083537e-06
1.1497900390625 3.0378658751336234e-06
1.1507900390625 2.4158046774876616e-06
1.1517900390625 3.1297182916508367e-06
1.1527900390625 3.2827439523922903e-06
1.1537900390625 2.963309088954702e-06
1.1547900390625 2.7206675925602515e-06
1.1557900390625 3.2097220537252726e-06
1.1567900390625 3.070838962836812e-06
1.1577900390625 3.2317039828437072e-06
1.1587900390625 2.407054998911917e-06
1.1597900390625 2.4174959495818864e-06
1.1607900390625 2.9319196376794325e-06
1.1617900390625 2.524938608985394e-06
1.1627900390625 3.5227265713425974e-06
1.1637900390625 3.4674400618920726e-06
1.1647900390625 3.138719960891952e-06
1.1657900390625 2.4422353696233285e-06
1.1667900390625 3.97252074132363e-06
1.1677900390625 3.756649287727972e-06
1.1687900390625 3.6404772739236553e-06
1.1697900390625 4.519802945045134e-06
1.1707900390625 3.593320046396305e-06
1.1717900390625 3.0592970627670487e-06
1.1727900390625 2.7623773106218624e-06
1.1737900390625 3.6780205361234645e-06
1.1747900390625 3.713128680828959e-06
1.1757900390625 3.2516367112596827e-06
1.1767900390625 4.01610634677733e-06
1.1777900390625 3.99191272056972e-06
1.1787900390625 3.613767718585829e-06
1.1797900390625 3.151673396738867e-06
1.1807900390625 4.250925946204613e-06
1.1817900390625 2.3880782828200607e-06
1.1827900390625 3.7111873583247264e-06
1.1837900390625 3.2261106146809955e-06
1.1847900390625 2.9059073616129655e-06
1.1857900390625 3.0865316512063145e-06
1.1867900390625 2.8127316424312694e-06
1.1877900390625 2.6894937036558987e-06
1.1887900390625 2.712044903698067e-06
1.1897900390625 2.51998101399901e-06
1.1907900390625 2.3756390146445485e-06
1.1917900390625 2.656446401185046e-06
1.1927900390625 1.7340496803323427e-06
1.1937900390625 2.759369284225007e-06
1.1947900390625 3.784639217580358e-06
1.1957900390625 3.684584905082981e-06
1.1967900390625 3.465667444591721e-06
1.1977900390625 3.5767843170712392e-06
1.1987900390625 1.7239816467432924e-06
1.1997900390625 3.5779779621710377e-06
1.2007900390625 3.520562992586444e-06
1.2017900390625 4.921010307346781e-06
1.2027900390625 4.815904054945956e-06
1.2037900390625 3.8027013458001117e-06
1.2047900390625 5.286559850598375e-06
1.2057900390625 4.593709697170804e-06
1.2067900390625 3.6400573056501644e-06
1.2077900390625 4.810440101816009e-06
1.2087900390625 3.50895201942573e-06
1.2097900390625 3.884266382859398e-06
1.2107900390625 4.004657967016101e-06
1.2117900390625 4.353294983350982e-06
1.2127900390625 4.7375028952956196e-06
1.2137900390625 3.7097114060694973e-06
1.2147900390625 4.304447017299632e-06
1.2157900390625 3.5382429875123004e-06
1.2167900390625 3.4756126115098595e-06
1.2177900390625 4.042184251981477e-06
1.2187900390625 3.907294982733826e-06
1.2197900390625 5.800869936744372e-06
1.2207900390625 4.685542177564154e-06
1.2217900390625 4.1810213588178154e-06
1.2227900390625 4.705969962136199e-06
1.2237900390625 4.053985370167841e-06
1.2247900390625 4.6145290252752605e-06
1.2257900390625 5.578064980606238e-06
1.2267900390625 5.305321925940613e-06
1.2277900390625 6.939584854990244e-06
1.2287900390625 5.311040537587056e-06
1.2297900390625 5.838024662807584e-06
1.2307900390625 5.935842054896057e-06
1.2317900390625 5.810967704746872e-06
1.2327900390625 4.9329916752564405e-06
1.2337900390625 6.060517431857685e-06
1.2347900390625 5.082401039544493e-06
1.2357900390625 5.546195898205042e-06
1.2367900390625 5.540048878174275e-06
1.2377900390625 7.376490781704585e-06
1.2387900390625 7.8407550851504e-06
1.2397900390625 8.146103743153314e-06
1.2407900390625 8.230166664967933e-06
1.2417900390625 7.740892081831892e-06
1.2427900390625 9.4026622051994e-06
1.2437900390625 8.12279157495747e-06
1.2447900390625 1.003673067316413e-05
1.2457900390625 1.069169685555001e-05
1.2467900390625 1.1235609805832307e-05
1.2477900390625 1.2103946646675468e-05
1.2487900390625 1.2455509665111701e-05
1.2497900390625 1.44132898033907e-05
1.2507900390625 1.4950876745084923e-05
1.2517900390625 1.6693246628468235e-05
1.2527900390625 1.715954354343315e-05
1.2537900390625 1.9783159950748085e-05
1.2547900390625 2.124432319154342e-05
1.2557900390625 2.2631940276672445e-05
1.2567900390625 2.44920173039039e-05
1.2577900390625 2.647902350872755e-05
1.2587900390625 2.964054699987173e-05
1.2597900390625 3.1868966761976483e-05
1.2607900390625 3.5433342369894185e-05
1.2617900390625 3.741977270692587e-05
1.2627900390625 4.338166366020839e-05
1.2637900390625 4.7590060470004875e-05
1.2647900390625 5.209073269118865e-05
1.2657900390625 5.7912607056399185e-05
1.2667900390625 6.367687912036975e-05
1.2677900390625 7.044436099628608e-05
1.2687900390625 7.721116300672292e-05
1.2697900390625 8.729680130879083e-05
1.2707900390625 9.900763009985289e-05
1.2717900390625 0.0001103120669722557
1.2727900390625 0.00012467443011701106
1.2737900390625 0.00014040676566461722
1.2747900390625 0.00015978466408948105
1.2757900390625 0.00018152473494410516
1.2767900390625 0.0002088504657149315
1.2777900390625 0.00023762820288538932
1.2787900390625 0.00027233937134345373
1.2797900390625 0.0003125083694855372
1.2807900390625 0.00035801973193883897
1.2817900390625 0.0004129718616604805
1.2827900390625 0.00047418590635061263
1.2837900390625 0.0005433794980247815
1.2847900390625 0.0006236614907781283
1.2857900390625 0.0007194359103838604
1.2867900390625 0.0008341324577728908
1.2877900390625 0.0009549759080012639
1.2887900390625 0.0011108132948478063
1.2897900390625 0.001296753336985906
1.2907900390625 0.0015022866924603781
1.2917900390625 0.001744275689125061
1.2927900390625 0.002065103699763616
1.2937900390625 0.002420204927523931
1.2947900390625 0.0028345616658528644
1.2957900390625 0.003390972713629405
1.2967900390625 0.0040230476856231686
1.2977900390625 0.0048104974627494815
1.2987900390625 0.005814538399378458
1.2997900390625 0.0070079326629638675
1.3007900390625 0.008501475254694621
1.3017900390625 0.010349240303039551
1.3027900390625 0.012665280103683473
1.3037900390625 0.015400886535644531
1.3047900390625 0.01860461990038554
1.3057900390625 0.02201754649480184
1.3067900390625 0.02476191600163778
1.3077900390625 0.02609774033228556
1.3087900390625 0.028849149545033773
1.3097900390625 0.03219381332397461
1.3107900390625 0.035248016516367595
1.3117900390625 0.038605589071909585
1.3127900390625 0.043856960137685135
1.3137900390625 0.04903261661529541
1.3147900390625 0.05590046246846517
1.3157900390625 0.06181312719980876
1.3167900390625 0.0710685936609904
1.3177900390625 0.08074378967285156
1.3187900390625 0.09503044128417969
1.3197900390625 0.11143781661987305
1.3207900390625 0.13185887018839518
1.3217900390625 0.15375303268432616
1.3227900390625 0.18214709599812826
1.3237900390625 0.21213960647583008
1.3247900390625 0.24981236775716145
1.3257900390625 0.28683526992797853
1.3267900390625 0.3332791646321615
1.3277900390625 0.38334060668945313
1.3287900390625 0.4403338368733724
1.3297900390625 0.49966182708740237
1.3307900390625 0.5610467402140299
1.3317900390625 0.6201549784342447
1.3327900390625 0.676328633626302
1.3337900390625 0.7305151112874348
1.3347900390625 0.7781861368815105
1.3357900390625 0.8137461598714192
1.3367900390625 0.8469432576497395
1.3377900390625 0.8734724934895833
1.3387900390625 0.8923983510335286
1.3397900390625 0.9037806701660156
1.3407900390625 0.9112056732177735
1.3417900390625 0.9172631581624349
1.3427900390625 0.9211558278401693
1.3437900390625 0.9285671742757161
1.3447900390625 0.9255423482259114
1.3457900390625 0.9302521260579426
1.3467900390625 0.9318482208251954
1.3477900390625 0.9342570749918621
1.3487900390625 0.9367486317952474
1.3497900390625 0.9386317952473958
1.3507900390625 0.942361348470052
1.3517900390625 0.9406450653076172
1.3527900390625 0.941337178548177
1.3537900390625 0.9457989756266276
1.3547900390625 0.9429973856608074
1.3557900390625 0.9440740966796874
1.3567900390625 0.9419069417317708
1.3577900390625 0.940942866007487
1.3587900390625 0.9403579203287761
1.3597900390625 0.9380405934651692
1.3607900390625 0.9364353688557943
1.3617900390625 0.9334809112548829
1.3627900390625 0.9328961944580079
1.3637900390625 0.9293153381347656
1.3647900390625 0.9343147277832031
1.3657900390625 0.9355011240641277
1.3667900390625 0.9320518747965495
1.3677900390625 0.9329980723063152
1.3687900390625 0.9325670369466146
1.3697900390625 0.9336514536539714
1.3707900390625 0.9358036549886067
1.3717900390625 0.9336419932047526
1.3727900390625 0.9324240620930989
1.3737900390625 0.9301776123046875
1.3747900390625 0.9294111887613933
1.3757900390625 0.93145263671875
1.3767900390625 0.929641850789388
1.3777900390625 0.929617919921875
1.3787900390625 0.9297850290934245
1.3797900390625 0.9292472076416015
1.3807900390625 0.9249590555826823
1.3817900390625 0.9238895416259766
1.3827900390625 0.928877461751302
1.3837900390625 0.9261609395345052
1.3847900390625 0.9225199890136718
1.3857900390625 0.9259899648030598
1.3867900390625 0.9246451314290364
1.3877900390625 0.9206868235270182
1.3887900390625 0.9229364267985026
1.3897900390625 0.9255385843912761
1.3907900390625 0.9268494415283203
1.3917900390625 0.9242169698079427
1.3927900390625 0.927899678548177
1.3937900390625 0.926320063273112
1.3947900390625 0.9308040618896485
1.3957900390625 0.9294568888346355
1.3967900390625 0.9306107838948567
1.3977900390625 0.9338051350911458
1.3987900390625 0.9331793975830078
1.3997900390625 0.9305054728190104
1.4007900390625 0.9363956451416016
1.4017900390625 0.9358595275878906
1.4027900390625 0.9362962086995442
1.4037900390625 0.9407826487223307
1.4047900390625 0.941680196126302
1.4057900390625 0.9437875874837239
1.4067900390625 0.9426475779215495
1.4077900390625 0.9430954488118489
1.4087900390625 0.9427324930826824
1.4097900390625 0.9457469940185547
1.4107900390625 0.9436258951822917
1.4117900390625 0.9482530721028646
1.4127900390625 0.9479316202799479
1.4137900390625 0.9511598968505859
1.4147900390625 0.9500628407796223
1.4157900390625 0.9511305236816406
1.4167900390625 0.952474365234375
1.4177900390625 0.9482027435302735
1.4187900390625 0.9541356150309245
1.4197900390625 0.9535436757405599
1.4207900390625 0.9532082875569661
1.4217900390625 0.9512147521972656
1.4227900390625 0.9559752400716145
1.4237900390625 0.9565172068277995
1.4247900390625 0.9567473347981771
1.4257900390625 0.9563944244384766
1.4267900390625 0.955267333984375
1.4277900390625 0.957140401204427
1.4287900390625 0.9559220123291016
1.4297900390625 0.9592155456542969
1.4307900390625 0.9608621978759766
1.4317900390625 0.9614333597819011
1.4327900390625 0.9591005198160808
1.4337900390625 0.9569409942626953
1.4347900390625 0.960493672688802
1.4357900390625 0.9621498107910156
1.4367900390625 0.9592140960693359
1.4377900390625 0.9610555267333984
1.4387900390625 0.9612094370524089
1.4397900390625 0.958285420735677
1.4407900390625 0.9633271789550781
1.4417900390625 0.9597324371337891
1.4427900390625 0.9618128458658854
1.4437900390625 0.9602409362792969
1.4447900390625 0.9622638193766276
1.4457900390625 0.9615534973144532
1.4467900390625 0.9615219624837239
1.4477900390625 0.959181645711263
1.4487900390625 0.9655082702636719
1.4497900390625 0.964667460123698
1.4507900390625 0.9609968566894531
1.4517900390625 0.9640115865071615
1.4527900390625 0.9657965342203777
1.4537900390625 0.9596029408772786
1.4547900390625 0.9573342895507813
1.4557900390625 0.9592420705159505
1.4567900390625 0.9545219167073568
1.4577900390625 0.9547259267171223
1.4587900390625 0.9562001546223958
1.4597900390625 0.9542896779378255
1.4607900390625 0.9488599650065105
1.4617900390625 0.9478467305501301
1.4627900390625 0.9469324747721355
1.4637900390625 0.9463895416259765
1.4647900390625 0.9450025939941407
1.4657900390625 0.9435288492838542
1.4667900390625 0.9402018483479817
1.4677900390625 0.9386101786295573
1.4687900390625 0.9388665008544922
1.4697900390625 0.9372534942626953
1.4707900390625 0.9344097646077474
1.4717900390625 0.9306783040364582
1.4727900390625 0.9325658162434896
1.4737900390625 0.9282692972819011
1.4747900390625 0.933112309773763
1.4757900390625 0.9304207611083984
1.4767900390625 0.9352508799235026
1.4777900390625 0.9302369944254558
1.4787900390625 0.9319736989339192
1.4797900390625 0.9326852671305339
1.4807900390625 0.9327508799235027
1.4817900390625 0.9305294545491536
1.4827900390625 0.9349291483561198
1.4837900390625 0.9343415323893229
1.4847900390625 0.938249003092448
1.4857900390625 0.9409113311767578
1.4867900390625 0.9388818359375
1.4877900390625 0.9406846618652344
1.4887900390625 0.9421066284179688
1.4897900390625 0.9435741170247396
1.4907900390625 0.9435031636555989
1.4917900390625 0.9499856313069661
1.4927900390625 0.949163335164388
1.4937900390625 0.9513103485107421
1.4947900390625 0.9491775004069011
1.4957900390625 0.9521800231933594
1.4967900390625 0.9551099904378255
1.4977900390625 0.9532307942708332
1.4987900390625 0.9552134958902996
1.4997900390625 0.962272237141927
1.5007900390625 0.9601361083984375
1.5017900390625 0.9607724253336589
1.5027900390625 0.9598675028483074
1.5037900390625 0.9640302022298176
1.5047900390625 0.9664661153157552
1.5057900390625 0.9644255065917968
1.5067900390625 0.9692972819010417
1.5077900390625 0.9668817138671875
1.5087900390625 0.9689991251627604
1.5097900390625 0.9708233388264973
1.5107900390625 0.9728083801269531
1.5117900390625 0.9698148854573567
1.5127900390625 0.9731843566894531
1.5137900390625 0.9730537414550782
1.5147900390625 0.9730405171712239
1.5157900390625 0.9731807963053386
1.5167900390625 0.9759997812906902
1.5177900390625 0.9778528086344401
1.5187900390625 0.9706914774576824
1.5197900390625 0.9744836934407551
1.5207900390625 0.9720647430419922
1.5217900390625 0.9679995473225911
1.5227900390625 0.9771697235107422
1.5237900390625 0.9667954508463542
1.5247900390625 0.9659584554036458
1.5257900390625 0.9671171061197917
1.5267900390625 0.9682681528727214
1.5277900390625 0.9661932881673176
1.5287900390625 0.9629505666097005
1.5297900390625 0.9619850413004558
1.5307900390625 0.9623283131917317
1.5317900390625 0.9604779052734375
1.5327900390625 0.9609573364257813
1.5337900390625 0.9598691050211589
1.5347900390625 0.9553339131673176
1.5357900390625 0.9576148223876954
1.5367900390625 0.9554424540201824
1.5377900390625 0.9593719736735027
1.5387900390625 0.9560326639811199
1.5397900390625 0.9544543711344402
1.5407900390625 0.9543816375732422
1.5417900390625 0.9535672505696614
1.5427900390625 0.9534046936035157
1.5437900390625 0.9565629323323567
1.5447900390625 0.9471778361002605
1.5457900390625 0.9532880401611328
1.5467900390625 0.9526977030436199
1.5477900390625 0.9506820424397786
1.5487900390625 0.9519098663330078
1.5497900390625 0.9443915049235027
1.5507900390625 0.9493208821614583
1.5517900390625 0.9469916534423828
1.5527900390625 0.9487192789713542
1.5537900390625 0.9453211975097656
1.5547900390625 0.9494118499755859
1.5557900390625 0.9429395802815754
1.5567900390625 0.9423042551676433
1.5577900390625 0.9422626241048176
1.5587900390625 0.942180404663086
1.5597900390625 0.9431439463297526
1.5607900390625 0.9431455485026042
1.5617900390625 0.943871078491211
1.5627900390625 0.9393528493245442
1.5637900390625 0.9396268717447918
1.5647900390625 0.9381881713867187
1.5657900390625 0.9393488311767578
1.5667900390625 0.9411551920572917
1.5677900390625 0.944044926961263
1.5687900390625 0.942519251505534
1.5697900390625 0.9411447397867839
1.5707900390625 0.9438079071044921
1.5717900390625 0.9433320871988933
1.5727900390625 0.9493015289306641
1.5737900390625 0.9451722971598308
1.5747900390625 0.9525449879964192
1.5757900390625 0.9523824564615886
1.5767900390625 0.9572163899739583
1.5777900390625 0.9590527852376302
1.5787900390625 0.958081766764323
1.5797900390625 0.9614341735839844
1.5807900390625 0.9629694366455078
1.5817900390625 0.9660794067382813
1.5827900390625 0.9689691162109375
1.5837900390625 0.9707454935709636
1.5847900390625 0.9762756093343099
1.5857900390625 0.9743058522542317
1.5867900390625 0.9733018493652343
1.5877900390625 0.9762433115641277
1.5887900390625 0.9758388773600261
1.5897900390625 0.9756723022460938
1.5907900390625 0.9780713144938151
1.5917900390625 0.9809711710611979
1.5927900390625 0.983942387898763
1.5937900390625 0.9821828206380208
1.5947900390625 0.9797219085693359
1.5957900390625 0.9830292002360026
1.5967900390625 0.9839243825276692
1.5977900390625 0.9836199188232422
1.5987900390625 0.9829946645100911
1.5997900390625 0.9781554412841796
1.6007900390625 0.9818713887532552
1.6017900390625 0.9829024251302083
1.6027900390625 0.9808589172363281
1.6037900390625 0.9798944600423176
1.6047900390625 0.9789430491129558
1.6057900390625 0.9792922973632813
1.6067900390625 0.9812295786539714
1.6077900390625 0.9832860819498699
1.6087900390625 0.97779052734375
1.6097900390625 0.9784936777750651
1.6107900390625 0.9799627431233724
1.6117900390625 0.9801355489095052
1.6127900390625 0.9773011271158855
1.6137900390625 0.9789906311035156
1.6147900390625 0.9762244923909504
1.6157900390625 0.9793003845214844
1.6167900390625 0.9771768951416016
1.6177900390625 0.981550776163737
1.6187900390625 0.9756865946451824
1.6197900390625 0.9776942443847656
1.6207900390625 0.9739248148600261
1.6217900390625 0.9768779754638672
1.6227900390625 0.9748456573486328
1.6237900390625 0.9723254140218098
1.6247900390625 0.9718572743733723
1.6257900390625 0.972073974609375
1.6267900390625 0.9689271036783854
1.6277900390625 0.9711803181966145
1.6287900390625 0.973308588663737
1.6297900390625 0.969125493367513
1.6307900390625 0.9711664072672527
1.6317900390625 0.9721790059407551
1.6327900390625 0.9716917165120442
1.6337900390625 0.9701540629069011
1.6347900390625 0.9693934377034504
1.6357900390625 0.9708511606852214
1.6367900390625 0.9699446360270183
1.6377900390625 0.9706746673583985
1.6387900390625 0.9664794921875
1.6397900390625 0.9699471791585286
1.6407900390625 0.965706075032552
1.6417900390625 0.9655997467041015
1.6427900390625 0.9673146565755207
1.6437900390625 0.9663263193766276
1.6447900390625 0.9603365325927734
1.6457900390625 0.9647076670328777
1.6467900390625 0.9652042897542317
1.6477900390625 0.9700713348388672
1.6487900390625 0.9695645395914714
1.6497900390625 0.9681648254394531
1.6507900390625 0.9727934773763021
1.6517900390625 0.9720533243815105
1.6527900390625 0.9758259836832682
1.6537900390625 0.9770481618245442
1.6547900390625 0.9768700663248698
1.6557900390625 0.9709671529134114
1.6567900390625 0.9657838694254558
1.6577900390625 0.9569465891520182
1.6587900390625 0.9387958017985026
1.6597900390625 0.914093755086263
1.6607900390625 0.8831070963541667
1.6617900390625 0.8442232004801433
1.6627900390625 0.7959105936686198
1.6637900390625 0.7395895894368489
1.6647900390625 0.6827293141682942
1.6657900390625 0.6237222290039063
1.6667900390625 0.5572528330485026
1.6677900390625 0.4954767735799154
1.6687900390625 0.43352986653645836
1.6697900390625 0.37530396779378256
1.6707900390625 0.3244926643371582
1.6717900390625 0.2767766698201497
1.6727900390625 0.23581133524576825
1.6737900390625 0.20208513259887695
1.6747900390625 0.17448050181070965
1.6757900390625 0.15355213165283202
1.6767900390625 0.13362606684366862
1.6777900390625 0.11756216684977212
1.6787900390625 0.10188545862833659
1.6797900390625 0.08981099128723144
1.6807900390625 0.07918465773264567
1.6817900390625 0.07149722258249919
1.6827900390625 0.06275800704956054
1.6837900390625 0.055384489695231125
1.6847900390625 0.0475100040435791
1.6857900390625 0.03996760924657186
1.6867900390625 0.033704706827799476
1.6877900390625 0.02833963712056478
1.6887900390625 0.0236025333404541
1.6897900390625 0.019869046608606975
1.6907900390625 0.01667349338531494
1.6917900390625 0.014012056191762289
1.6927900390625 0.011737696727116902
1.6937900390625 0.009929678042729696
1.6947900390625 0.00837861736615499
1.6957900390625 0.007057121396064759
1.6967900390625 0.006034989754358927
1.6977900390625 0.0051131759087244665
1.6987900390625 0.004355919361114502
1.6997900390625 0.003736004630724589
1.7007900390625 0.003229822715123494
1.7017900390625 0.002765425344308217
1.7027900390625 0.002389527956644694
1.7037900390625 0.002070731669664383
1.7047900390625 0.0017998696366945902
1.7057900390625 0.001572683999935786
1.7067900390625 0.0013742029666900634
1.7077900390625 0.001200026993950208
1.7087900390625 0.0010541599492232005
1.7097900390625 0.0009311406314373016
1.7107900390625 0.0008215518047412236
1.7117900390625 0.0007304767022530238
1.7127900390625 0.0006514435385664304
1.7137900390625 0.0005718293910225232
1.7147900390625 0.0005143410712480545
1.7157900390625 0.0004577283064524332
1.7167900390625 0.0004118856539328893
1.7177900390625 0.00036899392803510034
1.7187900390625 0.0003304389740029971
1.7197900390625 0.00029821406429012616
1.7207900390625 0.0002704569386939208
1.7217900390625 0.00024687353521585465
1.7227900390625 0.00021941476811965306
1.7237900390625 0.00020077699795365334
1.7247900390625 0.00018326496705412866
1.7257900390625 0.00016683192923665048
1.7267900390625 0.00014952300116419793
1.7277900390625 0.0001400199004759391
1.7287900390625 0.0001248807335893313
1.7297900390625 0.00011756043260296187
1.7307900390625 0.00010744396597146988
1.7317900390625 9.851955808699132e-05
1.7327900390625 9.04179954280456e-05
1.7337900390625 8.011814362059036e-05
1.7347900390625 7.781196540842454e-05
1.7357900390625 6.933778058737516e-05
1.7367900390625 6.511112675070762e-05
1.7377900390625 6.215700258811315e-05
1.7387900390625 5.4778407017389935e-05
1.7397900390625 5.21780534957846e-05
1.7407900390625 4.80160815641284e-05
1.7417900390625 4.322415372977655e-05
1.7427900390625 4.110241075977683e-05
1.7437900390625 4.070851330955823e-05
1.7447900390625 3.650138387456536e-05
1.7457900390625 3.602960690235098e-05
1.7467900390625 3.2802486481765904e-05
1.7477900390625 3.270967242618402e-05
1.7487900390625 3.104871371760964e-05
1.7497900390625 2.680877378831307e-05
1.7507900390625 2.7317389224966367e-05
1.7517900390625 2.4231766971449057e-05
1.7527900390625 2.2359307234485947e-05
1.7537900390625 2.181529998779297e-05
1.7547900390625 2.2831083430598176e-05
1.7557900390625 2.01757667430987e-05
1.7567900390625 1.929298664132754e-05
1.7577900390625 1.4457453119878967e-05
1.7587900390625 1.8923116537431877e-05
1.7597900390625 1.6877853001157445e-05
1.7607900390625 1.856409013271332e-05
1.7617900390625 1.578214345499873e-05
1.7627900390625 1.4626876994346578e-05
1.7637900390625 1.4856063450376194e-05
1.7647900390625 1.3182653347030283e-05
1.7657900390625 1.535937306471169e-05
1.7667900390625 1.2641520006582141e-05
1.7677900390625 1.358077706148227e-05
1.7687900390625 1.0944896882089476e-05
1.7697900390625 1.299382420256734e-05
1.7707900390625 1.540209011485179e-05
1.7717900390625 1.0078823931204777e-05
1.7727900390625 1.3113080058246851e-05
1.7737900390625 1.1312630182753008e-05
1.7747900390625 9.637939704892536e-06
1.7757900390625 1.2822566786780953e-05
1.7767900390625 1.2998483531797926e-05
1.7777900390625 1.1833149862165253e-05
1.7787900390625 1.3049920089542866e-05
1.7797900390625 8.276298952599367e-06
1.7807900390625 8.087321378601095e-06
1.7817900390625 9.993596468120813e-06
1.7827900390625 8.601030955712e-06
1.7837900390625 7.617792774302264e-06
1.7847900390625 1.0699081467464567e-05
1.7857900390625 1.0630158552279074e-05
1.7867900390625 1.2275139645983776e-05
1.7877900390625 1.1804880341514944e-05
1.7887900390625 8.419302563803891e-06
1.7897900390625 1.0650736900667351e-05
1.7907900390625 9.649187753287454e-06
1.7917900390625 1.25574367120862e-05
1.7927900390625 9.488322539255024e-06
1.7937900390625 1.0342089032443863e-05
1.7947900390625 9.511785853343705e-06
1.7957900390625 1.2907340036084254e-05
1.7967900390625 1.0345415794290603e-05
1.7977900390625 9.630988934077323e-06
1.7987900390625 7.385949332577487e-06
1.7997900390625 7.466641448748609e-06
1.8007900390625 1.2496396666392684e-05
1.8017900390625 9.880172437988222e-06
1.8027900390625 1.2391283332059781e-05
1.8037900390625 1.3188666586453717e-05
1.8047900390625 8.079324422093729e-06
1.8057900390625 9.24939774752905e-06
1.8067900390625 9.072020572299758e-06
1.8077900390625 1.0433139201874535e-05
1.8087900390625 1.0508327783706289e-05
1.8097900390625 1.1696930741891264e-05
1.8107900390625 1.3807943323627114e-05
1.8117900390625 9.90047895660003e-06
1.8127900390625 1.1125369540726144e-05
1.8137900390625 9.566576530536015e-06
1.8147900390625 1.067332651776572e-05
1.8157900390625 8.45090311486274e-06
1.8167900390625 8.695103654948374e-06
1.8177900390625 1.2049966802199682e-05
1.8187900390625 1.359122999322911e-05
1.8197900390625 8.511277458940943e-06
1.8207900390625 1.1250233510509134e-05
1.8217900390625 1.0245273782250781e-05
1.8227900390625 1.0082512744702399e-05
1.8237900390625 1.1518116419514019e-05
1.8247900390625 1.0649057027573387e-05
1.8257900390625 1.1016310115034383e-05
1.8267900390625 9.305870238070687e-06
1.8277900390625 6.819907769871255e-06
1.8287900390625 1.2474330142140388e-05
1.8297900390625 8.913956892987093e-06
1.8307900390625 1.2444253467644254e-05
1.8317900390625 8.439419907517731e-06
1.8327900390625 1.234661671333015e-05
1.8337900390625 6.304014629373948e-06
1.8347900390625 1.230291013295452e-05
1.8357900390625 1.0637237379948299e-05
1.8367900390625 1.0616423872609932e-05
1.8377900390625 5.953892056519786e-06
1.8387900390625 1.2910913210362195e-05
1.8397900390625 7.258871725449959e-06
1.8407900390625 1.0537356332254906e-05
1.8417900390625 7.632940153901775e-06
1.8427900390625 1.1976756698762376e-05
1.8437900390625 1.1659659212455154e-05
1.8447900390625 9.269495106612643e-06
1.8457900390625 1.0444953028733532e-05
1.8467900390625 1.431549006762604e-05
1.8477900390625 1.2410713049272696e-05
1.8487900390625 9.121260760972896e-06
1.8497900390625 1.2878449633717536e-05
1.8507900390625 1.0873775851602357e-05
1.8517900390625 1.9251036768158277e-05
1.8527900390625 1.122300202647845e-05
1.8537900390625 1.0937520225221913e-05
1.8547900390625 1.0870570161690314e-05
1.8557900390625 1.4970983223368724e-05
1.8567900390625 1.2380703119561075e-05
1.8577900390625 8.83739849086851e-06
1.8587900390625 1.4723476488143205e-05
1.8597900390625 5.84989960771054e-06
1.8607900390625 1.4302220273142059e-05
1.8617900390625 1.2913063013305265e-05
1.8627900390625 1.6883863136172294e-05
1.8637900390625 1.0239040323843558e-05
1.8647900390625 1.4630953470865886e-05
1.8657900390625 1.0769038538758952e-05
1.8667900390625 8.612075277293721e-06
1.8677900390625 1.557406348486741e-05
1.8687900390625 1.120364002417773e-05
1.8697900390625 1.2138996583720048e-05
1.8707900390625 1.3039643332983057e-05
1.8717900390625 1.4760043704882264e-05
1.8727900390625 9.628524615739783e-06
1.8737900390625 1.0930946640049416e-05
1.8747900390625 1.0525502148084342e-05
1.8757900390625 1.0917603115861614e-05
1.8767900390625 1.2003429777299364e-05
1.8777900390625 1.3999526854604483e-05
1.8787900390625 1.0445496300235391e-05
1.8797900390625 8.440610060157875e-06
1.8807900390625 1.0245227992224197e-05
1.8817900390625 6.320176956554254e-06
1.8827900390625 1.2436970719136298e-05
1.8837900390625 1.1784623299414914e-05
1.8847900390625 1.4624563045799731e-05
1.8857900390625 1.0066487593576312e-05
1.8867900390625 8.041943268229564e-06
1.8877900390625 1.1851283294769625e-05
1.8887900390625 1.0455976977633934e-05
1.8897900390625 1.208023012926181e-05
1.8907900390625 1.074020906041066e-05
1.8917900390625 1.2040663277730345e-05
1.8927900390625 1.0887700094220537e-05
1.8937900390625 1.153062175338467e-05
1.8947900390625 7.658373021210232e-06
1.8957900390625 1.5232126461341977e-05
1.8967900390625 1.5652430010959507e-05
1.8977900390625 1.4901709898064534e-05
1.8987900390625 1.2973870228355128e-05
1.8997900390625 9.525044006295503e-06
1.9007900390625 1.0310910486926635e-05
1.9017900390625 1.2187390044952434e-05
1.9027900390625 1.3292783017580707e-05
1.9037900390625 8.438043296337128e-06
1.9047900390625 1.1483840256308515e-05
1.9057900390625 1.1571385742475588e-05
1.9067900390625 1.1667119882379968e-05
1.9077900390625 1.2893186649307609e-05
1.9087900390625 1.0354571083250145e-05
1.9097900390625 1.1989026485631864e-05
1.9107900390625 1.3874152985711892e-05
1.9117900390625 1.1992619838565589e-05
1.9127900390625 1.5822200026984016e-05
1.9137900390625 1.1932173122962315e-05
1.9147900390625 1.1630118436490496e-05
1.9157900390625 1.0372948017902673e-05
1.9167900390625 1.2308240014438826e-05
1.9177900390625 1.057322951965034e-05
1.9187900390625 1.4902646653354167e-05
1.9197900390625 1.128309251119693e-05
1.9207900390625 1.2710160032535594e-05
1.9217900390625 1.352937698053817e-05
1.9227900390625 1.4791606614987056e-05
1.9237900390625 1.161533446672062e-05
1.9247900390625 1.3534588894496362e-05
1.9257900390625 7.93696982630839e-06
1.9267900390625 1.4607163223748405e-05
1.9277900390625 1.336932337532441e-05
1.9287900390625 1.0102412973841031e-05
1.9297900390625 1.1578236396114032e-05
1.9307900390625 1.3324659861003359e-05
1.9317900390625 1.0802101460285485e-05
1.9327900390625 1.0143359346936147e-05
1.9337900390625 1.2744086949775617e-05
1.9347900390625 1.210047669398288e-05
1.9357900390625 1.5146166551858187e-05
1.9367900390625 1.2858360229680937e-05
1.9377900390625 1.1906321354520818e-05
1.9387900390625 6.67063732786725e-06
1.9397900390625 1.6125170125936466e-05
1.9407900390625 1.0972613235935569e-05
1.9417900390625 1.3851666978249949e-05
1.9427900390625 1.489827021335562e-05
1.9437900390625 1.2408679661651451e-05
1.9447900390625 1.837713682713608e-05
1.9457900390625 1.4205846625069777e-05
1.9467900390625 1.5836346816892427e-05
1.9477900390625 1.4440046700959403e-05
1.9487900390625 7.658985753854117e-06
1.9497900390625 1.6337899724021553e-05
1.9507900390625 1.5664486369738976e-05
1.9517900390625 1.0206634178757668e-05
1.9527900390625 1.0844983238105971e-05
1.9537900390625 1.2498060241341591e-05
1.9547900390625 8.089850307442248e-06
1.9557900390625 1.4224706683307886e-05
1.9567900390625 1.0400385169001918e-05
1.9577900390625 1.5029596785704296e-05
1.9587900390625 1.1375665975113708e-05
1.9597900390625 1.162927985812227e-05
1.9607900390625 1.1407369747757911e-05
1.9617900390625 1.2806437055890759e-05
1.9627900390625 1.0124227846972645e-05
1.9637900390625 1.0629066964611412e-05
1.9647900390625 1.0961710941046477e-05
1.9657900390625 1.3493559866522749e-05
1.9667900390625 1.5528496587648987e-05
1.9677900390625 9.734448976814747e-06
1.9687900390625 1.7046393671383458e-05
1.9697900390625 1.0352190001867711e-05
1.9707900390625 1.3451509876176714e-05
1.9717900390625 1.2623586614305775e-05
1.9727900390625 1.431439343529443e-05
1.9737900390625 1.390619979550441e-05
1.9747900390625 1.4023360175391037e-05
1.9757900390625 8.722378018622598e-06
1.9767900390625 1.1419413300851981e-05
1.9777900390625 1.411292003467679e-05
1.9787900390625 1.5492939855903387e-05
1.9797900390625 1.4744097328123947e-05
1.9807900390625 8.265180125211677e-06
1.9817900390625 1.250802306458354e-05
1.9827900390625 1.81283603888005e-05
1.9837900390625 1.6437346736590068e-05
1.9847900390625 9.64091702674826e-06
1.9857900390625 1.2067940163736542e-05
1.9867900390625 1.4105726731941104e-05
1.9877900390625 1.3686522919063765e-05
1.9887900390625 1.6163490169371168e-05
1.9897900390625 1.536954039086898e-05
1.9907900390625 8.56620764049391e-06
1.9917900390625 1.4366233178103964e-05
1.9927900390625 1.221676900361975e-05
1.9937900390625 9.148243892317017e-06
1.9947900390625 1.2986663496121764e-05
1.9957900390625 1.8012879493956764e-05
1.9967900390625 1.1781753273680807e-05
1.9977900390625 1.3641879971449573e-05
1.9987900390625 1.5231840079650282e-05
1.9997900390625 9.109631840450068e-06
2.0007900390625 1.023926034880181e-05
2.0017900390625 1.0288292542099952e-05
2.0027900390625 1.297367309841017e-05
2.0037900390625 1.649837630490462e-05
2.0047900390625 1.507594366557896e-05
2.0057900390625 9.229678883760547e-06
2.0067900390625 1.3886613305658103e-05
2.0077900390625 1.7484826579069097e-05
2.0087900390625 1.053368536910663e-05
2.0097900390625 1.4967890068267781e-05
2.0107900390625 1.604157965630293e-05
2.0117900390625 1.782454006994764e-05
2.0127900390625 1.1272103680918616e-05
2.0137900390625 1.6908916489531596e-05
2.0147900390625 1.2571950210258364e-05
2.0157900390625 1.6445163637399674e-05
2.0167900390625 1.0453331633470952e-05
2.0177900390625 1.8151603095854323e-05
2.0187900390625 1.597848682043453e-05
2.0197900390625 1.7676906815419594e-05
2.0207900390625 1.4385186756650607e-05
2.0217900390625 1.69726829820623e-05
2.0227900390625 9.85920545645058e-06
2.0237900390625 1.2759973372643191e-05
2.0247900390625 1.8842369706059495e-05
2.0257900390625 1.544718979857862e-05
2.0267900390625 1.4113136567175388e-05
2.0277900390625 1.0993705363944174e-05
2.0287900390625 1.585341679553191e-05
2.0297900390625 1.959987683221698e-05
2.0307900390625 1.558233673373858e-05
2.0317900390625 1.4328199904412032e-05
2.0327900390625 2.3404330325623356e-05
2.0337900390625 1.252069390223672e-05
2.0347900390625 9.349889781636496e-06
2.0357900390625 1.614029674480359e-05
2.0367900390625 1.0762896078328292e-05
2.0377900390625 1.6911016621937355e-05
2.0387900390625 1.5666296627993387e-05
2.0397900390625 1.3590035572027166e-05
2.0407900390625 1.0942999506369232e-05
2.0417900390625 2.4740429750333227e-05
2.0427900390625 1.2769433669745923e-05
2.0437900390625 1.584878657013178e-05
2.0447900390625 1.0917662875726818e-05
2.0457900390625 1.826820312999189e-05
2.0467900390625 1.0519317341580365e-05
2.0477900390625 1.186046264289568e-05
2.0487900390625 1.8822519729534787e-05
2.0497900390625 1.4723683707416057e-05
2.0507900390625 1.4867183247891564e-05
2.0517900390625 1.674212010887762e-05
2.0527900390625 1.4127570126826565e-05
2.0537900390625 1.2723336694762111e-05
2.0547900390625 1.472534650626282e-05
2.0557900390625 1.6240720093871156e-05
2.0567900390625 1.3689863650749128e-05
2.0577900390625 1.1391383207713564e-05
2.0587900390625 1.935424981638789e-05
2.0597900390625 1.1818043033902843e-05
2.0607900390625 1.7402963324760395e-05
2.0617900390625 1.6417013248428703e-05
2.0627900390625 1.331131982927521e-05
2.0637900390625 1.6554049604261915e-05
2.0647900390625 1.996852341108024e-05
2.0657900390625 1.9936589912200967e-05
2.0667900390625 1.1697581115489205e-05
2.0677900390625 1.5016006461034219e-05
2.0687900390625 2.2503954047958054e-05
2.0697900390625 1.4576653484255075e-05
2.0707900390625 1.957823367168506e-05
2.0717900390625 1.3237956445664167e-05
2.0727900390625 1.6099380251641077e-05
2.0737900390625 1.5443846738586823e-05
2.0747900390625 1.9593626881639162e-05
2.0757900390625 1.6695836481327813e-05
2.0767900390625 1.581188019675513e-05
2.0777900390625 1.4374033780768513e-05
2.0787900390625 1.802283339202404e-05
2.0797900390625 1.8234023203452426e-05
2.0807900390625 2.34903236074994e-05
2.0817900390625 1.3082040240988135e-05
2.0827900390625 2.263287625585993e-05
2.0837900390625 1.328932004980743e-05
2.0847900390625 1.8129840027540924e-05
2.0857900390625 1.3918360151971381e-05
2.0867900390625 1.685958355665207e-05
2.0877900390625 1.56330200843513e-05
2.0887900390625 1.3213108371322353e-05
2.0897900390625 1.894245622679591e-05
2.0907900390625 2.105569001287222e-05
2.0917900390625 1.6549573047086596e-05
2.0927900390625 1.4968049945309759e-05
2.0937900390625 1.9062043090040486e-05
2.0947900390625 1.150336640421301e-05
2.0957900390625 1.8377233451853196e-05
2.0967900390625 1.863914309069514e-05
2.0977900390625 2.106142695993185e-05
2.0987900390625 1.606715687861045e-05
2.0997900390625 1.7234996582070988e-05
2.1007900390625 1.826562957527737e-05
2.1017900390625 1.6541127115488054e-05
2.1027900390625 1.673734630458057e-05
2.1037900390625 1.839151334327956e-05
2.1047900390625 2.3895133441934983e-05
2.1057900390625 1.541970996186137e-05
2.1067900390625 2.174611979474624e-05
2.1077900390625 2.2996763388315836e-05
2.1087900390625 1.3619790164132912e-05
2.1097900390625 1.6914256460343797e-05
2.1107900390625 1.4700390165671706e-05
2.1117900390625 1.8483276944607498e-05
2.1127900390625 1.6126733583708605e-05
2.1137900390625 1.7215213738381862e-05
2.1147900390625 1.7548383524020514e-05
2.1157900390625 1.8652613119532663e-05
2.1167900390625 2.077690985364219e-05
2.1177900390625 1.7825659985343614e-05
2.1187900390625 2.263824688270688e-05
2.1197900390625 2.2426319386189183e-05
2.1207900390625 2.4447555964191756e-05
2.1217900390625 2.3087037261575462e-05
2.1227900390625 1.9964413174117604e-05
2.1237900390625 1.5519240017359454e-05
2.1247900390625 1.2474282605883976e-05
2.1257900390625 2.352374683444699e-05
2.1267900390625 2.25884901980559e-05
2.1277900390625 2.948376660545667e-05
2.1287900390625 1.9358337158337236e-05
2.1297900390625 2.099225646816194e-05
2.1307900390625 2.2329046235730253e-05
2.1317900390625 1.980377361178398e-05
2.1327900390625 2.808181025708715e-05
2.1337900390625 1.6317683039233087e-05
2.1347900390625 1.6605965793132782e-05
2.1357900390625 1.9312499789521097e-05
2.1367900390625 2.0836406232168277e-05
2.1377900390625 1.313395604180793e-05
2.1387900390625 2.0500707129637397e-05
2.1397900390625 2.3041729970524706e-05
2.1407900390625 2.0271160562212268e-05
2.1417900390625 2.8169583529233933e-05
2.1427900390625 1.601435011252761e-05
2.1437900390625 1.9158336411540706e-05
2.1447900390625 2.2399723529815674e-05
2.1457900390625 2.0951836680372557e-05
2.1467900390625 1.8231003390004235e-05
2.1477900390625 1.833925334115823e-05
2.1487900390625 2.5685906875878574e-05
2.1497900390625 2.1517090499401092e-05
2.1507900390625 1.613040338270366e-05
2.1517900390625 2.22388026304543e-05
2.1527900390625 3.112348029389977e-05
2.1537900390625 2.4237403801331916e-05
2.1547900390625 2.4304349596301713e-05
2.1557900390625 2.429577987641096e-05
2.1567900390625 1.71561228732268e-05
2.1577900390625 2.19600034567217e-05
2.1587900390625 1.8380296727021535e-05
2.1597900390625 2.667501646404465e-05
2.1607900390625 1.9250953337177633e-05
2.1617900390625 2.4133186476926007e-05
2.1627900390625 2.4342436032990613e-05
2.1637900390625 2.4236363048354783e-05
2.1647900390625 2.6034070178866385e-05
2.1657900390625 1.7146489505345622e-05
2.1667900390625 1.7907646639893453e-05
2.1677900390625 1.7921789937342206e-05
2.1687900390625 1.5276803557450574e-05
2.1697900390625 2.4546872979650894e-05
2.1707900390625 2.780343328292171e-05
2.1717900390625 1.80726230610162e-05
2.1727900390625 1.3860471080988645e-05
2.1737900390625 2.7354763199885688e-05
2.1747900390625 2.0859679595256844e-05
2.1757900390625 2.574944014971455e-05
2.1767900390625 1.5355424451020858e-05
2.1777900390625 1.4969571687591572e-05
2.1787900390625 2.4413076074173055e-05
2.1797900390625 1.8695883918553592e-05
2.1807900390625 1.3657673262059689e-05
2.1817900390625 2.7835396273682512e-05
2.1827900390625 1.9140946290766198e-05
2.1837900390625 2.0406480180099605e-05
2.1847900390625 2.182191664663454e-05
2.1857900390625 2.2112583198274173e-05
2.1867900390625 1.5818946606790027e-05
2.1877900390625 1.4352262951433659e-05
2.1887900390625 1.609772987042864e-05
2.1897900390625 2.045287013364335e-05
2.1907900390625 2.0765006386985384e-05
2.1917900390625 2.723514956111709e-05
2.1927900390625 2.6245599923034512e-05
2.1937900390625 1.7398593093579015e-05
2.1947900390625 2.2462273482233285e-05
2.1957900390625 2.3639803597082695e-05
2.1967900390625 2.8189270136257016e-05
2.1977900390625 2.5182113361855348e-05
2.1987900390625 3.148063629244765e-05
2.1997900390625 2.1433339764674508e-05
2.2007900390625 2.6097620526949565e-05
2.2017900390625 2.769181660066048e-05
2.2027900390625 2.5090673783173164e-05
2.2037900390625 2.4947733618319034e-05
2.2047900390625 2.864412342508634e-05
2.2057900390625 3.0815659556537867e-05
2.2067900390625 2.5960036243001617e-05
2.2077900390625 2.4280515305387477e-05
2.2087900390625 2.5572249821076788e-05
2.2097900390625 3.106655630593499e-05
2.2107900390625 3.085861603418986e-05
2.2117900390625 3.2375281055768334e-05
2.2127900390625 4.222102075194319e-05
2.2137900390625 3.988655749708414e-05
2.2147900390625 2.9635726629445947e-05
2.2157900390625 8.957265332962076e-06
2.2167900390625 3.8046403011928e-05
2.2177900390625 4.027257285391291e-05
2.2187900390625 3.6670926492661236e-05
2.2197900390625 2.7559280085066954e-05
2.2207900390625 3.083744319155812e-05
2.2217900390625 3.566711597765485e-05
2.2227900390625 3.3098446050037943e-05
2.2237900390625 2.9797336707512535e-05
2.2247900390625 2.8374362736940385e-05
2.2257900390625 2.1578245796263218e-05
2.2267900390625 4.349265713244677e-05
2.2277900390625 2.9254719459762177e-05
2.2287900390625 3.237530356273055e-05
2.2297900390625 4.426920631279548e-05
2.2307900390625 2.9142246736834445e-05
2.2317900390625 2.905401634052396e-05
2.2327900390625 3.290593701725205e-05
2.2337900390625 3.2366146333515646e-05
2.2347900390625 2.80107573295633e-05
2.2357900390625 4.288903359944622e-05
2.2367900390625 3.0175657011568548e-05
2.2377900390625 3.997629663596551e-05
2.2387900390625 2.3993569581458965e-05
2.2397900390625 4.285666315505902e-05
2.2407900390625 4.958118001619975e-05
2.2417900390625 3.371064939225713e-05
2.2427900390625 4.078599081064264e-05
2.2437900390625 4.027302221705516e-05
2.2447900390625 2.5989909966786704e-05
2.2457900390625 4.039518690357606e-05
2.2467900390625 2.9784136762221656e-05
2.2477900390625 4.26354903417329e-05
2.2487900390625 3.179656264061729e-05
2.2497900390625 3.739251910398404e-05
2.2507900390625 3.432006652777394e-05
2.2517900390625 3.775648695106307e-05
2.2527900390625 3.2200589776039126e-05
2.2537900390625 4.561720105508964e-05
2.2547900390625 5.01930791263779e-05
2.2557900390625 4.743301464865605e-05
2.2567900390625 4.780880641192198e-05
2.2577900390625 3.036103599394361e-05
2.2587900390625 3.330849421521028e-05
2.2597900390625 4.943356228371461e-05
2.2607900390625 5.415205067644517e-05
2.2617900390625 4.212822066619992e-05
2.2627900390625 3.779953035215537e-05
2.2637900390625 3.792080019290248e-05
2.2647900390625 3.3959702899058665e-05
2.2657900390625 3.3663586170102155e-05
2.2667900390625 4.023999363804857e-05
2.2677900390625 3.0178630258888005e-05
2.2687900390625 4.688912071287632e-05
2.2697900390625 3.908021453147133e-05
2.2707900390625 3.7183836878587804e-05
2.2717900390625 3.332677374904355e-05
2.2727900390625 3.231580058733622e-05
2.2737900390625 3.8793370282898344e-05
2.2747900390625 3.380030315990249e-05
2.2757900390625 3.5700866331656776e-05
2.2767900390625 2.392646623775363e-05
2.2777900390625 2.597504062578082e-05
2.2787900390625 2.965320056925217e-05
2.2797900390625 3.1739360031982264e-05
2.2807900390625 2.4683769637097916e-05
2.2817900390625 2.511600653330485e-05
2.2827900390625 1.6163351053061584e-05
2.2837900390625 2.3425996769219637e-05
2.2847900390625 3.163096650193135e-05
2.2857900390625 1.9347517130275565e-05
2.2867900390625 2.2740902689596017e-05
2.2877900390625 2.02579404382656e-05
2.2887900390625 2.297458665755888e-05
2.2897900390625 2.1770563907921314e-05
2.2907900390625 1.5574136438469094e-05
2.2917900390625 2.5647470417122045e-05
2.2927900390625 1.8242970108985902e-05
2.2937900390625 1.8069599755108356e-05
2.2947900390625 2.703261018420259e-05
2.2957900390625 1.561475684866309e-05
2.2967900390625 2.0901840568209687e-05
2.2977900390625 1.6542690185209113e-05
2.2987900390625 1.1297396073738735e-05
2.2997900390625 1.7805120442062617e-05
2.3007900390625 1.510639674961567e-05
2.3017900390625 1.7084286470587057e-05
2.3027900390625 1.3569343524674576e-05
2.3037900390625 1.3770626780266564e-05
2.3047900390625 1.3937546949212748e-05
2.3057900390625 1.7718280432745814e-05
2.3067900390625 1.82507229813685e-05
2.3077900390625 8.640404169758161e-06
2.3087900390625 1.95846997667104e-05
2.3097900390625 1.5136183161909382e-05
2.3107900390625 1.4258783388261993e-05
2.3117900390625 9.454953445432087e-06
2.3127900390625 1.0670451447367668e-05
2.3137900390625 1.5049136709421874e-05
2.3147900390625 1.3999816728755831e-05
2.3157900390625 1.1312902206555008e-05
2.3167900390625 1.1269693107654651e-05
2.3177900390625 1.0815260272162657e-05
2.3187900390625 8.661781127254168e-06
2.3197900390625 1.3977786681304377e-05
2.3207900390625 1.196853700093925e-05
2.3217900390625 9.906800308575232e-06
2.3227900390625 1.1848720411459605e-05
2.3237900390625 8.982265717349946e-06
2.3247900390625 1.1349190026521683e-05
2.3257900390625 1.1439058580435812e-05
2.3267900390625 1.244152799093475e-05
2.3277900390625 1.4159193184847633e-05
2.3287900390625 8.833619261470934e-06
2.3297900390625 8.321927743963897e-06
2.3307900390625 1.1723133114476997e-05
2.3317900390625 1.0345193247000377e-05
2.3327900390625 1.0484949258777003e-05
2.3337900390625 1.0862078634090721e-05
2.3347900390625 9.564183031519254e-06
2.3357900390625 9.739400314477584e-06
2.3367900390625 1.0184122559924919e-05
2.3377900390625 8.408979047089815e-06
2.3387900390625 1.1898956727236509e-05
2.3397900390625 8.70660568277041e-06
2.3407900390625 1.1235907829056183e-05
2.3417900390625 1.2842843231434624e-05
2.3427900390625 1.246729011957844e-05
2.3437900390625 1.132763553565989e-05
2.3447900390625 9.36535846752425e-06
2.3457900390625 8.621869298319022e-06
2.3467900390625 8.535212643134097e-06
2.3477900390625 9.44995340735962e-06
2.3487900390625 1.1190293201555807e-05
2.3497900390625 1.2827350292354823e-05
2.3507900390625 9.861900471150875e-06
2.3517900390625 1.0999269240225356e-05
2.3527900390625 7.312683058747401e-06
2.3537900390625 8.914534895059963e-06
2.3547900390625 1.094027344758312e-05
2.3557900390625 9.784376403937737e-06
2.3567900390625 1.3586583469683926e-05
2.3577900390625 9.916122265470524e-06
2.3587900390625 1.0236017988063396e-05
2.3597900390625 1.0035329420740406e-05
2.3607900390625 8.002646112193664e-06
2.3617900390625 9.022435988299548e-06
2.3627900390625 1.2938322809835275e-05
2.3637900390625 1.2756883321950833e-05
2.3647900390625 1.2956530166169007e-05
2.3657900390625 9.067376959137619e-06
2.3667900390625 1.1358936317265034e-05
2.3677900390625 1.4404770142088335e-05
2.3687900390625 9.061445210439463e-06
2.3697900390625 1.0539664460035662e-05
2.3707900390625 1.1789953568950295e-05
2.3717900390625 1.3488346788411339e-05
2.3727900390625 1.0700870770961046e-05
2.3737900390625 1.0244391354111333e-05
2.3747900390625 1.3643113585809867e-05
2.3757900390625 1.171871980962654e-05
2.3767900390625 1.3174030076091487e-05
2.3777900390625 1.4055999927222728e-05
2.3787900390625 1.4180466920758288e-05
2.3797900390625 1.4201546631132562e-05
2.3807900390625 8.197905456957717e-06
2.3817900390625 1.505138313708206e-05
2.3827900390625 1.5852800182377298e-05
2.3837900390625 1.4139300134653848e-05
2.3847900390625 1.464209674547116e-05
2.3857900390625 1.4261193573474884e-05
2.3867900390625 1.3116356761505207e-05
2.3877900390625 1.1073411830390495e-05
2.3887900390625 1.3482136807094018e-05
2.3897900390625 1.1375455069355666e-05
2.3907900390625 1.4985733044644196e-05
2.3917900390625 1.849934303512176e-05
2.3927900390625 1.5200596923629444e-05
2.3937900390625 1.5102756442502141e-05
2.3947900390625 1.3053236762061715e-05
2.3957900390625 1.0853286560935279e-05
2.3967900390625 1.3777153411259254e-05
2.3977900390625 1.6172909721111258e-05
2.3987900390625 1.2771178735420107e-05
2.3997900390625 1.9700713843728104e-05
2.4007900390625 1.3798376312479376e-05
2.4017900390625 1.2686550229166944e-05
2.4027900390625 1.8334559863433243e-05
2.4037900390625 1.8441596766933797e-05
2.4047900390625 1.52702695534875e-05
2.4057900390625 1.3929926402245958e-05
2.4067900390625 1.660694678624471e-05
2.4077900390625 1.2411216739565133e-05
2.4087900390625 1.8190360084796944e-05
2.4097900390625 1.2954895889076095e-05
2.4107900390625 1.9273096307491262e-05
2.4117900390625 1.4122393525515993e-05
2.4127900390625 2.054744710524877e-05
2.4137900390625 1.487029017880559e-05
2.4147900390625 1.2760264216922224e-05
2.4157900390625 1.7620006886621316e-05
2.4167900390625 1.5531396493315696e-05
2.4177900390625 1.983469701372087e-05
2.4187900390625 2.3104380816221237e-05
2.4197900390625 1.77142268512398e-05
2.4207900390625 1.7585516519223648e-05
2.4217900390625 2.0877566809455552e-05
2.4227900390625 2.694368362426758e-05
2.4237900390625 1.608091328913967e-05
2.4247900390625 1.9424876663833858e-05
2.4257900390625 1.5128370141610504e-05
2.4267900390625 1.8889359974612793e-05
2.4277900390625 8.581586759343432e-06
2.4287900390625 1.9760519887010256e-05
2.4297900390625 2.188082318753004e-05
2.4307900390625 1.9929656215632955e-05
2.4317900390625 1.634374726563692e-05
2.4327900390625 1.861958997324109e-05
2.4337900390625 2.636555970336e-05
2.4347900390625 2.1360936807468532e-05
2.4357900390625 1.9947966793552042e-05
2.4367900390625 2.5492283360411726e-05
2.4377900390625 1.665714002835254e-05
2.4387900390625 2.030464354902506e-05
2.4397900390625 2.557121915742755e-05
2.4407900390625 1.6792220606779058e-05
2.4417900390625 1.812395639717579e-05
2.4427900390625 1.3984714751131833e-05
2.4437900390625 1.789435666675369e-05
2.4447900390625 2.2437026103337606e-05
2.4457900390625 2.329443309766551e-05
2.4467900390625 2.17784964479506e-05
2.4477900390625 2.5492943823337555e-05
2.4487900390625 1.581888956328233e-05
2.4497900390625 2.4568886340906224e-05
2.4507900390625 1.5363499599819382e-05
2.4517900390625 2.126310719177127e-05
2.4527900390625 2.719070684785644e-05
2.4537900390625 2.2968807024881242e-05
2.4547900390625 2.0812469689796368e-05
2.4557900390625 1.5337570027137795e-05
2.4567900390625 1.7033339633295935e-05
2.4577900390625 1.9383080070838334e-05
2.4587900390625 3.2986825487265985e-05
2.4597900390625 2.297374691503743e-05
2.4607900390625 3.27786096992592e-05
2.4617900390625 2.3273760452866553e-05
2.4627900390625 3.33659133563439e-05
2.4637900390625 1.694683024349312e-05
2.4647900390625 2.300505293533206e-05
2.4657900390625 2.0842410546417037e-05
2.4667900390625 2.2366417106240988e-05
2.4677900390625 2.6969242996225754e-05
2.4687900390625 3.0564256788541874e-05
2.4697900390625 2.9373186795661846e-05
2.4707900390625 1.9238246992851296e-05
2.4717900390625 2.7041840367019178e-05
2.4727900390625 1.941734692081809e-05
2.4737900390625 2.7844736663003763e-05
2.4747900390625 3.216475015506148e-05
2.4757900390625 2.3809426153699557e-05
2.4767900390625 3.3502997054407995e-05
2.4777900390625 2.4196346445629993e-05
2.4787900390625 1.7723973530034226e-05
2.4797900390625 2.656373350570599e-05
2.4807900390625 3.4530003710339466e-05
2.4817900390625 2.6629676576703786e-05
2.4827900390625 2.7128019525359074e-05
2.4837900390625 2.9785976900408664e-05
2.4847900390625 1.9278243416920305e-05
2.4857900390625 3.1882900123794874e-05
2.4867900390625 1.9525186313937108e-05
2.4877900390625 3.502850343162815e-05
2.4887900390625 3.370213399951657e-05
2.4897900390625 3.6918867068986097e-05
2.4907900390625 3.8906483290096124e-05
2.4917900390625 2.825893034848074e-05
2.4927900390625 3.172969988857707e-05
2.4937900390625 2.6939946692436934e-05
2.4947900390625 3.684894647449255e-05
2.4957900390625 2.6813446699331203e-05
2.4967900390625 4.3281939191122844e-05
2.4977900390625 2.980739033470551e-05
2.4987900390625 3.927188692614436e-05
2.4997900390625 2.863770971695582e-05
2.5007900390625 1.8163966791083414e-05
2.5017900390625 3.3026866925259436e-05
2.5027900390625 3.900701257710656e-05
2.5037900390625 3.367719318096836e-05
2.5047900390625 1.0190448956564068e-05
2.5057900390625 3.611822302142779e-05
2.5067900390625 3.0362466350197793e-05
2.5077900390625 4.064385003099839e-05
2.5087900390625 2.711650993054112e-05
2.5097900390625 1.278521683196902e-05
2.5107900390625 2.7752729753653208e-05
2.5117900390625 3.963396729280551e-05
2.5127900390625 3.890231717377901e-05
2.5137900390625 4.405939330657323e-05
2.5147900390625 4.2302727233618495e-05
2.5157900390625 3.812828644489249e-05
2.5167900390625 4.281057588135202e-05
2.5177900390625 3.7335061157743137e-05
2.5187900390625 4.528392106294632e-05
2.5197900390625 3.2248273491859436e-05
2.5207900390625 3.599124650160471e-05
2.5217900390625 3.711467065537969e-05
2.5227900390625 3.743139716486136e-05
2.5237900390625 3.1464483278493086e-05
2.5247900390625 4.5573343522846696e-05
2.5257900390625 4.424155068894227e-05
2.5267900390625 2.4380326891938845e-05
2.5277900390625 4.161814072479804e-05
2.5287900390625 4.3043536134064195e-05
2.5297900390625 5.201681982725859e-05
2.5307900390625 3.339080605655909e-05
2.5317900390625 5.5817357885340854e-05
2.5327900390625 6.098743372907241e-05
2.5337900390625 5.6182262487709525e-05
2.5347900390625 4.216191902135809e-05
2.5357900390625 5.735850582520167e-05
2.5367900390625 4.655699245631695e-05
2.5377900390625 4.894857294857502e-05
2.5387900390625 6.936672298858564e-05
2.5397900390625 3.2375496036062635e-05
2.5407900390625 6.864048385371764e-05
2.5417900390625 5.7718176394701e-05
2.5427900390625 4.4470739861329394e-05
2.5437900390625 3.803266561590135e-05
2.5447900390625 6.914029673983653e-05
2.5457900390625 3.188960642243425e-05
2.5467900390625 6.935407407581806e-05
2.5477900390625 7.570213327805202e-05
2.5487900390625 6.792328010002772e-05
2.5497900390625 7.653125561773777e-05
2.5507900390625 6.717799076189597e-05
2.5517900390625 8.332739428927501e-05
2.5527900390625 4.027969359109799e-05
2.5537900390625 7.16183427721262e-05
2.5547900390625 4.5772430797417956e-05
2.5557900390625 8.936743251979351e-05
2.5567900390625 7.35225264603893e-05
2.5577900390625 5.766219614694516e-05
2.5587900390625 0.00010023733911414942
2.5597900390625 0.00010337195048729579
2.5607900390625 9.419577506681284e-05
2.5617900390625 0.00010542544536292554
2.5627900390625 8.840834721922875e-05
2.5637900390625 0.00012097750169535478
2.5647900390625 9.974726165334383e-05
2.5657900390625 7.495207091172535e-05
2.5667900390625 0.0001021162699908018
2.5677900390625 0.00013375853188335896
2.5687900390625 0.0001047354812423388
2.5697900390625 5.8047251465419934e-05
2.5707900390625 8.611022494733333e-05
2.5717900390625 9.891514976819357e-05
2.5727900390625 0.00012993079920609792
2.5737900390625 9.057001521190008e-05
2.5747900390625 0.00011827096653481325
2.5757900390625 0.00010227567826708158
2.5767900390625 0.000135915232822299
2.5777900390625 9.15914432456096e-05
2.5787900390625 0.00013424186967313288
2.5797900390625 0.00010972396625826755
2.5807900390625 0.0001254217978566885
2.5817900390625 0.00010967229958623648
2.5827900390625 0.00011191576719284058
2.5837900390625 0.0001260834994415442
2.5847900390625 0.0001447981968522072
2.5857900390625 0.00015867193539937337
2.5867900390625 0.00015152703349788983
2.5877900390625 8.804155668864647e-05
2.5887900390625 0.00011918137160440287
2.5897900390625 0.000150103730460008
2.5907900390625 0.00015835770095388096
2.5917900390625 0.0001632881009330352
2.5927900390625 0.0001549633995940288
2.5937900390625 8.30674838895599e-05
2.5947900390625 0.00016993597149848937
2.5957900390625 0.00017123036707441012
2.5967900390625 0.00013321824682255585
2.5977900390625 0.00011685027740895748
