microns transmission
0.4003999938964844 9.999999939225291e-11
0.4013999938964844 9.999999939225291e-11
0.4023999938964844 9.999999939225291e-11
0.4033999938964844 8.055176365336555e-08
0.4043999938964844 6.901824270914385e-08
0.4053999938964844 9.999999939225291e-11
0.4063999938964844 3.1224900036856217e-07
0.4073999938964844 9.999999939225291e-11
0.40839999389648435 9.999999939225291e-11
0.40939999389648435 9.999999939225291e-11
0.41039999389648435 9.999999939225291e-11
0.41139999389648435 9.999999939225291e-11
0.41239999389648435 1.2758888750556234e-07
0.41339999389648435 4.1161946379967654e-07
0.41439999389648435 1.7076953589582426e-07
0.41539999389648435 9.999999939225291e-11
0.41639999389648436 1.2182346568264297e-07
0.41739999389648436 1.264410551697163e-07
0.41839999389648436 3.347629969970475e-08
0.41939999389648436 9.481159768990702e-08
0.42039999389648436 9.999999939225291e-11
0.42139999389648436 2.0535897151970533e-07
0.42239999389648436 9.999999939225291e-11
0.42339999389648436 9.999999939225291e-11
0.42439999389648436 3.8966500846745095e-08
0.42539999389648436 1.0069637669770279e-07
0.42639999389648436 9.999999939225291e-11
0.42739999389648436 9.871395112289368e-08
0.42839999389648437 9.999999939225291e-11
0.42939999389648437 2.9555922687052317e-09
0.43039999389648437 9.999999939225291e-11
0.43139999389648437 9.999999939225291e-11
0.43239999389648437 9.999999939225291e-11
0.43339999389648437 2.2145885948769242e-08
0.43439999389648437 7.168983524152849e-08
0.43539999389648437 9.999999939225291e-11
0.4363999938964844 5.440831990869792e-08
0.4373999938964844 1.1076429811573974e-07
0.4383999938964844 9.999999939225291e-11
0.4393999938964844 1.589318890182767e-07
0.4403999938964844 9.999999939225291e-11
0.4413999938964844 9.999999939225291e-11
0.4423999938964844 9.999999939225291e-11
0.4433999938964844 9.999999939225291e-11
0.4443999938964844 5.9085299752107787e-08
0.4453999938964844 1.3269452612263422e-08
0.4463999938964844 3.43440361157595e-08
0.4473999938964844 5.538043351016597e-08
0.4483999938964844 9.999999939225291e-11
0.4493999938964844 9.999999939225291e-11
0.4503999938964844 8.158063587634009e-09
0.4513999938964844 7.343387131856597e-08
0.4523999938964844 9.999999939225291e-11
0.4533999938964844 9.999999939225291e-11
0.4543999938964844 2.2374182761334773e-08
0.4553999938964844 9.999999939225291e-11
0.4563999938964844 5.157422634146277e-09
0.4573999938964844 9.999999939225291e-11
0.4583999938964844 4.264676812582024e-08
0.4593999938964844 1.849971287271046e-09
0.4603999938964844 9.999999939225291e-11
0.4613999938964844 9.999999939225291e-11
0.4623999938964844 1.3646262535379114e-07
0.4633999938964844 9.999999939225291e-11
0.4643999938964844 9.999999939225291e-11
0.4653999938964844 3.090763525115392e-08
0.4663999938964844 1.5878059760628577e-07
0.4673999938964844 4.7393549467145135e-08
0.4683999938964844 1.7291636845347587e-08
0.4693999938964844 9.999999939225291e-11
0.47039999389648435 7.692599467645777e-08
0.47139999389648435 5.233803140806496e-08
0.47239999389648435 9.999999939225291e-11
0.47339999389648435 3.6129031991312866e-08
0.47439999389648435 8.165039616869762e-08
0.47539999389648435 4.569505674290042e-08
0.47639999389648435 8.439525421029733e-08
0.47739999389648435 2.656977085280232e-07
0.47839999389648435 1.2902196783552238e-08
0.47939999389648436 9.999999939225291e-11
0.48039999389648436 2.953881691306985e-07
0.48139999389648436 1.5423594296256245e-07
0.48239999389648436 9.999999939225291e-11
0.48339999389648436 1.4490545146017552e-08
0.48439999389648436 1.23955463751102e-07
0.48539999389648436 8.030347525315543e-08
0.48639999389648436 9.93954012429299e-09
0.48739999389648436 4.6530774750290034e-08
0.48839999389648436 1.8374450568477604e-08
0.48939999389648436 5.355989992258022e-09
0.49039999389648437 3.9736633675365355e-08
0.49139999389648437 9.999999939225291e-11
0.49239999389648437 9.999999939225291e-11
0.49339999389648437 1.3092297194816637e-07
0.49439999389648437 5.723405325082827e-08
0.49539999389648437 6.230403449751047e-08
0.49639999389648437 3.942333197670678e-09
0.49739999389648437 6.84147023773581e-08
0.4983999938964844 6.242438035227356e-08
0.4993999938964844 9.999999939225291e-11
0.5003999938964844 1.903141380784253e-08
0.5013999938964844 9.999999939225291e-11
0.5023999938964844 1.0503996539531121e-07
0.5033999938964844 1.2378053722746548e-09
0.5043999938964844 2.8232022888374787e-08
0.5053999938964844 7.047179754711882e-08
0.5063999938964844 7.972206428045561e-08
0.5073999938964844 3.5673332702638544e-08
0.5083999938964844 9.118123974379463e-08
0.5093999938964844 9.999999939225291e-11
0.5103999938964844 4.2698700273291476e-08
0.5113999938964844 9.999999939225291e-11
0.5124000244140625 1.2866106923562863e-07
0.5134000244140625 1.1100616610508021e-07
0.5144000244140625 8.16556962490722e-08
0.5154000244140625 3.08582157722744e-08
0.5164000244140625 2.8394843661535184e-08
0.5174000244140625 1.725563958832055e-07
0.5184000244140625 4.4955325290511425e-08
0.5194000244140625 7.007179897063528e-09
0.5204000244140625 8.128286731097963e-09
0.5214000244140625 2.504325983624748e-08
0.5224000244140625 4.8747081867380375e-08
0.5234000244140625 1.11712384978091e-07
0.5244000244140625 3.986718067672257e-08
0.5254000244140625 9.999999939225291e-11
0.5264000244140625 1.5086050044743615e-08
0.5274000244140625 5.639251750899632e-08
0.5284000244140625 6.945169120993928e-08
0.5294000244140625 2.2562316287870012e-08
0.5304000244140625 2.0627110946710064e-07
0.5314000244140625 6.354182950178237e-08
0.5324000244140625 1.4102345933982483e-07
0.5334000244140625 9.999999939225291e-11
0.5344000244140625 1.2542812176737547e-07
0.5354000244140625 2.221610651886863e-08
0.5364000244140625 9.999999939225291e-11
0.5374000244140625 7.321456549173414e-09
0.5384000244140625 1.26852200992289e-07
0.5394000244140625 9.999999939225291e-11
0.5404000244140625 7.895014808430763e-08
0.5414000244140625 7.361161235230895e-08
0.5424000244140625 1.1710626798352072e-07
0.5434000244140625 2.0313063335682574e-07
0.5444000244140625 9.999999939225291e-11
0.5454000244140625 1.0337798357795691e-07
0.5464000244140625 9.999999939225291e-11
0.5474000244140625 3.426844341447577e-07
0.5484000244140625 1.1651860252944365e-07
0.5494000244140625 2.0809088406773906e-07
0.5504000244140625 1.0021122493893605e-07
0.5514000244140626 1.8837766558199575e-07
0.5524000244140626 1.7254366634134045e-07
0.5534000244140626 1.442660329982933e-07
0.5544000244140626 3.478530440285491e-07
0.5554000244140626 1.6081159699273446e-07
0.5564000244140626 4.342954647048221e-07
0.5574000244140624 1.351971464410203e-07
0.5584000244140624 3.567601045991372e-07
0.5594000244140624 1.872988354456595e-07
0.5604000244140624 3.7571336482263485e-07
0.5614000244140624 2.876075969234411e-07
0.5624000244140624 1.2055583354116568e-07
0.5634000244140625 8.442120279876045e-08
0.5644000244140625 2.785408760737814e-07
0.5654000244140625 1.8814710296410907e-07
0.5664000244140625 3.4576541111164263e-07
0.5674000244140625 3.3806388308891633e-07
0.5684000244140625 2.291021257860848e-07
0.5694000244140625 1.1509173115579566e-07
0.5704000244140625 2.5068350772983193e-09
0.5714000244140625 9.999999939225291e-11
0.5724000244140625 1.338440506515326e-07
0.5734000244140625 1.4415406440093648e-07
0.5744000244140625 1.7283166418025076e-08
0.5754000244140625 1.1928825491243818e-07
0.5764000244140625 1.4017496846226625e-08
0.5774000244140625 9.999999939225291e-11
0.5784000244140625 2.3110253702422293e-07
0.5794000244140625 9.999999939225291e-11
0.5804000244140625 1.779133984995222e-07
0.5814000244140625 1.3861702882422833e-07
0.5824000244140625 8.988123262258322e-08
0.5834000244140625 3.296376791380359e-08
0.5844000244140625 2.8109743247147398e-08
0.5854000244140625 1.0176045179832727e-07
0.5864000244140625 7.611123032565577e-09
0.5874000244140625 5.340816588983444e-09
0.5884000244140625 1.1008170832068251e-07
0.5894000244140625 3.5994732972000065e-08
0.5904000244140625 1.767130015650764e-07
0.5914000244140625 1.0898421047992693e-07
0.5924000244140625 1.4543757060891948e-07
0.5934000244140625 6.921665200998461e-08
0.5944000244140625 2.2830683921171156e-08
0.5954000244140625 1.4928699882214385e-08
0.5964000244140625 1.199820496555759e-07
0.5974000244140625 9.894220622364002e-08
0.5984000244140625 2.7275720033988666e-07
0.5994000244140625 1.1464853688636367e-08
0.6004000244140625 4.374593759533714e-08
0.6014000244140625 1.3094627396033805e-07
0.6024000244140625 7.101442261792102e-08
0.6034000244140625 1.8834672421993067e-07
0.6044000244140625 3.2979485187212274e-08
0.6054000244140625 6.365843581749667e-08
0.6064000244140625 2.096222397085512e-07
0.6074000244140625 9.044876909077479e-08
0.6084000244140625 1.76065404957626e-07
0.6094000244140625 1.6498882208300831e-07
0.6104000244140625 9.999999939225291e-11
0.6114000244140625 8.46496322992607e-08
0.6124000244140625 1.2814637102565029e-07
0.6134000244140625 1.4693730008730198e-07
0.6144000244140625 9.999999939225291e-11
0.6154000244140625 2.5086946250733413e-08
0.6164000244140625 5.114103143633031e-08
0.6174000244140625 4.545640270710767e-08
0.6184000244140625 1.779640339982791e-08
0.6194000244140625 2.36679166428407e-08
0.6204000244140625 1.8146049872787745e-07
0.6214000244140625 2.7657026294036766e-07
0.6224000244140625 9.999999939225291e-11
0.6234000244140625 2.1033873961092316e-09
0.6244000244140625 1.096903285239629e-07
0.6254000244140625 1.303195894012769e-08
0.6264000244140625 3.2210929324113143e-07
0.6274000244140625 9.999999939225291e-11
0.6284000244140625 4.284006606643705e-08
0.6294000244140625 5.127245503130003e-08
0.6304000244140625 4.4963652472418405e-08
0.6314000244140625 1.723020654154084e-08
0.6324000244140625 1.6597663221003716e-07
0.6334000244140625 1.2337944099272136e-07
0.6344000244140625 9.999999939225291e-11
0.6354000244140625 9.999999939225291e-11
0.6364000244140625 9.999999939225291e-11
0.6374000244140625 1.2677904427012738e-07
0.6384000244140625 3.4935989837355426e-08
0.6394000244140625 1.1017198782307483e-07
0.6404000244140625 5.6722869074358566e-08
0.6414000244140625 7.536035844838788e-08
0.6424000244140625 7.503994422286552e-08
0.6434000244140625 5.7883770496758304e-08
0.6444000244140625 6.944596139331811e-08
0.6454000244140625 9.268952756732081e-08
0.6464000244140625 1.6014639587780265e-08
0.6474000244140625 2.5878666747303215e-07
0.6484000244140625 9.999999939225291e-11
0.6494000244140625 4.568912399527392e-08
0.6504000244140625 6.386093481284642e-08
0.6514000244140625 2.3074509954312817e-07
0.6524000244140625 2.5245460566480914e-08
0.6534000244140625 1.4134027004490216e-07
0.6544000244140625 1.3357583460068176e-07
0.6554000244140625 4.664837317314152e-08
0.6564000244140625 1.0384205324953655e-07
0.6574000244140625 5.478699939646485e-08
0.6584000244140625 9.999999939225291e-11
0.6594000244140625 2.17933599439372e-07
0.6604000244140625 7.902709886190942e-08
0.6614000244140625 1.248986745849834e-07
0.6624000244140625 1.9385889875896584e-07
0.6634000244140625 1.7115543414547575e-07
0.6644000244140625 1.4982413631514647e-07
0.6654000244140625 2.8538749976547707e-08
0.6664000244140625 1.030175656069332e-07
0.6674000244140625 2.4186139853554776e-07
0.6684000244140625 6.448790862793411e-08
0.6694000244140625 1.6622278053546325e-07
0.6704000244140625 1.318807274704644e-07
0.6714000244140625 1.0216956712068756e-07
0.6724000244140625 2.8866013356794914e-07
0.6734000244140625 9.222413190161186e-08
0.6744000244140625 1.9649006389954592e-07
0.6754000244140625 7.31420088110705e-08
0.6764000244140626 1.357585009712873e-07
0.6774000244140626 5.550319009432296e-08
0.6784000244140626 1.3380259926698558e-07
0.6794000244140626 3.236125886966571e-08
0.6804000244140626 1.4524317900092378e-07
0.6814000244140626 2.6262783042814893e-07
0.6824000244140624 2.291591711885606e-07
0.6834000244140624 1.8960066881845706e-07
0.6844000244140624 1.8223593577874435e-07
0.6854000244140624 2.712006971705705e-07
0.6864000244140624 1.825937407199755e-08
0.6874000244140624 3.67033662769245e-07
0.6884000244140625 3.6486647028747633e-07
0.6894000244140625 2.6434866716347947e-07
0.6904000244140625 2.8574958681322946e-07
0.6914000244140625 3.558047016364677e-07
0.6924000244140625 2.4293883446565206e-07
0.6934000244140625 2.9698216773491975e-07
0.6944000244140625 5.90267967102894e-07
0.6954000244140625 3.447341381009513e-07
0.6964000244140625 8.759996368704985e-07
0.6974000244140625 9.203898419703667e-07
0.6984000244140625 1.1729045460621517e-06
0.6994000244140625 1.1239559777701895e-06
0.7004000244140625 1.6424156395563236e-06
0.7014000244140625 1.8097016436513513e-06
0.7024000244140625 2.5479381050293643e-06
0.7034000244140625 2.6403872955900926e-06
0.7044000244140625 3.243034880142659e-06
0.7054000244140625 3.9995070740891e-06
0.7064000244140625 4.919482065209498e-06
0.7074000244140625 6.13764258256803e-06
0.7084000244140625 8.14742932561785e-06
0.7094000244140625 9.746065673728784e-06
0.7104000244140625 1.0215737080822389e-05
0.7114000244140625 9.251435209686557e-06
0.7124000244140625 8.10612963202099e-06
0.7134000244140625 6.743905250914395e-06
0.7144000244140625 4.694836776858817e-06
0.7154000244140625 4.258063660624127e-06
0.7164000244140625 3.511648004253705e-06
0.7174000244140625 3.0734739266335963e-06
0.7184000244140625 2.8693059963795046e-06
0.7194000244140625 2.801467392904063e-06
0.7204000244140625 2.609884541016072e-06
0.7214000244140625 2.8273043183920282e-06
0.7224000244140625 2.5334727251902224e-06
0.7234000244140625 1.8001436546910553e-06
0.7244000244140625 1.7452212826659284e-06
0.7254000244140625 1.4858666690997779e-06
0.7264000244140625 1.194845341766874e-06
0.7274000244140625 1.2056693716052297e-06
0.7284000244140625 9.306897118221969e-07
0.7294000244140625 3.9462856269286327e-07
0.7304000244140625 7.679311117196146e-07
0.7314000244140625 4.1266307259017287e-07
0.7324000244140625 8.472125531019021e-07
0.7334000244140625 6.14689888607245e-07
0.7344000244140625 6.521866938176875e-07
0.7354000244140625 7.14462912583258e-07
0.7364000244140625 8.248089337333416e-07
0.7374000244140625 6.852735411181736e-07
0.7384000244140625 1.1016511173996454e-06
0.7394000244140625 1.212097704410553e-06
0.7404000244140625 1.3476309929198274e-06
0.7414000244140625 1.5531193154553572e-06
0.7424000244140625 1.6342180121379593e-06
0.7434000244140625 1.6800253555023422e-06
0.7444000244140625 1.2535915690629432e-06
0.7454000244140625 9.363073089237635e-07
0.7464000244140625 1.794391001149383e-07
0.7474000244140625 4.2033563052730945e-07
0.7484000244140625 1.8589572765274437e-07
0.7494000244140625 2.19232100535649e-07
0.7504000244140625 2.0564616886413014e-08
0.7514000244140625 1.4587549872343195e-07
0.7524000244140625 3.14092600698738e-07
0.7534000244140625 1.7799737249764763e-07
0.7544000244140625 3.46839290917463e-07
0.7554000244140625 6.319704213334868e-07
0.7564000244140625 4.936886610569976e-07
0.7574000244140625 2.551020095609147e-07
0.7584000244140625 4.255686932689665e-07
0.7594000244140625 6.227238312324819e-07
0.7604000244140625 5.643700630268237e-07
0.7614000244140625 3.7671822913883567e-07
0.7624000244140625 1.6084990490957313e-07
0.7634000244140625 7.185277596969779e-07
0.7644000244140625 5.612276800093241e-07
0.7654000244140625 6.42074361773363e-07
0.7664000244140625 5.293133654049597e-07
0.7674000244140625 2.5029393362944556e-07
0.7684000244140625 1.96670786912397e-07
0.7694000244140625 3.846165600407403e-07
0.7704000244140625 2.494427371857455e-07
0.7714000244140625 3.140218514581979e-07
0.7724000244140625 1.0294636689778259e-07
0.7734000244140625 1.781162010120833e-07
0.7744000244140625 6.5090468925888e-08
0.7754000244140625 8.266726651958342e-08
0.7764000244140625 1.5769866341367828e-07
0.7774000244140625 1.8859223392434881e-07
0.7784000244140625 3.966511307111157e-07
0.7794000244140625 3.509110717647701e-07
0.7804000244140625 6.588042500273634e-07
0.7814000244140625 3.944521427001746e-07
0.7824000244140625 5.261064567700183e-07
0.7834000244140625 1.9800037721691883e-07
0.7844000244140625 8.048117342696059e-07
0.7854000244140625 3.098438571402795e-07
0.7864000244140625 5.346670999036481e-07
0.7874000244140625 6.74375787639292e-07
0.7884000244140625 2.1510799984210866e-07
0.7894000244140625 1.713878043307915e-07
0.7904000244140625 1.4186433605030876e-07
0.7914000244140625 1.5032273075791618e-07
0.7924000244140625 1.0641096837756455e-07
0.7934000244140625 1.6308233847794894e-07
0.7944000244140625 6.478829840617095e-08
0.7954000244140625 4.7467009911391263e-07
0.7964000244140625 4.346343606205968e-07
0.7974000244140625 4.41517874654925e-07
0.7984000244140625 5.13377957152746e-07
0.7994000244140625 9.999999939225291e-11
0.8004000244140625 1.4622878247432052e-06
0.8014000244140626 1.3805081249075293e-06
0.8024000244140626 1.1443212793899522e-06
0.8034000244140626 1.378657132521619e-06
0.8044000244140626 1.184121334670308e-06
0.8054000244140626 7.195972914487841e-07
0.8064000244140626 8.916821933783251e-07
0.8074000244140624 1.2766895394290225e-06
0.8084000244140624 1.289966811987669e-06
0.8094000244140624 1.04108134624373e-06
0.8104000244140624 9.373512653788032e-07
0.8114000244140624 1.1367588761753013e-06
0.8124000244140624 1.4292696574716114e-06
0.8134000244140625 1.535219853251147e-06
0.8144000244140625 1.4824806620579122e-06
0.8154000244140625 1.1883216401620785e-06
0.8164000244140625 1.0307403107457016e-06
0.8174000244140625 1.0287639801386974e-06
0.8184000244140625 1.0575863430633555e-06
0.8194000244140625 1.2482924333472606e-06
0.8204000244140625 5.984391232521822e-07
0.8214000244140625 5.096707333973336e-07
0.8224000244140625 9.076724086527232e-07
0.8234000244140625 9.608730572589987e-07
0.8244000244140625 1.133166254957853e-06
0.8254000244140625 6.667385036018874e-07
0.8264000244140625 8.196151586316082e-07
0.8274000244140625 7.107962518003333e-07
0.8284000244140625 1.019451537045722e-06
0.8294000244140625 1.1244460055234398e-06
0.8304000244140625 7.092464586655476e-07
0.8314000244140625 1.3199364346355795e-06
0.8324000244140625 1.0152660784457007e-06
0.8334000244140625 4.343647522870995e-07
0.8344000244140625 9.411845166076957e-07
0.8354000244140625 1.0522987923762583e-06
0.8364000244140625 6.229171042073778e-07
0.8374000244140625 1.0377523631049776e-06
0.8384000244140625 1.0371099359355406e-06
0.8394000244140625 4.665160974900967e-07
0.8404000244140625 3.2569328157596503e-07
0.8414000244140625 2.202062818595194e-07
0.8424000244140625 7.300815475478452e-07
0.8434000244140625 1.1700730756879592e-06
0.8444000244140625 4.5908729599321866e-07
0.8454000244140625 4.81207113805992e-07
0.8464000244140625 4.138420731374023e-07
0.8474000244140625 5.404116054336247e-07
0.8484000244140625 6.964283372724965e-07
0.8494000244140625 5.566675838679399e-07
0.8504000244140625 5.987532806676552e-07
0.8514000244140625 5.989814433415605e-07
0.8524000244140625 8.491485806136258e-07
0.8534000244140625 8.177131728083613e-07
0.8544000244140625 6.453408860091794e-07
0.8554000244140625 7.901921937432945e-07
0.8564000244140625 8.443235522368119e-07
0.8574000244140625 6.006265240396473e-07
0.8584000244140625 8.20575016201708e-07
0.8594000244140625 4.90118325426132e-07
0.8604000244140625 6.670599506504418e-07
0.8614000244140625 6.554661296351269e-07
0.8624000244140625 3.279150692381896e-07
0.8634000244140625 7.351394414605632e-07
0.8644000244140625 1.0653446738987902e-06
0.8654000244140625 6.957771612281643e-07
0.8664000244140625 7.076604186069019e-07
0.8674000244140625 8.4881766847787e-07
0.8684000244140625 7.864875858820007e-07
0.8694000244140625 9.249298573782732e-07
0.8704000244140625 7.85466691364429e-07
0.8714000244140625 8.954535365056638e-07
0.8724000244140625 9.071324211097885e-07
0.8734000244140625 9.980387762061287e-07
0.8744000244140625 9.38509800169958e-07
0.8754000244140625 9.249166552780762e-07
0.8764000244140625 1.1331326618548223e-06
0.8774000244140625 1.0655599210576944e-06
0.8784000244140625 1.023984738618488e-06
0.8794000244140625 1.2474278992424918e-06
0.8804000244140625 9.338965413237435e-07
0.8814000244140625 9.256379546035009e-07
0.8824000244140625 1.042645086637312e-06
0.8834000244140625 1.2140461358688998e-06
0.8844000244140625 1.1931026189067372e-06
0.8854000244140625 9.141262177993701e-07
0.8864000244140625 9.303585239658848e-07
0.8874000244140625 1.0005765953193898e-06
0.8884000244140625 1.016273169555945e-06
0.8894000244140625 1.1120235073360073e-06
0.8904000244140625 1.1322484296001914e-06
0.8914000244140625 9.74292642657332e-07
0.8924000244140625 1.2173149789390312e-06
0.8934000244140625 9.773322053256977e-07
0.8944000244140625 1.334662493020634e-06
0.8954000244140625 9.937797294279344e-07
0.8964000244140625 1.2548293033839216e-06
0.8974000244140625 1.4852813231606429e-06
0.8984000244140625 1.4236345326412297e-06
0.8994000244140625 1.162180975738945e-06
0.9004000244140625 1.2885979467300765e-06
0.9014000244140625 1.3441346104754133e-06
0.9024000244140625 1.4761380905557977e-06
0.9034000244140625 1.3322891866083195e-06
0.9044000244140625 8.264721470702543e-07
0.9054000244140625 1.2492974657715558e-06
0.9064000244140625 1.0475459279692437e-06
0.9074000244140625 1.0511140397360858e-06
0.9084000244140625 1.2416478246726745e-06
0.9094000244140625 1.4296541820159565e-06
0.9104000244140625 1.5376541121151347e-06
0.9114000244140625 1.2222542076179873e-06
0.9124000244140625 1.2193375351645834e-06
0.9134000244140625 1.4192957620912184e-06
0.9144000244140625 1.3214459492498403e-06
0.9154000244140625 1.0729820137295724e-06
0.9164000244140625 1.0788827342958197e-06
0.9174000244140625 6.963449959028477e-07
0.9184000244140625 7.007251028764716e-07
0.9194000244140625 8.218806391605374e-07
0.9204000244140625 6.08526290447291e-07
0.9214000244140625 4.373489951192181e-07
0.9224000244140625 6.344769482854356e-07
0.9234000244140625 6.582875507803627e-07
0.9244000244140625 6.359666940699414e-07
0.9254000244140625 6.214408687228173e-07
0.9264000244140626 7.015087558091969e-07
0.9274000244140626 6.173590714017069e-07
0.9284000244140626 6.054373451453186e-07
0.9294000244140626 1.0501416028190854e-06
0.9304000244140626 1.1721316743987127e-06
0.9314000244140626 1.440728711243395e-06
0.9324000244140624 1.5836661681881333e-06
0.9334000244140624 1.530811587629933e-06
0.9344000244140624 1.5724439177708999e-06
0.9354000244140624 1.5107365206437892e-06
0.9364000244140624 1.1225118282678828e-06
0.9374000244140624 9.421957067899831e-07
0.9384000244140625 8.319840375605282e-07
0.9394000244140625 8.244954057247383e-07
0.9404000244140625 6.084528000049364e-07
0.9414000244140625 3.090385418563715e-07
0.9424000244140625 1.8331334573855815e-07
0.9434000244140625 2.1108049744947235e-07
0.9444000244140625 3.7397666551787027e-07
0.9454000244140625 4.2478582205234803e-07
0.9464000244140625 2.1465893087826308e-07
0.9474000244140625 4.5923047122666764e-07
0.9484000244140625 3.881117874342239e-07
0.9494000244140625 2.245894791694902e-07
0.9504000244140625 5.942884735035387e-07
0.9514000244140625 5.815306640901094e-07
0.9524000244140625 4.376006868635509e-07
0.9534000244140625 4.2244260106726297e-07
0.9544000244140625 5.873907416944121e-07
0.9554000244140625 7.006073997762912e-07
0.9564000244140625 7.205602609252202e-07
0.9574000244140625 7.426713662804583e-07
0.9584000244140625 6.726842215329879e-07
0.9594000244140625 6.39990903219415e-07
0.9604000244140625 5.591238900012935e-07
0.9614000244140625 7.042692767250309e-07
0.9624000244140625 5.184027778186067e-07
0.9634000244140625 4.876432813815036e-07
0.9644000244140625 5.60399788877996e-07
0.9654000244140625 5.492516446210855e-07
0.9664000244140625 4.469329036149663e-07
0.9674000244140625 5.287627833527184e-07
0.9684000244140625 4.3816271403122216e-07
0.9694000244140625 3.268238171170993e-07
0.9704000244140625 4.1206698780758063e-07
0.9714000244140625 1.776688854733277e-07
0.9724000244140625 7.174404302071656e-07
0.9734000244140625 3.6824579047822644e-07
0.9744000244140625 4.750149387811218e-07
0.9754000244140625 5.373231808188254e-07
0.9764000244140625 6.500843110105426e-07
0.9774000244140625 6.574135770749396e-07
0.9784000244140625 6.664676993700174e-07
0.9794000244140625 5.930942874127432e-07
0.9804000244140625 5.706728798303482e-07
0.9814000244140625 1.0227936804946595e-06
0.9824000244140625 8.283763149669232e-07
0.9834000244140625 8.944267142353115e-07
0.9844000244140625 8.604530770543401e-07
0.9854000244140625 1.0641440644943247e-06
0.9864000244140625 1.1833805010858818e-06
0.9874000244140625 1.0312214001013143e-06
0.9884000244140625 1.2951012841551812e-06
0.9894000244140625 1.1790435993980514e-06
0.9904000244140625 1.2418727854333674e-06
0.9914000244140625 1.1890394557550073e-06
0.9924000244140625 1.485062812349671e-06
0.9934000244140625 1.2293159202879901e-06
0.9944000244140625 1.2934301286116827e-06
0.9954000244140625 9.830425313591631e-07
0.9964000244140625 1.166313697160725e-06
0.9974000244140625 1.2957953883895324e-06
0.9984000244140625 6.717417169803106e-07
0.9994000244140625 9.944510004258698e-07
1.0004000244140625 1.0416701902024284e-06
1.0014000244140624 3.643824311438948e-06
1.0024000244140625 4.3182985973544415e-06
1.0034000244140624 1.7625073666938107e-06
1.0044000244140625 1.3299340029219546e-06
1.0054000244140624 3.45763562144145e-06
1.0064000244140625 7.131313220950137e-07
1.0074000244140624 6.5715927242611845e-06
1.0084000244140625 1.1725347040562421e-07
1.0094000244140624 6.25572206142048e-06
1.0104000244140625 6.752490492848059e-06
1.0114000244140624 2.165391546187223e-06
1.0124000244140625 1.5741363650286407e-06
1.0134000244140624 2.0171863528843185e-06
1.0144000244140625 8.335308518514495e-07
1.0154000244140624 1.5335482870189784e-06
1.0164000244140625 3.40985558674826e-06
1.0174000244140624 4.872506930648039e-06
1.0184000244140625 7.186733489294994e-07
1.0194000244140624 9.999999939225291e-11
1.0204000244140625 2.3227145114409116e-06
1.0214000244140624 6.016093927125136e-06
1.0224000244140625 4.705220295970018e-06
1.0234000244140624 9.999999939225291e-11
1.0244000244140625 5.879479867871851e-06
1.0254000244140624 1.9293286796292128e-06
1.0264000244140625 9.999999939225291e-11
1.0274000244140624 1.865677971837343e-06
1.0284000244140625 1.2025860094351989e-06
1.0294000244140624 5.452033753196398e-06
1.0304000244140625 1.950222343767294e-06
1.0314000244140624 1.104639289879472e-06
1.0324000244140625 4.9147511405559875e-06
1.0334000244140624 2.261993610822207e-06
1.0344000244140625 3.4538933878873e-07
1.0354000244140624 3.2002296939026562e-06
1.0364000244140625 5.243493457480023e-06
1.0374000244140624 1.8038626971132268e-06
1.0384000244140625 1.8926970221588846e-06
1.0394000244140624 1.2449585240877546e-06
1.0404000244140625 9.999999939225291e-11
1.0414000244140624 4.8271293053403495e-06
1.0424000244140625 2.1715249749831855e-06
1.0434000244140624 4.30676660471363e-06
1.0444000244140625 3.763359660903613e-06
1.0454000244140624 3.395906673553384e-07
1.0464000244140625 3.7380710515814525e-06
1.0474000244140624 1.8758408081224567e-06
1.0484000244140625 2.5391329836566003e-06
1.0494000244140624 1.7483575114359458e-06
1.0504000244140625 3.0603209355225164e-06
1.0514000244140624 4.8389345950757465e-06
1.0524000244140626 1.9727635268888357e-06
1.0534000244140624 2.9683868585076804e-06
1.0544000244140626 4.1958129925963775e-06
1.0554000244140624 1.0348463736361186e-06
1.0564000244140626 1.4721713618085866e-06
1.0574000244140624 9.999999939225291e-11
1.0584000244140626 1.6652463576368367e-06
1.0594000244140624 3.039355021125327e-06
1.0604000244140626 1.9336513651069255e-06
1.0614000244140624 1.3303110245033167e-06
1.0624000244140626 8.286040341657734e-07
1.0634000244140625 8.987796604209564e-07
1.0644000244140626 5.172421030389766e-06
1.0654000244140625 5.643922702081028e-07
1.0664000244140626 8.886889891564682e-07
1.0674000244140625 5.026583380107752e-07
1.0684000244140626 3.242537650646564e-06
1.0694000244140625 3.0757927748166955e-07
1.0704000244140626 9.598849377538225e-07
1.0714000244140625 9.365607123375715e-07
1.0724000244140626 9.365150079017799e-07
1.0734000244140625 6.792251076337407e-07
1.0744000244140626 4.982125925986717e-06
1.0754000244140625 5.36075725297754e-06
1.0764000244140626 1.8935328962961982e-06
1.0774000244140625 1.7299650062341242e-06
1.0784000244140626 2.2755392031588903e-06
1.0794000244140625 3.720195769953231e-06
1.0804000244140626 2.1182397028685075e-06
1.0814000244140625 7.901991496813328e-07
1.0824000244140626 3.1448227431004246e-06
1.0834000244140625 5.98565248208042e-07
1.0844000244140626 7.113135313563391e-07
1.0854000244140625 1.4163496571691545e-06
1.0864000244140626 8.86358690574222e-07
1.0874000244140625 1.4406226334055342e-06
1.0884000244140626 1.5066429087292241e-06
1.0894000244140625 1.782094050565656e-06
1.0904000244140626 9.999999939225291e-11
1.0914000244140625 1.5316750162922923e-06
1.0924000244140626 3.922803637882073e-06
1.0934000244140625 1.0965379961399199e-06
1.0944000244140626 1.3061107259885553e-06
1.0954000244140625 1.3062296393891635e-06
1.0964000244140626 4.02324425522238e-06
1.0974000244140625 7.26909648062583e-07
1.0984000244140626 1.6400653691750476e-06
1.0994000244140625 5.94823004928339e-07
1.1004000244140626 1.4120514485208938e-06
1.1014000244140625 1.6864636173104705e-06
1.1024000244140626 1.3026203375806253e-07
1.1034000244140625 1.9361014562679912e-06
1.1044000244140626 1.940420212728592e-06
1.1054000244140625 2.242473914266796e-06
1.1064000244140626 1.3433069977697444e-06
1.1074000244140625 2.3184460197208287e-06
1.1084000244140626 1.5726109389409734e-06
1.1094000244140625 4.3334159004556247e-07
1.1104000244140626 1.4858416492528427e-06
1.1114000244140625 1.2509543349133642e-06
1.1124000244140626 2.2528672586001145e-06
1.1134000244140625 7.860730181352693e-07
1.1144000244140626 3.0930590097947667e-06
1.1154000244140625 1.6543276527839859e-06
1.1164000244140626 5.337990000420234e-07
1.1174000244140625 1.6876520142735293e-06
1.1184000244140626 1.7640886289882473e-06
1.1194000244140625 3.901600333241125e-06
1.1204000244140624 9.999999939225291e-11
1.1214000244140625 7.25323016365446e-07
1.1224000244140624 3.003036060060064e-06
1.1234000244140625 1.2903946817951116e-06
1.1244000244140624 2.9376355814747512e-06
1.1254000244140625 2.4874070802501555e-07
1.1264000244140624 2.235682307703731e-06
1.1274000244140625 8.553103732763152e-07
1.1284000244140624 1.9756533826390902e-06
1.1294000244140625 2.976748504200562e-06
1.1304000244140624 4.831705734620328e-07
1.1314000244140625 9.999999939225291e-11
1.1324000244140624 6.624496840116716e-07
1.1334000244140625 4.338211486659323e-06
1.1344000244140624 7.282414223179028e-07
1.1354000244140625 7.517486638371669e-07
1.1364000244140624 7.529212935460568e-07
1.1374000244140625 7.248203420277359e-07
1.1384000244140624 2.9564413125626744e-06
1.1394000244140625 9.999999939225291e-11
1.1404000244140624 1.5537524207805595e-06
1.1414000244140625 1.1161489911574545e-06
1.1424000244140624 2.1639717158183913e-06
1.1434000244140625 5.795048707302186e-07
1.1444000244140624 1.4403810443279022e-06
1.1454000244140625 1.0629670941852964e-06
1.1464000244140624 2.3265237733364567e-07
1.1474000244140625 1.9516780109067136e-06
1.1484000244140624 1.1339519672522631e-06
1.1494000244140625 1.3241780443914073e-06
1.1504000244140624 7.847666927052188e-07
1.1514000244140625 1.4994433149695397e-06
1.1524000244140624 9.807911468554902e-07
1.1534000244140625 7.072993510289412e-07
1.1544000244140624 2.7778827886019524e-06
1.1554000244140625 9.999999939225291e-11
1.1564000244140624 7.244901496239464e-07
1.1574000244140625 1.8200849444838241e-06
1.1584000244140624 6.306878249725164e-07
1.1594000244140625 8.516534432789769e-07
1.1604000244140624 8.937069721900079e-08
1.1614000244140625 1.6250160357837254e-06
1.1624000244140624 1.2188879918539897e-06
1.1634000244140625 1.2258631371272108e-06
1.1644000244140624 2.2904944438906227e-07
1.1654000244140625 2.62696831972183e-06
1.1664000244140624 9.89448366199852e-07
1.1674000244140625 4.242126306053251e-06
1.1684000244140624 9.999999939225291e-11
1.1694000244140625 1.7112203541310343e-06
1.1704000244140624 1.550277265778277e-06
1.1714000244140625 1.1371225479894775e-06
1.1724000244140624 4.153548286200959e-07
1.1734000244140625 1.9379719837046374e-06
1.1744000244140624 4.468862459550138e-07
1.1754000244140625 3.6820379076137516e-06
1.1764000244140624 3.7161747362309443e-06
1.1774000244140626 2.2839391006831044e-06
1.1784000244140624 4.389576228162421e-07
1.1794000244140626 1.97680963876401e-06
1.1804000244140624 1.641598646529019e-06
1.1814000244140626 9.162866939860237e-08
1.1824000244140624 1.2450627009948554e-06
1.1834000244140626 1.5418018483615015e-06
1.1844000244140624 1.8453223647648307e-06
1.1854000244140626 2.3268589090245466e-06
1.1864000244140624 4.881286974220227e-06
1.1874000244140626 1.5023046287273208e-07
1.1884000244140625 1.4554116542549641e-06
1.1894000244140626 1.370571378576102e-06
1.1904000244140625 1.5045751543348493e-06
1.1914000244140626 9.726533365513508e-07
1.1924000244140625 3.200951711429904e-06
1.1934000244140626 7.808753286742131e-07
1.1944000244140625 1.698401669019134e-06
1.1954000244140626 1.41279137435113e-06
1.1964000244140625 9.999999939225291e-11
1.1974000244140626 1.7978747564484365e-06
1.1984000244140625 1.5910735965007915e-06
1.1994000244140626 2.766488638978141e-06
1.2004000244140625 1.6047890383082593e-07
1.2014000244140626 3.3418027305742725e-06
1.2024000244140625 7.589458349569848e-07
1.2034000244140626 7.503818630727466e-07
1.2044000244140625 1.4393953312907826e-06
1.2054000244140626 2.2146366488110894e-06
1.2064000244140625 3.318350063636899e-06
1.2074000244140626 1.5300079731369229e-06
1.2084000244140625 1.1243401725854103e-06
1.2094000244140626 2.7062187048917013e-06
1.2104000244140625 2.537429046315746e-07
1.2114000244140626 2.5218027288550123e-06
1.2124000244140625 1.6679186470961818e-06
1.2134000244140626 6.253651709394366e-07
1.2144000244140625 1.0507079881675689e-06
1.2154000244140626 4.666727424288789e-07
1.2164000244140625 9.999999939225291e-11
1.2174000244140626 9.089043184455174e-07
1.2184000244140625 2.0103250183941176e-06
1.2194000244140626 1.5339060529010833e-07
1.2204000244140625 8.021056297972488e-07
1.2214000244140626 4.972011663273435e-07
1.2224000244140625 2.2127956132559724e-06
1.2234000244140626 1.3974870186454305e-06
1.2244000244140625 1.9190537083583574e-06
1.2254000244140626 5.722550068713398e-07
1.2264000244140625 2.6942593588804204e-06
1.2274000244140626 2.579139933610956e-06
1.2284000244140625 3.21383704431355e-06
1.2294000244140626 3.5976665528754856e-07
1.2304000244140625 4.087503179484031e-07
1.2314000244140626 3.9402247057296335e-06
1.2324000244140625 2.517203608665142e-07
1.2334000244140626 1.6816123206808698e-07
1.2344000244140625 6.835813299173783e-07
1.2354000244140626 7.739087205245927e-07
1.2364000244140625 1.7719577711735231e-06
1.2374000244140626 3.8278154291523e-06
1.2384000244140625 9.999999939225291e-11
1.2394000244140626 2.735129911416815e-07
1.2404000244140625 8.778546517114922e-07
1.2414000244140626 1.0300802872128162e-06
1.2424000244140625 2.662947275287782e-06
1.2434000244140626 4.719122747095147e-07
1.2444000244140625 7.73829979857273e-07
1.2454000244140624 1.899904643020515e-06
1.2464000244140625 3.4840032407501555e-07
1.2474000244140624 1.5684393050226694e-06
1.2484000244140625 1.0468377089030886e-06
1.2494000244140624 1.1497395856470878e-06
1.2504000244140625 9.999999939225291e-11
1.2514000244140624 3.5706778968839596e-06
1.2524000244140625 1.7733763376970303e-06
1.2534000244140624 1.0923829877847643e-06
1.2544000244140625 7.004136420807328e-07
1.2554000244140624 3.575555065745325e-07
1.2564000244140625 1.8141243587403248e-06
1.2574000244140624 3.4744832593247567e-08
1.2584000244140625 9.514151410143039e-07
1.2594000244140624 2.820104365201341e-07
1.2604000244140625 8.919156338264382e-07
1.2614000244140624 2.088180696470469e-06
1.2624000244140625 3.349627365611951e-07
1.2634000244140624 3.770079880875225e-06
1.2644000244140625 2.0951036519060532e-06
1.2654000244140624 1.429134300246678e-06
1.2664000244140625 1.2277002436652159e-06
1.2674000244140624 9.999999939225291e-11
1.2684000244140625 3.6296962449947996e-06
1.2694000244140624 2.1364159571627775e-06
1.2704000244140625 9.691053562595661e-08
1.2714000244140624 5.180406003280069e-07
1.2724000244140625 2.8653879851366545e-07
1.2734000244140624 2.685123375461747e-06
1.2744000244140625 2.0316257723607124e-06
1.2754000244140624 2.3326683488752075e-06
1.2764000244140625 2.2083488824264918e-07
1.2774000244140624 1.3375837064207493e-06
1.2784000244140625 8.711203163821086e-07
1.2794000244140624 1.7336486389959069e-06
1.2804000244140625 1.0295135480683133e-06
1.2814000244140624 2.7396234024005635e-06
1.2824000244140625 6.85962268459998e-07
1.2834000244140624 1.097454839558883e-06
1.2844000244140625 3.7429916361967723e-06
1.2854000244140624 1.7252553125709132e-06
1.2864000244140625 1.796368394213488e-07
1.2874000244140624 1.488579340123882e-06
1.2884000244140625 1.750521429736788e-06
1.2894000244140624 2.1270675582248565e-06
1.2904000244140625 3.5513507706734043e-06
1.2914000244140624 1.6231738360753903e-06
1.2924000244140625 9.095648635781827e-07
1.2934000244140624 9.271608845059139e-07
1.2944000244140625 4.142837424296886e-06
1.2954000244140624 9.999999939225291e-11
1.2964000244140625 1.1668410149656693e-06
1.2974000244140624 1.2327233559705776e-06
1.2984000244140625 9.999999939225291e-11
1.2994000244140624 1.0565523162349894e-06
1.3004000244140625 8.006050241723036e-07
1.3014000244140624 7.418055463137563e-07
1.3024000244140626 2.5928283381896715e-06
1.3034000244140624 1.4501216840775063e-06
1.3044000244140626 1.2013587009048384e-06
1.3054000244140624 1.3771183876087888e-06
1.3064000244140626 1.729612034724326e-06
1.3074000244140624 2.40541499806568e-06
1.3084000244140626 1.3862539829763896e-06
1.3094000244140624 1.702995587390769e-06
1.3104000244140626 1.3156234584924911e-06
1.3114000244140624 1.0264667020365437e-07
1.3124000244140626 1.3931749951249607e-06
1.3134000244140625 4.801249909972919e-07
1.3144000244140626 1.2959901505382731e-06
1.3154000244140625 2.576294355094433e-06
1.3164000244140626 7.771060040262512e-07
1.3174000244140625 1.8347337269612277e-06
1.3184000244140626 2.4747666611801835e-06
1.3194000244140625 9.473551445389934e-07
1.3204000244140626 4.1273133390381156e-07
1.3214000244140625 8.857683470105589e-07
1.3224000244140626 5.869843099463405e-07
1.3234000244140625 1.2920659935122814e-06
1.3244000244140626 3.7677233871491467e-07
1.3254000244140625 7.119838968113374e-07
1.3264000244140626 1.0229423154554478e-06
1.3274000244140625 1.4791320036729635e-06
1.3284000244140626 8.201187005774102e-07
1.3294000244140625 4.111755212458472e-06
1.3304000244140626 5.557903905846947e-07
1.3314000244140625 1.0957709552409749e-06
1.3324000244140626 1.4694046789257933e-06
1.3334000244140625 2.458944955276247e-06
1.3344000244140626 1.1226342947108965e-06
1.3354000244140625 1.4938365199856918e-06
1.3364000244140626 2.7294243530680733e-06
1.3374000244140625 1.7882207854806135e-06
1.3384000244140626 4.6199883435053356e-07
1.3394000244140625 1.7314892802951695e-06
1.3404000244140626 1.000245595908685e-06
1.3414000244140625 2.31782402856003e-07
1.3424000244140626 7.833463466037454e-07
1.3434000244140625 6.411465316584024e-07
1.3444000244140626 2.8538626308242483e-06
1.3454000244140625 8.706886338168591e-07
1.3464000244140626 6.31953696078232e-07
1.3474000244140625 1.3486511791901042e-06
1.3484000244140626 3.166942476558651e-08
1.3494000244140625 1.850447746013136e-06
1.3504000244140626 2.809392608469352e-06
1.3514000244140625 1.0776396515884319e-08
1.3524000244140626 5.298476699936808e-07
1.3534000244140625 2.3598302990042917e-06
1.3544000244140626 9.999999939225291e-11
1.3554000244140625 1.4392210087936043e-06
1.3564000244140626 1.3410259947832514e-07
1.3574000244140625 1.5939344545283043e-06
1.3584000244140626 4.367078845953406e-07
1.3594000244140625 2.1869216723165624e-07
1.3604000244140626 2.187488226882787e-07
1.3614000244140625 1.1395062392693945e-06
1.3624000244140626 1.2931016290658922e-06
1.3634000244140625 2.054905123308378e-06
1.3644000244140626 1.2966837675776332e-06
1.3654000244140625 9.999999939225291e-11
1.3664000244140626 8.671969442008987e-07
1.3674000244140625 2.2535150492331013e-06
1.3684000244140626 4.13414352298247e-07
1.3694000244140625 4.674653377279015e-08
1.3704000244140624 1.150913710663559e-06
1.3714000244140625 9.209267928363592e-07
1.3724000244140624 1.6197053480215829e-06
1.3734000244140625 8.37777467192306e-07
1.3744000244140624 1.3606407568052723e-06
1.3754000244140625 1.6312133515761217e-06
1.3764000244140624 3.8978965746968207e-07
1.3774000244140625 2.931078003409008e-06
1.3784000244140624 9.206515069800265e-07
1.3794000244140625 9.999999939225291e-11
1.3804000244140624 1.567439961691619e-06
1.3814000244140625 7.634571227033149e-07
1.3824000244140624 1.759982706414457e-06
1.3834000244140625 7.097733541646297e-10
1.3844000244140624 1.3399404815306325e-06
1.3854000244140625 6.769653501651855e-07
1.3864000244140624 3.4212007787637333e-07
1.3874000244140625 1.4522409859522393e-06
1.3884000244140624 6.403169822455368e-07
1.3894000244140625 4.55238000007796e-08
1.3904000244140624 5.6685636324497555e-06
1.3914000244140625 1.9192590453294873e-06
1.3924000244140624 1.4118080138736388e-06
1.3934000244140625 2.938010045679581e-07
1.3944000244140624 1.4857767416476264e-06
1.3954000244140625 3.0923903492900235e-06
1.3964000244140624 2.3822387447580697e-06
1.3974000244140625 1.1163452533461774e-06
1.3984000244140624 8.6715143914932e-07
1.3994000244140625 2.456801652188645e-06
1.4004000244140624 9.999999939225291e-11
1.4014000244140625 1.1770307025660286e-06
1.4024000244140624 2.0637461178315184e-06
1.4034000244140625 4.623821691248272e-07
1.4044000244140624 9.65108841531522e-07
1.4054000244140625 2.8614807134127078e-06
1.4064000244140624 3.672506567831135e-07
1.4074000244140625 2.156777336494997e-06
1.4084000244140624 1.355867313626765e-06
1.4094000244140625 3.3416833270294435e-07
1.4104000244140624 1.4590372302336617e-06
1.4114000244140625 3.18966131442148e-07
1.4124000244140624 3.154250977483268e-06
1.4134000244140625 1.2155162012768746e-06
1.4144000244140624 1.0180087796355746e-06
1.4154000244140625 1.8601621142503668e-06
1.4164000244140624 9.999999939225291e-11
1.4174000244140625 7.534613151201815e-07
1.4184000244140624 1.1995204719520796e-06
1.4194000244140625 1.475596654927358e-06
1.4204000244140624 9.999999939225291e-11
1.4214000244140625 3.1608739906611545e-06
1.4224000244140624 1.2082680283735197e-06
1.4234000244140625 1.791159602714624e-06
1.4244000244140624 9.999999939225291e-11
1.4254000244140625 3.674674032178397e-06
1.4264000244140624 1.2241680424759001e-06
1.4274000244140626 1.7297573504038156e-06
1.4284000244140624 1.3422474997544972e-06
1.4294000244140626 1.4649339519638241e-06
1.4304000244140624 1.7185238054177412e-06
1.4314000244140626 5.484203942499969e-07
1.4324000244140624 3.577605384634808e-06
1.4334000244140626 2.0948479747554907e-06
1.4344000244140624 5.785954609146179e-07
1.4354000244140626 1.7053966682093838e-06
1.4364000244140624 1.2656968465307727e-06
1.4374000244140626 2.354342189695065e-06
1.4384000244140625 1.9052950483455789e-06
1.4394000244140626 2.155868254097489e-06
1.4404000244140625 1.721842660723875e-06
1.4414000244140626 5.7907726538057125e-06
1.4424000244140625 2.170270075767533e-06
1.4434000244140626 4.971827244541297e-06
1.4444000244140625 5.275518536412468e-06
1.4454000244140626 6.561063734504083e-06
1.4464000244140625 4.340141701201598e-06
1.4474000244140626 6.428145279642195e-06
1.4484000244140625 8.571546835203966e-06
1.4494000244140626 5.408838333096355e-06
1.4504000244140625 8.430731443998715e-06
1.4514000244140626 8.644177384364108e-06
1.4524000244140625 8.397305694719156e-06
1.4534000244140626 9.785712463781238e-06
1.4544000244140625 9.064974922997257e-06
1.4554000244140626 1.1796457110904157e-05
1.4564000244140625 1.2777959927916526e-05
1.4574000244140626 1.5061893500387668e-05
1.4584000244140625 1.446452651483317e-05
1.4594000244140626 1.3939873315393925e-05
1.4604000244140625 1.742723009859522e-05
1.4614000244140626 2.0755629908914367e-05
1.4624000244140625 2.1114912815392018e-05
1.4634000244140626 2.3090466856956483e-05
1.4644000244140625 2.5225443144639334e-05
1.4654000244140626 2.6359813443074624e-05
1.4664000244140625 3.416015300899744e-05
1.4674000244140626 3.092606319114566e-05
1.4684000244140625 3.8816540036350486e-05
1.4694000244140626 3.946310374885797e-05
1.4704000244140625 4.264670967434843e-05
1.4714000244140626 4.981782287359238e-05
1.4724000244140625 5.632863690455754e-05
1.4734000244140626 6.224098925789197e-05
1.4744000244140625 6.854042721291383e-05
1.4754000244140626 7.54005213578542e-05
1.4764000244140625 8.136425632983446e-05
1.4774000244140626 9.211347438395023e-05
1.4784000244140625 0.00010114557730654875
1.4794000244140626 0.00011707106605172158
1.4804000244140625 0.00012756666789452234
1.4814000244140626 0.00013857463064293065
1.4824000244140625 0.0001602650371690591
1.4834000244140626 0.00017377713384727637
1.4844000244140625 0.00019655690218011538
1.4854000244140626 0.0002198680303990841
1.4864000244140625 0.00024663827071587244
1.4874000244140626 0.0002811413258314133
1.4884000244140625 0.00031024882569909097
1.4894000244140626 0.0003565814718604088
1.4904000244140625 0.00040527539948622386
1.4914000244140626 0.0004610710715254148
1.4924000244140625 0.0005280846978227297
1.4934000244140626 0.0006021837269266447
1.4944000244140625 0.0007109573731819789
1.4954000244140624 0.0007867469638586044
1.4964000244140625 0.0009228976319233577
1.4974000244140624 0.001073925991853078
1.4984000244140625 0.0012656346460183463
1.4994000244140624 0.0014588160316149393
1.5004000244140625 0.0017314053575197856
1.5014000244140624 0.002015343656142553
1.5024000244140625 0.0023500643173853556
1.5034000244140624 0.002772815277179082
1.5044000244140625 0.0032198953628540038
1.5054000244140624 0.0038275299469629925
1.5064000244140625 0.004478860696156819
1.5074000244140624 0.005291402041912079
1.5084000244140625 0.006114354729652405
1.5094000244140624 0.007140979170799255
1.5104000244140625 0.008333249886830648
1.5114000244140624 0.009948023756345114
1.5124000244140625 0.011308679580688477
1.5134000244140624 0.01342922329902649
1.5144000244140625 0.015021676222483318
1.5154000244140624 0.018062213659286497
1.5164000244140625 0.021032299995422363
1.5174000244140624 0.024474953015645347
1.5184000244140625 0.0280177108446757
1.5194000244140624 0.031035160223642985
1.5204000244140625 0.034370787143707275
1.5214000244140624 0.037426073551177975
1.5224000244140625 0.04207544644673665
1.5234000244140624 0.04651252587636311
1.5244000244140625 0.049885306358337406
1.5254000244140624 0.05776466528574626
1.5264000244140625 0.06357064247131347
1.5274000244140624 0.07129934469858806
1.5284000244140625 0.08117921352386474
1.5294000244140624 0.09239433606465658
1.5304000244140625 0.10589348157246908
1.5314000244140624 0.12071119944254556
1.5324000244140625 0.1389277998606364
1.5334000244140624 0.16159810066223146
1.5344000244140625 0.18247803370157878
1.5354000244140624 0.21635409673055012
1.5364000244140625 0.24467077255249023
1.5374000244140624 0.27685063044230146
1.5384000244140625 0.3348588434855143
1.5394000244140624 0.3783656311035156
1.5404000244140625 0.4378617604573568
1.5414000244140624 0.4983598963419596
1.5424000244140625 0.5656734085083008
1.5434000244140624 0.6237566121419271
1.5444000244140625 0.6889265441894531
1.5454000244140624 0.7453502146402995
1.5464000244140625 0.786025873819987
1.5474000244140624 0.8294167073567708
1.5484000244140625 0.859957275390625
1.5494000244140624 0.8817440287272136
1.5504000244140625 0.8978052266438802
1.5514000244140624 0.9033736673990886
1.5524000244140626 0.9206446584065755
1.5534000244140624 0.914285888671875
1.5544000244140626 0.9274507904052735
1.5554000244140624 0.9294757843017578
1.5564000244140626 0.9391243743896485
1.5574000244140624 0.935108362833659
1.5584000244140626 0.932610371907552
1.5594000244140624 0.9587050120035808
1.5604000244140626 0.9470424652099609
1.5614000244140624 0.9487364196777344
1.5624000244140626 0.9682583109537761
1.5634000244140625 0.9617818196614583
1.5644000244140626 0.9523870340983074
1.5654000244140625 0.9671537017822266
1.5664000244140626 0.9593039957682292
1.5674000244140625 0.959714126586914
1.5684000244140626 0.9707999420166016
1.5694000244140625 0.973296635945638
1.5704000244140626 0.9614531962076823
1.5714000244140625 0.9590945434570313
1.5724000244140626 0.9723724110921224
1.5734000244140625 0.9540041859944661
1.5744000244140626 0.9740886179606121
1.5754000244140625 0.9887398529052734
1.5764000244140626 0.9806030527750651
1.5774000244140625 0.9721062723795574
1.5784000244140626 0.9615420786539715
1.5794000244140625 0.969346440633138
1.5804000244140626 1.0014116668701172
1.5814000244140625 0.9715376281738282
1.5824000244140626 1.0042809295654296
1.5834000244140625 0.9836668904622395
1.5844000244140626 0.9796252187093099
1.5854000244140625 0.9887020619710286
1.5864000244140626 0.9797462209065755
1.5874000244140625 0.9971124013264974
1.5884000244140626 0.9814391581217449
1.5894000244140625 0.989874750773112
1.5904000244140626 0.9883639272054036
1.5914000244140625 0.9902476755777996
1.5924000244140626 0.9794054921468098
1.5934000244140625 0.988269526163737
1.5944000244140626 0.9823458607991536
1.5954000244140625 0.9746154530843099
1.5964000244140626 0.973277587890625
1.5974000244140625 0.9826785024007161
1.5984000244140626 0.9716021728515625
1.5994000244140625 0.9720776112874349
1.6004000244140626 0.976502202351888
1.6014000244140625 0.9749041239420574
1.6024000244140626 0.9743205769856771
1.6034000244140625 0.9665817006429036
1.6044000244140626 0.9690554809570312
1.6054000244140625 0.9749613698323567
1.6064000244140626 0.9631393432617188
1.6074000244140625 0.9653247833251953
1.6084000244140626 0.9637356058756511
1.6094000244140625 0.9667999776204427
1.6104000244140626 0.9597416178385417
1.6114000244140625 0.9676370747884114
1.6124000244140626 0.9527750142415364
1.6134000244140625 0.9604463195800781
1.6144000244140626 0.9347411600748698
1.6154000244140625 0.9730545806884766
1.6164000244140626 0.9450462086995443
1.6174000244140625 0.9624300130208333
1.6184000244140626 0.9504637400309245
1.6194000244140625 0.9491025034586589
1.6204000244140624 0.9640659077962239
1.6214000244140625 0.9555352020263672
1.6224000244140624 0.9475984954833985
1.6234000244140625 0.9557405090332032
1.6244000244140624 0.9652000935872396
1.6254000244140625 0.9415995025634766
1.6264000244140624 0.986643803914388
1.6274000244140625 0.9621951802571614
1.6284000244140624 0.9655568440755208
1.6294000244140625 0.9633586883544922
1.6304000244140624 0.9736573282877604
1.6314000244140625 0.9496618143717448
1.6324000244140624 0.981949946085612
1.6334000244140625 0.969369379679362
1.6344000244140624 0.9613931528727214
1.6354000244140625 0.9805286407470704
1.6364000244140624 0.9794169108072918
1.6374000244140625 0.9727614593505859
1.6384000244140624 0.9773666381835937
1.6394000244140625 0.9783058675130207
1.6404000244140624 0.980764897664388
1.6414000244140625 0.9805186971028645
1.6424000244140624 0.9745016988118489
1.6434000244140625 0.9726213073730469
1.6444000244140624 0.9901826477050781
1.6454000244140625 0.9850554656982422
1.6464000244140624 0.9792106374104818
1.6474000244140625 0.9746355183919271
1.6484000244140624 0.9822166188557943
1.6494000244140625 0.9899202728271485
1.6504000244140624 0.9838794199625651
1.6514000244140625 0.9949371846516927
1.6524000244140624 0.9817953999837239
1.6534000244140625 0.9624340565999349
1.6544000244140624 0.9892013041178386
1.6554000244140625 0.9734532419840495
1.6564000244140624 0.9736316680908204
1.6574000244140625 0.9718414815266927
1.6584000244140624 0.9736474100748699
1.6594000244140625 0.9851258595784504
1.6604000244140624 0.9759783172607421
1.6614000244140625 0.9716503651936849
1.6624000244140624 0.9677211507161458
1.6634000244140625 0.9653486887613932
1.6644000244140624 0.9746146647135417
1.6654000244140625 0.9732275136311849
1.6664000244140624 0.963326187133789
1.6674000244140625 0.9693693542480468
1.6684000244140624 0.9652212778727214
1.6694000244140625 0.9719118499755859
1.6704000244140624 0.9647120412190755
1.6714000244140625 0.9611757405598957
1.6724000244140624 0.9673058573404948
1.6734000244140625 0.971029052734375
1.6744000244140624 0.9691231536865235
1.6754000244140625 0.9671420033772786
1.6764000244140624 0.9758145395914714
1.6774000244140626 0.9722697957356771
1.6784000244140624 0.9725352732340495
1.6794000244140626 0.9812705993652344
1.6804000244140624 0.9678711191813152
1.6814000244140626 0.9728111521402996
1.6824000244140624 0.9712493896484375
1.6834000244140626 0.9930242156982422
1.6844000244140624 0.9876778666178386
1.6854000244140626 0.9831468963623047
1.6864000244140624 0.9732317606608073
1.6874000244140626 0.9859857686360677
1.6884000244140625 0.9784937286376953
1.6894000244140626 0.969033711751302
1.6904000244140625 0.9723746999104818
1.6914000244140626 0.9901081085205078
1.6924000244140625 0.9801372782389324
1.6934000244140626 0.968127950032552
1.6944000244140625 0.9616685994466145
1.6954000244140626 0.9821448516845703
1.6964000244140625 0.957056401570638
1.6974000244140626 0.9566924794514974
1.6984000244140625 0.9533719380696614
1.6994000244140626 0.939873555501302
1.7004000244140625 0.9212446594238282
1.7014000244140626 0.9098263041178386
1.7024000244140625 0.8977219390869141
1.7034000244140626 0.8722212473551433
1.7044000244140625 0.8452524820963542
1.7054000244140626 0.8148520914713542
1.7064000244140625 0.7773912302652995
1.7074000244140626 0.7429720052083333
1.7084000244140625 0.6939209493001302
1.7094000244140626 0.6474411392211914
1.7104000244140625 0.5939350001017253
1.7114000244140626 0.5462986628214518
1.7124000244140625 0.48514670054117837
1.7134000244140626 0.46594493865966796
1.7144000244140625 0.405088996887207
1.7154000244140626 0.3633600616455078
1.7164000244140625 0.3239161682128906
1.7174000244140626 0.2856443977355957
1.7184000244140625 0.24870806376139323
1.7194000244140626 0.22425783157348633
1.7204000244140625 0.1974518330891927
1.7214000244140626 0.17480436960856122
1.7224000244140625 0.15224376678466797
1.7234000244140626 0.1361373011271159
1.7244000244140625 0.12118216514587403
1.7254000244140626 0.10513583501180014
1.7264000244140625 0.0992557430267334
1.7274000244140626 0.0886487897237142
1.7284000244140625 0.07963061809539795
1.7294000244140626 0.07151411692301432
1.7304000244140625 0.06644753774007162
1.7314000244140626 0.05840046882629395
1.7324000244140625 0.05164969603220622
1.7334000244140626 0.04447770913441976
1.7344000244140625 0.038043593565622966
1.7354000244140626 0.03252878665924072
1.7364000244140625 0.0279202930132548
1.7374000244140626 0.023171629905700684
1.7384000244140625 0.020774016380310057
1.7394000244140626 0.017507696549097698
1.7404000244140625 0.015390406449635822
1.7414000244140626 0.012934503555297851
1.7424000244140625 0.011284290154774983
1.7434000244140626 0.009690493742624918
1.7444000244140625 0.00816562791665395
1.7454000244140624 0.007194987932840982
1.7464000244140625 0.006397653420766195
1.7474000244140624 0.005675843755404154
1.7484000244140625 0.004886988699436188
1.7494000244140624 0.004296739002068837
1.7504000244140625 0.0037495756149291994
1.7514000244140624 0.0033260826269785565
1.7524000244140625 0.0029360436399777728
1.7534000244140624 0.0025915053486824037
1.7544000244140625 0.0023661066591739656
1.7554000244140624 0.002043461352586746
1.7564000244140625 0.0018233356873194376
1.7574000244140624 0.00167665034532547
1.7584000244140625 0.001502428005139033
1.7594000244140624 0.0013571680088837943
1.7604000244140625 0.0011964860061804453
1.7614000244140624 0.0010951463381449382
1.7624000244140625 0.0009868787974119187
1.7634000244140624 0.000883190780878067
1.7644000244140625 0.000802726869781812
1.7654000244140624 0.0007469433297713598
1.7664000244140625 0.0006844856093327204
1.7674000244140624 0.0006214544673760732
1.7684000244140625 0.0005715563024083773
1.7694000244140624 0.000523481567700704
1.7704000244140625 0.00047021210193634035
1.7714000244140624 0.00043564489732186
1.7724000244140625 0.0004083651304244995
1.7734000244140624 0.000373474694788456
1.7744000244140625 0.0003478294983506203
1.7754000244140624 0.0003051879939933618
1.7764000244140625 0.00029712590078512826
1.7774000244140624 0.00026061773300170896
1.7784000244140625 0.0002496404014527798
1.7794000244140624 0.0002338200310866038
1.7804000244140625 0.00021362089862426122
1.7814000244140624 0.0002042728972931703
1.7824000244140625 0.00018384279683232309
1.7834000244140624 0.0001705628012617429
1.7844000244140625 0.00016133589670062066
1.7854000244140624 0.000144897165397803
1.7864000244140625 0.00014365673375626406
1.7874000244140624 0.0001236463369180759
1.7884000244140625 0.00012105566759904226
1.7894000244140624 0.0001123425674935182
1.7904000244140625 0.00010198703035712243
1.7914000244140624 9.493635036051274e-05
1.7924000244140625 8.717029045025507e-05
1.7934000244140624 8.921006383995215e-05
1.7944000244140625 8.327048271894455e-05
1.7954000244140624 6.857304989049832e-05
1.7964000244140625 7.132889237254858e-05
1.7974000244140624 7.041177712380887e-05
1.7984000244140625 6.258665428807337e-05
1.7994000244140624 5.8802785351872446e-05
1.8004000244140625 5.3391049926479655e-05
1.8014000244140624 5.7517273041109245e-05
1.8024000244140626 4.141677093381683e-05
1.8034000244140624 3.8977666602780424e-05
1.8044000244140626 4.214622856428225e-05
1.8054000244140624 3.970240320389469e-05
1.8064000244140626 3.335917678972085e-05
1.8074000244140624 3.603559297819932e-05
1.8084000244140626 3.585273011898001e-05
1.8094000244140624 2.5712853918472923e-05
1.8104000244140626 3.377934374536077e-05
1.8114000244140624 3.1780200079083446e-05
1.8124000244140626 3.1691083374122776e-05
1.8134000244140625 2.3416706438486777e-05
1.8144000244140626 1.7666300603499015e-05
1.8154000244140625 3.1555319825808204e-05
1.8164000244140626 1.937619022404154e-05
1.8174000244140625 2.3338760171706475e-05
1.8184000244140626 2.289805638914307e-05
1.8194000244140625 1.2156889424659311e-05
1.8204000244140626 1.9162916578352453e-05
1.8214000244140625 1.9010916197051605e-05
1.8224000244140626 1.059360879783829e-05
1.8234000244140625 1.3240730428757768e-05
1.8244000244140626 1.8496276655544838e-05
1.8254000244140625 1.307988481130451e-05
1.8264000244140626 1.0409259897035857e-05
1.8274000244140625 5.583230328435699e-06
1.8284000244140626 1.1337413064514596e-05
1.8294000244140625 1.4996846439316868e-05
1.8304000244140626 1.3999468838428917e-06
1.8314000244140625 1.3031862520923217e-05
1.8324000244140626 1.5771993203088643e-05
1.8334000244140625 9.612733265385032e-06
1.8344000244140626 1.6517768199264538e-06
1.8354000244140625 1.1432397877797485e-05
1.8364000244140626 4.872700626086986e-06
1.8374000244140625 1.1448820975298683e-05
1.8384000244140626 1.4767620014026761e-05
1.8394000244140625 7.509824742252627e-06
1.8404000244140626 8.854347397573292e-06
1.8414000244140625 3.5851831004644435e-06
1.8424000244140626 1.5403033467009662e-05
1.8434000244140625 9.509722876828165e-06
1.8444000244140626 8.88502710343649e-06
1.8454000244140625 2.118386017779509e-05
1.8464000244140626 7.940699962164881e-07
1.8474000244140625 9.855647222138942e-06
1.8484000244140626 8.478036615997553e-06
1.8494000244140625 5.910642697320631e-06
1.8504000244140626 6.755370801935593e-06
1.8514000244140625 1.8355486288553398e-06
1.8524000244140626 1.3328735173369447e-05
1.8534000244140625 7.47067698587974e-06
1.8544000244140626 1.007686303407714e-07
1.8554000244140625 1.1453538233278475e-06
1.8564000244140626 8.415564467820028e-06
1.8574000244140625 1.0173891205340624e-05
1.8584000244140626 8.949503387345459e-07
1.8594000244140625 1.0821047859887283e-05
1.8604000244140626 1.0556553800900776e-05
1.8614000244140625 5.2364941802807154e-06
1.8624000244140626 3.7071889380246857e-06
1.8634000244140625 2.7157406266760846e-06
1.8644000244140626 2.0521363303978764e-06
1.8654000244140625 2.4987822784054243e-06
1.8664000244140626 1.4895986920843523e-05
1.8674000244140625 5.858513419904435e-06
1.8684000244140626 2.4222239732996086e-06
1.8694000244140625 1.048824885704865e-05
1.8704000244140624 1.0719143125849467e-05
1.8714000244140625 3.2519013230321762e-06
1.8724000244140624 7.020116075485324e-06
1.8734000244140625 6.906146404380328e-09
1.8744000244140624 7.805890636518597e-06
1.8754000244140625 1.2066388347496589e-05
1.8764000244140624 3.4231082921791037e-06
1.8774000244140625 1.1749601690098643e-05
1.8784000244140624 9.589186617328474e-06
1.8794000244140625 2.3597353329514923e-06
1.8804000244140624 6.543247679170842e-06
1.8814000244140625 1.5372720076278768e-06
1.8824000244140624 1.8602503499890825e-06
1.8834000244140625 4.43501335853765e-06
1.8844000244140624 1.0186025562385718e-05
1.8854000244140625 9.999999939225291e-11
1.8864000244140624 5.907364887862699e-06
1.8874000244140625 6.278006670375666e-06
1.8884000244140624 2.9114009615908527e-06
1.8894000244140625 6.843020828807648e-06
1.8904000244140624 9.672787273302674e-06
1.8914000244140625 2.9963019376507324e-06
1.8924000244140624 3.4048484519377808e-06
1.8934000244140625 1.0172766822276931e-06
1.8944000244140624 1.1114455410279334e-05
1.8954000244140625 6.544145095782975e-06
1.8964000244140624 5.10833963441352e-06
1.8974000244140625 9.999999939225291e-11
1.8984000244140624 5.601302109425887e-06
1.8994000244140625 5.9675530064851045e-06
1.9004000244140624 5.075140807446014e-06
1.9014000244140625 2.1683876009544653e-06
1.9024000244140624 3.0847329954249618e-06
1.9034000244140625 3.563722954519714e-06
1.9044000244140624 2.7248833672880817e-06
1.9054000244140625 9.218279932004711e-06
1.9064000244140624 9.201646484028696e-07
1.9074000244140625 5.036109014326939e-06
1.9084000244140624 2.8315369464089927e-06
1.9094000244140625 9.999999939225291e-11
1.9104000244140624 9.999999939225291e-11
1.9114000244140625 1.7261543155958256e-05
1.9124000244140624 9.343130120894235e-07
1.9134000244140625 4.70988229305173e-06
1.9144000244140624 1.4282799963627467e-06
1.9154000244140625 1.2869969553624589e-05
1.9164000244140624 9.999999939225291e-11
1.9174000244140625 9.493379615754804e-07
1.9184000244140624 1.0320069462371369e-05
1.9194000244140625 8.544586887371252e-07
1.9204000244140624 7.785353416463655e-07
1.9214000244140625 5.255763884379761e-06
1.9224000244140624 5.784804379800334e-06
1.9234000244140625 6.499718777680149e-06
1.9244000244140624 9.999999939225291e-11
1.9254000244140625 8.694016718813202e-07
1.9264000244140624 3.725716339480674e-06
1.9274000244140626 3.088318635843616e-06
1.9284000244140624 3.3397060273158513e-06
1.9294000244140626 1.6589137521805241e-06
1.9304000244140624 3.105345313088037e-06
1.9314000244140626 2.6727554211181116e-06
1.9324000244140624 3.1905830447194934e-06
1.9334000244140626 1.3283351385210786e-06
1.9344000244140624 5.656642409916183e-07
1.9354000244140626 5.563926364023549e-06
1.9364000244140624 3.683226993113446e-06
1.9374000244140626 2.0231140849998517e-06
1.9384000244140625 2.861823420463594e-06
1.9394000244140626 9.371373448097131e-07
1.9404000244140625 2.2252263052487582e-06
1.9414000244140626 6.557632538412387e-06
1.9424000244140625 9.999999939225291e-11
1.9434000244140626 9.999999939225291e-11
1.9444000244140625 2.396931250382058e-06
1.9454000244140626 8.421629667028085e-06
1.9464000244140625 2.051325558314332e-06
1.9474000244140626 4.7049006025190464e-06
1.9484000244140625 9.999999939225291e-11
1.9494000244140626 4.565128241411642e-06
1.9504000244140625 7.651669438928365e-06
1.9514000244140626 4.96754995159184e-06
1.9524000244140625 9.999999939225291e-11
1.9534000244140626 5.805699814421436e-06
1.9544000244140625 7.102356524884001e-06
1.9554000244140626 2.424203261774949e-07
1.9564000244140625 1.4896445888249825e-05
1.9574000244140626 4.1166745938614464e-06
1.9584000244140625 7.978519904779565e-07
1.9594000244140626 5.166499374542611e-07
1.9604000244140625 5.620680516331688e-06
1.9614000244140626 7.050629947468559e-06
1.9624000244140625 2.5947645553969776e-06
1.9634000244140626 8.850276159743468e-06
1.9644000244140625 9.999999939225291e-11
1.9654000244140626 5.804900157067768e-06
1.9664000244140625 3.826463284083796e-06
1.9674000244140626 7.391644855185101e-06
1.9684000244140625 6.658287114872745e-07
1.9694000244140626 6.3496256674019e-06
1.9704000244140625 2.6281489988111416e-06
1.9714000244140626 1.4975632269245882e-05
1.9724000244140625 6.739262180769737e-06
1.9734000244140626 1.0643253524674398e-06
1.9744000244140625 7.76776516163776e-06
1.9754000244140626 9.999999939225291e-11
1.9764000244140625 7.040173028750966e-06
1.9774000244140626 1.2921500019729137e-05
1.9784000244140625 4.466079893366744e-06
1.9794000244140626 3.744800972829883e-06
1.9804000244140625 1.0029672989197991e-06
1.9814000244140626 8.023716698287349e-07
1.9824000244140625 6.990730762481689e-06
1.9834000244140626 7.51824151897414e-07
1.9844000244140625 2.106212981489719e-06
1.9854000244140626 1.0554386826697736e-05
1.9864000244140625 2.715366960425551e-06
1.9874000244140626 9.999999939225291e-11
1.9884000244140625 1.2325202599943925e-05
1.9894000244140626 4.137141474579072e-06
1.9904000244140625 4.981475988946234e-06
1.9914000244140626 2.976535756182841e-07
1.9924000244140625 6.85680735235413e-06
1.9934000244140626 1.2204116016315917e-05
1.9944000244140625 6.519216073733366e-06
1.9954000244140624 9.999999939225291e-11
1.9964000244140625 7.483183483903607e-06
1.9974000244140624 4.333653511518302e-06
1.9984000244140625 1.2017979558246832e-05
1.9994000244140624 3.1348986131470485e-06
2.0004000244140623 9.468217031098903e-06
2.0014000244140626 3.508096036712871e-06
2.0024000244140625 8.532764622941613e-06
2.0034000244140624 3.5221190383290705e-06
2.0044000244140623 7.846341177355498e-06
2.0054000244140626 2.5858492585406624e-06
2.0064000244140625 9.894270100376802e-06
2.0074000244140624 5.2920960391814965e-06
2.0084000244140623 9.999999939225291e-11
2.0094000244140626 9.999999939225291e-11
2.0104000244140625 6.699264786573048e-06
2.0114000244140624 9.542542975395919e-06
2.0124000244140623 4.988267427658381e-06
2.0134000244140626 4.352199922118179e-06
2.0144000244140625 9.999999939225291e-11
2.0154000244140624 7.352262230900427e-06
2.0164000244140623 1.2655163833793874e-05
2.0174000244140626 3.07958966949388e-06
2.0184000244140625 9.999999939225291e-11
2.0194000244140624 9.067746771809956e-06
2.0204000244140623 9.999999939225291e-11
2.0214000244140626 1.6561409608772947e-06
2.0224000244140625 1.0819572004644821e-05
2.0234000244140624 2.420154748907777e-06
2.0244000244140623 4.746533629308066e-06
2.0254000244140626 1.4886623248457908e-05
2.0264000244140625 1.0175492881063046e-06
2.0274000244140624 8.018654189072549e-06
2.0284000244140623 3.6770352353906094e-06
2.0294000244140626 4.16997369974285e-06
2.0304000244140625 1.1310660047456622e-05
2.0314000244140624 5.923952907069818e-06
2.0324000244140623 3.6860243414782446e-06
2.0334000244140626 9.999999939225291e-11
2.0344000244140625 4.552689921789958e-06
2.0354000244140624 6.342546897686319e-06
2.0364000244140623 9.999999939225291e-11
2.0374000244140626 9.999999939225291e-11
2.0384000244140625 1.2319975843032201e-05
2.0394000244140624 1.1654560221359134e-05
2.0404000244140623 3.9175132840204207e-07
2.0414000244140627 3.293031719901289e-06
2.0424000244140625 3.0572845813973497e-06
2.0434000244140624 6.113834155003772e-06
2.0444000244140623 3.4883866316892665e-06
2.0454000244140627 1.0365893050294043e-06
2.0464000244140625 7.294083440732754e-06
2.0474000244140624 1.3739207061007619e-05
2.04839990234375 8.606293277250525e-06
2.04939990234375 5.298516790184967e-06
2.05039990234375 9.999999939225291e-11
2.05139990234375 2.287958011087573e-06
2.05239990234375 5.767873662989587e-06
2.05339990234375 5.491545598488301e-06
2.05439990234375 8.18110066272008e-06
2.05539990234375 9.632609978374636e-06
2.05639990234375 9.999999939225291e-11
2.05739990234375 9.338738706950642e-06
2.05839990234375 9.999999939225291e-11
2.05939990234375 1.9203226542607865e-06
2.06039990234375 1.4156240116183956e-05
2.06139990234375 9.999999939225291e-11
2.06239990234375 7.674253623311719e-06
2.06339990234375 4.513087915256619e-06
2.06439990234375 1.097165047614368e-06
2.06539990234375 3.97713346536636e-06
2.06639990234375 8.343923060844341e-06
2.06739990234375 2.895209239541785e-06
2.06839990234375 2.882192294310452e-07
2.06939990234375 8.434955962002278e-06
2.07039990234375 2.904860400576581e-06
2.07139990234375 1.9215776114300807e-06
2.07239990234375 2.6937563665718754e-06
2.07339990234375 1.05476575360323e-05
2.07439990234375 2.607451091633332e-06
2.07539990234375 5.4817453780930945e-06
2.07639990234375 3.216318746831111e-06
2.07739990234375 8.140744524753884e-06
2.07839990234375 3.149837425020507e-07
2.07939990234375 1.368249960046105e-06
2.08039990234375 6.172021055184847e-06
2.08139990234375 6.272737479825115e-06
2.08239990234375 9.999999939225291e-11
2.08339990234375 9.999999939225291e-11
2.08439990234375 3.6471792649421058e-06
2.08539990234375 5.252446590725176e-06
2.08639990234375 7.743642636341973e-06
2.08739990234375 9.999999939225291e-11
2.08839990234375 1.9739822986479065e-06
2.08939990234375 9.730564003499845e-06
2.09039990234375 1.0440429900349102e-06
2.09139990234375 1.032619911711663e-05
2.09239990234375 3.2737063008614343e-06
2.09339990234375 5.10312014837903e-07
2.09439990234375 2.0798950036630497e-07
2.09539990234375 5.026942972460683e-06
2.09639990234375 1.2472847675223758e-05
2.09739990234375 2.9979066649084748e-06
2.09839990234375 1.2151986205329497e-05
2.09939990234375 1.1710342803302373e-07
2.10039990234375 9.999999939225291e-11
2.10139990234375 2.2923286303200285e-06
2.10239990234375 2.554457712043619e-06
2.10339990234375 1.0926193363400099e-05
2.10439990234375 2.1415631100178228e-07
2.10539990234375 1.3840879934529464e-05
2.10639990234375 9.999999939225291e-11
2.10739990234375 1.6429689712822436e-05
2.10839990234375 9.999999939225291e-11
2.10939990234375 1.2473870495644708e-05
2.11039990234375 1.8743472173810007e-05
2.11139990234375 1.677030697464943e-05
2.11239990234375 9.999999939225291e-11
2.11339990234375 1.6787730850786885e-06
2.11439990234375 2.2327323288967213e-05
2.11539990234375 9.999999939225291e-11
2.11639990234375 9.999999939225291e-11
2.11739990234375 9.999999939225291e-11
2.11839990234375 1.111088301210354e-05
2.11939990234375 9.657022843991095e-06
2.12039990234375 9.999999939225291e-11
2.12139990234375 9.999999939225291e-11
2.12239990234375 1.5209391325091322e-05
2.12339990234375 1.820285338908434e-05
2.12439990234375 1.7552966380396384e-06
2.12539990234375 9.172210115515611e-07
2.12639990234375 4.868285186955627e-06
2.12739990234375 9.999999939225291e-11
2.12839990234375 9.999999939225291e-11
2.12939990234375 2.1133903741314222e-06
2.13039990234375 6.954782099152604e-06
2.13139990234375 9.922835160978139e-06
2.13239990234375 3.419306516760183e-06
2.13339990234375 1.5423033808244689e-06
2.13439990234375 9.999999939225291e-11
2.13539990234375 4.683556733144911e-06
2.13639990234375 9.999999939225291e-11
2.13739990234375 2.662574639543891e-05
2.13839990234375 3.937253417560053e-06
2.13939990234375 1.6792900084207455e-05
2.14039990234375 2.4751493859979472e-06
2.14139990234375 1.627247353705267e-05
2.14239990234375 8.472077858690716e-06
2.14339990234375 1.0722446987602534e-06
2.14439990234375 9.999999939225291e-11
2.14539990234375 1.6013730006913345e-05
2.14639990234375 7.934234803288475e-06
2.14739990234375 1.0710527028775136e-06
2.14839990234375 5.8217920593239825e-06
2.14939990234375 1.001672955074658e-05
2.15039990234375 2.162847589814258e-06
2.15139990234375 9.999999939225291e-11
2.15239990234375 8.70715978064318e-06
2.15339990234375 5.5960995814530175e-06
2.15439990234375 3.970987939586242e-05
2.15539990234375 9.999999939225291e-11
2.15639990234375 2.028449935448743e-06
2.15739990234375 3.936924492385548e-06
2.15839990234375 3.3797560024328987e-06
2.15939990234375 6.181971557805236e-06
2.16039990234375 1.128440854735106e-05
2.16139990234375 6.440512176292638e-06
2.16239990234375 6.063809230048752e-06
2.16339990234375 9.999999939225291e-11
2.16439990234375 1.7213351963807355e-06
2.16539990234375 6.205748262194296e-06
2.16639990234375 9.999999939225291e-11
2.16739990234375 1.2824576309261223e-05
2.16839990234375 9.999999939225291e-11
2.16939990234375 8.12683623128881e-06
2.17039990234375 9.999999939225291e-11
2.17139990234375 2.319435050364878e-07
2.17239990234375 2.4278007132198332e-06
2.17339990234375 9.591986463772054e-06
2.17439990234375 8.993629981960776e-07
2.17539990234375 7.453563443426958e-07
2.17639990234375 8.034728292587445e-06
2.17739990234375 1.4636502722472261e-05
2.17839990234375 1.6561049873301905e-06
2.17939990234375 1.1382269629163962e-06
2.18039990234375 2.2857372433045715e-06
2.18139990234375 9.999999939225291e-11
2.18239990234375 9.91597577619056e-06
2.18339990234375 7.6054413026819625e-06
2.18439990234375 1.909755247447483e-06
2.18539990234375 9.999999939225291e-11
2.18639990234375 3.928045974790351e-06
2.18739990234375 1.6231621654393772e-05
2.18839990234375 1.0313305150096614e-05
2.18939990234375 3.2313830835010533e-06
2.19039990234375 8.823038175857315e-06
2.19139990234375 2.1408393850415782e-06
2.19239990234375 9.999999939225291e-11
2.19339990234375 1.098431763239205e-05
2.19439990234375 7.905124220997095e-06
2.19539990234375 8.293437907317033e-06
2.19639990234375 6.909243917713562e-06
2.19739990234375 2.102414825155089e-05
2.19839990234375 9.999999939225291e-11
2.19939990234375 9.999999939225291e-11
2.20039990234375 1.8857963921388906e-06
2.20139990234375 1.124606696708182e-05
2.20239990234375 8.68080601018543e-06
2.20339990234375 1.8970466529329616e-05
2.20439990234375 2.457708072798326e-06
2.20539990234375 9.999999939225291e-11
2.20639990234375 9.999999939225291e-11
2.20739990234375 6.637121608692454e-06
2.20839990234375 5.371430034551613e-06
2.20939990234375 7.786293863318861e-06
2.21039990234375 9.999999939225291e-11
2.21139990234375 9.999999939225291e-11
2.21239990234375 9.999999939225291e-11
2.21339990234375 5.41445795266012e-06
2.21439990234375 6.771913414086821e-07
2.21539990234375 9.999999939225291e-11
2.21639990234375 1.4128756787007053e-05
2.21739990234375 9.999999939225291e-11
2.21839990234375 5.695291629660796e-06
2.21939990234375 9.999999939225291e-11
2.22039990234375 3.3831383722523844e-05
2.22139990234375 1.1339842225170927e-05
2.22239990234375 3.5845832894132456e-06
2.22339990234375 9.999999939225291e-11
2.22439990234375 9.999999939225291e-11
2.22539990234375 1.7263900561144871e-06
2.22639990234375 1.3159426899062392e-05
2.22739990234375 1.4765126358774101e-05
2.22839990234375 4.972843375169825e-06
2.22939990234375 9.999999939225291e-11
2.23039990234375 1.4364835757684584e-05
2.23139990234375 4.380239018549521e-05
2.23239990234375 9.999999939225291e-11
2.23339990234375 3.1433824134256365e-06
2.23439990234375 2.1437389853720864e-05
2.23539990234375 5.907448803907181e-06
2.23639990234375 9.999999939225291e-11
2.23739990234375 4.124878696882088e-06
2.23839990234375 2.6605063758324833e-05
2.23939990234375 3.066129051148891e-05
2.24039990234375 3.123861931320822e-06
2.24139990234375 2.598298635954658e-05
2.24239990234375 2.589521148668913e-05
2.24339990234375 9.345159982077078e-06
2.24439990234375 9.999999939225291e-11
2.24539990234375 3.728169947354587e-06
2.24639990234375 3.980363408724467e-05
2.24739990234375 1.107175675350606e-05
2.24839990234375 7.831346320722095e-06
2.24939990234375 1.766544607597768e-05
2.25039990234375 6.478756665675434e-06
2.25139990234375 9.980130668785965e-06
2.25239990234375 3.78469160447518e-05
2.25339990234375 3.07081399175028e-05
2.25439990234375 9.999999939225291e-11
2.25539990234375 3.8067373291899765e-05
2.25639990234375 3.4332394134253266e-05
2.25739990234375 1.5238711469767925e-05
2.25839990234375 5.566456524697116e-07
2.25939990234375 2.8045496437698604e-05
2.26039990234375 9.982880495700285e-06
2.26139990234375 3.9842533102879924e-05
2.26239990234375 8.595186673471626e-06
2.26339990234375 4.538825247436762e-05
2.26439990234375 1.8705443129620747e-05
2.26539990234375 3.2114002581996226e-05
2.26639990234375 6.734093107395958e-06
2.26739990234375 5.427849944172891e-06
2.26839990234375 2.867925368870298e-05
2.26939990234375 9.999999939225291e-11
2.27039990234375 1.1132816589804288e-05
2.27139990234375 6.216620016955924e-06
2.27239990234375 4.284433399129502e-06
2.27339990234375 1.6080443902308044e-05
2.27439990234375 1.3888496478455063e-05
2.27539990234375 9.999999939225291e-11
2.27639990234375 5.339819161842267e-05
2.27739990234375 1.8924886826425792e-05
2.27839990234375 1.7887383388976257e-05
2.27939990234375 3.921443673838473e-06
2.28039990234375 1.8632346376155813e-05
2.28139990234375 2.167710685171187e-05
2.28239990234375 4.704996278682334e-06
2.28339990234375 9.999999939225291e-11
2.28439990234375 1.5560373814042331e-06
2.28539990234375 4.977103923969514e-06
2.28639990234375 8.025563399363851e-06
2.28739990234375 1.0197148852360744e-05
2.28839990234375 9.999999939225291e-11
2.28939990234375 2.753165627632133e-06
2.29039990234375 2.501707082653108e-06
2.29139990234375 1.4857996720820665e-05
2.29239990234375 4.6644040655034285e-06
2.29339990234375 1.9039676987819832e-06
2.29439990234375 3.0147666594112127e-06
2.29539990234375 4.60182607639581e-06
2.29639990234375 9.999999939225291e-11
2.29739990234375 2.6282570710349047e-06
2.29839990234375 1.0225060007845362e-05
2.29939990234375 1.1150386223259071e-05
2.30039990234375 3.0980320487058084e-06
2.30139990234375 1.0126176794426439e-05
2.30239990234375 1.19489988234515e-05
2.30339990234375 1.229236969061039e-06
2.30439990234375 2.073565963147672e-06
2.30539990234375 1.4351192024945427e-06
2.30639990234375 9.271197093537372e-07
2.30739990234375 8.708002336534903e-06
2.30839990234375 8.728290170741578e-06
2.30939990234375 9.999999939225291e-11
2.31039990234375 1.2108196193973224e-05
2.31139990234375 8.769187067324916e-06
2.31239990234375 5.3554199985228475e-06
2.31339990234375 9.999999939225291e-11
2.31439990234375 4.321396816013845e-06
2.31539990234375 8.387565612792969e-06
2.31639990234375 1.024568375820915e-05
2.31739990234375 5.494242844482263e-06
2.31839990234375 9.999999939225291e-11
2.31939990234375 5.5198163348298604e-06
2.32039990234375 1.3008726527914405e-05
2.32139990234375 9.999999939225291e-11
2.32239990234375 6.446922780014574e-06
2.32339990234375 9.999999939225291e-11
2.32439990234375 8.308853716165743e-07
2.32539990234375 3.3634846719602745e-06
2.32639990234375 9.04144272984316e-06
2.32739990234375 7.649302715435624e-06
2.32839990234375 2.102337452392078e-07
2.32939990234375 8.435534643164525e-06
2.33039990234375 4.425068327691406e-06
2.33139990234375 6.12798728980124e-06
2.33239990234375 8.223743444505753e-07
2.33339990234375 4.372026266586578e-06
2.33439990234375 8.167764365983507e-06
2.33539990234375 1.3808720490615654e-07
2.33639990234375 3.684058028738946e-06
2.33739990234375 5.1828058201142115e-06
2.33839990234375 1.4966853195801377e-05
2.33939990234375 1.4296360287098984e-06
2.34039990234375 1.1216103642558058e-05
2.34139990234375 4.945862029114659e-06
2.34239990234375 7.2256493149325255e-06
2.34339990234375 9.999999939225291e-11
2.34439990234375 7.992424458886187e-06
2.34539990234375 2.30363775769978e-06
2.34639990234375 3.044785635563467e-06
2.34739990234375 5.065005389042199e-06
2.34839990234375 2.7541664113487722e-06
2.34939990234375 9.652063793813189e-06
2.35039990234375 1.6225375002250076e-05
2.35139990234375 4.4995498993631126e-06
2.35239990234375 4.267752034744869e-06
2.35339990234375 7.894221283398414e-06
2.35439990234375 1.3305750132227939e-05
2.35539990234375 7.740149832062097e-07
2.35639990234375 7.691410137340427e-06
2.35739990234375 6.783706771251729e-07
2.35839990234375 9.18250889905418e-06
2.35939990234375 5.8738656029048516e-06
2.36039990234375 7.251605236027933e-06
2.36139990234375 2.4939610348647297e-06
2.36239990234375 1.1518915416672825e-05
2.36339990234375 3.4019916199401477e-06
2.36439990234375 4.754231971067687e-06
2.36539990234375 1.5838103524098795e-05
2.36639990234375 1.0596503076764445e-05
2.36739990234375 5.934679414822952e-06
2.36839990234375 5.7356465526699665e-08
2.36939990234375 3.6266798458880107e-06
2.37039990234375 1.3747780273358028e-05
2.37139990234375 6.388625052193101e-06
2.37239990234375 2.252017380669713e-05
2.37339990234375 9.999999939225291e-11
2.37439990234375 1.3934599701315165e-05
2.37539990234375 3.0260544345347046e-06
2.37639990234375 1.0281015420332551e-05
2.37739990234375 2.0164066809229554e-05
2.37839990234375 5.175161019955373e-06
2.37939990234375 1.978489376294116e-05
2.38039990234375 1.291340682655573e-05
2.38139990234375 7.456278544850647e-06
2.38239990234375 8.739077175402935e-06
2.38339990234375 8.675863689629656e-07
2.38439990234375 5.382753364854645e-06
2.38539990234375 2.3089543295403324e-05
2.38639990234375 1.7060883110389113e-05
2.38739990234375 1.7307843469704192e-05
2.38839990234375 1.852892959603262e-06
2.38939990234375 5.719746559759523e-06
2.39039990234375 5.933949005691256e-06
2.39139990234375 9.999999939225291e-11
2.39239990234375 1.75014595126477e-06
2.39339990234375 3.51296163934182e-06
2.39439990234375 9.999999939225291e-11
2.39539990234375 2.639062353409827e-05
2.39639990234375 3.6344637044027906e-06
2.39739990234375 2.5737029888356724e-05
2.39839990234375 1.7961380071938036e-05
2.39939990234375 4.700520070777259e-07
2.40039990234375 6.717626199182666e-06
2.40139990234375 9.999999939225291e-11
2.40239990234375 8.82511279390504e-06
2.40339990234375 4.291026620194316e-05
2.40439990234375 1.5610088788283367e-05
2.40539990234375 9.366763173348503e-06
2.40639990234375 7.219279320501334e-06
2.40739990234375 5.9426634106785055e-06
2.40839990234375 1.8976267116765182e-05
2.40939990234375 1.376244598456348e-05
2.41039990234375 1.6409192855159442e-05
2.41139990234375 1.1036243056370409e-05
2.41239990234375 1.064662782785793e-05
2.41339990234375 9.999999939225291e-11
2.41439990234375 4.471130572104205e-06
2.41539990234375 1.2148148574245473e-05
2.41639990234375 2.9204823847746767e-06
2.41739990234375 1.2212093143159446e-05
2.41839990234375 2.3660291141519944e-05
2.41939990234375 1.1319360695525305e-05
2.42039990234375 1.3925953496303951e-05
2.42139990234375 1.0424524429000215e-05
2.42239990234375 4.3092667275305515e-06
2.42339990234375 2.070076607901446e-06
2.42439990234375 1.6167443245649338e-05
2.42539990234375 7.5000622503769894e-06
2.42639990234375 1.2822669969307181e-05
2.42739990234375 1.7614969789671404e-05
2.42839990234375 2.2009636353080472e-05
2.42939990234375 2.295220037922263e-05
2.43039990234375 2.100419000877688e-05
2.43139990234375 6.977715902746576e-06
2.43239990234375 4.412349313497543e-05
2.43339990234375 9.999999939225291e-11
2.43439990234375 4.9202900212434265e-06
2.43539990234375 2.5031536351889373e-05
2.43639990234375 9.99610444220404e-06
2.43739990234375 4.078895396609402e-06
2.43839990234375 1.1260588022802646e-05
2.43939990234375 2.692783639455835e-05
2.44039990234375 2.2572396550835095e-06
2.44139990234375 1.2923919867159721e-05
2.44239990234375 7.035443801820899e-06
2.44339990234375 9.638699891863685e-07
2.44439990234375 2.235665296514829e-05
2.44539990234375 1.1237024154979736e-05
2.44639990234375 1.1834936449304223e-05
2.44739990234375 3.461197406674425e-05
2.44839990234375 3.270059009082615e-05
2.44939990234375 1.2517150025814772e-05
2.45039990234375 1.5906683014084896e-05
2.45139990234375 1.9267034898688233e-06
2.45239990234375 5.754990192243051e-06
2.45339990234375 9.094780223743252e-09
2.45439990234375 5.525010171769651e-06
2.45539990234375 2.5531433057039976e-05
2.45639990234375 2.4213926711430155e-05
2.45739990234375 1.2549383022003962e-05
2.45839990234375 3.1243367120623586e-05
2.45939990234375 1.1324363100963336e-05
2.46039990234375 9.999999939225291e-11
2.46139990234375 1.1446232601883821e-05
2.46239990234375 1.5933327182816963e-05
2.46339990234375 2.5572947730931143e-05
2.46439990234375 4.979359422323526e-06
2.46539990234375 2.411311759108988e-05
2.46639990234375 1.237254124134779e-05
2.46739990234375 9.999999939225291e-11
2.46839990234375 8.370036491616162e-06
2.46939990234375 2.909052030493816e-05
2.47039990234375 1.3846027004899379e-05
2.47139990234375 4.387468953052457e-06
2.47239990234375 2.34530706994344e-06
2.47339990234375 3.226225031539798e-05
2.47439990234375 4.124399065756161e-06
2.47539990234375 2.3841472381415465e-05
2.47639990234375 9.689848423780253e-06
2.47739990234375 7.1771565611319e-06
2.47839990234375 3.467808943241835e-05
2.47939990234375 2.97540141253864e-06
2.48039990234375 2.1620862535201015e-05
2.48139990234375 9.569329941842379e-07
2.48239990234375 2.2317490035724438e-05
2.48339990234375 9.999999939225291e-11
2.48439990234375 9.076698682948247e-06
2.48539990234375 1.6725419942910473e-05
2.48639990234375 1.0500548329825204e-05
2.48739990234375 5.554961351056893e-05
2.48839990234375 2.8553289982179798e-05
2.48939990234375 1.261018798686564e-05
2.49039990234375 9.689943321162057e-06
2.49139990234375 3.1835835737486685e-05
2.49239990234375 9.999999939225291e-11
2.49339990234375 3.205951128620654e-05
2.49439990234375 1.7168802150990815e-05
2.49539990234375 8.778126427818242e-08
2.49639990234375 6.298485541617419e-06
2.49739990234375 2.5482613127678634e-05
2.49839990234375 2.3329463205046252e-05
2.49939990234375 9.118892446216738e-06
2.50039990234375 3.614371448444823e-05
2.50139990234375 9.696486638350876e-06
2.50239990234375 9.999999939225291e-11
2.50339990234375 3.420018222338209e-05
2.50439990234375 3.934287621329228e-05
2.50539990234375 9.999999939225291e-11
2.50639990234375 2.9764189384877682e-05
2.50739990234375 2.235129006026367e-05
2.50839990234375 7.366006766812797e-06
2.50939990234375 4.069759976118803e-05
2.51039990234375 2.2503156797029077e-05
2.51139990234375 2.488424303010106e-05
2.51239990234375 2.1105055891033808e-05
2.51339990234375 4.571803379803896e-05
2.51439990234375 3.3735498625671786e-06
2.51539990234375 1.2939726700498255e-05
2.51639990234375 9.999999939225291e-11
2.51739990234375 7.1498999211823865e-06
2.51839990234375 9.999999939225291e-11
2.51939990234375 1.3659413244010802e-05
2.52039990234375 9.999999939225291e-11
2.52139990234375 9.999999939225291e-11
2.52239990234375 2.048501007315314e-06
2.52339990234375 2.0833977905567736e-05
2.52439990234375 9.999999939225291e-11
2.52539990234375 2.7259863755298615e-06
2.52639990234375 9.537579603069447e-07
2.52739990234375 9.999999939225291e-11
2.52839990234375 3.5546686655531325e-05
2.52939990234375 1.8109581045185526e-05
2.53039990234375 5.964568350464106e-05
2.53139990234375 8.245223201557295e-06
2.53239990234375 6.589542909193705e-06
2.53339990234375 8.360334749644002e-05
2.53439990234375 3.7223039738213025e-05
2.53539990234375 1.4884519933525316e-05
2.53639990234375 3.691985621117056e-05
2.53739990234375 3.166260740522138e-06
2.53839990234375 9.999999939225291e-11
2.53939990234375 9.999999939225291e-11
2.54039990234375 2.337566615195167e-06
2.54139990234375 9.999999939225291e-11
2.54239990234375 9.999999939225291e-11
2.54339990234375 9.347926747166704e-06
2.54439990234375 1.4594557306531659e-05
2.54539990234375 3.069283669633845e-05
2.54639990234375 9.999999939225291e-11
2.54739990234375 7.872542249716119e-06
2.54839990234375 2.7021287287916823e-06
2.54939990234375 2.7167886689361728e-05
2.55039990234375 7.841386536178163e-07
2.55139990234375 3.7776606584024226e-05
2.55239990234375 9.999999939225291e-11
2.55339990234375 9.999999939225291e-11
2.55439990234375 1.8108452941657898e-05
2.55539990234375 9.258266383161148e-05
2.55639990234375 2.8987948868840853e-05
2.55739990234375 2.7730483561754228e-05
2.55839990234375 9.809320171674094e-05
2.55939990234375 6.84854267941167e-05
2.56039990234375 6.199696489299338e-05
2.56139990234375 9.999999939225291e-11
2.56239990234375 9.999999939225291e-11
2.56339990234375 4.824736126465723e-05
2.56439990234375 6.805192131989379e-05
2.56539990234375 9.999999939225291e-11
2.56639990234375 9.999999939225291e-11
2.56739990234375 9.999999939225291e-11
2.56839990234375 0.00013658574937532345
2.56939990234375 2.8260560511978263e-05
2.57039990234375 9.999999939225291e-11
2.57139990234375 3.547028531708444e-05
2.57239990234375 2.1050282870165303e-05
2.57339990234375 9.999999939225291e-11
2.57439990234375 4.986123996786773e-05
2.57539990234375 9.999999939225291e-11
2.57639990234375 1.6988254302378416e-06
2.57739990234375 9.999999939225291e-11
2.57839990234375 6.46984312523043e-05
2.57939990234375 1.0052776506904356e-05
2.58039990234375 3.1491436490845476e-05
2.58139990234375 9.999999939225291e-11
2.58239990234375 7.273696750515294e-06
2.58339990234375 4.086995144194046e-05
2.58439990234375 9.999999939225291e-11
2.58539990234375 9.999999939225291e-11
2.58639990234375 9.999999939225291e-11
2.58739990234375 2.069807293153166e-05
2.58839990234375 2.2568559855900007e-05
2.58939990234375 3.799870144067796e-06
2.59039990234375 9.999999939225291e-11
2.59139990234375 9.999999939225291e-11
2.59239990234375 9.999999939225291e-11
2.59339990234375 3.9518334203823006e-05
2.59439990234375 9.999999939225291e-11
2.59539990234375 9.999999939225291e-11
2.59639990234375 0.00010190691643704971
2.59739990234375 9.999999939225291e-11
2.59839990234375 2.556289080022367e-06
2.59939990234375 7.192330042961418e-05
2.60039990234375 9.999999939225291e-11
