microns transmission
0.4003999938964844 9.999999939225291e-11
0.4013999938964844 9.999999939225291e-11
0.4023999938964844 9.999999939225291e-11
0.4033999938964844 9.999999939225291e-11
0.4043999938964844 1.7326701137854172e-07
0.4053999938964844 8.238580216257674e-08
0.4063999938964844 2.3049900543507344e-07
0.4073999938964844 1.2206849782832781e-08
0.40839999389648435 2.797715518809696e-08
0.40939999389648435 2.6068865531433024e-08
0.41039999389648435 8.811406685775107e-09
0.41139999389648435 7.598733440990676e-09
0.41239999389648435 1.4453499413017803e-07
0.41339999389648435 4.4087747179825475e-07
0.41439999389648435 1.4415593287964157e-08
0.41539999389648435 9.999999939225291e-11
0.41639999389648436 3.5548664224431073e-07
0.41739999389648436 9.999999939225291e-11
0.41839999389648436 9.709616955788647e-08
0.41939999389648436 7.714580300799412e-08
0.42039999389648436 9.775896346949273e-08
0.42139999389648436 1.1042588271633254e-07
0.42239999389648436 9.999999939225291e-11
0.42339999389648436 3.057242222048728e-08
0.42439999389648436 4.515469976595909e-08
0.42539999389648436 1.4920285119994028e-07
0.42639999389648436 3.1004786906763113e-08
0.42739999389648436 7.37332709110916e-08
0.42839999389648437 9.999999939225291e-11
0.42939999389648437 9.999999939225291e-11
0.43039999389648437 2.548975620205359e-07
0.43139999389648437 5.344993112406844e-08
0.43239999389648437 5.927253439471277e-08
0.43339999389648437 9.999999939225291e-11
0.43439999389648437 1.1039186306701273e-07
0.43539999389648437 9.619949749387995e-09
0.4363999938964844 6.119006871567005e-10
0.4373999938964844 9.006773360612878e-08
0.4383999938964844 9.999999939225291e-11
0.4393999938964844 2.3072760086506605e-07
0.4403999938964844 9.999999939225291e-11
0.4413999938964844 9.999999939225291e-11
0.4423999938964844 9.999999939225291e-11
0.4433999938964844 4.89206659774292e-09
0.4443999938964844 5.2018956061180194e-08
0.4453999938964844 2.0316429777030484e-08
0.4463999938964844 1.0432940901713059e-07
0.4473999938964844 1.7682313983395185e-09
0.4483999938964844 9.999999939225291e-11
0.4493999938964844 1.6350399392924448e-08
0.4503999938964844 9.999999939225291e-11
0.4513999938964844 5.9342559071140496e-08
0.4523999938964844 9.999999939225291e-11
0.4533999938964844 3.136736944853169e-08
0.4543999938964844 3.067531977170764e-08
0.4553999938964844 1.1510937027262951e-08
0.4563999938964844 1.0620186609836916e-07
0.4573999938964844 9.999999939225291e-11
0.4583999938964844 1.3620256479107694e-07
0.4593999938964844 9.999999939225291e-11
0.4603999938964844 9.999999939225291e-11
0.4613999938964844 8.00053001033992e-09
0.4623999938964844 8.047300980251748e-08
0.4633999938964844 1.2963313563337429e-09
0.4643999938964844 9.999999939225291e-11
0.4653999938964844 2.2035573336391203e-08
0.4663999938964844 1.7774116410388768e-07
0.4673999938964844 5.6565999428196775e-08
0.4683999938964844 1.289779936275437e-07
0.4693999938964844 9.915353628523841e-09
0.47039999389648435 1.0264162256135023e-07
0.47139999389648435 9.999999939225291e-11
0.47239999389648435 3.1216866543578207e-09
0.47339999389648435 6.53357353937641e-08
0.47439999389648435 1.0463243936165157e-07
0.47539999389648435 5.4002200560177014e-08
0.47639999389648435 6.009527356039731e-08
0.47739999389648435 2.7251453502685765e-07
0.47839999389648435 9.999999939225291e-11
0.47939999389648436 6.524300359226723e-09
0.48039999389648436 5.933488596750654e-08
0.48139999389648436 1.068012264907973e-07
0.48239999389648436 2.834474290835942e-09
0.48339999389648436 1.0041949619399304e-07
0.48439999389648436 9.218255096736054e-08
0.48539999389648436 1.4318301812939657e-07
0.48639999389648436 9.999999939225291e-11
0.48739999389648436 6.374212373039257e-08
0.48839999389648436 2.853181053197318e-08
0.48939999389648436 9.999999939225291e-11
0.49039999389648437 2.0180574005953153e-08
0.49139999389648437 5.354846580966447e-10
0.49239999389648437 9.999999939225291e-11
0.49339999389648437 1.083502051072808e-07
0.49439999389648437 9.999999939225291e-11
0.49539999389648437 3.302305907837422e-08
0.49639999389648437 2.820081019372367e-08
0.49739999389648437 6.29907954626437e-08
0.4983999938964844 1.450651977089971e-07
0.4993999938964844 1.5196676432793764e-08
0.5003999938964844 9.999999939225291e-11
0.5013999938964844 9.999999939225291e-11
0.5023999938964844 5.492037300491859e-08
0.5033999938964844 1.2673863185597157e-08
0.5043999938964844 9.351239668831113e-08
0.5053999938964844 7.025900382965726e-08
0.5063999938964844 1.0786060139859425e-07
0.5073999938964844 6.946263662636436e-08
0.5083999938964844 5.7593390060025245e-08
0.5093999938964844 9.999999939225291e-11
0.5103999938964844 8.561840973383047e-08
0.5113999938964844 9.999999939225291e-11
0.5124000244140625 1.2186794720037142e-07
0.5134000244140625 7.994336591525079e-08
0.5144000244140625 8.10695261558673e-08
0.5154000244140625 9.999999939225291e-11
0.5164000244140625 4.576661048065015e-08
0.5174000244140625 1.1584151877741533e-07
0.5184000244140625 9.999999939225291e-11
0.5194000244140625 1.2762516377051725e-10
0.5204000244140625 9.999999939225291e-11
0.5214000244140625 3.890263309713759e-08
0.5224000244140625 2.469108075035346e-08
0.5234000244140625 4.975023400651442e-08
0.5244000244140625 1.5541476689880558e-07
0.5254000244140625 7.743296865925232e-09
0.5264000244140625 6.531273151940317e-09
0.5274000244140625 1.761421380012488e-08
0.5284000244140625 7.802572478491735e-08
0.5294000244140625 9.999999939225291e-11
0.5304000244140625 2.28606362118929e-07
0.5314000244140625 9.03742185679827e-08
0.5324000244140625 2.1969457217589178e-07
0.5334000244140625 1.0341656353200315e-07
0.5344000244140625 1.909046359778917e-07
0.5354000244140625 1.0940243322821174e-07
0.5364000244140625 7.953066788838706e-08
0.5374000244140625 1.4505815402484266e-07
0.5384000244140625 1.705494961849278e-07
0.5394000244140625 9.70806983217424e-08
0.5404000244140625 2.3780280606603793e-07
0.5414000244140625 2.3004970024646337e-07
0.5424000244140625 1.3667172156968851e-07
0.5434000244140625 1.7107638221306825e-07
0.5444000244140625 9.457749981696869e-08
0.5454000244140625 1.6494715204077675e-07
0.5464000244140625 1.796742044953466e-07
0.5474000244140625 3.560238171000189e-07
0.5484000244140625 1.2308806081643788e-07
0.5494000244140625 2.439523726819696e-07
0.5504000244140625 2.0330587211662515e-07
0.5514000244140626 1.4807229149482736e-07
0.5524000244140626 1.018162651611476e-07
0.5534000244140626 5.3611299737355014e-08
0.5544000244140626 2.8839026830003905e-07
0.5554000244140626 1.960361657626919e-07
0.5564000244140626 3.6178723651876987e-07
0.5574000244140624 1.5762423036728518e-07
0.5584000244140624 3.218055644538254e-07
0.5594000244140624 1.0264859833242212e-07
0.5604000244140624 2.1572296377965945e-07
0.5614000244140624 1.6637606677250006e-07
0.5624000244140624 7.395179707122187e-08
0.5634000244140625 8.162423374239816e-08
0.5644000244140625 1.6938502762187113e-07
0.5654000244140625 1.1271592857890293e-07
0.5664000244140625 2.047686966003918e-07
0.5674000244140625 2.3091562712037235e-07
0.5684000244140625 1.797726186432887e-07
0.5694000244140625 1.234838331469016e-07
0.5704000244140625 9.999999939225291e-11
0.5714000244140625 9.999999939225291e-11
0.5724000244140625 9.999999939225291e-11
0.5734000244140625 2.8865222194696117e-08
0.5744000244140625 2.0464443976446015e-08
0.5754000244140625 1.8019100730034172e-08
0.5764000244140625 3.077992798417028e-08
0.5774000244140625 9.999999939225291e-11
0.5784000244140625 7.431279977154759e-08
0.5794000244140625 9.999999939225291e-11
0.5804000244140625 1.1216869779673289e-07
0.5814000244140625 1.9013245037058368e-07
0.5824000244140625 1.793099343079992e-08
0.5834000244140625 2.2054010309820647e-08
0.5844000244140625 3.3393775182114875e-08
0.5854000244140625 2.3388263885593118e-08
0.5864000244140625 9.999999939225291e-11
0.5874000244140625 9.654440062215979e-09
0.5884000244140625 4.884762309605624e-08
0.5894000244140625 7.10244340377623e-09
0.5904000244140625 1.925173004450424e-07
0.5914000244140625 9.831720222249393e-08
0.5924000244140625 1.1451958016550634e-07
0.5934000244140625 5.0448331823105265e-08
0.5944000244140625 9.999999939225291e-11
0.5954000244140625 9.999999939225291e-11
0.5964000244140625 4.687899864445437e-08
0.5974000244140625 9.208433650265135e-08
0.5984000244140625 1.290358371382657e-07
0.5994000244140625 9.999999939225291e-11
0.6004000244140625 7.384636073008248e-08
0.6014000244140625 8.358173545275349e-08
0.6024000244140625 7.883696561054402e-08
0.6034000244140625 6.948513519825876e-08
0.6044000244140625 9.999999939225291e-11
0.6054000244140625 3.8776234555134195e-08
0.6064000244140625 1.1693280344301135e-07
0.6074000244140625 5.962156627662789e-08
0.6084000244140625 8.372603168697404e-08
0.6094000244140625 6.489644152137448e-08
0.6104000244140625 1.6850797083615513e-09
0.6114000244140625 8.475900125759495e-08
0.6124000244140625 1.3251604625175161e-07
0.6134000244140625 1.511804036150958e-07
0.6144000244140625 9.999999939225291e-11
0.6154000244140625 8.844869999672747e-08
0.6164000244140625 4.8474300857748176e-08
0.6174000244140625 1.966995336388777e-08
0.6184000244140625 7.317086854049155e-08
0.6194000244140625 4.412226563369852e-08
0.6204000244140625 4.773630047694155e-08
0.6214000244140625 9.519117343555669e-08
0.6224000244140625 1.0257973167189978e-08
0.6234000244140625 9.999999939225291e-11
0.6244000244140625 3.3417267430261665e-08
0.6254000244140625 9.999999939225291e-11
0.6264000244140625 9.157718144100121e-08
0.6274000244140625 9.999999939225291e-11
0.6284000244140625 5.635472951996216e-08
0.6294000244140625 9.999999939225291e-11
0.6304000244140625 9.999999939225291e-11
0.6314000244140625 4.639513230486614e-08
0.6324000244140625 5.930819684548301e-08
0.6334000244140625 5.385976879009509e-08
0.6344000244140625 9.999999939225291e-11
0.6354000244140625 9.999999939225291e-11
0.6364000244140625 9.999999939225291e-11
0.6374000244140625 7.849726969174261e-08
0.6384000244140625 2.183876323040105e-08
0.6394000244140625 1.206097795147798e-07
0.6404000244140625 6.352499841710824e-09
0.6414000244140625 6.343266575707199e-09
0.6424000244140625 1.55866692767385e-08
0.6434000244140625 5.7174633282623216e-08
0.6444000244140625 3.145543582050436e-08
0.6454000244140625 1.4835654026749506e-08
0.6464000244140625 4.7399968098697325e-09
0.6474000244140625 1.0447743114797939e-07
0.6484000244140625 1.0225139650543724e-08
0.6494000244140625 2.362335706015036e-08
0.6504000244140625 6.141063517262069e-08
0.6514000244140625 1.0190816621680198e-07
0.6524000244140625 9.999999939225291e-11
0.6534000244140625 7.338205740540597e-08
0.6544000244140625 1.1362906697047018e-07
0.6554000244140625 5.525901426217672e-08
0.6564000244140625 7.675689362625823e-08
0.6574000244140625 9.999999939225291e-11
0.6584000244140625 9.999999939225291e-11
0.6594000244140625 2.61151996407231e-07
0.6604000244140625 8.942893484409353e-08
0.6614000244140625 3.8471398863630196e-08
0.6624000244140625 5.228511968565404e-08
0.6634000244140625 1.6069471712398808e-07
0.6644000244140625 7.80910192776929e-08
0.6654000244140625 5.8212397053836186e-08
0.6664000244140625 1.4256824063825966e-07
0.6674000244140625 6.226659701624726e-08
0.6684000244140625 6.953902089120352e-08
0.6694000244140625 1.0795022828524736e-07
0.6704000244140625 5.00093338888045e-08
0.6714000244140625 6.852956817423224e-08
0.6724000244140625 1.8827250035731896e-07
0.6734000244140625 3.9025032894102195e-08
0.6744000244140625 1.7111659907402082e-07
0.6754000244140625 1.3228266384797868e-07
0.6764000244140626 5.9572074606606407e-08
0.6774000244140626 6.826988015203502e-08
0.6784000244140626 1.3919313495295662e-07
0.6794000244140626 8.799032037802116e-08
0.6804000244140626 1.3671836348964443e-07
0.6814000244140626 1.8810850062500607e-07
0.6824000244140624 1.1699233628685116e-07
0.6834000244140624 1.8981846930425187e-07
0.6844000244140624 1.8433186025568204e-07
0.6854000244140624 1.8422456110241586e-07
0.6864000244140624 6.903046667024644e-08
0.6874000244140624 3.414914317545481e-07
0.6884000244140625 2.310789359890227e-07
0.6894000244140625 1.5734524099938102e-07
0.6904000244140625 3.181958648686608e-07
0.6914000244140625 2.805166392742346e-07
0.6924000244140625 2.445969315771161e-07
0.6934000244140625 4.511482075031381e-07
0.6944000244140625 6.331995731064429e-07
0.6954000244140625 3.9828214236573933e-07
0.6964000244140625 8.494738237156222e-07
0.6974000244140625 9.691433660918846e-07
0.6984000244140625 1.091870678161892e-06
0.6994000244140625 1.2378439957198375e-06
0.7004000244140625 1.533324975753203e-06
0.7014000244140625 1.8117782989672074e-06
0.7024000244140625 2.5785179847540956e-06
0.7034000244140625 2.55978472220401e-06
0.7044000244140625 2.920532715506852e-06
0.7054000244140625 3.95322732705002e-06
0.7064000244140625 4.6836184143709645e-06
0.7074000244140625 6.57521925556163e-06
0.7084000244140625 8.266648704496522e-06
0.7094000244140625 9.695274832968911e-06
0.7104000244140625 1.0487010003998875e-05
0.7114000244140625 9.734883011939625e-06
0.7124000244140625 8.02027682463328e-06
0.7134000244140625 6.626961403526366e-06
0.7144000244140625 4.645762674044818e-06
0.7154000244140625 4.156037660626074e-06
0.7164000244140625 3.474735325047125e-06
0.7174000244140625 3.1535783394550283e-06
0.7184000244140625 3.0114676337689163e-06
0.7194000244140625 2.86962070579951e-06
0.7204000244140625 2.722714950020115e-06
0.7214000244140625 2.6834036301200587e-06
0.7224000244140625 2.079838353286808e-06
0.7234000244140625 1.536030031275004e-06
0.7244000244140625 1.6697559719129153e-06
0.7254000244140625 1.3231963384896517e-06
0.7264000244140625 9.76837836788036e-07
0.7274000244140625 9.792618220672011e-07
0.7284000244140625 9.766590422562634e-07
0.7294000244140625 3.6885546554306834e-07
0.7304000244140625 7.223792878600459e-07
0.7314000244140625 5.879371262077863e-07
0.7324000244140625 8.331286032140876e-07
0.7334000244140625 6.332756674964912e-07
0.7344000244140625 6.61891208437737e-07
0.7354000244140625 6.955651285049196e-07
0.7364000244140625 7.75753469497431e-07
0.7374000244140625 5.733186541571437e-07
0.7384000244140625 1.0731444490374998e-06
0.7394000244140625 1.2371814712726821e-06
0.7404000244140625 1.4951926520249495e-06
0.7414000244140625 1.5252606923847147e-06
0.7424000244140625 1.4610993093810975e-06
0.7434000244140625 1.8888499956422797e-06
0.7444000244140625 1.0955867765005677e-06
0.7454000244140625 6.68211693361324e-07
0.7464000244140625 1.302501879951734e-07
0.7474000244140625 2.740762071577289e-07
0.7484000244140625 1.4833542758552198e-07
0.7494000244140625 2.421437056909781e-07
0.7504000244140625 2.0261785908045245e-07
0.7514000244140625 8.088146760935425e-08
0.7524000244140625 2.357119084687535e-07
0.7534000244140625 1.2580436981934894e-07
0.7544000244140625 1.8215652289654826e-07
0.7554000244140625 5.462194106560977e-07
0.7564000244140625 5.715144349475546e-07
0.7574000244140625 3.9237144240663236e-07
0.7584000244140625 2.8829350526393685e-07
0.7594000244140625 4.802723954829465e-07
0.7604000244140625 4.7460273132552777e-07
0.7614000244140625 4.870665604054617e-07
0.7624000244140625 1.8778069786525481e-07
0.7634000244140625 9.070233863894828e-07
0.7644000244140625 7.277413412036065e-07
0.7654000244140625 3.398204265862385e-07
0.7664000244140625 2.0570700037284932e-07
0.7674000244140625 3.2844495459964185e-07
0.7684000244140625 2.2023053169265931e-07
0.7694000244140625 3.372576577209685e-07
0.7704000244140625 1.7578486560587692e-07
0.7714000244140625 2.0202955965942238e-07
0.7724000244140625 1.8332406496549916e-08
0.7734000244140625 2.1630672446981692e-07
0.7744000244140625 1.9928897088424454e-07
0.7754000244140625 4.750465025911884e-07
0.7764000244140625 1.7267000121871473e-07
0.7774000244140625 2.6631436750967907e-07
0.7784000244140625 1.6096892744954515e-07
0.7794000244140625 4.673736630630051e-07
0.7804000244140625 7.945110034294582e-07
0.7814000244140625 5.566244847917309e-07
0.7824000244140625 5.007196947796425e-07
0.7834000244140625 2.006286547118208e-07
0.7844000244140625 6.42859195068013e-07
0.7854000244140625 4.072959995404801e-07
0.7864000244140625 7.297451763103406e-07
0.7874000244140625 6.032555635708073e-07
0.7884000244140625 2.4285563121099567e-07
0.7894000244140625 3.056338667987527e-07
0.7904000244140625 2.9594485603171945e-07
0.7914000244140625 1.0854293648184429e-07
0.7924000244140625 1.0836146768333777e-07
0.7934000244140625 3.1131852021341423e-07
0.7944000244140625 3.6118849528736044e-07
0.7954000244140625 4.870491196810415e-07
0.7964000244140625 4.897997090550868e-07
0.7974000244140625 3.4208578009990257e-07
0.7984000244140625 7.792156490419682e-07
0.7994000244140625 3.181697388221494e-07
0.8004000244140625 1.4622878247432052e-06
0.8014000244140626 1.3805081249075293e-06
0.8024000244140626 1.1443212793899522e-06
0.8034000244140626 1.378657132521619e-06
0.8044000244140626 1.184121334670308e-06
0.8054000244140626 7.195972914487841e-07
0.8064000244140626 8.916821933783251e-07
0.8074000244140624 1.2766895394290225e-06
0.8084000244140624 1.289966811987669e-06
0.8094000244140624 1.04108134624373e-06
0.8104000244140624 9.373512653788032e-07
0.8114000244140624 1.1367588761753013e-06
0.8124000244140624 1.4292696574716114e-06
0.8134000244140625 1.535219853251147e-06
0.8144000244140625 1.4824806620579122e-06
0.8154000244140625 1.1883216401620785e-06
0.8164000244140625 1.0307403107457016e-06
0.8174000244140625 1.0287639801386974e-06
0.8184000244140625 1.0575863430633555e-06
0.8194000244140625 1.2482924333472606e-06
0.8204000244140625 5.984391232521822e-07
0.8214000244140625 5.096707333973336e-07
0.8224000244140625 9.076724086527232e-07
0.8234000244140625 9.608730572589987e-07
0.8244000244140625 1.133166254957853e-06
0.8254000244140625 6.667385036018874e-07
0.8264000244140625 8.196151586316082e-07
0.8274000244140625 7.107962518003333e-07
0.8284000244140625 1.019451537045722e-06
0.8294000244140625 1.1244460055234398e-06
0.8304000244140625 7.092464586655476e-07
0.8314000244140625 1.3199364346355795e-06
0.8324000244140625 1.0152660784457007e-06
0.8334000244140625 4.343647522870995e-07
0.8344000244140625 9.411845166076957e-07
0.8354000244140625 1.0522987923762583e-06
0.8364000244140625 6.229171042073778e-07
0.8374000244140625 1.0377523631049776e-06
0.8384000244140625 1.0371099359355406e-06
0.8394000244140625 4.665160974900967e-07
0.8404000244140625 3.2569328157596503e-07
0.8414000244140625 2.202062818595194e-07
0.8424000244140625 7.300815475478452e-07
0.8434000244140625 1.1700730756879592e-06
0.8444000244140625 4.5908729599321866e-07
0.8454000244140625 4.81207113805992e-07
0.8464000244140625 4.138420731374023e-07
0.8474000244140625 5.404116054336247e-07
0.8484000244140625 6.964283372724965e-07
0.8494000244140625 5.566675838679399e-07
0.8504000244140625 5.987532806676552e-07
0.8514000244140625 5.989814433415605e-07
0.8524000244140625 8.491485806136258e-07
0.8534000244140625 8.177131728083613e-07
0.8544000244140625 6.453408860091794e-07
0.8554000244140625 7.901921937432945e-07
0.8564000244140625 8.443235522368119e-07
0.8574000244140625 6.006265240396473e-07
0.8584000244140625 8.20575016201708e-07
0.8594000244140625 4.90118325426132e-07
0.8604000244140625 6.670599506504418e-07
0.8614000244140625 6.554661296351269e-07
0.8624000244140625 3.279150692381896e-07
0.8634000244140625 7.351394414605632e-07
0.8644000244140625 1.0653446738987902e-06
0.8654000244140625 6.957771612281643e-07
0.8664000244140625 7.076604186069019e-07
0.8674000244140625 8.4881766847787e-07
0.8684000244140625 7.864875858820007e-07
0.8694000244140625 9.249298573782732e-07
0.8704000244140625 7.85466691364429e-07
0.8714000244140625 8.954535365056638e-07
0.8724000244140625 9.071324211097885e-07
0.8734000244140625 9.980387762061287e-07
0.8744000244140625 9.38509800169958e-07
0.8754000244140625 9.249166552780762e-07
0.8764000244140625 1.1331326618548223e-06
0.8774000244140625 1.0655599210576944e-06
0.8784000244140625 1.023984738618488e-06
0.8794000244140625 1.2474278992424918e-06
0.8804000244140625 9.338965413237435e-07
0.8814000244140625 9.256379546035009e-07
0.8824000244140625 1.042645086637312e-06
0.8834000244140625 1.2140461358688998e-06
0.8844000244140625 1.1931026189067372e-06
0.8854000244140625 9.141262177993701e-07
0.8864000244140625 9.303585239658848e-07
0.8874000244140625 1.0005765953193898e-06
0.8884000244140625 1.016273169555945e-06
0.8894000244140625 1.1120235073360073e-06
0.8904000244140625 1.1322484296001914e-06
0.8914000244140625 9.74292642657332e-07
0.8924000244140625 1.2173149789390312e-06
0.8934000244140625 9.773322053256977e-07
0.8944000244140625 1.334662493020634e-06
0.8954000244140625 9.937797294279344e-07
0.8964000244140625 1.2548293033839216e-06
0.8974000244140625 1.4852813231606429e-06
0.8984000244140625 1.4236345326412297e-06
0.8994000244140625 1.162180975738945e-06
0.9004000244140625 1.2885979467300765e-06
0.9014000244140625 1.3441346104754133e-06
0.9024000244140625 1.4761380905557977e-06
0.9034000244140625 1.3322891866083195e-06
0.9044000244140625 8.264721470702543e-07
0.9054000244140625 1.2492974657715558e-06
0.9064000244140625 1.0475459279692437e-06
0.9074000244140625 1.0511140397360858e-06
0.9084000244140625 1.2416478246726745e-06
0.9094000244140625 1.4296541820159565e-06
0.9104000244140625 1.5376541121151347e-06
0.9114000244140625 1.2222542076179873e-06
0.9124000244140625 1.2193375351645834e-06
0.9134000244140625 1.4192957620912184e-06
0.9144000244140625 1.3214459492498403e-06
0.9154000244140625 1.0729820137295724e-06
0.9164000244140625 1.0788827342958197e-06
0.9174000244140625 6.963449959028477e-07
0.9184000244140625 7.007251028764716e-07
0.9194000244140625 8.218806391605374e-07
0.9204000244140625 6.08526290447291e-07
0.9214000244140625 4.373489951192181e-07
0.9224000244140625 6.344769482854356e-07
0.9234000244140625 6.582875507803627e-07
0.9244000244140625 6.359666940699414e-07
0.9254000244140625 6.214408687228173e-07
0.9264000244140626 7.015087558091969e-07
0.9274000244140626 6.173590714017069e-07
0.9284000244140626 6.054373451453186e-07
0.9294000244140626 1.0501416028190854e-06
0.9304000244140626 1.1721316743987127e-06
0.9314000244140626 1.440728711243395e-06
0.9324000244140624 1.5836661681881333e-06
0.9334000244140624 1.530811587629933e-06
0.9344000244140624 1.5724439177708999e-06
0.9354000244140624 1.5107365206437892e-06
0.9364000244140624 1.1225118282678828e-06
0.9374000244140624 9.421957067899831e-07
0.9384000244140625 8.319840375605282e-07
0.9394000244140625 8.244954057247383e-07
0.9404000244140625 6.084528000049364e-07
0.9414000244140625 3.090385418563715e-07
0.9424000244140625 1.8331334573855815e-07
0.9434000244140625 2.1108049744947235e-07
0.9444000244140625 3.7397666551787027e-07
0.9454000244140625 4.2478582205234803e-07
0.9464000244140625 2.1465893087826308e-07
0.9474000244140625 4.5923047122666764e-07
0.9484000244140625 3.881117874342239e-07
0.9494000244140625 2.245894791694902e-07
0.9504000244140625 5.942884735035387e-07
0.9514000244140625 5.815306640901094e-07
0.9524000244140625 4.376006868635509e-07
0.9534000244140625 4.2244260106726297e-07
0.9544000244140625 5.873907416944121e-07
0.9554000244140625 7.006073997762912e-07
0.9564000244140625 7.205602609252202e-07
0.9574000244140625 7.426713662804583e-07
0.9584000244140625 6.726842215329879e-07
0.9594000244140625 6.39990903219415e-07
0.9604000244140625 5.591238900012935e-07
0.9614000244140625 7.042692767250309e-07
0.9624000244140625 5.184027778186067e-07
0.9634000244140625 4.876432813815036e-07
0.9644000244140625 5.60399788877996e-07
0.9654000244140625 5.492516446210855e-07
0.9664000244140625 4.469329036149663e-07
0.9674000244140625 5.287627833527184e-07
0.9684000244140625 4.3816271403122216e-07
0.9694000244140625 3.268238171170993e-07
0.9704000244140625 4.1206698780758063e-07
0.9714000244140625 1.776688854733277e-07
0.9724000244140625 7.174404302071656e-07
0.9734000244140625 3.6824579047822644e-07
0.9744000244140625 4.750149387811218e-07
0.9754000244140625 5.373231808188254e-07
0.9764000244140625 6.500843110105426e-07
0.9774000244140625 6.574135770749396e-07
0.9784000244140625 6.664676993700174e-07
0.9794000244140625 5.930942874127432e-07
0.9804000244140625 5.706728798303482e-07
0.9814000244140625 1.0227936804946595e-06
0.9824000244140625 8.283763149669232e-07
0.9834000244140625 8.944267142353115e-07
0.9844000244140625 8.604530770543401e-07
0.9854000244140625 1.0641440644943247e-06
0.9864000244140625 1.1833805010858818e-06
0.9874000244140625 1.0312214001013143e-06
0.9884000244140625 1.2951012841551812e-06
0.9894000244140625 1.1790435993980514e-06
0.9904000244140625 1.2418727854333674e-06
0.9914000244140625 1.1890394557550073e-06
0.9924000244140625 1.485062812349671e-06
0.9934000244140625 1.2293159202879901e-06
0.9944000244140625 1.2934301286116827e-06
0.9954000244140625 9.830425313591631e-07
0.9964000244140625 1.166313697160725e-06
0.9974000244140625 1.2957953883895324e-06
0.9984000244140625 6.717417169803106e-07
0.9994000244140625 9.944510004258698e-07
1.0004000244140625 1.0416701902024284e-06
1.0014000244140624 1.723133749086022e-06
1.0024000244140625 3.6726264321866136e-06
1.0034000244140624 1.3036966939653875e-06
1.0044000244140625 3.0597299337387086e-06
1.0054000244140624 2.1947219499640626e-06
1.0064000244140625 1.8827662980166102e-06
1.0074000244140624 2.7081793329368038e-06
1.0084000244140625 1.3379853718179883e-06
1.0094000244140624 4.588553420035168e-06
1.0104000244140625 4.2163963856485984e-06
1.0114000244140624 1.7909036735848834e-06
1.0124000244140625 2.8449126208821934e-06
1.0134000244140624 9.773835551829535e-07
1.0144000244140625 8.461953446155708e-07
1.0154000244140624 1.0890956225691658e-06
1.0164000244140625 2.247609585636449e-06
1.0174000244140624 2.651017324145262e-06
1.0184000244140625 2.271934994242386e-06
1.0194000244140624 2.557438899882432e-07
1.0204000244140625 2.20132498795896e-06
1.0214000244140624 3.072344067428882e-06
1.0224000244140625 4.648338169014703e-06
1.0234000244140624 7.285686728586427e-07
1.0244000244140625 2.8073946305084974e-06
1.0254000244140624 1.794420022633858e-06
1.0264000244140625 4.961161660806587e-07
1.0274000244140624 1.9988869799399587e-06
1.0284000244140625 5.394753141215366e-07
1.0294000244140624 2.470668017243345e-06
1.0304000244140625 1.8045955463700617e-06
1.0314000244140624 1.0332150069262506e-06
1.0324000244140625 2.2841195553950182e-06
1.0334000244140624 1.1672490506686729e-06
1.0344000244140625 1.2317699724384568e-06
1.0354000244140624 2.5449207169003784e-06
1.0364000244140625 3.770747304467174e-06
1.0374000244140624 1.8412405658333834e-06
1.0384000244140625 1.2429077363170414e-06
1.0394000244140624 1.717797053159368e-06
1.0404000244140625 9.999999939225291e-11
1.0414000244140624 5.736332289719334e-06
1.0424000244140625 2.8507730651957293e-06
1.0434000244140624 2.966497365074853e-06
1.0444000244140625 2.196525572291108e-06
1.0454000244140624 1.1964503398983103e-06
1.0464000244140625 2.0690519886557015e-06
1.0474000244140624 1.5494660571372756e-06
1.0484000244140625 2.6341508297870558e-06
1.0494000244140624 5.144777666525139e-07
1.0504000244140625 1.6125470089415708e-06
1.0514000244140624 4.053274363589783e-06
1.0524000244140626 4.8391800593350355e-08
1.0534000244140624 4.267064893307785e-06
1.0544000244140626 3.057442324158425e-06
1.0554000244140624 9.999999939225291e-11
1.0564000244140626 2.424152393105672e-06
1.0574000244140624 5.765326878718705e-07
1.0584000244140626 7.850132142757833e-07
1.0594000244140624 2.209819319481573e-06
1.0604000244140626 1.0378534265213328e-06
1.0614000244140624 1.0693387058206364e-07
1.0624000244140626 1.8961836853007932e-06
1.0634000244140625 1.3258417163530823e-06
1.0644000244140626 3.458543602998058e-06
1.0654000244140625 1.1084079543325723e-06
1.0664000244140626 1.837390664150007e-06
1.0674000244140625 9.999999939225291e-11
1.0684000244140626 2.3745270637428224e-06
1.0694000244140625 1.1955929801121812e-06
1.0704000244140626 9.999999939225291e-11
1.0714000244140625 2.8975633904337884e-06
1.0724000244140626 9.999999939225291e-11
1.0734000244140625 1.2533962372381543e-06
1.0744000244140626 3.7471526593435555e-06
1.0754000244140625 3.22999942000024e-06
1.0764000244140626 6.962726035641964e-07
1.0774000244140625 2.75320567501088e-06
1.0784000244140626 2.268287023120171e-06
1.0794000244140625 2.6468579502155383e-06
1.0804000244140626 2.2251929813628856e-06
1.0814000244140625 7.098318019416183e-07
1.0824000244140626 2.3595537641085683e-06
1.0834000244140625 1.4134126780973587e-07
1.0844000244140626 7.37611126521524e-07
1.0854000244140625 2.3179158597486093e-06
1.0864000244140626 1.4041907073873241e-06
1.0874000244140625 3.0991049910274643e-06
1.0884000244140626 1.8060882575809956e-06
1.0894000244140625 1.0248966861770015e-06
1.0904000244140626 7.324347131731912e-07
1.0914000244140625 1.2253656165928106e-06
1.0924000244140626 2.1451530240786573e-06
1.0934000244140625 8.173912014057077e-07
1.0944000244140626 4.636876784462155e-07
1.0954000244140625 2.2274890701131274e-06
1.0964000244140626 1.34556303914124e-06
1.0974000244140625 8.287046512123198e-07
1.0984000244140626 1.7883274510192374e-06
1.0994000244140625 8.049620077521524e-07
1.1004000244140626 1.2792372493889794e-06
1.1014000244140625 9.57684652955019e-07
1.1024000244140626 9.999999939225291e-11
1.1034000244140625 1.8100480371874284e-06
1.1044000244140626 3.786130104721508e-07
1.1054000244140625 4.377852067894612e-06
1.1064000244140626 5.104110163678399e-07
1.1074000244140625 1.115081516521362e-06
1.1084000244140626 2.487299589611543e-07
1.1094000244140625 4.978218055118333e-07
1.1104000244140626 5.916772473331851e-07
1.1114000244140625 2.1031526557635514e-06
1.1124000244140626 1.3709149546533202e-06
1.1134000244140625 4.1118361913265267e-07
1.1144000244140626 2.463225052148725e-06
1.1154000244140625 1.9531819850460155e-06
1.1164000244140626 9.999999939225291e-11
1.1174000244140625 7.285606693052671e-07
1.1184000244140626 7.980814370966982e-07
1.1194000244140625 4.2360810524163144e-06
1.1204000244140624 1.968212692264141e-07
1.1214000244140625 6.683590106337788e-07
1.1224000244140624 2.842627800418995e-06
1.1234000244140625 6.659823530578517e-08
1.1244000244140624 2.669947304336044e-06
1.1254000244140625 8.003131707064643e-07
1.1264000244140624 2.0941826611912498e-06
1.1274000244140625 8.571923239664159e-07
1.1284000244140624 1.175438965571966e-06
1.1294000244140625 2.425722050247714e-06
1.1304000244140624 2.289016944511483e-06
1.1314000244140625 9.999999939225291e-11
1.1324000244140624 1.518405673171704e-06
1.1334000244140625 2.6198208797723055e-06
1.1344000244140624 2.356227399760158e-06
1.1354000244140625 8.914476442326939e-07
1.1364000244140624 2.523370300574849e-06
1.1374000244140625 9.999999939225291e-11
1.1384000244140624 1.3372808886439693e-06
1.1394000244140625 1.3830609384246628e-06
1.1404000244140624 1.9478536463187387e-06
1.1414000244140625 2.484452401289398e-07
1.1424000244140624 9.050891188847981e-07
1.1434000244140625 9.999999939225291e-11
1.1444000244140624 2.9095470381435005e-06
1.1454000244140625 2.7405073342379184e-06
1.1464000244140624 9.999999939225291e-11
1.1474000244140625 2.185357431396066e-06
1.1484000244140624 1.6560629686749686e-06
1.1494000244140625 2.0416872525075292e-07
1.1504000244140624 1.7031029710778967e-06
1.1514000244140625 5.377449485610697e-07
1.1524000244140624 8.449130810313694e-07
1.1534000244140625 9.999999939225291e-11
1.1544000244140624 8.769306387949409e-07
1.1554000244140625 9.999999939225291e-11
1.1564000244140624 1.9841319684813876e-06
1.1574000244140625 3.471886736594598e-07
1.1584000244140624 1.3875817239750177e-06
1.1594000244140625 4.7190599651673417e-07
1.1604000244140624 2.8425063110996503e-07
1.1614000244140625 4.641950067174605e-07
1.1624000244140624 1.0437183273589075e-06
1.1634000244140625 9.887998627770383e-07
1.1644000244140624 1.9226603497439024e-08
1.1654000244140625 1.5428319359974315e-06
1.1664000244140624 1.3190186871003818e-06
1.1674000244140625 3.114035353064537e-06
1.1684000244140624 6.544513664330509e-08
1.1694000244140625 1.3311501728215567e-06
1.1704000244140624 3.232145293926199e-06
1.1714000244140625 2.5883224563649776e-07
1.1724000244140624 4.905045325849974e-07
1.1734000244140625 3.598216620351498e-06
1.1744000244140624 2.242589310954557e-06
1.1754000244140625 2.1769850476024053e-06
1.1764000244140624 3.3145896062099682e-06
1.1774000244140626 2.213939345286538e-06
1.1784000244140624 3.297749882295401e-07
1.1794000244140626 1.1772148813064358e-06
1.1804000244140624 1.3224330514767976e-06
1.1814000244140626 7.079876566488489e-09
1.1824000244140624 2.3740726414089864e-07
1.1834000244140626 1.9427653266272195e-06
1.1844000244140624 1.5742984976174767e-06
1.1854000244140626 6.527203610554959e-07
1.1864000244140624 3.719882612737517e-06
1.1874000244140626 3.9347332929059085e-07
1.1884000244140625 2.2306216703515957e-06
1.1894000244140626 7.865902443882078e-07
1.1904000244140625 2.032808318945811e-06
1.1914000244140626 1.0205428380268463e-06
1.1924000244140625 1.8906979918635139e-06
1.1934000244140626 3.487416634998889e-07
1.1944000244140625 8.843074404770352e-07
1.1954000244140626 2.0256985105030857e-06
1.1964000244140625 1.8918736749344115e-07
1.1974000244140626 6.94888992658349e-07
1.1984000244140625 1.290434350570043e-06
1.1994000244140626 2.785818020735557e-06
1.2004000244140625 3.14854463541181e-07
1.2014000244140626 1.2907520249427763e-06
1.2024000244140625 1.0975755234425105e-06
1.2034000244140626 5.490088976027133e-07
1.2044000244140625 7.798865987940217e-07
1.2054000244140626 2.513254003133625e-06
1.2064000244140625 2.02240936535721e-06
1.2074000244140626 1.4220003598778654e-06
1.2084000244140625 1.0305246393915724e-06
1.2094000244140626 2.231400940218009e-06
1.2104000244140625 5.146215869178405e-07
1.2114000244140626 1.8874713081344178e-06
1.2124000244140625 4.529862147932088e-07
1.2134000244140626 2.1363906368302802e-06
1.2144000244140625 2.3234737186979733e-07
1.2154000244140626 9.999999939225291e-11
1.2164000244140625 9.999999939225291e-11
1.2174000244140626 9.183543537686726e-07
1.2184000244140625 1.961961449220932e-06
1.2194000244140626 8.413429966343718e-08
1.2204000244140625 5.689983818720397e-07
1.2214000244140626 9.2151004304597e-07
1.2224000244140625 1.0065227589202882e-06
1.2234000244140626 8.820594639965169e-07
1.2244000244140625 1.1004325009592955e-06
1.2254000244140626 5.218948630384782e-07
1.2264000244140625 1.5997616477155438e-06
1.2274000244140626 8.454906856059096e-07
1.2284000244140625 2.219667318665112e-06
1.2294000244140626 9.999999939225291e-11
1.2304000244140625 9.999999939225291e-11
1.2314000244140626 1.3170860256650484e-06
1.2324000244140625 8.071946595992567e-07
1.2334000244140626 1.3936650015367035e-07
1.2344000244140625 2.8568266083439655e-07
1.2354000244140626 9.999999939225291e-11
1.2364000244140625 1.216988530359231e-06
1.2374000244140626 2.6322769311567147e-06
1.2384000244140625 9.999999939225291e-11
1.2394000244140626 8.275563481892809e-09
1.2404000244140625 1.0520926247536976e-07
1.2414000244140626 1.4255340014527698e-06
1.2424000244140625 2.055763373694693e-06
1.2434000244140626 1.4402287049482727e-07
1.2444000244140625 1.2330525445462351e-06
1.2454000244140624 1.427259713079702e-06
1.2464000244140625 9.999999939225291e-11
1.2474000244140624 1.004633183280627e-06
1.2484000244140625 1.1499530420048624e-07
1.2494000244140624 4.933530188052279e-07
1.2504000244140625 2.5483266991196034e-06
1.2514000244140624 2.878096347558312e-06
1.2524000244140625 1.6279677462686473e-06
1.2534000244140624 2.9647052916340993e-07
1.2544000244140625 1.2986487463913696e-06
1.2554000244140624 5.08375009401855e-07
1.2564000244140625 1.2909733265775715e-06
1.2574000244140624 9.999999939225291e-11
1.2584000244140625 8.982647799597269e-07
1.2594000244140624 1.6802519989026857e-06
1.2604000244140625 9.581259992537856e-07
1.2614000244140624 2.0844937049938984e-06
1.2624000244140625 4.131121905211662e-07
1.2634000244140624 2.6826909743249416e-06
1.2644000244140625 2.4898799892980605e-06
1.2654000244140624 4.260878968616785e-07
1.2664000244140625 1.8727506782549121e-06
1.2674000244140624 9.999999939225291e-11
1.2684000244140625 5.018674786091046e-07
1.2694000244140624 1.8473457115645667e-06
1.2704000244140625 1.3601036769136006e-07
1.2714000244140624 1.3044643077719797e-07
1.2724000244140625 9.999999939225291e-11
1.2734000244140624 1.7214569474048127e-06
1.2744000244140625 3.9498459308321775e-07
1.2754000244140624 1.3776255946140737e-06
1.2764000244140625 4.178583131834538e-07
1.2774000244140624 8.770712372285771e-07
1.2784000244140625 1.5361609594529332e-06
1.2794000244140624 1.1780540080508218e-06
1.2804000244140625 5.071285738456055e-07
1.2814000244140624 2.9067453093981995e-06
1.2824000244140625 9.999999939225291e-11
1.2834000244140624 1.7613765737412023e-06
1.2844000244140625 2.8059049509465695e-06
1.2854000244140624 7.956059993752263e-07
1.2864000244140625 3.476303337338985e-07
1.2874000244140624 8.849096869993172e-07
1.2884000244140625 2.70180501199017e-06
1.2894000244140624 6.516897944190229e-07
1.2904000244140625 2.5162543655217934e-06
1.2914000244140624 1.7038025786556924e-06
1.2924000244140625 1.052319418753574e-06
1.2934000244140624 1.3439280104776686e-07
1.2944000244140625 2.061804358769829e-06
1.2954000244140624 2.1178017727052635e-07
1.2964000244140625 1.416821963831083e-06
1.2974000244140624 1.6225035051320446e-06
1.2984000244140625 8.745163790457866e-07
1.2994000244140624 1.1690396732847811e-06
1.3004000244140625 5.796568594214809e-07
1.3014000244140624 2.2159754007589074e-06
1.3024000244140626 1.9917774140291538e-06
1.3034000244140624 1.0640963443808715e-06
1.3044000244140626 9.958368752638335e-07
1.3054000244140624 1.5901686613991236e-06
1.3064000244140626 2.3137166472716095e-06
1.3074000244140624 6.311924793293382e-07
1.3084000244140626 2.263339871812301e-06
1.3094000244140624 1.2482484453357756e-06
1.3104000244140626 7.635724951378838e-07
1.3114000244140624 9.999999939225291e-11
1.3124000244140626 6.271533197299561e-07
1.3134000244140625 1.2805496415010018e-06
1.3144000244140626 3.062271760197651e-07
1.3154000244140625 1.4206092911687543e-06
1.3164000244140626 5.344990923313494e-07
1.3174000244140625 2.275196020491421e-06
1.3184000244140626 1.768814011787375e-06
1.3194000244140625 2.2065013010497126e-07
1.3204000244140626 1.0580886926388663e-06
1.3214000244140625 4.271539796185664e-07
1.3224000244140626 1.353052657930102e-06
1.3234000244140625 9.892228202564485e-07
1.3244000244140626 9.34154323732154e-08
1.3254000244140625 3.4975398873389923e-09
1.3264000244140626 4.1709133657974465e-08
1.3274000244140625 5.988943640241237e-07
1.3284000244140626 4.673246692140272e-08
1.3294000244140625 2.2377606364898382e-06
1.3304000244140626 1.6440167140293246e-06
1.3314000244140625 1.8506229968995313e-06
1.3324000244140626 1.2872019915940077e-06
1.3334000244140625 1.045165660847521e-06
1.3344000244140626 5.470072547305212e-07
1.3354000244140625 1.902575068749949e-08
1.3364000244140626 1.9276715465821324e-06
1.3374000244140625 1.6894221334950999e-06
1.3384000244140626 5.62202010261359e-07
1.3394000244140625 2.4925283044770668e-06
1.3404000244140626 1.4110573940406823e-07
1.3414000244140625 4.220868504489772e-07
1.3424000244140626 6.914680462196306e-07
1.3434000244140625 6.764661130128265e-07
1.3444000244140626 1.6006450554299315e-06
1.3454000244140625 9.104516451656035e-07
1.3464000244140626 1.1750362898244049e-06
1.3474000244140625 2.305812668055296e-06
1.3484000244140626 3.146171996680399e-06
1.3494000244140625 2.001248089982255e-06
1.3504000244140626 1.6123032643614956e-06
1.3514000244140625 1.1457506331868928e-06
1.3524000244140626 3.7412900756687386e-07
1.3534000244140625 3.2692920164360356e-06
1.3544000244140626 9.999999939225291e-11
1.3554000244140625 2.7882526531660305e-06
1.3564000244140626 6.682277489744593e-07
1.3574000244140625 1.3351539140179133e-06
1.3584000244140626 1.7820396654618285e-06
1.3594000244140625 1.9790943285139898e-06
1.3604000244140626 5.086317605673685e-07
1.3614000244140625 1.7530998835961023e-06
1.3624000244140626 4.364195629023015e-06
1.3634000244140625 1.1176505176990759e-06
1.3644000244140626 2.545034318851928e-06
1.3654000244140625 6.638429753251056e-07
1.3664000244140626 3.2000395973833902e-06
1.3674000244140625 4.594227357301861e-06
1.3684000244140626 9.806840231855556e-07
1.3694000244140625 1.3216735957636652e-06
1.3704000244140624 1.1288001163241763e-06
1.3714000244140625 2.7368382628386218e-06
1.3724000244140624 1.1321401082871793e-06
1.3734000244140625 5.60538338807722e-06
1.3744000244140624 2.0893564942525698e-06
1.3754000244140625 3.681111047626473e-06
1.3764000244140624 2.150845512005617e-06
1.3774000244140625 2.4785108932216343e-06
1.3784000244140624 3.743144964876895e-06
1.3794000244140625 6.714095528762936e-07
1.3804000244140624 3.6203279159963132e-06
1.3814000244140625 7.705440118795555e-07
1.3824000244140624 4.340740366994093e-06
1.3834000244140625 1.6175786246700833e-06
1.3844000244140624 5.088483673413672e-07
1.3854000244140625 1.1565186287043616e-06
1.3864000244140624 2.1318893993527156e-06
1.3874000244140625 5.11196170312663e-06
1.3884000244140624 2.551468981740375e-06
1.3894000244140625 1.6167535553298271e-06
1.3904000244140624 3.82434343919158e-06
1.3914000244140625 2.6090530445799233e-06
1.3924000244140624 3.0532456922453355e-07
1.3934000244140625 2.9084606406589346e-06
1.3944000244140624 9.130622345043804e-07
1.3954000244140625 4.7444106894545255e-06
1.3964000244140624 2.7141880127601324e-06
1.3974000244140625 3.426564314092199e-06
1.3984000244140624 1.3474903823595952e-06
1.3994000244140625 2.037418365690158e-06
1.4004000244140624 1.136693327123221e-06
1.4014000244140625 1.4792048265614235e-06
1.4024000244140624 1.1865820124512538e-06
1.4034000244140625 3.5008174018003046e-06
1.4044000244140624 2.7818453478782127e-06
1.4054000244140625 2.4765951578350117e-06
1.4064000244140624 1.317087808274664e-06
1.4074000244140625 1.7201510005785773e-06
1.4084000244140624 1.245529686760468e-06
1.4094000244140625 8.712809880980407e-09
1.4104000244140624 2.7495817630551756e-06
1.4114000244140625 1.3179386924585166e-06
1.4124000244140624 2.226282667834312e-06
1.4134000244140625 7.900989388757533e-07
1.4144000244140624 2.9083153640385718e-06
1.4154000244140625 1.1109528350061738e-06
1.4164000244140624 9.759359670358235e-07
1.4174000244140625 1.2843054840535237e-06
1.4184000244140624 1.5812770046371346e-06
1.4194000244140625 1.6128364707886552e-06
1.4204000244140624 1.1750862851004722e-06
1.4214000244140625 1.9752111499353e-06
1.4224000244140624 2.679110669608538e-06
1.4234000244140625 3.1055993167683483e-06
1.4244000244140624 5.285346506826253e-07
1.4254000244140625 4.527364217210561e-06
1.4264000244140624 1.6185979957790883e-06
1.4274000244140626 2.839125712246944e-06
1.4284000244140624 2.3606056129210627e-06
1.4294000244140626 1.0201740527312117e-06
1.4304000244140624 2.400110000356411e-06
1.4314000244140626 2.0248959966314336e-06
1.4324000244140624 3.468241387357314e-06
1.4334000244140626 1.8540883899920146e-06
1.4344000244140624 1.9467953097773717e-06
1.4354000244140626 2.4091602339352627e-06
1.4364000244140624 1.8828626343747602e-06
1.4374000244140626 2.202244989651566e-06
1.4384000244140625 3.8462826341856275e-06
1.4394000244140626 1.9209094898542388e-06
1.4404000244140625 3.232411011898269e-06
1.4414000244140626 3.6029310528344166e-06
1.4424000244140625 2.550675281224694e-06
1.4434000244140626 6.90888458242019e-06
1.4444000244140625 6.38810801319778e-06
1.4454000244140626 6.985762932648262e-06
1.4464000244140625 4.632592705699305e-06
1.4474000244140626 5.9294702562813965e-06
1.4484000244140625 6.873330567032099e-06
1.4494000244140626 6.747091150221726e-06
1.4504000244140625 9.223246791710457e-06
1.4514000244140626 8.74298702304562e-06
1.4524000244140625 9.4517427108561e-06
1.4534000244140626 1.0791719735910494e-05
1.4544000244140625 8.439397206529974e-06
1.4554000244140626 1.2103300153588254e-05
1.4564000244140625 1.219489340049525e-05
1.4574000244140626 1.3945146929472684e-05
1.4584000244140625 1.420563009257118e-05
1.4594000244140626 1.3660960054645937e-05
1.4604000244140625 1.8776246967415015e-05
1.4614000244140626 1.880329994795223e-05
1.4624000244140625 2.009177696891129e-05
1.4634000244140626 2.3470557450006403e-05
1.4644000244140625 2.357361954636872e-05
1.4654000244140626 2.596170719092091e-05
1.4664000244140625 3.27688897959888e-05
1.4674000244140626 2.9595183053364357e-05
1.4684000244140625 3.580345073714852e-05
1.4694000244140626 3.87851793008546e-05
1.4704000244140625 3.9850295676539343e-05
1.4714000244140626 4.9902939548095064e-05
1.4724000244140625 5.383880343288183e-05
1.4734000244140626 5.824417341500521e-05
1.4744000244140625 6.449239328503608e-05
1.4754000244140626 7.304979488253593e-05
1.4764000244140625 7.838815916329623e-05
1.4774000244140626 8.94801008204619e-05
1.4784000244140625 9.677303954958915e-05
1.4794000244140626 0.00011194876705606778
1.4804000244140625 0.00012184679818650087
1.4814000244140626 0.0001327120667944352
1.4824000244140625 0.0001531445017705361
1.4834000244140626 0.00016525976670285066
1.4844000244140625 0.00018701232969760894
1.4854000244140626 0.00020826656371355056
1.4864000244140625 0.00023488420372207958
1.4874000244140626 0.0002655330983301004
1.4884000244140625 0.00029288232947389284
1.4894000244140626 0.0003365808725357056
1.4904000244140625 0.00038261733949184417
1.4914000244140626 0.0004336090510090192
1.4924000244140625 0.0004968930035829545
1.4934000244140626 0.0005630059788624445
1.4944000244140625 0.0006664342805743217
1.4954000244140624 0.0007383298377195994
1.4964000244140625 0.0008622511724630992
1.4974000244140624 0.0009995899846156437
1.4984000244140625 0.001175810272494952
1.4994000244140624 0.001355482985575994
1.5004000244140625 0.0016086997091770171
1.5014000244140624 0.00187077467640241
1.5024000244140625 0.0021804629266262057
1.5034000244140624 0.0025648733476797744
1.5044000244140625 0.0029836026827494305
1.5054000244140624 0.003541993697484334
1.5064000244140625 0.004153045614560445
1.5074000244140624 0.004912390410900116
1.5084000244140625 0.005666722158590952
1.5094000244140624 0.00662497341632843
1.5104000244140625 0.007727807760238648
1.5114000244140624 0.009223941961924234
1.5124000244140625 0.010481358766555786
1.5134000244140624 0.012476840217908222
1.5144000244140625 0.013952853282292683
1.5154000244140624 0.016742430130640668
1.5164000244140625 0.019500073194503784
1.5174000244140624 0.022614189783732096
1.5184000244140625 0.026273383299509682
1.5194000244140624 0.029518956343332924
1.5204000244140625 0.03271531979242961
1.5214000244140624 0.035894906520843504
1.5224000244140625 0.03992810328801473
1.5234000244140624 0.04412753423055013
1.5244000244140625 0.047780173619588216
1.5254000244140624 0.05494234085083008
1.5264000244140625 0.060604392687479657
1.5274000244140624 0.06791097164154053
1.5284000244140625 0.07741780122121175
1.5294000244140624 0.08737649917602539
1.5304000244140625 0.09997175852457682
1.5314000244140624 0.11341107368469239
1.5324000244140625 0.1298143990834554
1.5334000244140624 0.15055333455403647
1.5344000244140625 0.17115110397338867
1.5354000244140624 0.2032636260986328
1.5364000244140625 0.23111546834309896
1.5374000244140624 0.2616295687357585
1.5384000244140625 0.31609333674112955
1.5394000244140624 0.35824464162190756
1.5404000244140625 0.4104581069946289
1.5414000244140624 0.4698632685343424
1.5424000244140625 0.5304121017456055
1.5434000244140624 0.5888683700561523
1.5444000244140625 0.6491642888387044
1.5454000244140624 0.713545405069987
1.5464000244140625 0.7539516194661458
1.5474000244140624 0.7953947957356771
1.5484000244140625 0.8320200602213542
1.5494000244140624 0.8537194061279297
1.5504000244140625 0.8709718831380208
1.5514000244140624 0.8842557779947917
1.5524000244140626 0.8945809173583984
1.5534000244140624 0.9017474873860677
1.5544000244140626 0.9052743275960285
1.5554000244140624 0.9192767079671224
1.5564000244140626 0.9130249277750652
1.5574000244140624 0.9187875620524089
1.5584000244140626 0.9093553924560547
1.5594000244140624 0.9393553670247395
1.5604000244140626 0.9277723948160808
1.5614000244140624 0.9319914754231771
1.5624000244140626 0.9431753540039063
1.5634000244140625 0.9545328013102214
1.5644000244140626 0.9298098500569661
1.5654000244140625 0.9415565745035808
1.5664000244140626 0.9413975016276042
1.5674000244140625 0.9576884206136067
1.5684000244140626 0.9444215901692707
1.5694000244140625 0.9501229349772136
1.5704000244140626 0.9496019999186198
1.5714000244140625 0.9544969177246094
1.5724000244140626 0.9538123830159505
1.5734000244140625 0.9351797485351563
1.5744000244140626 0.9551283518473308
1.5754000244140625 0.9752694702148438
1.5764000244140626 0.9590353647867839
1.5774000244140625 0.9580367533365886
1.5784000244140626 0.9519391123453776
1.5794000244140625 0.9464354451497395
1.5804000244140626 0.9891355133056641
1.5814000244140625 0.9529057312011718
1.5824000244140626 0.985668233235677
1.5834000244140625 0.9692649841308594
1.5844000244140626 0.9614113108317057
1.5854000244140625 0.983171615600586
1.5864000244140626 0.9684104156494141
1.5874000244140625 0.9742333984375
1.5884000244140626 0.9625082397460938
1.5894000244140625 0.9680585225423176
1.5904000244140626 0.9730654907226562
1.5914000244140625 0.9736971028645833
1.5924000244140626 0.9646128590901693
1.5934000244140625 0.9722458648681641
1.5944000244140626 0.9596133677164714
1.5954000244140625 0.9657052103678386
1.5964000244140626 0.9617944590250651
1.5974000244140625 0.9656175486246745
1.5984000244140626 0.9551863606770833
1.5994000244140625 0.9617344919840495
1.6004000244140626 0.9586705271402995
1.6014000244140625 0.9640104675292969
1.6024000244140626 0.961885274251302
1.6034000244140625 0.9554207611083985
1.6044000244140626 0.9595268249511719
1.6054000244140625 0.9654578399658204
1.6064000244140626 0.9477168782552083
1.6074000244140625 0.9467627207438152
1.6084000244140626 0.9595651753743489
1.6094000244140625 0.9614635213216145
1.6104000244140626 0.9500382741292317
1.6114000244140625 0.9531158955891926
1.6124000244140626 0.9470902760823567
1.6134000244140625 0.941443354288737
1.6144000244140626 0.9389879099527996
1.6154000244140625 0.9625284830729167
1.6164000244140626 0.9369715627034505
1.6174000244140625 0.9564754486083984
1.6184000244140626 0.9333046976725261
1.6194000244140625 0.9423674011230468
1.6204000244140624 0.9508324432373046
1.6214000244140625 0.9453311665852864
1.6224000244140624 0.9430020904541015
1.6234000244140625 0.9533485158284505
1.6244000244140624 0.9496635437011719
1.6254000244140625 0.9309541575113933
1.6264000244140624 0.9773935953776042
1.6274000244140625 0.9455872853597005
1.6284000244140624 0.9555134836832683
1.6294000244140625 0.9546321614583333
1.6304000244140624 0.957022221883138
1.6314000244140625 0.9567378743489583
1.6324000244140624 0.9664126332600911
1.6334000244140625 0.9652894083658855
1.6344000244140624 0.9512015787760417
1.6354000244140625 0.9759613037109375
1.6364000244140624 0.9745172882080078
1.6374000244140625 0.9571629842122396
1.6384000244140624 0.9652820841471355
1.6394000244140625 0.974442418416341
1.6404000244140624 0.9714634450276692
1.6414000244140625 0.9710649108886719
1.6424000244140624 0.9767974853515625
1.6434000244140625 0.9637792205810547
1.6444000244140624 0.9742052205403645
1.6454000244140625 0.9745958455403645
1.6464000244140624 0.9629103597005207
1.6474000244140625 0.9713645172119141
1.6484000244140624 0.9807597096761067
1.6494000244140625 0.9768922424316406
1.6504000244140624 0.9778270975748699
1.6514000244140625 0.989571304321289
1.6524000244140624 0.9617256418863933
1.6534000244140625 0.9674026489257812
1.6544000244140624 0.9740033467610677
1.6554000244140625 0.9758966318766277
1.6564000244140624 0.9695412190755208
1.6574000244140625 0.9790228271484375
1.6584000244140624 0.957172571818034
1.6594000244140625 0.9768546549479167
1.6604000244140624 0.9753697713216145
1.6614000244140625 0.9627613576253254
1.6624000244140624 0.968514912923177
1.6634000244140625 0.9613325754801433
1.6644000244140624 0.9701328277587891
1.6654000244140625 0.9586251576741536
1.6664000244140624 0.9627234141031902
1.6674000244140625 0.9697375996907551
1.6684000244140624 0.9632208251953125
1.6694000244140625 0.9594289906819661
1.6704000244140624 0.9627745564778646
1.6714000244140625 0.9622737630208333
1.6724000244140624 0.9563838958740234
1.6734000244140625 0.971187006632487
1.6744000244140624 0.9668463389078776
1.6754000244140625 0.9667135365804036
1.6764000244140624 0.9771056874593098
1.6774000244140626 0.9527817026774089
1.6784000244140624 0.9705034891764324
1.6794000244140626 0.9760414632161458
1.6804000244140624 0.9772093709309896
1.6814000244140626 0.9618244934082031
1.6824000244140624 0.9670618438720703
1.6834000244140626 0.990877431233724
1.6844000244140624 0.9759862009684245
1.6854000244140626 0.9785667419433594
1.6864000244140624 0.9660662333170573
1.6874000244140626 0.9817220560709636
1.6884000244140625 0.9784147644042969
1.6894000244140626 0.967740707397461
1.6904000244140625 0.9591466776529949
1.6914000244140626 0.9766780090332031
1.6924000244140625 0.9752465565999349
1.6934000244140626 0.9695726776123047
1.6944000244140625 0.9532231903076172
1.6954000244140626 0.9836995188395182
1.6964000244140625 0.9574959818522136
1.6974000244140626 0.9571862284342448
1.6984000244140625 0.9587616729736328
1.6994000244140626 0.9366919962565105
1.7004000244140625 0.9350710805257161
1.7014000244140626 0.9279842376708984
1.7024000244140625 0.9063523101806641
1.7034000244140626 0.8918829600016277
1.7044000244140625 0.8704767354329427
1.7054000244140626 0.8494461059570313
1.7064000244140625 0.8164725240071614
1.7074000244140626 0.7883702087402343
1.7084000244140625 0.7421389516194661
1.7094000244140626 0.6914378865559896
1.7104000244140625 0.6470769500732422
1.7114000244140626 0.5995563761393229
1.7124000244140625 0.5325534057617187
1.7134000244140626 0.5172936884562174
1.7144000244140625 0.4494845962524414
1.7154000244140626 0.4030377960205078
1.7164000244140625 0.3588409932454427
1.7174000244140626 0.3163243293762207
1.7184000244140625 0.27576213200887045
1.7194000244140626 0.24951233545939128
1.7204000244140625 0.22056563059488934
1.7214000244140626 0.19481269836425782
1.7224000244140625 0.17061736424763996
1.7234000244140626 0.15198239644368491
1.7244000244140625 0.13427763303120932
1.7254000244140626 0.11600170135498047
1.7264000244140625 0.10802090326944987
1.7274000244140626 0.09608415921529134
1.7284000244140625 0.08691460291544596
1.7294000244140626 0.07772590478261311
1.7304000244140625 0.07277392387390137
1.7314000244140626 0.0645292870203654
1.7324000244140625 0.05800251960754395
1.7334000244140626 0.050844949086507156
1.7344000244140625 0.04345544338226318
1.7354000244140626 0.03713849703470866
1.7364000244140625 0.03196241696675619
1.7374000244140626 0.02646648645401001
1.7384000244140625 0.023732759952545167
1.7394000244140626 0.019996869961420697
1.7404000244140625 0.017527679602305096
1.7414000244140626 0.014711362918217976
1.7424000244140625 0.012809423605600993
1.7434000244140626 0.01098259647687276
1.7444000244140625 0.009217291076978048
1.7454000244140624 0.008112847208976745
1.7464000244140625 0.00718884805838267
1.7474000244140624 0.006361881693204245
1.7484000244140625 0.005472783247629801
1.7494000244140624 0.004794586598873139
1.7504000244140625 0.004171160658200582
1.7514000244140624 0.0037015826503435773
1.7524000244140625 0.0032595513264338178
1.7534000244140624 0.0028639445702234906
1.7544000244140625 0.002612978716691335
1.7554000244140624 0.0022526069978872935
1.7564000244140625 0.002008133331934611
1.7574000244140624 0.001845591018597285
1.7584000244140625 0.001648091971874237
1.7594000244140624 0.0014875157177448273
1.7604000244140625 0.0013082473476727806
1.7614000244140624 0.0011977436393499374
1.7624000244140625 0.0010722876836856206
1.7634000244140624 0.0009603165835142135
1.7644000244140625 0.000871586799621582
1.7654000244140624 0.0008097409705320994
1.7664000244140625 0.0007410688946644466
1.7674000244140624 0.0006710438927014669
1.7684000244140625 0.000613700399796168
1.7694000244140624 0.0005630862961212794
1.7704000244140625 0.0005056946352124214
1.7714000244140624 0.00046912480145692824
1.7724000244140625 0.00044040919591983163
1.7734000244140624 0.00039770913620789847
1.7744000244140625 0.0003760056321819624
1.7754000244140624 0.0003263394037882487
1.7764000244140625 0.00031827629233400026
1.7774000244140624 0.0002816232666373253
1.7784000244140625 0.00026685650149981183
1.7794000244140624 0.00025095006451010706
1.7804000244140625 0.00022735336795449258
1.7814000244140624 0.00021831506863236426
1.7824000244140625 0.00019635116681456565
1.7834000244140624 0.00018221693113446236
1.7844000244140625 0.000168210764726003
1.7854000244140624 0.00015632049801448983
1.7864000244140625 0.0001520999303708474
1.7874000244140624 0.00013513570030530294
1.7884000244140625 0.0001261861032495896
1.7894000244140624 0.00011633266694843769
1.7904000244140625 0.00011260716555019221
1.7914000244140624 9.942120251556238e-05
1.7924000244140625 9.822964978714785e-05
1.7934000244140624 9.32320828239123e-05
1.7944000244140625 8.257371373474598e-05
1.7954000244140624 7.60358137389024e-05
1.7964000244140625 7.453935376058022e-05
1.7974000244140624 7.022413425147533e-05
1.7984000244140625 6.534188985824586e-05
1.7994000244140624 5.967367440462113e-05
1.8004000244140625 5.803811053435008e-05
1.8014000244140624 5.732974658409755e-05
1.8024000244140626 5.0309306631485626e-05
1.8034000244140624 4.290110586831967e-05
1.8044000244140626 4.844488731275002e-05
1.8054000244140624 4.25644366381069e-05
1.8064000244140626 3.367552999407053e-05
1.8074000244140624 4.262490818897883e-05
1.8084000244140626 4.354595206677914e-05
1.8094000244140624 3.407441390057405e-05
1.8104000244140626 3.3728076765934626e-05
1.8114000244140624 3.262040282910069e-05
1.8124000244140626 3.248422717054685e-05
1.8134000244140625 2.8270172576109567e-05
1.8144000244140626 2.766829294462999e-05
1.8154000244140625 3.0681196755419174e-05
1.8164000244140626 2.225781286445757e-05
1.8174000244140625 3.1295339576900003e-05
1.8184000244140626 2.4461046947787206e-05
1.8194000244140625 1.8877306720241903e-05
1.8204000244140626 2.0606902738412223e-05
1.8214000244140625 2.6277133729308842e-05
1.8224000244140626 1.7213139993449053e-05
1.8234000244140625 2.1717623652269444e-05
1.8244000244140626 2.4224643129855395e-05
1.8254000244140625 1.7668296738217275e-05
1.8264000244140626 1.5145552267010015e-05
1.8274000244140625 1.7906246551622947e-05
1.8284000244140626 2.2314476470152534e-05
1.8294000244140625 1.721165298173825e-05
1.8304000244140626 1.061564350190262e-05
1.8314000244140625 1.947488325337569e-05
1.8324000244140626 2.482737026487788e-05
1.8334000244140625 1.6329649758214754e-05
1.8344000244140626 7.396433017371843e-06
1.8354000244140625 2.120331977494061e-05
1.8364000244140626 1.4492466968173783e-05
1.8374000244140625 1.2815077013025682e-05
1.8384000244140626 2.215214966175457e-05
1.8394000244140625 1.734336372464895e-05
1.8404000244140626 1.8941493084033328e-05
1.8414000244140625 1.1025007503728072e-05
1.8424000244140626 2.482077960545818e-05
1.8434000244140625 1.2910687558663387e-05
1.8444000244140626 1.40685533794264e-05
1.8454000244140625 2.430927318831285e-05
1.8464000244140626 4.054311236056189e-06
1.8474000244140625 1.725836346546809e-05
1.8484000244140626 1.683671958744526e-05
1.8494000244140625 1.2547393174221118e-05
1.8504000244140626 8.60911173125108e-06
1.8514000244140625 1.0937815726113815e-05
1.8524000244140626 1.7377790063619612e-05
1.8534000244140625 1.186887714235733e-05
1.8544000244140626 5.076512956039281e-06
1.8554000244140625 1.0573346420036007e-05
1.8564000244140626 1.6130650183185936e-05
1.8574000244140625 1.2873559802149733e-05
1.8584000244140626 6.086711655370891e-06
1.8594000244140625 1.9476456800475716e-05
1.8604000244140626 1.588228973560035e-05
1.8614000244140625 8.85745340686602e-06
1.8624000244140626 1.5478299853081506e-05
1.8634000244140625 1.3538636655236285e-05
1.8644000244140626 9.794752695597709e-06
1.8654000244140625 8.409498744489005e-06
1.8664000244140626 1.7565508217861253e-05
1.8674000244140625 1.459333657597502e-05
1.8684000244140626 8.866996504366398e-06
1.8694000244140625 1.7505019592742125e-05
1.8704000244140624 1.3127173491132755e-05
1.8714000244140625 1.1469739256426692e-05
1.8724000244140624 1.5804919724663097e-05
1.8734000244140625 7.921567715432806e-06
1.8744000244140624 1.2885665443415445e-05
1.8754000244140625 1.7371249462788304e-05
1.8764000244140624 1.2228349999835092e-05
1.8774000244140625 1.5874309853340188e-05
1.8784000244140624 1.6447763579587143e-05
1.8794000244140625 6.2545048422180114e-06
1.8804000244140624 1.1660843156278134e-05
1.8814000244140625 9.454407457572719e-06
1.8824000244140624 4.668735540083919e-06
1.8834000244140625 1.0065006363572475e-05
1.8844000244140624 1.0417272957662743e-05
1.8854000244140625 3.3332949385300736e-06
1.8864000244140624 7.268050258414741e-06
1.8874000244140625 1.1005870571049552e-05
1.8884000244140624 3.188415794284083e-06
1.8894000244140625 6.595036538783461e-06
1.8904000244140624 1.4374541351571679e-05
1.8914000244140625 1.0881372145377099e-05
1.8924000244140624 2.9569505905365407e-06
1.8934000244140625 7.90183379043204e-06
1.8944000244140624 1.3829232193529606e-05
1.8954000244140625 1.3420984420614939e-05
1.8964000244140624 1.1752936989068986e-05
1.8974000244140625 2.242418068891065e-07
1.8984000244140624 5.436469024668137e-06
1.8994000244140625 1.6800693313901622e-05
1.9004000244140624 9.492466924712062e-06
1.9014000244140625 1.0291579140660662e-05
1.9024000244140624 4.567023424897343e-06
1.9034000244140625 1.009979653948297e-05
1.9044000244140624 9.542722254991531e-06
1.9054000244140625 1.074277349592497e-05
1.9064000244140624 1.3852803967893123e-05
1.9074000244140625 7.1728834491787315e-06
1.9084000244140624 1.2523260860083002e-05
1.9094000244140625 4.533397829315315e-06
1.9104000244140624 2.453317036040422e-07
1.9114000244140625 2.6518499944359063e-05
1.9124000244140624 1.6514470526581467e-06
1.9134000244140625 7.228113390738144e-06
1.9144000244140624 7.513551657514958e-06
1.9154000244140625 1.4936379933108885e-05
1.9164000244140624 3.974779896550966e-06
1.9174000244140625 1.2165097092899184e-05
1.9184000244140624 9.296268302326401e-06
1.9194000244140625 8.636302042808926e-06
1.9204000244140624 9.541522595100104e-06
1.9214000244140625 8.313697544508613e-06
1.9224000244140624 1.1514988727867603e-05
1.9234000244140625 9.775118281443913e-06
1.9244000244140624 6.421908522800853e-06
1.9254000244140625 5.338253783217321e-06
1.9264000244140624 3.174625642484349e-07
1.9274000244140626 2.7866117495930115e-06
1.9284000244140624 9.011072649676896e-06
1.9294000244140626 1.4838813216933032e-06
1.9304000244140624 1.028015937966605e-05
1.9314000244140626 5.917381456178224e-06
1.9324000244140624 4.8026192814365484e-06
1.9334000244140626 8.828370228002314e-06
1.9344000244140624 2.579082657018598e-06
1.9354000244140626 9.290612263915439e-06
1.9364000244140624 3.902443568222225e-06
1.9374000244140626 1.899925913774562e-06
1.9384000244140625 6.641242847157021e-06
1.9394000244140626 9.999999939225291e-11
1.9404000244140625 7.221775362014071e-06
1.9414000244140626 1.328643993474543e-05
1.9424000244140625 2.0786648817624115e-07
1.9434000244140626 1.3817239569598646e-06
1.9444000244140625 9.711278835311532e-06
1.9454000244140626 6.3590440549887716e-06
1.9464000244140625 2.9376010058701495e-06
1.9474000244140626 6.785149647233387e-06
1.9484000244140625 5.3327283819459835e-06
1.9494000244140626 2.7319987418383816e-06
1.9504000244140625 4.809910276029801e-06
1.9514000244140626 1.0259367215136687e-05
1.9524000244140625 1.9514837374797388e-06
1.9534000244140626 9.187586256302893e-06
1.9544000244140625 5.147701594978571e-06
1.9554000244140626 4.809029822124463e-07
1.9564000244140625 1.226397561064611e-05
1.9574000244140626 3.834740491583943e-06
1.9584000244140625 8.529334116917179e-08
1.9594000244140626 4.3418401226288e-06
1.9604000244140625 6.534082349389791e-06
1.9614000244140626 9.999999939225291e-11
1.9624000244140625 9.225100317659477e-06
1.9634000244140626 6.297050082745651e-06
1.9644000244140625 9.999999939225291e-11
1.9654000244140626 1.264949697337888e-06
1.9664000244140625 9.999999939225291e-11
1.9674000244140626 9.391316852997989e-06
1.9684000244140625 4.5357564956679163e-07
1.9694000244140626 1.055615721270442e-05
1.9704000244140625 9.999999939225291e-11
1.9714000244140626 1.7782353485623995e-05
1.9724000244140625 1.1842224921565503e-05
1.9734000244140626 9.999999939225291e-11
1.9744000244140625 6.298436778173766e-07
1.9754000244140626 8.777472922775568e-07
1.9764000244140625 4.842056232871409e-06
1.9774000244140626 1.5284440402562422e-05
1.9784000244140625 8.739295687216024e-06
1.9794000244140626 7.56462871019418e-06
1.9804000244140625 3.496470608649697e-06
1.9814000244140626 2.620083549912759e-07
1.9824000244140625 5.650884083528614e-06
1.9834000244140626 1.6219840418744505e-06
1.9844000244140625 9.999999939225291e-11
1.9854000244140626 8.097872826814031e-06
1.9864000244140625 7.1193015901371836e-06
1.9874000244140626 9.999999939225291e-11
1.9884000244140625 9.352559476004294e-06
1.9894000244140626 1.2010708645296593e-05
1.9904000244140625 1.2022336789717276e-05
1.9914000244140626 9.999999939225291e-11
1.9924000244140625 1.1218692525289954e-05
1.9934000244140626 9.999999939225291e-11
1.9944000244140625 8.145526129131516e-06
1.9954000244140624 5.759742501444028e-06
1.9964000244140625 8.135458881231017e-07
1.9974000244140624 5.451806510234173e-06
1.9984000244140625 9.701978027199706e-06
1.9994000244140624 3.1148742804247103e-06
2.0004000244140623 6.816366803832352e-06
2.0014000244140626 2.527561334015142e-06
2.0024000244140625 4.821612286226203e-06
2.0034000244140624 8.70683453589057e-06
2.0044000244140623 7.715313501345614e-06
2.0054000244140626 3.9555974069305224e-06
2.0064000244140625 7.862212563244005e-06
2.0074000244140624 1.2746400122220319e-05
2.0084000244140623 9.999999939225291e-11
2.0094000244140626 2.98220135543185e-06
2.0104000244140625 2.783500434209903e-06
2.0114000244140624 9.469483435774843e-06
2.0124000244140623 8.748533043897074e-07
2.0134000244140626 3.040789897920486e-06
2.0144000244140625 9.999999939225291e-11
2.0154000244140624 8.02278188833346e-06
2.0164000244140623 9.28362012660185e-06
2.0174000244140626 2.886006996402439e-06
2.0184000244140625 3.47398576534097e-06
2.0194000244140624 1.6894957028738368e-06
2.0204000244140623 9.999999939225291e-11
2.0214000244140626 7.3263573816687945e-06
2.0224000244140625 8.03439625694106e-06
2.0234000244140624 2.0417513924749406e-06
2.0244000244140623 6.777871167287231e-06
2.0254000244140626 1.0599519203727444e-05
2.0264000244140625 6.07646332125474e-08
2.0274000244140624 1.0036296793005662e-05
2.0284000244140623 1.5308864531107246e-05
2.0294000244140626 4.280023198687625e-06
2.0304000244140625 1.4411415322683752e-05
2.0314000244140624 3.245289414432288e-06
2.0324000244140623 5.1149773450257875e-06
2.0334000244140626 9.999999939225291e-11
2.0344000244140625 5.424318539250332e-06
2.0354000244140624 1.003763967772168e-06
2.0364000244140623 9.999999939225291e-11
2.0374000244140626 1.4234359642687858e-06
2.0384000244140625 1.0188128993225594e-05
2.0394000244140624 5.391796507054162e-06
2.0404000244140623 1.2441294578214486e-05
2.0414000244140627 1.1478990388920826e-06
2.0424000244140625 3.840292760033393e-06
2.0434000244140624 2.576605338970121e-06
2.0444000244140623 8.690133302782973e-06
2.0454000244140627 2.1000423294026404e-06
2.0464000244140625 1.2533969129435719e-05
2.0474000244140624 3.6927006631722507e-06
2.04839990234375 5.448198886976267e-06
2.04939990234375 9.048060358812412e-06
2.05039990234375 1.997816007485535e-06
2.05139990234375 2.2309484188021146e-06
2.05239990234375 6.913680505628387e-06
2.05339990234375 6.0089545634885635e-06
2.05439990234375 1.179608846238504e-05
2.05539990234375 6.661583029199392e-06
2.05639990234375 9.999999939225291e-11
2.05739990234375 8.02419720760857e-06
2.05839990234375 9.999999939225291e-11
2.05939990234375 6.606761501946797e-06
2.06039990234375 1.3876991676321874e-05
2.06139990234375 9.999999939225291e-11
2.06239990234375 4.864402872044593e-06
2.06339990234375 5.765048224069721e-06
2.06439990234375 1.7227509131541771e-06
2.06539990234375 7.313941993440191e-06
2.06639990234375 1.777534237286697e-05
2.06739990234375 4.187315314133263e-06
2.06839990234375 9.999999939225291e-11
2.06939990234375 1.4022589117909472e-05
2.07039990234375 2.070248311053883e-06
2.07139990234375 4.7607197093875915e-06
2.07239990234375 3.441388226329186e-07
2.07339990234375 1.0508889875685175e-05
2.07439990234375 9.999999939225291e-11
2.07539990234375 8.46859901988258e-06
2.07639990234375 9.999999939225291e-11
2.07739990234375 8.272790189719122e-07
2.07839990234375 9.999999939225291e-11
2.07939990234375 9.435985994059593e-06
2.08039990234375 5.6090500436045684e-06
2.08139990234375 2.9877200237630557e-06
2.08239990234375 3.4185646021681986e-06
2.08339990234375 9.999999939225291e-11
2.08439990234375 9.14594781837271e-06
2.08539990234375 3.5207632458345017e-06
2.08639990234375 1.544667330260078e-05
2.08739990234375 1.1571961753246522e-06
2.08839990234375 5.677483956484744e-06
2.08939990234375 4.4956392567237675e-06
2.09039990234375 1.5797836237840811e-06
2.09139990234375 6.089662201702595e-06
2.09239990234375 7.396513401897545e-06
2.09339990234375 2.0318583699197033e-06
2.09439990234375 9.999999939225291e-11
2.09539990234375 1.3244723862347503e-05
2.09639990234375 9.999999939225291e-11
2.09739990234375 7.144450210034847e-06
2.09839990234375 1.5277033283685645e-05
2.09939990234375 9.999999939225291e-11
2.10039990234375 2.391862915320786e-06
2.10139990234375 1.012602609989699e-05
2.10239990234375 2.0761864480671006e-07
2.10339990234375 1.6541767011707026e-05
2.10439990234375 9.236329734522524e-07
2.10539990234375 8.578129394057518e-06
2.10639990234375 9.999999939225291e-11
2.10739990234375 9.246323994981745e-06
2.10839990234375 9.999999939225291e-11
2.10939990234375 1.4575204695574938e-05
2.11039990234375 1.0223087544242541e-05
2.11139990234375 1.5530090313404798e-05
2.11239990234375 9.999999939225291e-11
2.11339990234375 9.439367177529097e-07
2.11439990234375 2.6120890397578477e-05
2.11539990234375 9.999999939225291e-11
2.11639990234375 9.999999939225291e-11
2.11739990234375 1.3988583615246832e-06
2.11839990234375 1.791979690703253e-05
2.11939990234375 9.195729896115759e-06
2.12039990234375 8.831773303796808e-09
2.12139990234375 9.999999939225291e-11
2.12239990234375 1.8648440018296242e-05
2.12339990234375 1.6503047275667387e-05
2.12439990234375 2.6701785774167304e-06
2.12539990234375 1.5594356416611296e-06
2.12639990234375 1.2309065787121654e-05
2.12739990234375 9.999999939225291e-11
2.12839990234375 1.4889876857597053e-06
2.12939990234375 5.274641735013574e-06
2.13039990234375 8.773509180173277e-06
2.13139990234375 2.1547110130389534e-05
2.13239990234375 9.999999939225291e-11
2.13339990234375 2.5486186684927263e-06
2.13439990234375 3.442023414610418e-06
2.13539990234375 3.138303543031758e-06
2.13639990234375 9.999999939225291e-11
2.13739990234375 3.234253264963627e-05
2.13839990234375 1.8933893103773397e-05
2.13939990234375 4.186909955728642e-06
2.14039990234375 1.0360957094235346e-05
2.14139990234375 2.057899643356601e-05
2.14239990234375 1.678195976031323e-05
2.14339990234375 5.646916489313961e-07
2.14439990234375 9.999999939225291e-11
2.14539990234375 2.0320836532240114e-05
2.14639990234375 1.60050333943218e-05
2.14739990234375 1.1195371043868363e-05
2.14839990234375 7.650773423920991e-07
2.14939990234375 4.595405213573637e-06
2.15039990234375 9.999999939225291e-11
2.15139990234375 4.304987048321014e-06
2.15239990234375 1.3325927429832518e-05
2.15339990234375 1.0098510732253392e-05
2.15439990234375 4.970270674675703e-05
2.15539990234375 9.999999939225291e-11
2.15639990234375 9.852800185890704e-07
2.15739990234375 1.2217748250501852e-05
2.15839990234375 6.492894365995502e-06
2.15939990234375 1.0633234633132815e-05
2.16039990234375 1.1259276613649522e-05
2.16139990234375 3.145957908395521e-06
2.16239990234375 1.87017966476688e-06
2.16339990234375 6.170780300938835e-06
2.16439990234375 3.967263037338853e-06
2.16539990234375 1.9613869953900574e-05
2.16639990234375 9.999999939225291e-11
2.16739990234375 1.5095496783033014e-05
2.16839990234375 1.781973948758638e-06
2.16939990234375 1.1206401977688074e-05
2.17039990234375 4.3112199586303747e-07
2.17139990234375 9.999999939225291e-11
2.17239990234375 2.937180704115268e-06
2.17339990234375 2.0823080170278748e-05
2.17439990234375 1.5518572952485007e-06
2.17539990234375 9.999999939225291e-11
2.17639990234375 8.831912515840182e-06
2.17739990234375 8.008053312854221e-06
2.17839990234375 9.602790290701435e-06
2.17939990234375 5.48567327955792e-06
2.18039990234375 6.813271475391384e-06
2.18139990234375 2.687098380291057e-06
2.18239990234375 9.94154019281268e-06
2.18339990234375 2.2169722554584345e-05
2.18439990234375 4.244012331279616e-06
2.18539990234375 9.999999939225291e-11
2.18639990234375 3.6024710277349216e-06
2.18739990234375 1.8640180157187086e-05
2.18839990234375 1.6526396696766216e-05
2.18939990234375 2.604729228927738e-07
2.19039990234375 3.361681941642658e-06
2.19139990234375 1.7467639891529293e-06
2.19239990234375 9.999999939225291e-11
2.19339990234375 1.4414666608596842e-05
2.19439990234375 9.196603165995873e-06
2.19539990234375 1.4806517525964107e-05
2.19639990234375 1.7002048649980377e-05
2.19739990234375 1.7235406364003818e-05
2.19839990234375 9.999999939225291e-11
2.19939990234375 2.505371346561702e-06
2.20039990234375 9.999999939225291e-11
2.20139990234375 1.603265991434455e-05
2.20239990234375 1.2578184832818807e-05
2.20339990234375 1.9402515802842876e-05
2.20439990234375 1.1548740634073814e-05
2.20539990234375 4.868801391895161e-06
2.20639990234375 9.999999939225291e-11
2.20739990234375 5.033498115759963e-06
2.20839990234375 2.0001080119982362e-05
2.20939990234375 2.0794573550422987e-05
2.21039990234375 4.0903233406552885e-07
2.21139990234375 3.531323279677423e-06
2.21239990234375 2.534999119004529e-07
2.21339990234375 9.879685142853608e-06
2.21439990234375 9.999999939225291e-11
2.21539990234375 9.999999939225291e-11
2.21639990234375 1.0843333554877432e-05
2.21739990234375 1.092836046859465e-06
2.21839990234375 2.1034109711533707e-06
2.21939990234375 3.598806564442114e-06
2.22039990234375 3.1958083466937146e-05
2.22139990234375 1.4880986224549512e-05
2.22239990234375 6.466507387559162e-06
2.22339990234375 9.999999939225291e-11
2.22439990234375 9.999999939225291e-11
2.22539990234375 6.459290122669733e-06
2.22639990234375 2.6776886855562528e-05
2.22739990234375 1.8426685899382752e-06
2.22839990234375 2.938390747756851e-06
2.22939990234375 9.999999939225291e-11
2.23039990234375 1.8318845541216433e-05
2.23139990234375 2.9198590200394393e-05
2.23239990234375 6.216373192498754e-07
2.23339990234375 9.999999939225291e-11
2.23439990234375 1.3480076449923218e-05
2.23539990234375 5.570289019184807e-06
2.23639990234375 9.999999939225291e-11
2.23739990234375 5.789579900715344e-06
2.23839990234375 3.667915395150582e-05
2.23939990234375 3.5012333343426385e-05
2.24039990234375 9.999999939225291e-11
2.24139990234375 3.351589005130033e-05
2.24239990234375 2.564811691020926e-05
2.24339990234375 1.3296129764057695e-05
2.24439990234375 9.999999939225291e-11
2.24539990234375 1.3799598673358559e-05
2.24639990234375 2.974877289185921e-05
2.24739990234375 7.080685487987163e-06
2.24839990234375 9.999999939225291e-11
2.24939990234375 1.8784631101880223e-05
2.25039990234375 1.6081476545271774e-05
2.25139990234375 7.914113094000067e-06
2.25239990234375 2.0763308275490998e-05
2.25339990234375 3.217696639088293e-05
2.25439990234375 9.999999939225291e-11
2.25539990234375 3.08523396961391e-05
2.25639990234375 4.0307378706832724e-05
2.25739990234375 3.616460132835897e-06
2.25839990234375 1.6518783714255155e-06
2.25939990234375 2.87964369636029e-05
2.26039990234375 9.999999939225291e-11
2.26139990234375 3.590868009875218e-05
2.26239990234375 8.029268899057603e-06
2.26339990234375 2.142660238289018e-05
2.26439990234375 3.512939360613624e-05
2.26539990234375 2.862446630994479e-05
2.26639990234375 1.0933893460836803e-05
2.26739990234375 5.26222004504362e-06
2.26839990234375 4.929929661254088e-05
2.26939990234375 9.999999939225291e-11
2.27039990234375 1.574277353938669e-05
2.27139990234375 1.2096827558707446e-05
2.27239990234375 7.459797294965634e-06
2.27339990234375 3.1752942595630886e-05
2.27439990234375 4.036826546727212e-06
2.27539990234375 2.7380659783145704e-06
2.27639990234375 3.7573115744938456e-05
2.27739990234375 4.344298581903179e-05
2.27839990234375 1.0681632168901463e-05
2.27939990234375 5.628967832054243e-06
2.28039990234375 2.6197109449033936e-05
2.28139990234375 1.5774688799865545e-05
2.28239990234375 2.499595982445868e-06
2.28339990234375 4.988054473263522e-06
2.28439990234375 9.999999939225291e-11
2.28539990234375 2.269372013919598e-06
2.28639990234375 2.9929464020709654e-06
2.28739990234375 4.583663461842728e-06
2.28839990234375 2.2624493768071594e-06
2.28939990234375 1.0994369896325888e-06
2.29039990234375 9.605491844316325e-06
2.29139990234375 1.8715330321962636e-05
2.29239990234375 5.156365708292773e-06
2.29339990234375 1.0318410150903882e-06
2.29439990234375 9.999999939225291e-11
2.29539990234375 1.5591119881719352e-05
2.29639990234375 2.8834149702028357e-06
2.29739990234375 5.896030343137681e-06
2.29839990234375 7.469908741768449e-06
2.29939990234375 1.3724137291622658e-05
2.30039990234375 5.982581545443585e-06
2.30139990234375 1.1244991328567267e-05
2.30239990234375 1.3723430456593632e-05
2.30339990234375 4.038155699769656e-06
2.30439990234375 2.0009856025845117e-06
2.30539990234375 1.0494716331965747e-06
2.30639990234375 4.448237168969508e-06
2.30739990234375 8.565425329531232e-06
2.30839990234375 1.3058393184716504e-05
2.30939990234375 8.267460308234813e-07
2.31039990234375 1.4892119991903502e-05
2.31139990234375 1.030362773841868e-05
2.31239990234375 5.963366866478618e-06
2.31339990234375 9.999999939225291e-11
2.31439990234375 2.7010945147291447e-06
2.31539990234375 1.4816983214889962e-05
2.31639990234375 8.437565411441028e-06
2.31739990234375 6.520070213203629e-06
2.31839990234375 9.999999939225291e-11
2.31939990234375 1.0280614563574392e-05
2.32039990234375 1.4050079820056756e-05
2.32139990234375 9.999999939225291e-11
2.32239990234375 6.140956453843197e-06
2.32339990234375 2.1513564274222572e-06
2.32439990234375 1.678738320807227e-06
2.32539990234375 5.10221531537051e-06
2.32639990234375 7.861843293589152e-06
2.32739990234375 6.368988697783943e-06
2.32839990234375 4.577333068785568e-06
2.32939990234375 7.672623420755068e-06
2.33039990234375 6.9367140531539915e-06
2.33139990234375 2.4715970694651664e-06
2.33239990234375 9.87796929973565e-07
2.33339990234375 7.92413620123019e-06
2.33439990234375 5.641934209658454e-06
2.33539990234375 1.4998263793319921e-06
2.33639990234375 2.7293890983740948e-06
2.33739990234375 9.970906345794598e-06
2.33839990234375 1.5516000178953012e-05
2.33939990234375 2.68008003331488e-06
2.34039990234375 1.0783791464443009e-05
2.34139990234375 5.062494989639769e-06
2.34239990234375 1.2593886737401288e-05
2.34339990234375 9.999999939225291e-11
2.34439990234375 8.58621080017959e-06
2.34539990234375 6.951866186379144e-06
2.34639990234375 3.3448243630118666e-06
2.34739990234375 2.735427255551315e-07
2.34839990234375 8.341326417090992e-06
2.34939990234375 1.2976691165628534e-05
2.35039990234375 8.468584467967352e-06
2.35139990234375 3.4649295654768745e-06
2.35239990234375 1.0455656350435067e-05
2.35339990234375 8.36151884868741e-06
2.35439990234375 1.123726872416834e-05
2.35539990234375 2.1329193839125794e-06
2.35639990234375 1.1452502124787618e-05
2.35739990234375 3.4394366082057814e-06
2.35839990234375 1.0688035981729627e-05
2.35939990234375 4.278062367169729e-06
2.36039990234375 9.15379535096387e-06
2.36139990234375 7.818663871148601e-06
2.36239990234375 1.0442302348868299e-05
2.36339990234375 1.0192071980175872e-05
2.36439990234375 7.383045352374514e-06
2.36539990234375 1.0443971259519458e-05
2.36639990234375 2.7341289482022784e-06
2.36739990234375 7.373456804392239e-06
2.36839990234375 4.4673133325960165e-06
2.36939990234375 4.554078681140439e-06
2.37039990234375 1.289951226984461e-05
2.37139990234375 4.6925871087181535e-06
2.37239990234375 1.8770386620114248e-05
2.37339990234375 9.999999939225291e-11
2.37439990234375 1.4873166801407933e-05
2.37539990234375 7.795532971310119e-06
2.37639990234375 9.866610207961795e-06
2.37739990234375 1.3696638052351773e-05
2.37839990234375 1.0696456301957369e-05
2.37939990234375 1.7992473440244795e-05
2.38039990234375 4.769792891844797e-06
2.38139990234375 1.4569683310886224e-05
2.38239990234375 8.98153982875923e-06
2.38339990234375 5.674955803745737e-06
2.38439990234375 4.4704963605794274e-06
2.38539990234375 2.526338988294204e-05
2.38639990234375 1.592433312907815e-05
2.38739990234375 9.661143373754419e-06
2.38839990234375 5.05561660924414e-06
2.38939990234375 9.999999939225291e-11
2.39039990234375 2.6066522885000625e-06
2.39139990234375 6.902463496238909e-07
2.39239990234375 1.7127003809225271e-06
2.39339990234375 6.407077074728207e-06
2.39439990234375 2.817954052662941e-06
2.39539990234375 1.8437120209758478e-05
2.39639990234375 3.3751134418835706e-07
2.39739990234375 1.9416690338402987e-05
2.39839990234375 2.0829336717724802e-05
2.39939990234375 5.745642663036084e-06
2.40039990234375 3.983636619269148e-06
2.40139990234375 2.4303954167178197e-06
2.40239990234375 9.52352808477978e-06
2.40339990234375 2.4649823317304253e-05
2.40439990234375 4.369780811733411e-06
2.40539990234375 1.4738786655167739e-05
2.40639990234375 4.778518302422559e-06
2.40739990234375 7.707960709619025e-06
2.40839990234375 1.3430971885100007e-05
2.40939990234375 1.99386035092175e-05
2.41039990234375 4.5013792111792126e-06
2.41139990234375 3.6863611118557553e-06
2.41239990234375 2.066164316299061e-05
2.41339990234375 3.820756644066965e-06
2.41439990234375 4.801356621199441e-06
2.41539990234375 5.916843862602642e-06
2.41639990234375 7.37355009161611e-06
2.41739990234375 8.794279962834514e-06
2.41839990234375 1.4451641861038904e-05
2.41939990234375 2.1473444454992808e-05
2.42039990234375 9.847577506055434e-06
2.42139990234375 1.0342475773844247e-05
2.42239990234375 2.851513912786411e-07
2.42339990234375 8.444850197217116e-06
2.42439990234375 1.765051313365499e-05
2.42539990234375 3.878612381716569e-06
2.42639990234375 7.643801897453765e-06
2.42739990234375 1.942955985820542e-05
2.42839990234375 1.559097358646492e-05
2.42939990234375 2.3715562808016936e-05
2.43039990234375 1.4504690965016683e-05
2.43139990234375 5.6882019407566984e-06
2.43239990234375 3.210322620968024e-05
2.43339990234375 9.999999939225291e-11
2.43439990234375 6.353478602250106e-06
2.43539990234375 1.6034729778766632e-05
2.43639990234375 2.1825420359770455e-05
2.43739990234375 3.2086537100628476e-06
2.43839990234375 6.890324448602195e-06
2.43939990234375 3.196589959164461e-05
2.44039990234375 1.8406349660885132e-05
2.44139990234375 1.5128126406477687e-05
2.44239990234375 7.808733641517425e-06
2.44339990234375 3.3855149619436514e-06
2.44439990234375 1.8519819326077897e-05
2.44539990234375 2.134288001495103e-05
2.44639990234375 4.5081087928829546e-06
2.44739990234375 2.710616992165645e-05
2.44839990234375 3.572813312833508e-05
2.44939990234375 9.165099627705213e-06
2.45039990234375 1.4097192281496973e-05
2.45139990234375 2.2198579972609878e-05
2.45239990234375 2.9759397727691093e-06
2.45339990234375 1.1637056932893111e-07
2.45439990234375 2.2797963271538413e-05
2.45539990234375 4.2619240315010147e-05
2.45639990234375 1.9930883815201618e-05
2.45739990234375 9.964923335295712e-06
2.45839990234375 2.6856860301146902e-05
2.45939990234375 8.033999571731934e-06
2.46039990234375 9.999999939225291e-11
2.46139990234375 5.628186743198426e-06
2.46239990234375 2.695216991317769e-05
2.46339990234375 2.104326034896076e-05
2.46439990234375 1.3549091139187414e-05
2.46539990234375 2.450217337658008e-05
2.46639990234375 3.653967597832283e-05
2.46739990234375 9.999999939225291e-11
2.46839990234375 9.240453810332264e-06
2.46939990234375 1.6163702821359038e-05
2.47039990234375 1.6324169700965284e-05
2.47139990234375 1.1386463457154033e-05
2.47239990234375 4.058870103484935e-07
2.47339990234375 2.808285023396214e-05
2.47439990234375 1.7054279252152563e-06
2.47539990234375 1.5072564710862935e-05
2.47639990234375 5.749231941433545e-06
2.47739990234375 1.1929613727031569e-06
2.47839990234375 3.167456636826197e-05
2.47939990234375 2.3190616236886303e-06
2.48039990234375 3.268192599837979e-05
2.48139990234375 9.999999939225291e-11
2.48239990234375 6.666758136259313e-06
2.48339990234375 9.999999939225291e-11
2.48439990234375 3.3151092551027736e-05
2.48539990234375 9.999999939225291e-11
2.48639990234375 1.009200990411685e-06
2.48739990234375 3.805089315089087e-05
2.48839990234375 9.925862696388658e-06
2.48939990234375 2.6556086532207125e-05
2.49039990234375 9.999999939225291e-11
2.49139990234375 4.850814895083507e-05
2.49239990234375 9.999999939225291e-11
2.49339990234375 5.114719892033529e-06
2.49439990234375 3.176384372636676e-05
2.49539990234375 1.951920333995716e-06
2.49639990234375 2.821742008867053e-05
2.49739990234375 5.60517457754095e-06
2.49839990234375 2.0990020129829644e-05
2.49939990234375 7.007852157888313e-06
2.50039990234375 3.593778315310677e-05
2.50139990234375 9.999999939225291e-11
2.50239990234375 9.999999939225291e-11
2.50339990234375 3.4565750199059644e-05
2.50439990234375 3.41598930147787e-05
2.50539990234375 9.999999939225291e-11
2.50639990234375 6.756562584390243e-05
2.50739990234375 2.03438464035699e-06
2.50839990234375 9.999999939225291e-11
2.50939990234375 4.4170267259081205e-05
2.51039990234375 2.1099836216054157e-05
2.51139990234375 2.1013704439004264e-05
2.51239990234375 3.967106574638279e-06
2.51339990234375 4.291425303866466e-05
2.51439990234375 7.905063606911492e-06
2.51539990234375 1.6357340461630916e-05
2.51639990234375 9.999999939225291e-11
2.51739990234375 5.514493211595806e-06
2.51839990234375 9.999999939225291e-11
2.51939990234375 9.999999939225291e-11
2.52039990234375 9.999999939225291e-11
2.52139990234375 4.705279832197817e-06
2.52239990234375 3.960244939662516e-05
2.52339990234375 9.92499365601122e-06
2.52439990234375 2.75020809638112e-06
2.52539990234375 9.914633274445233e-06
2.52639990234375 7.0994217067473405e-06
2.52739990234375 9.999999939225291e-11
2.52839990234375 3.4168137547870475e-05
2.52939990234375 6.490887996430198e-05
2.53039990234375 4.606752345959346e-05
2.53139990234375 7.378836317608754e-05
2.53239990234375 3.006421724153737e-05
2.53339990234375 0.00011522263288497925
2.53439990234375 5.284881296878059e-05
2.53539990234375 3.2923570057998096e-05
2.53639990234375 5.152294257034858e-05
2.53739990234375 2.2009750012985663e-05
2.53839990234375 2.8170098045897284e-05
2.53939990234375 2.61949141659971e-05
2.54039990234375 3.021025321989631e-05
2.54139990234375 9.999999939225291e-11
2.54239990234375 9.999999939225291e-11
2.54339990234375 3.271969694954654e-05
2.54439990234375 1.9992409118761622e-05
2.54539990234375 7.059426667789618e-05
2.54639990234375 1.2559959335097421e-05
2.54739990234375 6.374684317658345e-05
2.54839990234375 5.760842934250832e-05
2.54939990234375 4.963442605609696e-05
2.55039990234375 2.4906541123831025e-05
2.55139990234375 0.00010050702840089799
2.55239990234375 1.2003106719700914e-06
2.55339990234375 8.173764683306218e-05
2.55439990234375 7.310381935288508e-05
2.55539990234375 0.0001482052014519771
2.55639990234375 0.00012549260320762791
2.55739990234375 0.00013866076556344828
2.55839990234375 0.00015699863123397033
2.55939990234375 0.0001773120028277238
2.56039990234375 0.0001481866929680109
2.56139990234375 0.0001301209069788456
2.56239990234375 0.00012834593343238036
2.56339990234375 0.0002113338311513265
2.56439990234375 0.0001793697290122509
2.56539990234375 8.149048468718925e-05
2.56639990234375 6.411637722825011e-05
2.56739990234375 9.158479670683543e-05
2.56839990234375 0.00027662667756279307
2.56939990234375 0.0001001085185756286
2.57039990234375 7.55595803881685e-05
2.57139990234375 0.00025632440422972044
2.57239990234375 0.00020532643422484397
2.57339990234375 0.00013011057240267594
2.57439990234375 0.00019990643486380577
2.57539990234375 5.767486950693031e-05
2.57639990234375 0.00019729956363638242
2.57739990234375 0.00020377183333039283
2.57839990234375 0.00014498023316264152
2.57939990234375 0.00015575369819998742
2.58039990234375 0.00023537193735440572
2.58139990234375 0.00018733983548978965
2.58239990234375 8.892916298160949e-05
2.58339990234375 0.0002858269649247329
2.58439990234375 0.00012380181501309075
2.58539990234375 0.00021850703284144403
2.58639990234375 0.00011463304205487171
2.58739990234375 0.00026601133247216544
2.58839990234375 0.00027703626081347464
2.58939990234375 0.00015225072080890338
2.59039990234375 4.938639463676194e-05
2.59139990234375 0.000294556866089503
2.59239990234375 0.00014332130240897337
2.59339990234375 0.0003577331639826298
2.59439990234375 7.90882669389248e-05
2.59539990234375 0.0003459090615312258
2.59639990234375 0.00033950243766109144
2.59739990234375 0.0001197889493778348
2.59839990234375 0.0002501174745460351
2.59939990234375 0.00033237899343172705
2.60039990234375 0.0002347085376580556
