microns transmission
0.4003999938964844 9.999999939225291e-11
0.4013999938964844 9.999999939225291e-11
0.4023999938964844 7.01866956660524e-07
0.4033999938964844 1.1237963381797536e-07
0.4043999938964844 4.4031067773175893e-07
0.4053999938964844 2.3768699707401214e-07
0.4063999938964844 2.0295763025757196e-08
0.4073999938964844 9.29009884694428e-08
0.40839999389648435 5.281117710550139e-08
0.40939999389648435 7.804963423711322e-08
0.41039999389648435 4.4427020839066246e-07
0.41139999389648435 2.2074549971939916e-07
0.41239999389648435 2.752650319356083e-07
0.41339999389648435 3.5968966987098837e-08
0.41439999389648435 1.1162293690543853e-07
0.41539999389648435 2.8405960013818304e-07
0.41639999389648436 9.999999939225291e-11
0.41739999389648436 2.5985306516910593e-07
0.41839999389648436 2.4676506993337455e-07
0.41939999389648436 4.997929934210295e-08
0.42039999389648436 9.999999939225291e-11
0.42139999389648436 2.79048147907209e-07
0.42239999389648436 9.999999939225291e-11
0.42339999389648436 9.999999939225291e-11
0.42439999389648436 1.4983939558751065e-08
0.42539999389648436 8.084594845729024e-08
0.42639999389648436 1.4738288463137885e-07
0.42739999389648436 1.1771579687902544e-07
0.42839999389648437 3.751033716525853e-08
0.42939999389648437 9.999999939225291e-11
0.43039999389648437 7.815890128289502e-08
0.43139999389648437 9.999999939225291e-11
0.43239999389648437 1.5078949369732679e-07
0.43339999389648437 9.999999939225291e-11
0.43439999389648437 4.373127740109339e-07
0.43539999389648437 9.999999939225291e-11
0.4363999938964844 1.0717799982925177e-07
0.4373999938964844 9.999999939225291e-11
0.4383999938964844 1.4254909309544908e-07
0.4393999938964844 1.079736652057998e-07
0.4403999938964844 1.5341882921108645e-07
0.4413999938964844 1.3592846395719486e-07
0.4423999938964844 1.876148022953809e-07
0.4433999938964844 9.999999939225291e-11
0.4443999938964844 1.1720136510184886e-07
0.4453999938964844 1.7020826852546616e-07
0.4463999938964844 3.26954793005522e-07
0.4473999938964844 1.5729546551786673e-07
0.4483999938964844 1.227476620139593e-07
0.4493999938964844 1.2784570670258215e-08
0.4503999938964844 3.512850707920734e-07
0.4513999938964844 9.999999939225291e-11
0.4523999938964844 2.9433436793624423e-07
0.4533999938964844 1.4414872601934784e-07
0.4543999938964844 7.826999909236558e-08
0.4553999938964844 1.6927382603171282e-07
0.4563999938964844 9.999999939225291e-11
0.4573999938964844 2.6521813197177833e-07
0.4583999938964844 1.0422973026595154e-07
0.4593999938964844 8.016836919348217e-08
0.4603999938964844 5.7116570409595126e-08
0.4613999938964844 3.0943130089629754e-07
0.4623999938964844 5.5093363796980085e-08
0.4633999938964844 1.684642726710687e-07
0.4643999938964844 9.999999939225291e-11
0.4653999938964844 3.2272343257015257e-07
0.4663999938964844 1.8624552868828914e-08
0.4673999938964844 3.1981909463259704e-07
0.4683999938964844 9.999999939225291e-11
0.4693999938964844 1.205469989636517e-07
0.47039999389648435 1.2094373571081008e-07
0.47139999389648435 1.4164101154771438e-07
0.47239999389648435 1.0167017532758394e-07
0.47339999389648435 8.02282382513416e-08
0.47439999389648435 1.4679190255328933e-07
0.47539999389648435 5.772186411808396e-08
0.47639999389648435 6.058051816341485e-08
0.47739999389648435 1.1254946947462466e-07
0.47839999389648435 3.0143322874209846e-07
0.47939999389648436 2.5984752429764057e-08
0.48039999389648436 1.0056960258353343e-07
0.48139999389648436 7.979257624117035e-08
0.48239999389648436 1.823455810760303e-07
0.48339999389648436 1.0774355395130422e-07
0.48439999389648436 1.977257643866655e-07
0.48539999389648436 1.5494400066688269e-07
0.48639999389648436 1.6426543273458567e-07
0.48739999389648436 6.434443467521571e-08
0.48839999389648436 1.7756727174855769e-07
0.48939999389648436 6.89871273795717e-08
0.49039999389648437 2.4780529906583603e-08
0.49139999389648437 6.135568961932829e-08
0.49239999389648437 1.2138366739300466e-07
0.49339999389648437 1.7347290341973574e-08
0.49439999389648437 9.999999939225291e-11
0.49539999389648437 9.999999939225291e-11
0.49639999389648437 3.199093609573822e-08
0.49739999389648437 1.474149939895142e-07
0.4983999938964844 1.2782070103097472e-07
0.4993999938964844 1.3768479862304635e-07
0.5003999938964844 1.1605419634482436e-07
0.5013999938964844 2.5164343242067844e-07
0.5023999938964844 6.501147263785848e-08
0.5033999938964844 9.999999939225291e-11
0.5043999938964844 9.999999939225291e-11
0.5053999938964844 9.999999939225291e-11
0.5063999938964844 2.441618936070237e-08
0.5073999938964844 1.611043334293072e-09
0.5083999938964844 1.3234998429349312e-07
0.5093999938964844 1.230973858164693e-07
0.5103999938964844 9.999999939225291e-11
0.5113999938964844 9.999999939225291e-11
0.5124000244140625 4.3201241218445335e-08
0.5134000244140625 9.999999939225291e-11
0.5144000244140625 5.5807499036812186e-08
0.5154000244140625 9.685260081345367e-08
0.5164000244140625 4.98124722714266e-08
0.5174000244140625 1.209833426892478e-07
0.5184000244140625 2.0188171068487766e-07
0.5194000244140625 2.39927664601088e-07
0.5204000244140625 6.486944620280137e-08
0.5214000244140625 1.4000963748372896e-08
0.5224000244140625 1.1020372044553048e-07
0.5234000244140625 2.3559796318295413e-07
0.5244000244140625 1.3567463004922806e-07
0.5254000244140625 1.1152989898140694e-07
0.5264000244140625 3.221293086793272e-08
0.5274000244140625 8.072696421853228e-08
0.5284000244140625 3.2584203533284984e-07
0.5294000244140625 1.4613259503803987e-07
0.5304000244140625 2.8670243409578686e-07
0.5314000244140625 1.5511240235355218e-07
0.5324000244140625 1.16362321023189e-07
0.5334000244140625 3.8786132889138495e-08
0.5344000244140625 1.518288187677778e-07
0.5354000244140625 9.999999939225291e-11
0.5364000244140625 3.6395939533306887e-08
0.5374000244140625 8.281690497824456e-08
0.5384000244140625 2.282085003635359e-08
0.5394000244140625 2.860128976559887e-07
0.5404000244140625 9.999999939225291e-11
0.5414000244140625 1.774138369607196e-07
0.5424000244140625 4.330820069971726e-09
0.5434000244140625 1.2373535203854166e-07
0.5444000244140625 1.487929667328321e-07
0.5454000244140625 1.2336570155942658e-07
0.5464000244140625 2.2545785742048944e-09
0.5474000244140625 9.999999939225291e-11
0.5484000244140625 1.6225680231703638e-07
0.5494000244140625 9.917817538192728e-08
0.5504000244140625 1.3144472177373245e-07
0.5514000244140626 4.399620057308577e-08
0.5524000244140626 1.297864677211417e-07
0.5534000244140626 9.999999939225291e-11
0.5544000244140626 8.661932608511336e-08
0.5554000244140626 4.8409485365515554e-08
0.5564000244140626 1.5022815811486604e-07
0.5574000244140624 2.2076652385294436e-07
0.5584000244140624 6.98767242586958e-08
0.5594000244140624 1.736446362580561e-07
0.5604000244140624 2.6282010367140175e-07
0.5614000244140624 1.3320038457701837e-07
0.5624000244140624 9.999999939225291e-11
0.5634000244140625 2.2679646766240088e-07
0.5644000244140625 2.830250014085323e-07
0.5654000244140625 1.6134061600799517e-07
0.5664000244140625 5.771955213340618e-08
0.5674000244140625 7.03157278506931e-08
0.5684000244140625 4.489309877323914e-08
0.5694000244140625 3.617739891955315e-08
0.5704000244140625 2.635944413971932e-07
0.5714000244140625 9.966566517268423e-09
0.5724000244140625 9.999999939225291e-11
0.5734000244140625 4.364953454090899e-08
0.5744000244140625 9.999999939225291e-11
0.5754000244140625 9.641910256874552e-09
0.5764000244140625 9.999999939225291e-11
0.5774000244140625 6.999823600750688e-09
0.5784000244140625 1.2293996744183743e-07
0.5794000244140625 2.7657619661169975e-09
0.5804000244140625 1.2412503297494955e-07
0.5814000244140625 6.2786534194003705e-09
0.5824000244140625 1.8387239932119807e-08
0.5834000244140625 9.999999939225291e-11
0.5844000244140625 4.161726944100034e-08
0.5854000244140625 2.0270192582216852e-08
0.5864000244140625 1.509052984941898e-07
0.5874000244140625 9.999999939225291e-11
0.5884000244140625 9.999999939225291e-11
0.5894000244140625 9.999999939225291e-11
0.5904000244140625 9.999999939225291e-11
0.5914000244140625 9.999999939225291e-11
0.5924000244140625 2.2969799751138e-09
0.5934000244140625 1.1863603504025377e-07
0.5944000244140625 9.999999939225291e-11
0.5954000244140625 6.821554052294232e-08
0.5964000244140625 3.455466634605386e-08
0.5974000244140625 9.999999939225291e-11
0.5984000244140625 2.3029596881348388e-08
0.5994000244140625 9.999999939225291e-11
0.6004000244140625 1.9867866990116075e-08
0.6014000244140625 9.999999939225291e-11
0.6024000244140625 2.451061006899143e-08
0.6034000244140625 3.453323299318356e-08
0.6044000244140625 9.999999939225291e-11
0.6054000244140625 9.999999939225291e-11
0.6064000244140625 9.999999939225291e-11
0.6074000244140625 9.999999939225291e-11
0.6084000244140625 9.999999939225291e-11
0.6094000244140625 9.999999939225291e-11
0.6104000244140625 9.999999939225291e-11
0.6114000244140625 9.999999939225291e-11
0.6124000244140625 9.999999939225291e-11
0.6134000244140625 1.8374952658698856e-08
0.6144000244140625 9.999999939225291e-11
0.6154000244140625 9.999999939225291e-11
0.6164000244140625 9.999999939225291e-11
0.6174000244140625 1.7936306395682777e-08
0.6184000244140625 9.999999939225291e-11
0.6194000244140625 9.999999939225291e-11
0.6204000244140625 2.4685463104745508e-08
0.6214000244140625 9.999999939225291e-11
0.6224000244140625 9.999999939225291e-11
0.6234000244140625 9.999999939225291e-11
0.6244000244140625 9.999999939225291e-11
0.6254000244140625 9.999999939225291e-11
0.6264000244140625 9.999999939225291e-11
0.6274000244140625 9.999999939225291e-11
0.6284000244140625 9.999999939225291e-11
0.6294000244140625 9.999999939225291e-11
0.6304000244140625 9.999999939225291e-11
0.6314000244140625 9.999999939225291e-11
0.6324000244140625 3.8752152301905576e-10
0.6334000244140625 9.999999939225291e-11
0.6344000244140625 9.999999939225291e-11
0.6354000244140625 9.999999939225291e-11
0.6364000244140625 9.999999939225291e-11
0.6374000244140625 9.999999939225291e-11
0.6384000244140625 9.999999939225291e-11
0.6394000244140625 9.999999939225291e-11
0.6404000244140625 9.999999939225291e-11
0.6414000244140625 1.930879746462703e-09
0.6424000244140625 9.999999939225291e-11
0.6434000244140625 1.0399033521698205e-08
0.6444000244140625 9.999999939225291e-11
0.6454000244140625 9.999999939225291e-11
0.6464000244140625 5.18134654588683e-09
0.6474000244140625 9.999999939225291e-11
0.6484000244140625 9.999999939225291e-11
0.6494000244140625 9.999999939225291e-11
0.6504000244140625 9.999999939225291e-11
0.6514000244140625 9.999999939225291e-11
0.6524000244140625 9.999999939225291e-11
0.6534000244140625 3.292065107037464e-08
0.6544000244140625 9.999999939225291e-11
0.6554000244140625 2.7930188881697403e-08
0.6564000244140625 9.999999939225291e-11
0.6574000244140625 9.999999939225291e-11
0.6584000244140625 9.999999939225291e-11
0.6594000244140625 5.6417105156469913e-08
0.6604000244140625 4.607633435386542e-08
0.6614000244140625 6.447270490816948e-08
0.6624000244140625 4.695657935371855e-08
0.6634000244140625 9.999999939225291e-11
0.6644000244140625 9.999999939225291e-11
0.6654000244140625 4.675036577713361e-08
0.6664000244140625 9.999999939225291e-11
0.6674000244140625 9.999999939225291e-11
0.6684000244140625 9.999999939225291e-11
0.6694000244140625 4.5936178946585456e-08
0.6704000244140625 9.999999939225291e-11
0.6714000244140625 5.173950012130982e-09
0.6724000244140625 1.472468657818619e-08
0.6734000244140625 3.2237661897009196e-08
0.6744000244140625 1.7343403415637226e-08
0.6754000244140625 6.796426603135804e-08
0.6764000244140626 9.999999939225291e-11
0.6774000244140626 9.999999939225291e-11
0.6784000244140626 9.999999939225291e-11
0.6794000244140626 2.0962973292052803e-08
0.6804000244140626 9.999999939225291e-11
0.6814000244140626 9.999999939225291e-11
0.6824000244140624 2.1933370385103977e-08
0.6834000244140624 4.195756516741274e-08
0.6844000244140624 1.0502694029431344e-07
0.6854000244140624 5.9015602141461916e-08
0.6864000244140624 2.642476409834652e-08
0.6874000244140624 6.48520357948712e-08
0.6884000244140625 3.0549026795630613e-08
0.6894000244140625 6.170180080644627e-08
0.6904000244140625 1.6771933587733655e-07
0.6914000244140625 8.258769662224571e-09
0.6924000244140625 9.999999939225291e-11
0.6934000244140625 1.0062787962006326e-07
0.6944000244140625 2.2655652780182816e-07
0.6954000244140625 1.6029760215493147e-09
0.6964000244140625 1.0137555702449674e-07
0.6974000244140625 1.3120970023076477e-08
0.6984000244140625 8.631336408271295e-08
0.6994000244140625 7.355023661818431e-08
0.7004000244140625 3.647640136605901e-08
0.7014000244140625 2.6594417044852512e-08
0.7024000244140625 9.673566637502518e-08
0.7034000244140625 1.4488983232456102e-07
0.7044000244140625 4.271490256909279e-08
0.7054000244140625 9.999999939225291e-11
0.7064000244140625 9.999999939225291e-11
0.7074000244140625 8.004606605697499e-08
0.7084000244140625 8.954120046903805e-09
0.7094000244140625 1.8123083464161028e-07
0.7104000244140625 6.310516710072989e-08
0.7114000244140625 4.787989304292732e-08
0.7124000244140625 5.227309954965638e-08
0.7134000244140625 5.825793242190495e-08
0.7144000244140625 2.5197428840328937e-07
0.7154000244140625 6.640559826465165e-08
0.7164000244140625 8.722243614774546e-09
0.7174000244140625 7.858843137735031e-08
0.7184000244140625 1.078024471704945e-07
0.7194000244140625 9.831357220176548e-08
0.7204000244140625 3.759386718963734e-08
0.7214000244140625 1.835354548044658e-07
0.7224000244140625 1.1476079938195957e-07
0.7234000244140625 5.15359279725421e-08
0.7244000244140625 3.8505693131204076e-07
0.7254000244140625 9.985159895956977e-08
0.7264000244140625 1.604095117121081e-07
0.7274000244140625 8.128687755200778e-08
0.7284000244140625 2.7848258567312693e-08
0.7294000244140625 1.1393348207396533e-07
0.7304000244140625 2.8195760629993555e-07
0.7314000244140625 8.766611280168016e-08
0.7324000244140625 7.028985272642767e-08
0.7334000244140625 2.1498539960399893e-07
0.7344000244140625 9.999999939225291e-11
0.7354000244140625 1.4637005582092874e-07
0.7364000244140625 2.6173130208917427e-07
0.7374000244140625 2.67043806513693e-07
0.7384000244140625 2.5780416255116735e-08
0.7394000244140625 2.1863807281382227e-07
0.7404000244140625 9.999999939225291e-11
0.7414000244140625 3.5811786801787094e-07
0.7424000244140625 9.999999939225291e-11
0.7434000244140625 1.397810967773694e-07
0.7444000244140625 1.4954744715763489e-07
0.7454000244140625 9.60866088650647e-08
0.7464000244140625 4.37699224864474e-08
0.7474000244140625 4.23099894154196e-07
0.7484000244140625 1.244695344097361e-07
0.7494000244140625 1.7744660337548624e-07
0.7504000244140625 1.3164733392301286e-08
0.7514000244140625 3.328000689547158e-08
0.7524000244140625 7.529998432194891e-08
0.7534000244140625 2.678246259050591e-07
0.7544000244140625 2.6686060762652155e-08
0.7554000244140625 2.452184442821211e-07
0.7564000244140625 3.838851989712566e-07
0.7574000244140625 1.1720533924138485e-07
0.7584000244140625 1.3833776731253523e-07
0.7594000244140625 2.5851030587276113e-08
0.7604000244140625 4.6764956399177514e-07
0.7614000244140625 7.361737023832878e-08
0.7624000244140625 1.491624641136724e-07
0.7634000244140625 9.999999939225291e-11
0.7644000244140625 8.763555873277559e-08
0.7654000244140625 5.165313609722943e-08
0.7664000244140625 4.302960440997576e-08
0.7674000244140625 7.389894987378891e-07
0.7684000244140625 2.85677435574172e-08
0.7694000244140625 9.999999939225291e-11
0.7704000244140625 1.2183826682369652e-08
0.7714000244140625 1.443943290002636e-07
0.7724000244140625 1.786579749326241e-07
0.7734000244140625 2.2022506866115065e-07
0.7744000244140625 3.95170657914908e-07
0.7754000244140625 3.4130132409160295e-08
0.7764000244140625 2.554104382094617e-07
0.7774000244140625 9.999999939225291e-11
0.7784000244140625 3.103016519290236e-08
0.7794000244140625 2.3044882861237664e-07
0.7804000244140625 1.2069363073112053e-07
0.7814000244140625 2.07586699968824e-07
0.7824000244140625 1.9634284020260867e-07
0.7834000244140625 9.999999939225291e-11
0.7844000244140625 2.596440693499365e-07
0.7854000244140625 3.809529890356581e-08
0.7864000244140625 9.999999939225291e-11
0.7874000244140625 9.73222999049265e-08
0.7884000244140625 5.200623286090907e-09
0.7894000244140625 2.617747971574621e-07
0.7904000244140625 1.2248190346693852e-07
0.7914000244140625 8.243263507642003e-08
0.7924000244140625 1.3825386642629668e-07
0.7934000244140625 1.130134936714692e-07
0.7944000244140625 5.318172649519207e-07
0.7954000244140625 1.731715356563986e-07
0.7964000244140625 1.1089136879860461e-08
0.7974000244140625 4.3261622557781245e-07
0.7984000244140625 9.999999939225291e-11
0.7994000244140625 4.5429632640055696e-07
0.8004000244140625 6.544528917348985e-08
0.8014000244140626 1.0000000000000002e-10
0.8024000244140626 2.106355291175925e-07
0.8034000244140626 2.2423836336247472e-07
0.8044000244140626 2.2483521709458429e-07
0.8054000244140626 3.7104373755410064e-08
0.8064000244140626 3.453845432557509e-07
0.8074000244140624 1.3351696200209284e-07
0.8084000244140624 2.733556161544742e-07
0.8094000244140624 3.0315827414621557e-09
0.8104000244140624 1.0000000000000002e-10
0.8114000244140624 1.9906330166328018e-07
0.8124000244140624 1.0000000000000002e-10
0.8134000244140625 1.4377578815283696e-07
0.8144000244140625 7.436088776508078e-08
0.8154000244140625 1.0000000000000002e-10
0.8164000244140625 6.462967276578788e-08
0.8174000244140625 1.0000000000000002e-10
0.8184000244140625 1.4776672397090685e-08
0.8194000244140625 6.482026989635319e-08
0.8204000244140625 2.0756741464314641e-07
0.8214000244140625 1.0000000000000002e-10
0.8224000244140625 1.0315430063970819e-07
0.8234000244140625 1.3262382095938543e-07
0.8244000244140625 1.0000000000000002e-10
0.8254000244140625 1.0000000000000002e-10
0.8264000244140625 1.0000000000000002e-10
0.8274000244140625 1.0000000000000002e-10
0.8284000244140625 1.0000000000000002e-10
0.8294000244140625 4.500202929122316e-08
0.8304000244140625 1.9261871710055013e-07
0.8314000244140625 1.6981504987363156e-07
0.8324000244140625 1.293599136502097e-07
0.8334000244140625 4.481151212035596e-08
0.8344000244140625 1.0000000000000002e-10
0.8354000244140625 1.3510428300009578e-07
0.8364000244140625 3.9387582423575957e-07
0.8374000244140625 1.5907589157068388e-07
0.8384000244140625 1.0735287853520952e-07
0.8394000244140625 1.0000000000000002e-10
0.8404000244140625 1.0000000000000002e-10
0.8414000244140625 1.0000000000000002e-10
0.8424000244140625 3.82580353404521e-07
0.8434000244140625 5.39531198610871e-07
0.8444000244140625 2.1760740201388652e-07
0.8454000244140625 2.229399621195928e-08
0.8464000244140625 1.0000000000000002e-10
0.8474000244140625 2.988999593666491e-07
0.8484000244140625 1.0000000000000002e-10
0.8494000244140625 1.0000000000000002e-10
0.8504000244140625 6.45492534855351e-08
0.8514000244140625 1.0000000000000002e-10
0.8524000244140625 9.311259834887993e-08
0.8534000244140625 1.0000000000000002e-10
0.8544000244140625 2.760480769274789e-07
0.8554000244140625 1.0000000000000002e-10
0.8564000244140625 1.8197937243057082e-07
0.8574000244140625 1.0000000000000002e-10
0.8584000244140625 2.9278217181908334e-07
0.8594000244140625 1.4182738680000495e-07
0.8604000244140625 2.4589189221635013e-07
0.8614000244140625 5.987749745964057e-07
0.8624000244140625 1.0000000000000002e-10
0.8634000244140625 5.31775729452394e-07
0.8644000244140625 1.0000000000000002e-10
0.8654000244140625 1.0000000000000002e-10
0.8664000244140625 4.6411590637849427e-07
0.8674000244140625 1.0000000000000002e-10
0.8684000244140625 1.4838453019409848e-06
0.8694000244140625 1.0000000000000002e-10
0.8704000244140625 1.0000000000000002e-10
0.8714000244140625 5.909167995641912e-07
0.8724000244140625 1.717431776106436e-07
0.8734000244140625 1.3147294855445605e-06
0.8744000244140625 1.0000000000000002e-10
0.8754000244140625 1.0000000000000002e-10
0.8764000244140625 9.543972427741871e-07
0.8774000244140625 1.0000000000000002e-10
0.8784000244140625 8.644671706844856e-07
0.8794000244140625 1.0000000000000002e-10
0.8804000244140625 1.7829871942428016e-06
0.8814000244140625 1.0000000000000002e-10
0.8824000244140625 3.7242000448569763e-06
0.8834000244140625 1.0000000000000002e-10
0.8844000244140625 1.0000000000000002e-10
0.8854000244140625 4.411749874413968e-06
0.8864000244140625 1.0000000000000002e-10
0.8874000244140625 3.007368226510224e-07
0.8884000244140625 1.0000000000000002e-10
0.8894000244140625 1.0000000000000002e-10
0.8904000244140625 1.0000000000000002e-10
0.8914000244140625 1.1565774618989245e-06
0.8924000244140625 4.0703345655796184e-06
0.8934000244140625 4.738028491867421e-07
0.8944000244140625 3.6973750392508735e-06
0.8954000244140625 3.69520786835318e-06
0.8964000244140625 1.0000000000000002e-10
0.8974000244140625 5.462938117666543e-06
0.8984000244140625 8.030396628447536e-06
0.8994000244140625 1.0000000000000002e-10
0.9004000244140625 9.582255000307785e-08
0.9014000244140625 6.494764661700026e-08
0.9024000244140625 2.816952409908017e-07
0.9034000244140625 6.741704053541282e-09
0.9044000244140625 1.5208970551908373e-07
0.9054000244140625 9.467844686231881e-08
0.9064000244140625 1.324698495279731e-07
0.9074000244140625 2.1114794937321953e-07
0.9084000244140625 6.695275789105799e-09
0.9094000244140625 7.454309765558631e-08
0.9104000244140625 1.0000000000000002e-10
0.9114000244140625 7.083934925224366e-08
0.9124000244140625 4.0386167577838146e-08
0.9134000244140625 7.877337827113609e-08
0.9144000244140625 1.2651495256625265e-07
0.9154000244140625 1.6319668548039595e-07
0.9164000244140625 1.1861186947565793e-07
0.9174000244140625 2.7049184675029814e-07
0.9184000244140625 2.2733114324397895e-07
0.9194000244140625 2.586100153136435e-07
0.9204000244140625 3.308890588102441e-07
0.9214000244140625 2.9052652331723187e-07
0.9224000244140625 4.299742048226317e-07
0.9234000244140625 2.9132668295903054e-07
0.9244000244140625 4.1509897884178473e-07
0.9254000244140625 3.4348082709466936e-07
0.9264000244140626 2.2411185019122404e-07
0.9274000244140626 1.5638695225967142e-07
0.9284000244140626 1.9343806490954555e-07
0.9294000244140626 1.220855319935336e-07
0.9304000244140626 1.8143113397850028e-07
0.9314000244140626 1.2415196823387202e-07
0.9324000244140624 1.324193891037819e-07
0.9334000244140624 3.4325047982235755e-07
0.9344000244140624 2.1311557442989244e-07
0.9354000244140624 2.3043874641378528e-07
0.9364000244140624 3.217695876808726e-07
0.9374000244140624 4.224008583058607e-07
0.9384000244140625 2.936743011871097e-07
0.9394000244140625 4.792640947833357e-07
0.9404000244140625 5.850960591796834e-07
0.9414000244140625 6.272277582475354e-07
0.9424000244140625 7.023102502334536e-07
0.9434000244140625 8.09952710285255e-07
0.9444000244140625 8.300852483984067e-07
0.9454000244140625 9.18946472490964e-07
0.9464000244140625 7.955477229112076e-07
0.9474000244140625 7.286912976143903e-07
0.9484000244140625 6.473627261806442e-07
0.9494000244140625 3.3382990434022724e-07
0.9504000244140625 3.772677361284011e-07
0.9514000244140625 3.697285733497822e-07
0.9524000244140625 6.994207024016308e-08
0.9534000244140625 1.6730312997646407e-07
0.9544000244140625 1.4424412979467344e-07
0.9554000244140625 7.648502148173797e-08
0.9564000244140625 2.4846247727182153e-07
0.9574000244140625 5.4359417210901206e-08
0.9584000244140625 4.7598966485089506e-08
0.9594000244140625 1.0127021220136629e-07
0.9604000244140625 3.283246870664786e-07
0.9614000244140625 4.7177886366313305e-07
0.9624000244140625 3.68758822889376e-07
0.9634000244140625 5.198636527794929e-07
0.9644000244140625 7.377333523205637e-07
0.9654000244140625 6.986969154969517e-07
0.9664000244140625 6.589528368484494e-07
0.9674000244140625 8.678584692275065e-07
0.9684000244140625 6.427457120271693e-07
0.9694000244140625 5.896523408813883e-07
0.9704000244140625 2.284508519569461e-07
0.9714000244140625 4.00444122768525e-07
0.9724000244140625 3.677189361615557e-07
0.9734000244140625 2.690511440013903e-07
0.9744000244140625 1.947706896392187e-07
0.9754000244140625 2.6201599739948985e-07
0.9764000244140625 2.674603724226224e-07
0.9774000244140625 1.212693925073299e-07
0.9784000244140625 1.754213508442609e-07
0.9794000244140625 1.883810828607671e-07
0.9804000244140625 3.075127053415459e-07
0.9814000244140625 2.3729155809822055e-07
0.9824000244140625 2.960860212125243e-07
0.9834000244140625 1.4410609374369313e-07
0.9844000244140625 1.885706386768905e-07
0.9854000244140625 1.8727632222563655e-07
0.9864000244140625 1.107916491612191e-07
0.9874000244140625 1.510855956117615e-07
0.9884000244140625 2.4047484861086766e-07
0.9894000244140625 2.572303383595907e-07
0.9904000244140625 2.3931959102410375e-07
0.9914000244140625 6.271829969063855e-08
0.9924000244140625 2.6480485847130785e-07
0.9934000244140625 2.3622705678545723e-07
0.9944000244140625 3.797033318175284e-07
0.9954000244140625 4.377208208747235e-07
0.9964000244140625 4.952187036984415e-07
0.9974000244140625 5.729191738513523e-07
0.9984000244140625 4.264405492064143e-07
0.9994000244140625 7.021645264439025e-07
1.0004000244140625 5.263231116880464e-07
1.0014000244140624 1.3223476317344071e-06
1.0024000244140625 4.357100207090051e-07
1.0034000244140624 1.8732679937609002e-07
1.0044000244140625 1.8847510313335647e-07
1.0054000244140624 9.999999939225291e-11
1.0064000244140625 8.470163636727552e-07
1.0074000244140624 1.6759151427928978e-06
1.0084000244140625 9.999999939225291e-11
1.0094000244140624 2.2347077901940794e-06
1.0104000244140625 9.999999939225291e-11
1.0114000244140624 1.453208348770237e-06
1.0124000244140625 3.584360039058746e-07
1.0134000244140624 3.1494446254024904e-06
1.0144000244140625 3.3567734205893395e-07
1.0154000244140624 9.11743661212346e-07
1.0164000244140625 5.882076412315011e-08
1.0174000244140624 9.043028547909651e-08
1.0184000244140625 3.416853030291378e-07
1.0194000244140624 9.999999939225291e-11
1.0204000244140625 3.5508266056064977e-07
1.0214000244140624 1.7074832309541912e-06
1.0224000244140625 9.999999939225291e-11
1.0234000244140624 6.489729949935945e-07
1.0244000244140625 9.999999939225291e-11
1.0254000244140624 8.356262791379502e-07
1.0264000244140625 3.3238793280728396e-07
1.0274000244140624 1.6413673387560834e-07
1.0284000244140625 2.3467997865130504e-06
1.0294000244140624 9.999999939225291e-11
1.0304000244140625 9.999999939225291e-11
1.0314000244140624 1.5336841170210391e-06
1.0324000244140625 1.0039673189391843e-07
1.0334000244140624 9.999999939225291e-11
1.0344000244140625 9.999999939225291e-11
1.0354000244140624 9.999999939225291e-11
1.0364000244140625 3.4415218614173663e-07
1.0374000244140624 9.999999939225291e-11
1.0384000244140625 9.999999939225291e-11
1.0394000244140624 3.4785067398364807e-07
1.0404000244140625 7.317343331555056e-08
1.0414000244140624 3.6982426536269484e-06
1.0424000244140625 9.999999939225291e-11
1.0434000244140624 9.999999939225291e-11
1.0444000244140625 1.920333061559513e-06
1.0454000244140624 5.0252232638807e-08
1.0464000244140625 1.0444853103042106e-06
1.0474000244140624 6.829466723878852e-07
1.0484000244140625 9.999999939225291e-11
1.0494000244140624 1.55879029383262e-06
1.0504000244140625 1.008907953898112e-06
1.0514000244140624 9.999999939225291e-11
1.0524000244140626 1.502179327011651e-06
1.0534000244140624 4.7595334227305364e-07
1.0544000244140626 7.714736030302778e-07
1.0554000244140624 5.352925355091761e-07
1.0564000244140626 1.084944664775378e-07
1.0574000244140624 2.416403347046033e-08
1.0584000244140626 3.7157433689571917e-06
1.0594000244140624 9.999999939225291e-11
1.0604000244140626 7.673146753835643e-08
1.0614000244140624 2.481869906241959e-07
1.0624000244140626 1.2272023108265508e-06
1.0634000244140625 6.027622839610558e-07
1.0644000244140626 2.2569023713003843e-06
1.0654000244140625 4.023486299538822e-07
1.0664000244140626 1.1576456694584181e-07
1.0674000244140625 3.064267948502675e-06
1.0684000244140626 1.6429657115383615e-07
1.0694000244140625 9.999999939225291e-11
1.0704000244140626 1.494322253468757e-06
1.0714000244140625 1.2523110490292311e-06
1.0724000244140626 9.999999939225291e-11
1.0734000244140625 9.087459909284945e-07
1.0744000244140626 1.7710836595815257e-08
1.0754000244140625 1.8736439994615495e-06
1.0764000244140626 1.6305762778519768e-08
1.0774000244140625 3.6686566161255505e-07
1.0784000244140626 9.999999939225291e-11
1.0794000244140625 9.999999939225291e-11
1.0804000244140626 8.878535239394599e-07
1.0814000244140625 1.1093653153881888e-06
1.0824000244140626 5.441730934041544e-07
1.0834000244140625 9.683025386871453e-07
1.0844000244140626 2.7425407167787815e-07
1.0854000244140625 3.857733288666528e-07
1.0864000244140626 9.999999939225291e-11
1.0874000244140625 1.0535156252444721e-06
1.0884000244140626 5.805169139912654e-07
1.0894000244140625 4.926273147927892e-07
1.0904000244140626 6.778215754099648e-07
1.0914000244140625 2.317416672189173e-08
1.0924000244140626 9.999999939225291e-11
1.0934000244140625 1.543159984673063e-06
1.0944000244140626 6.804417205064084e-07
1.0954000244140625 6.40353294632708e-07
1.0964000244140626 1.987401337828487e-06
1.0974000244140625 7.108763454629259e-08
1.0984000244140626 2.1338913453898082e-06
1.0994000244140625 1.6255047861098622e-06
1.1004000244140626 8.826532185176224e-07
1.1014000244140625 2.632415319870536e-06
1.1024000244140626 2.365649750342887e-07
1.1034000244140625 3.5789662772067743e-07
1.1044000244140626 3.094490091104518e-07
1.1054000244140625 2.284794973093085e-06
1.1064000244140626 1.2226675607962533e-06
1.1074000244140625 2.4280026264023037e-06
1.1084000244140626 1.0903591586005252e-06
1.1094000244140625 3.9392133425408817e-07
1.1104000244140626 3.264821080920891e-07
1.1114000244140625 8.319613307813019e-07
1.1124000244140626 9.999999939225291e-11
1.1134000244140625 1.7733143709304973e-07
1.1144000244140626 1.4834778024426973e-06
1.1154000244140625 7.386942740783553e-07
1.1164000244140626 9.999999939225291e-11
1.1174000244140625 1.852628648594627e-07
1.1184000244140626 4.958806042735612e-07
1.1194000244140625 1.968342209390054e-06
1.1204000244140624 9.999999939225291e-11
1.1214000244140625 4.10026734850059e-06
1.1224000244140624 4.7022599947747304e-07
1.1234000244140625 6.613900620511259e-07
1.1244000244140624 1.820842381257866e-07
1.1254000244140625 5.57878005664018e-07
1.1264000244140624 1.2533921532546325e-06
1.1274000244140625 2.0088958262931554e-06
1.1284000244140624 8.972816646934945e-07
1.1294000244140625 9.081733999967885e-07
1.1304000244140624 1.439061003717749e-06
1.1314000244140625 1.5626190091892292e-06
1.1324000244140624 1.3376339915716073e-06
1.1334000244140625 2.2685312382364485e-07
1.1344000244140624 1.155021716610823e-07
1.1354000244140625 2.773783344309777e-06
1.1364000244140624 9.999999939225291e-11
1.1374000244140625 3.202792674225445e-06
1.1384000244140624 1.3616056579242772e-06
1.1394000244140625 2.3310997251731655e-06
1.1404000244140624 5.72867463282852e-07
1.1414000244140625 1.3826754339370713e-06
1.1424000244140624 9.999999939225291e-11
1.1434000244140625 1.1026385618606582e-06
1.1444000244140624 3.0935553756232065e-06
1.1454000244140625 8.560699252975941e-07
1.1464000244140624 3.0776553173813193e-07
1.1474000244140625 5.13055380955881e-07
1.1484000244140624 5.019199983635758e-08
1.1494000244140625 1.4253020587299639e-06
1.1504000244140624 6.649947439048749e-07
1.1514000244140625 1.3759220261514807e-06
1.1524000244140624 1.7588630092972105e-06
1.1534000244140625 1.6987670073594547e-08
1.1544000244140624 6.09223586301629e-07
1.1554000244140625 3.8935567085118807e-07
1.1564000244140624 1.4337691512385695e-06
1.1574000244140625 9.999999939225291e-11
1.1584000244140624 1.776102047491198e-06
1.1594000244140625 1.8394219902499267e-06
1.1604000244140624 2.5963423831854017e-06
1.1614000244140625 6.885410106782785e-07
1.1624000244140624 2.197877599125301e-06
1.1634000244140625 1.7698343678299958e-06
1.1644000244140624 7.435778510019493e-07
1.1654000244140625 3.489469910237612e-07
1.1664000244140624 2.644788279818992e-06
1.1674000244140625 6.476670091082326e-07
1.1684000244140624 4.5268599397611334e-07
1.1694000244140625 5.1710341358557345e-06
1.1704000244140624 9.999999939225291e-11
1.1714000244140625 9.926756077523653e-07
1.1724000244140624 2.167333053269734e-06
1.1734000244140625 5.321491031888096e-07
1.1744000244140624 2.462793000705214e-07
1.1754000244140625 7.820358317870795e-07
1.1764000244140624 3.9456100881037533e-07
1.1774000244140626 2.7911613334078806e-07
1.1784000244140624 7.428401643968148e-07
1.1794000244140626 1.1948223497408132e-06
1.1804000244140624 1.7565163337470345e-06
1.1814000244140626 2.6027209726938355e-06
1.1824000244140624 2.1450141988073785e-06
1.1834000244140626 4.658804330877805e-07
1.1844000244140624 1.2927273052998344e-06
1.1854000244140626 6.503046892625263e-07
1.1864000244140624 2.0518421418576813e-06
1.1874000244140626 8.550816562280517e-07
1.1884000244140625 2.258960443590752e-07
1.1894000244140626 1.8050213111564516e-06
1.1904000244140625 4.3203621049000185e-07
1.1914000244140626 4.5197592892994485e-06
1.1924000244140625 9.999999939225291e-11
1.1934000244140626 9.999999939225291e-11
1.1944000244140625 2.5849426553274196e-06
1.1954000244140626 5.795445880115342e-07
1.1964000244140625 1.4263419870985673e-06
1.1974000244140626 2.125696337316185e-06
1.1984000244140625 8.413979082622091e-07
1.1994000244140626 1.5283543325494976e-06
1.2004000244140625 2.2061046426339695e-06
1.2014000244140626 9.999999939225291e-11
1.2024000244140625 1.770546029244239e-06
1.2034000244140626 6.785849783301028e-07
1.2044000244140625 6.032872598134749e-07
1.2054000244140626 9.446004306064755e-07
1.2064000244140625 9.999999939225291e-11
1.2074000244140626 2.672717285652955e-06
1.2084000244140625 1.0467155516380443e-06
1.2094000244140626 6.899810102556358e-07
1.2104000244140625 5.457373333417337e-07
1.2114000244140626 1.5884665238748615e-06
1.2124000244140625 1.390912742256963e-06
1.2134000244140626 8.250101719150156e-07
1.2144000244140625 1.276343337922962e-07
1.2154000244140626 1.714600701004561e-07
1.2164000244140625 1.4009771985001862e-06
1.2174000244140626 8.827925921650603e-07
1.2184000244140625 1.5221603532585467e-07
1.2194000244140626 2.5376795868699745e-06
1.2204000244140625 9.999999939225291e-11
1.2214000244140626 1.2748226678619782e-06
1.2224000244140625 5.411166731465281e-07
1.2234000244140626 1.8729309764845916e-06
1.2244000244140625 3.846321972863128e-07
1.2254000244140626 9.999999939225291e-11
1.2264000244140625 3.4727034360434084e-07
1.2274000244140626 2.589901608492558e-06
1.2284000244140625 2.16275906872454e-08
1.2294000244140626 1.1160261150392851e-06
1.2304000244140625 1.7613388627069071e-06
1.2314000244140626 1.6056679790684334e-06
1.2324000244140625 9.999999939225291e-11
1.2334000244140626 1.2175795003107245e-06
1.2344000244140625 1.32997918020313e-06
1.2354000244140626 9.999999939225291e-11
1.2364000244140625 5.265359936323932e-07
1.2374000244140626 3.4636666532605884e-06
1.2384000244140625 1.1822375381598248e-06
1.2394000244140626 3.6128898232531035e-07
1.2404000244140625 2.779159985948354e-06
1.2414000244140626 1.1107739892886788e-06
1.2424000244140625 2.813571582501358e-07
1.2434000244140626 1.2402586772205146e-06
1.2444000244140625 1.3472563296090811e-06
1.2454000244140624 2.0694753523760786e-06
1.2464000244140625 1.5322402517388886e-06
1.2474000244140624 1.5296731241202601e-06
1.2484000244140625 9.999999939225291e-11
1.2494000244140624 1.1556625004723504e-06
1.2504000244140625 6.667366869805846e-07
1.2514000244140624 1.5217980105693604e-07
1.2524000244140625 1.2934326366309533e-06
1.2534000244140624 1.7215190453020074e-07
1.2544000244140625 2.970219647977501e-06
1.2554000244140624 4.1571430943262067e-07
1.2564000244140625 2.3591543382887416e-06
1.2574000244140624 1.203776637691926e-06
1.2584000244140625 4.383113334801199e-08
1.2594000244140624 1.8380523589082524e-07
1.2604000244140625 2.132662193616852e-06
1.2614000244140624 1.0318502184721485e-06
1.2624000244140625 9.007800326799042e-07
1.2634000244140624 1.7274153651669622e-06
1.2644000244140625 2.3016146345374484e-06
1.2654000244140624 9.999999939225291e-11
1.2664000244140625 1.6446106504493704e-06
1.2674000244140624 1.2377057040187842e-06
1.2684000244140625 2.596952685429699e-07
1.2694000244140624 2.94815128048261e-06
1.2704000244140625 2.0606476755347104e-06
1.2714000244140624 2.3631194148165947e-07
1.2724000244140625 1.4449836938486747e-06
1.2734000244140624 3.056824008199991e-07
1.2744000244140625 1.6821466851979495e-06
1.2754000244140624 1.2943059795489376e-07
1.2764000244140625 1.2065727033168846e-06
1.2774000244140624 2.326051078623455e-07
1.2784000244140625 3.3742550269444395e-07
1.2794000244140624 3.93685040762648e-06
1.2804000244140625 5.780964757414372e-07
1.2814000244140624 2.594687437292483e-07
1.2824000244140625 2.5800759613048285e-06
1.2834000244140624 2.065939964571347e-06
1.2844000244140625 1.4291834546990382e-06
1.2854000244140624 4.1515267558504356e-07
1.2864000244140625 3.156060605154683e-06
1.2874000244140624 5.295174775898915e-07
1.2884000244140625 9.937826689565555e-07
1.2894000244140624 1.9947573309764265e-06
1.2904000244140625 3.4573232743066266e-07
1.2914000244140624 1.280826652013308e-06
1.2924000244140625 3.590288394850205e-07
1.2934000244140624 3.42355992059377e-07
1.2944000244140625 1.0173813495573115e-06
1.2954000244140624 1.2780652832589111e-06
1.2964000244140625 1.1765443290527126e-06
1.2974000244140624 9.926116615321945e-07
1.2984000244140625 9.999999939225291e-11
1.2994000244140624 1.8090646335622297e-06
1.3004000244140625 1.7241790192201733e-06
1.3014000244140624 3.769966023240793e-07
1.3024000244140626 9.999999939225291e-11
1.3034000244140624 8.817259219728868e-07
1.3044000244140626 9.999999939225291e-11
1.3054000244140624 6.969349487917497e-07
1.3064000244140626 5.143905555578717e-07
1.3074000244140624 6.37672693374706e-08
1.3084000244140626 1.3323715150666734e-06
1.3094000244140624 1.8582223371292154e-06
1.3104000244140626 4.921403231013717e-08
1.3114000244140624 1.587515628974264e-06
1.3124000244140626 9.427706822625245e-09
1.3134000244140625 1.8382923442435602e-07
1.3144000244140626 2.2536583128385246e-06
1.3154000244140625 4.0766231975316225e-07
1.3164000244140626 9.999999939225291e-11
1.3174000244140625 6.171125615347013e-07
1.3184000244140626 3.6685033359518117e-07
1.3194000244140625 1.4182429246526832e-06
1.3204000244140626 3.742523619809646e-07
1.3214000244140625 3.290001229968217e-07
1.3224000244140626 9.779412115070349e-07
1.3234000244140625 1.0281690238607885e-06
1.3244000244140626 1.5671624957273402e-06
1.3254000244140625 2.6868303393712267e-07
1.3264000244140626 1.586525710687662e-06
1.3274000244140625 6.752821085568665e-07
1.3284000244140626 1.1831520142132252e-06
1.3294000244140625 9.683662938186899e-07
1.3304000244140626 1.4265783379781756e-07
1.3314000244140625 1.2697639950183989e-06
1.3324000244140626 2.3453249984110393e-06
1.3334000244140625 1.249954652315921e-07
1.3344000244140626 2.24400568792286e-06
1.3354000244140625 2.0791694866299316e-06
1.3364000244140626 6.195613430233967e-07
1.3374000244140625 2.552432983193853e-08
1.3384000244140626 1.820886658000139e-06
1.3394000244140625 1.2235126242140146e-06
1.3404000244140626 1.804076509870356e-07
1.3414000244140625 1.527837297921053e-07
1.3424000244140626 3.7356067673262793e-08
1.3434000244140625 1.5078536671353503e-06
1.3444000244140626 7.329793515964411e-07
1.3454000244140625 3.1323290507619576e-06
1.3464000244140626 4.2273267121473167e-07
1.3474000244140625 1.1758393399456205e-06
1.3484000244140626 2.103030346916057e-06
1.3494000244140625 8.2778547948692e-07
1.3504000244140626 7.377563155763767e-07
1.3514000244140625 1.2837295313753808e-06
1.3524000244140626 4.103785031475127e-06
1.3534000244140625 9.999999939225291e-11
1.3544000244140626 1.493507307156842e-06
1.3554000244140625 2.1681982710900862e-06
1.3564000244140626 1.3470041934245577e-06
1.3574000244140625 9.863362936091135e-07
1.3584000244140626 1.4214846790612986e-06
1.3594000244140625 3.4478212667939563e-06
1.3604000244140626 2.3789167365369697e-06
1.3614000244140625 2.4486310818853478e-06
1.3624000244140626 6.62260678886047e-07
1.3634000244140625 1.4809067943133414e-06
1.3644000244140626 2.1461113647092133e-06
1.3654000244140625 3.0914843955542893e-06
1.3664000244140626 1.9002923606118808e-06
1.3674000244140625 3.596856549847871e-06
1.3684000244140626 3.244896015530685e-07
1.3694000244140625 1.5701263422555436e-06
1.3704000244140624 3.654521715361625e-06
1.3714000244140625 9.999999939225291e-11
1.3724000244140624 1.2925390910822898e-06
1.3734000244140625 3.3934686992627876e-06
1.3744000244140624 1.6651979819659601e-06
1.3754000244140625 3.1347109567529214e-06
1.3764000244140624 1.0344515222223312e-06
1.3774000244140625 2.099700359394774e-06
1.3784000244140624 1.8549985031501849e-06
1.3794000244140625 2.6096173193460953e-06
1.3804000244140624 4.004103345020364e-06
1.3814000244140625 8.715470027897965e-07
1.3824000244140624 2.0097605859821972e-06
1.3834000244140625 3.659188951132819e-06
1.3844000244140624 1.27735267329084e-06
1.3854000244140625 1.9250936990526195e-06
1.3864000244140624 4.619297299844523e-06
1.3874000244140625 4.432026563409389e-07
1.3884000244140624 1.200643127958756e-06
1.3894000244140625 6.253011182592398e-07
1.3904000244140624 7.017860183999858e-07
1.3914000244140625 1.7782221160208187e-06
1.3924000244140624 2.1919203087842713e-06
1.3934000244140625 1.1867930004161308e-06
1.3944000244140624 1.0880637288816312e-06
1.3954000244140625 9.350356992587905e-07
1.3964000244140624 1.856793746810581e-06
1.3974000244140625 1.4969776964068871e-06
1.3984000244140624 1.504520666154955e-06
1.3994000244140625 9.999999939225291e-11
1.4004000244140624 2.449793294848253e-06
1.4014000244140625 2.763744715036746e-06
1.4024000244140624 4.572022007778287e-06
1.4034000244140625 3.7292767420519603e-07
1.4044000244140624 7.193588532761197e-07
1.4054000244140625 4.35059026737387e-06
1.4064000244140624 3.6357139470055697e-06
1.4074000244140625 9.999999939225291e-11
1.4084000244140624 9.882656835428586e-07
1.4094000244140625 2.792177983792499e-06
1.4104000244140624 3.575179337834318e-06
1.4114000244140625 2.3807076139507427e-07
1.4124000244140624 2.897519637675335e-06
1.4134000244140625 8.28993368789573e-07
1.4144000244140624 1.3196741201682017e-06
1.4154000244140625 2.7596330619417132e-06
1.4164000244140624 3.975481425489609e-06
1.4174000244140625 9.999999939225291e-11
1.4184000244140624 2.748805369871358e-06
1.4194000244140625 3.24049605599915e-06
1.4204000244140624 2.3262269193461783e-06
1.4214000244140625 9.628073166823015e-07
1.4224000244140624 1.6321336443070322e-06
1.4234000244140625 9.999999939225291e-11
1.4244000244140624 9.67362002836462e-07
1.4254000244140625 5.296628027166387e-07
1.4264000244140624 1.4350321301511334e-06
1.4274000244140626 2.2377423495830348e-06
1.4284000244140624 1.9815563913046694e-06
1.4294000244140626 1.2090166853528928e-06
1.4304000244140624 1.3347782078199088e-06
1.4314000244140626 3.4479842482445137e-06
1.4324000244140624 1.6263346185230176e-06
1.4334000244140626 2.4706252831189586e-06
1.4344000244140624 6.986032625603637e-07
1.4354000244140626 3.0980733572505416e-06
1.4364000244140624 2.8488792789479094e-06
1.4374000244140626 8.112003437303154e-07
1.4384000244140625 2.6253745939660194e-06
1.4394000244140626 2.0184443080021686e-06
1.4404000244140625 4.7134402312446844e-07
1.4414000244140626 2.3165479649112085e-06
1.4424000244140625 2.65807665224808e-06
1.4434000244140626 5.839896133578529e-07
1.4444000244140625 9.350613314988248e-07
1.4454000244140626 6.399753517823588e-07
1.4464000244140625 2.2172944297812099e-07
1.4474000244140626 5.66565013991512e-07
1.4484000244140625 2.36067402849649e-06
1.4494000244140626 1.8447136729567624e-06
1.4504000244140625 9.22326117131315e-07
1.4514000244140626 1.794861697514231e-06
1.4524000244140625 1.596722984178456e-06
1.4534000244140626 1.5208262144975983e-06
1.4544000244140625 1.7113191036817929e-06
1.4554000244140626 9.969137666606305e-07
1.4564000244140625 1.8274396400859892e-06
1.4574000244140626 3.4049722792891164e-06
1.4584000244140625 9.999999939225291e-11
1.4594000244140626 4.810897511446181e-07
1.4604000244140625 2.787852378484483e-06
1.4614000244140626 3.461496763594122e-07
1.4624000244140625 2.506314970863362e-06
1.4634000244140626 3.884636532536234e-07
1.4644000244140625 1.8202620170389613e-06
1.4654000244140626 3.1137637658199917e-06
1.4664000244140625 5.747310300533806e-07
1.4674000244140626 3.0451595835441953e-07
1.4684000244140625 2.0303983668175836e-06
1.4694000244140626 8.069635657381724e-07
1.4704000244140625 1.1947243050484483e-06
1.4714000244140626 1.979041611521737e-06
1.4724000244140625 2.619731283400502e-07
1.4734000244140626 2.8925704827997832e-06
1.4744000244140625 1.3321190002783348e-06
1.4754000244140626 1.9400931948136225e-06
1.4764000244140625 7.086851780702119e-07
1.4774000244140626 3.947990044252947e-06
1.4784000244140625 3.1481318971297396e-06
1.4794000244140626 5.080753369609189e-07
1.4804000244140625 7.938809964495401e-07
1.4814000244140626 3.512978631382187e-06
1.4824000244140625 2.410669306603571e-06
1.4834000244140626 1.7955319951094376e-06
1.4844000244140625 1.5019279574820152e-06
1.4854000244140626 8.772793026838126e-07
1.4864000244140625 3.185472305631265e-06
1.4874000244140626 2.804085719011103e-06
1.4884000244140625 4.381725348630757e-07
1.4894000244140626 2.4528983582664906e-06
1.4904000244140625 1.7449916534436247e-06
1.4914000244140626 3.0102756378861767e-06
1.4924000244140625 1.8828256577041457e-06
1.4934000244140626 1.095946679064615e-06
1.4944000244140625 1.788451312071023e-06
1.4954000244140624 3.845664614345878e-06
1.4964000244140625 8.059971669845585e-07
1.4974000244140624 3.386667109831857e-07
1.4984000244140625 2.8282657149247825e-06
1.4994000244140624 1.8335190058375397e-06
1.5004000244140625 1.3630965683357014e-06
1.5014000244140624 1.749205014978846e-06
1.5024000244140625 2.809422730933875e-06
1.5034000244140624 3.443851986843308e-07
1.5044000244140625 2.325620536491139e-06
1.5054000244140624 3.9935800254298216e-07
1.5064000244140625 6.173767151758842e-07
1.5074000244140624 1.0208076249303606e-06
1.5084000244140625 1.3184460207297613e-06
1.5094000244140624 2.317912003491074e-06
1.5104000244140625 3.4283256779114406e-06
1.5114000244140624 1.01348893319179e-06
1.5124000244140625 6.164046445592912e-07
1.5134000244140624 3.9965297254399933e-07
1.5144000244140625 2.0368513651192186e-06
1.5154000244140624 8.620264755639558e-07
1.5164000244140625 3.534524100056539e-06
1.5174000244140624 4.779278458233449e-07
1.5184000244140625 1.0804991904667106e-06
1.5194000244140624 8.016283094924859e-07
1.5204000244140625 1.4087029652613362e-06
1.5214000244140624 2.7383590349927545e-06
1.5224000244140625 2.180315689959874e-06
1.5234000244140624 1.0283054905091405e-06
1.5244000244140625 1.1987063468647345e-06
1.5254000244140624 1.7499731681406653e-06
1.5264000244140625 2.980248342889051e-06
1.5274000244140624 9.517153564727228e-07
1.5284000244140625 3.1627467251382766e-06
1.5294000244140624 3.584736308160548e-06
1.5304000244140625 1.0428609527668441e-06
1.5314000244140624 1.1276616906622885e-07
1.5324000244140625 2.7057436818722637e-06
1.5334000244140624 2.54873733963971e-07
1.5344000244140625 4.253800628551592e-06
1.5354000244140624 1.9645206433664222e-06
1.5364000244140625 1.499853348881549e-06
1.5374000244140624 1.9216480601850587e-06
1.5384000244140625 2.2443146735895426e-06
1.5394000244140624 8.53501797234794e-07
1.5404000244140625 2.8855319588553623e-07
1.5414000244140624 2.1872156840381984e-06
1.5424000244140625 4.762319925551613e-06
1.5434000244140624 5.0819866980115565e-06
1.5444000244140625 2.77269432748047e-06
1.5454000244140624 3.3599516609683632e-06
1.5464000244140625 2.3080059630350056e-06
1.5474000244140624 2.5742761257182185e-06
1.5484000244140625 3.361282346050487e-06
1.5494000244140624 3.613236573679994e-06
1.5504000244140625 7.937049856761764e-07
1.5514000244140624 4.4367791244503964e-07
1.5524000244140626 3.4644532812914503e-06
1.5534000244140624 9.999999939225291e-11
1.5544000244140626 1.084051373606935e-06
1.5554000244140624 2.5383892837756623e-06
1.5564000244140626 1.8618877462965125e-06
1.5574000244140624 1.6433769582491208e-07
1.5584000244140626 3.3032755042465093e-06
1.5594000244140624 2.619338411022909e-06
1.5604000244140626 1.246754361140153e-06
1.5614000244140624 3.865477629005909e-06
1.5624000244140626 2.4667393396763754e-06
1.5634000244140625 2.768385359862198e-06
1.5644000244140626 9.999999939225291e-11
1.5654000244140625 7.992340249263208e-07
1.5664000244140626 8.196692603329817e-06
1.5674000244140625 4.535069550796559e-07
1.5684000244140626 1.27581401200653e-07
1.5694000244140625 4.020585377778237e-06
1.5704000244140626 2.9366858992337556e-06
1.5714000244140625 2.6214307339008276e-06
1.5724000244140626 2.364486281294376e-06
1.5734000244140625 1.4558423181861476e-06
1.5744000244140626 1.227202359332935e-06
1.5754000244140625 2.8520761892044294e-06
1.5764000244140626 4.634997943261017e-06
1.5774000244140625 2.3150730797964294e-06
1.5784000244140626 1.6992156303974326e-06
1.5794000244140625 3.820814017672092e-06
1.5804000244140626 9.752952610142529e-07
1.5814000244140625 4.146179708186537e-06
1.5824000244140626 2.1547583552698295e-06
1.5834000244140625 9.999999939225291e-11
1.5844000244140626 3.6173846456222236e-06
1.5854000244140625 8.13115249608624e-07
1.5864000244140626 1.4154036371601583e-06
1.5874000244140625 3.046783434304719e-06
1.5884000244140626 3.644358366727829e-06
1.5894000244140625 2.744842931861058e-06
1.5904000244140626 3.323119938916837e-06
1.5914000244140625 4.499240943308299e-06
1.5924000244140626 5.402703342648844e-06
1.5934000244140625 5.127150216139853e-06
1.5944000244140626 7.718871735657255e-06
1.5954000244140625 1.3531129807233811e-05
1.5964000244140626 1.3946816713238757e-05
1.5974000244140625 1.7762793383250634e-05
1.5984000244140626 2.1497543590764203e-05
1.5994000244140625 2.9947906732559204e-05
1.6004000244140626 3.422625052432219e-05
1.6014000244140625 3.771370664859811e-05
1.6024000244140626 5.003639962524176e-05
1.6034000244140625 6.303535929570596e-05
1.6044000244140626 7.41754254947106e-05
1.6054000244140625 9.150680465002855e-05
1.6064000244140626 0.0001160049003859361
1.6074000244140625 0.00015045783172051112
1.6084000244140626 0.0001921546645462513
1.6094000244140625 0.00026035166655977567
1.6104000244140626 0.00035163896779219305
1.6114000244140625 0.0005446383729577065
1.6124000244140626 0.0007439550260702769
1.6134000244140625 0.0011973879983027775
1.6144000244140626 0.00195925901333491
1.6154000244140625 0.0034747933348019916
1.6164000244140626 0.005780077377955118
1.6174000244140625 0.009652440547943114
1.6184000244140626 0.01653476357460022
1.6194000244140625 0.02203235308329264
1.6204000244140624 0.02898217042287191
1.6214000244140625 0.034028680324554444
1.6224000244140624 0.04187690575917562
1.6234000244140625 0.047556017239888504
1.6244000244140624 0.044683218002319336
1.6254000244140625 0.054440299669901535
1.6264000244140624 0.06333098570505778
1.6274000244140625 0.07817301909128825
1.6284000244140624 0.08135714371999106
1.6294000244140625 0.10336975733439127
1.6304000244140624 0.13019009908040366
1.6314000244140625 0.15491506576538086
1.6324000244140624 0.19923749923706055
1.6334000244140625 0.2588622347513835
1.6344000244140624 0.3467690022786459
1.6354000244140625 0.4620148722330729
1.6364000244140624 0.5919211451212565
1.6374000244140625 0.7426436360677083
1.6384000244140624 0.8268768819173177
1.6394000244140625 0.8907068379720051
1.6404000244140624 0.9496763102213542
1.6414000244140625 0.9496363830566407
1.6424000244140624 0.9407064056396485
1.6434000244140625 0.9428080749511719
1.6444000244140624 0.9499660491943359
1.6454000244140625 0.963913091023763
1.6464000244140624 0.948600565592448
1.6474000244140625 0.9316134134928385
1.6484000244140624 0.9290681966145833
1.6494000244140625 0.8557393900553386
1.6504000244140624 0.8127394866943359
1.6514000244140625 0.7194113667805989
1.6524000244140624 0.6218705113728842
1.6534000244140625 0.48967933654785156
1.6544000244140624 0.3914544677734375
1.6554000244140625 0.31433163324991864
1.6564000244140624 0.23901113510131836
1.6574000244140625 0.1939553960164388
1.6584000244140624 0.1568718655904134
1.6594000244140625 0.13299213409423827
1.6604000244140624 0.11726469993591308
1.6614000244140625 0.10164006551106772
1.6624000244140624 0.08072151184082031
1.6634000244140625 0.06878775437672932
1.6644000244140624 0.06943603038787842
1.6654000244140625 0.05804102261861165
1.6664000244140624 0.04981289068857829
1.6674000244140625 0.04238765080769857
1.6684000244140624 0.03196665287017822
1.6694000244140625 0.025867480436960855
1.6704000244140624 0.017641083399454752
1.6714000244140625 0.012606613238652547
1.6724000244140624 0.007689993182818095
1.6734000244140625 0.004814676443735759
1.6744000244140624 0.002951115369796753
1.6754000244140625 0.0016521727045377096
1.6764000244140624 0.0011187939842542012
1.6774000244140626 0.0007117174565792084
1.6784000244140624 0.000535915233194828
1.6794000244140626 0.0003643098349372546
1.6804000244140624 0.00027888426557183267
1.6814000244140626 0.00020906303077936173
1.6824000244140624 0.0001663653738796711
1.6834000244140626 0.00013378002991278968
1.6844000244140624 0.00010209224497278531
1.6854000244140626 8.617745712399482e-05
1.6864000244140624 6.669962933907907e-05
1.6874000244140626 5.48778831337889e-05
1.6884000244140625 4.429494962096214e-05
1.6894000244140626 3.57892969623208e-05
1.6904000244140625 2.326095709577203e-05
1.6914000244140626 2.1030076313763858e-05
1.6924000244140625 2.4164433125406503e-05
1.6934000244140626 1.1370707070454956e-05
1.6944000244140625 1.2273123332609732e-05
1.6954000244140626 9.587107924744487e-06
1.6964000244140625 1.1173326832552751e-05
1.6974000244140626 1.312610348650859e-07
1.6984000244140625 6.645675942612191e-06
1.6994000244140626 2.3938209536330156e-06
1.7004000244140625 5.728540321191152e-06
1.7014000244140626 1.5961666455647597e-06
1.7024000244140625 3.0287993043505896e-06
1.7034000244140626 4.802027930660794e-06
1.7044000244140625 8.134152352189025e-06
1.7054000244140626 6.784019254458448e-06
1.7064000244140625 1.2399403298217018e-06
1.7074000244140626 3.2640872908699474e-06
1.7084000244140625 2.2591636904204884e-06
1.7094000244140626 2.8091959730354905e-06
1.7104000244140625 2.1430702812115972e-06
1.7114000244140626 1.9577214455542468e-06
1.7124000244140625 7.045119515775392e-06
1.7134000244140626 3.340226345850776e-06
1.7144000244140625 8.319944845425198e-07
1.7154000244140626 5.129153796588071e-06
1.7164000244140625 6.640426775751015e-06
1.7174000244140626 1.060772347398024e-06
1.7184000244140625 5.411779760227849e-06
1.7194000244140626 1.7614611473012096e-06
1.7204000244140625 2.856620994862169e-06
1.7214000244140626 1.3788886617967697e-06
1.7224000244140625 1.4957819655325722e-06
1.7234000244140626 2.8749116070455234e-06
1.7244000244140625 8.208501967601478e-06
1.7254000244140626 1.4141799760558626e-06
1.7264000244140625 2.363715960855828e-06
1.7274000244140626 9.999999939225291e-11
1.7284000244140625 2.234281346318312e-06
1.7294000244140626 4.1961359481016794e-06
1.7304000244140625 2.184208011991965e-06
1.7314000244140626 1.099397471735486e-06
1.7324000244140625 6.047543332291147e-06
1.7334000244140626 2.066948615769467e-06
1.7344000244140625 6.555489477856705e-06
1.7354000244140626 4.494387054971109e-06
1.7364000244140625 1.213230992762604e-06
1.7374000244140626 2.9950424989995856e-06
1.7384000244140625 5.104906638505232e-07
1.7394000244140626 1.2106113232827436e-06
1.7404000244140625 2.7865265484076455e-07
1.7414000244140626 2.9910406832526586e-06
1.7424000244140625 1.0800060052199949e-08
1.7434000244140626 1.9111589642495374e-06
1.7444000244140625 4.103327034196506e-06
1.7454000244140624 1.978586306347433e-06
1.7464000244140625 3.954077619710006e-06
1.7474000244140624 3.5754949784620275e-07
1.7484000244140625 1.8913400318106474e-06
1.7494000244140624 1.0792659641574905e-06
1.7504000244140625 3.3237290335819127e-06
1.7514000244140624 5.104587723557449e-06
1.7524000244140625 1.916033991922935e-06
1.7534000244140624 3.7395409499859274e-06
1.7544000244140625 7.601749867299409e-07
1.7554000244140624 4.257427256864806e-06
1.7564000244140625 7.799718305741739e-07
1.7574000244140624 5.153370730113238e-06
1.7584000244140625 9.999999939225291e-11
1.7594000244140624 5.309717865505567e-06
1.7604000244140625 7.485790114891699e-07
1.7614000244140624 2.8237716954511898e-06
1.7624000244140625 2.1175503301377554e-06
1.7634000244140624 1.1144683325140884e-06
1.7644000244140625 1.2443764050355336e-06
1.7654000244140624 2.683370281980994e-06
1.7664000244140625 1.558909638710304e-07
1.7674000244140624 4.340832359351528e-06
1.7684000244140625 6.7651982923659184e-06
1.7694000244140624 1.7634453831494311e-06
1.7704000244140625 5.086446563910367e-07
1.7714000244140624 2.6490280045739685e-06
1.7724000244140625 5.805719411000609e-06
1.7734000244140624 2.6944900552431745e-06
1.7744000244140625 2.0833306226819558e-08
1.7754000244140624 2.1453050673396016e-06
1.7764000244140625 9.880674770101906e-06
1.7774000244140624 2.3897500162887535e-06
1.7784000244140625 3.170226370506531e-06
1.7794000244140624 3.8616264161343374e-06
1.7804000244140625 2.8539456832010756e-06
1.7814000244140624 9.999999939225291e-11
1.7824000244140625 9.999999939225291e-11
1.7834000244140624 7.111013886363557e-06
1.7844000244140625 1.029043341986835e-05
1.7854000244140624 4.533410052924106e-06
1.7864000244140625 2.3062943849557393e-06
1.7874000244140624 5.6222533263886965e-06
1.7884000244140625 9.999999939225291e-11
1.7894000244140624 1.9827057352698556e-06
1.7904000244140625 4.092441231478005e-06
1.7914000244140624 3.965457472077105e-06
1.7924000244140625 9.999999939225291e-11
1.7934000244140624 3.871896381800373e-06
1.7944000244140625 5.864588019903749e-06
1.7954000244140624 8.935323761155208e-06
1.7964000244140625 8.908563635371773e-07
1.7974000244140624 9.802280110307039e-06
1.7984000244140625 5.0025353360864476e-06
1.7994000244140624 2.2238459590765796e-06
1.8004000244140625 1.03464627560849e-05
1.8014000244140624 1.7173870192473591e-06
1.8024000244140626 6.578496540896595e-06
1.8034000244140624 3.5074824215068175e-06
1.8044000244140626 3.1306233237652732e-06
1.8054000244140624 6.49584651303788e-06
1.8064000244140626 1.8223479950278213e-06
1.8074000244140624 5.786831801136335e-06
1.8084000244140626 3.4748780308291314e-06
1.8094000244140624 3.965594378666874e-06
1.8104000244140626 3.913880946481522e-06
1.8114000244140624 5.067870273099592e-06
1.8124000244140626 3.6983769772517643e-06
1.8134000244140625 1.335453474640147e-06
1.8144000244140626 4.32444207641917e-06
1.8154000244140625 8.174185350071639e-06
1.8164000244140626 2.444447212231656e-06
1.8174000244140625 2.7846460094830645e-06
1.8184000244140626 9.030786847385267e-06
1.8194000244140625 1.6843337019848783e-06
1.8204000244140626 2.41955690701919e-06
1.8214000244140625 1.7131650664007717e-08
1.8224000244140626 9.999999939225291e-11
1.8234000244140625 3.4362682223824474e-06
1.8244000244140626 4.999782637848208e-06
1.8254000244140625 1.3339128633749197e-06
1.8264000244140626 8.018578713138898e-06
1.8274000244140625 1.767919360039135e-05
1.8284000244140626 9.999999939225291e-11
1.8294000244140625 9.835280167559784e-06
1.8304000244140626 9.999999939225291e-11
1.8314000244140625 5.089793664459682e-06
1.8324000244140626 4.585893960514416e-06
1.8334000244140625 2.8897336448796553e-06
1.8344000244140626 1.6350680232068981e-06
1.8354000244140625 9.999999939225291e-11
1.8364000244140626 5.030086322221905e-06
1.8374000244140625 4.7615917086544594e-06
1.8384000244140626 9.999999939225291e-11
1.8394000244140625 4.582380061037839e-06
1.8404000244140626 1.977957988626618e-07
1.8414000244140625 1.0125046828761697e-05
1.8424000244140626 4.5891013238967085e-06
1.8434000244140625 5.230810008166978e-06
1.8444000244140626 2.442435370892208e-06
1.8454000244140625 9.999999939225291e-11
1.8464000244140626 5.585435671188557e-06
1.8474000244140625 5.978600626500944e-06
1.8484000244140626 3.844370682296964e-06
1.8494000244140625 2.5737499621640108e-06
1.8504000244140626 5.1101012407646825e-06
1.8514000244140625 3.017484098866892e-06
1.8524000244140626 4.8244927408328905e-06
1.8534000244140625 4.871283648147558e-06
1.8544000244140626 1.579912651019792e-05
1.8554000244140625 9.999999939225291e-11
1.8564000244140626 5.574515889748e-06
1.8574000244140625 5.299940528136205e-07
1.8584000244140626 1.1513443508495886e-05
1.8594000244140625 4.230399141912737e-06
1.8604000244140626 5.1925320682736735e-06
1.8614000244140625 1.6082413128248873e-06
1.8624000244140626 7.297237655924012e-06
1.8634000244140625 2.1555231190480603e-06
1.8644000244140626 5.877927081504216e-06
1.8654000244140625 1.5004323790357432e-06
1.8664000244140626 1.954054032819267e-06
1.8674000244140625 9.127096855081617e-06
1.8684000244140626 8.366204759416481e-06
1.8694000244140625 2.0996080126867155e-06
1.8704000244140624 5.58721493386353e-06
1.8714000244140625 1.0348810465075075e-05
1.8724000244140624 7.795660058036447e-06
1.8734000244140625 9.999999939225291e-11
1.8744000244140624 1.8036096972610474e-06
1.8754000244140625 9.305403216064434e-07
1.8764000244140624 1.0883175709750504e-05
1.8774000244140625 5.1314910039460905e-06
1.8784000244140624 8.451545533413688e-06
1.8794000244140625 9.999999939225291e-11
1.8804000244140624 1.0912443976849317e-05
1.8814000244140625 2.9677725588535724e-06
1.8824000244140624 4.077078629052267e-06
1.8834000244140625 7.365088677033782e-06
1.8844000244140624 1.3773986521374107e-06
1.8854000244140625 3.3037850126257e-06
1.8864000244140624 3.1831490953967053e-06
1.8874000244140625 4.688452754635364e-06
1.8884000244140624 9.999999939225291e-11
1.8894000244140625 9.255263915595909e-06
1.8904000244140624 9.999999939225291e-11
1.8914000244140625 3.4550566245646524e-06
1.8924000244140624 1.0409065092857144e-06
1.8934000244140625 2.315138621368599e-06
1.8944000244140624 3.6350249840388924e-07
1.8954000244140625 4.611952327093031e-06
1.8964000244140624 4.733698015468117e-06
1.8974000244140625 2.34515495392292e-06
1.8984000244140624 5.006342699186798e-06
1.8994000244140625 4.963629471603781e-06
1.9004000244140624 8.719604954610105e-07
1.9014000244140625 4.693282083583956e-06
1.9024000244140624 9.999999939225291e-11
1.9034000244140625 1.8123976958802265e-06
1.9044000244140624 5.48200982037154e-07
1.9054000244140625 9.725382163499793e-06
1.9064000244140624 3.6111168689482536e-06
1.9074000244140625 9.999999939225291e-11
1.9084000244140624 8.340842905454337e-06
1.9094000244140625 9.999999939225291e-11
1.9104000244140624 8.919410363657695e-07
1.9114000244140625 3.587176382753299e-06
1.9124000244140624 2.1949344419051424e-07
1.9134000244140625 1.8644131148182197e-06
1.9144000244140624 2.4705299438210203e-06
1.9154000244140625 4.137650054569046e-06
1.9164000244140624 1.3213979498753285e-08
1.9174000244140625 3.944668375576536e-06
1.9184000244140624 9.999999939225291e-11
1.9194000244140625 1.4367012961654287e-06
1.9204000244140624 2.3121324142394427e-07
1.9214000244140625 5.44094767706523e-06
1.9224000244140624 1.569471312044731e-06
1.9234000244140625 8.517661869215468e-06
1.9244000244140624 9.999999939225291e-11
1.9254000244140625 9.999999939225291e-11
1.9264000244140624 3.5505589039530603e-06
1.9274000244140626 3.365103421929897e-07
1.9284000244140624 4.266336288359558e-06
1.9294000244140626 9.999999939225291e-11
1.9304000244140624 3.5819166077999398e-06
1.9314000244140626 1.0939417013785164e-06
1.9324000244140624 4.557856513300133e-06
1.9334000244140626 1.3986433812303764e-06
1.9344000244140624 2.6627627282020212e-06
1.9354000244140626 2.4361130245361313e-06
1.9364000244140624 3.505130686486761e-06
1.9374000244140626 2.2411532649257992e-07
1.9384000244140625 1.7072766882305263e-07
1.9394000244140626 7.889296005790432e-06
1.9404000244140625 7.647733528829786e-07
1.9414000244140626 9.999999939225291e-11
1.9424000244140625 8.895529700640263e-07
1.9434000244140626 1.1025713751600107e-06
1.9444000244140625 3.875637048622593e-06
1.9454000244140626 9.999999939225291e-11
1.9464000244140625 1.8373414248114748e-06
1.9474000244140626 1.067941633792202e-08
1.9484000244140625 9.999999939225291e-11
1.9494000244140626 1.1330170040195024e-06
1.9504000244140625 2.384553284828783e-06
1.9514000244140626 2.2515583353991765e-06
1.9524000244140625 1.4989095359130288e-06
1.9534000244140626 3.964935943561916e-06
1.9544000244140625 9.999999939225291e-11
1.9554000244140626 9.999999939225291e-11
1.9564000244140625 1.6840176734452446e-05
1.9574000244140626 5.868588535425564e-06
1.9584000244140625 1.3023173573619335e-08
1.9594000244140626 5.542315193451941e-06
1.9604000244140625 7.224478125748372e-07
1.9614000244140626 1.8580432151793503e-06
1.9624000244140625 7.479237101506442e-06
1.9634000244140626 6.260414277979484e-06
1.9644000244140625 3.7044198880546257e-07
1.9654000244140626 4.5296006040492404e-06
1.9664000244140625 2.5650210052615323e-06
1.9674000244140626 2.1118386063978534e-06
1.9684000244140625 1.0570819911433677e-06
1.9694000244140626 9.999999939225291e-11
1.9704000244140625 7.146082740897933e-06
1.9714000244140626 1.424438387755226e-06
1.9724000244140625 3.45581666601665e-07
1.9734000244140626 4.672963308015217e-06
1.9744000244140625 1.0234467530002196e-05
1.9754000244140626 1.1574166705408117e-06
1.9764000244140625 1.4605199685320259e-05
1.9774000244140626 2.2007403890178523e-06
1.9784000244140625 4.226247256156057e-06
1.9794000244140626 1.2609404123698671e-05
1.9804000244140625 9.999999939225291e-11
1.9814000244140626 9.999999939225291e-11
1.9824000244140625 7.936639982896545e-06
1.9834000244140626 8.742709515482024e-07
1.9844000244140625 2.713660985816565e-07
1.9854000244140626 2.9425257525872437e-06
1.9864000244140625 9.932876177002707e-07
1.9874000244140626 6.5543157203743855e-06
1.9884000244140625 7.091025860669712e-06
1.9894000244140626 5.457295880709386e-06
1.9904000244140625 9.999999939225291e-11
1.9914000244140626 6.62891446457555e-06
1.9924000244140625 9.999999939225291e-11
1.9934000244140626 2.16650535922606e-06
1.9944000244140625 3.880883314547982e-06
1.9954000244140624 1.4933916773844182e-06
1.9964000244140625 1.5859013068997286e-06
1.9974000244140624 9.288382134400308e-06
1.9984000244140625 6.0944533712851505e-06
1.9994000244140624 4.68211539555341e-06
2.0004000244140623 1.0010290522283565e-05
2.0014000244140626 6.566033383326916e-06
2.0024000244140625 2.9981280480454825e-06
2.0034000244140624 9.918972694625456e-06
2.0044000244140623 2.5697134063988143e-06
2.0054000244140626 1.4821296790614724e-05
2.0064000244140625 2.9045224262288134e-06
2.0074000244140624 1.1061819963664733e-06
2.0084000244140623 3.1380263195994e-06
2.0094000244140626 5.18405984113457e-07
2.0104000244140625 6.793748761992901e-06
2.0114000244140624 5.216003977439598e-06
2.0124000244140623 9.999999939225291e-11
2.0134000244140626 6.965915769493828e-06
2.0144000244140625 3.9647934267250664e-07
2.0154000244140624 1.3971670412023703e-07
2.0164000244140623 1.56387232709676e-05
2.0174000244140626 1.1534006916917861e-05
2.0184000244140625 2.9284788952773273e-06
2.0194000244140624 2.2246836548826344e-06
2.0204000244140623 1.4331666752696037e-05
2.0214000244140626 4.662883312243811e-06
2.0224000244140625 6.592035739837835e-06
2.0234000244140624 9.581846437261751e-06
2.0244000244140623 2.242993456699575e-06
2.0254000244140626 5.87666965995659e-06
2.0264000244140625 1.164820995957901e-05
2.0274000244140624 7.056628004393773e-06
2.0284000244140623 4.8949760188291925e-06
2.0294000244140626 4.500459548465822e-07
2.0304000244140625 8.981813404765522e-06
2.0314000244140624 1.2074067053617909e-05
2.0324000244140623 3.598292387323454e-06
2.0334000244140626 3.1372959684213457e-06
2.0344000244140625 3.838584474324947e-06
2.0354000244140624 2.5019267532607376e-06
2.0364000244140623 1.8671042829131085e-05
2.0374000244140626 1.08281462790553e-06
2.0384000244140625 5.2786540375867245e-06
2.0394000244140624 2.4296488940193464e-06
2.0404000244140623 9.294889551784518e-07
2.0414000244140627 3.3562060559422236e-06
2.0424000244140625 5.583611258517252e-06
2.0434000244140624 5.271576956147328e-06
2.0444000244140623 3.564568915305581e-06
2.0454000244140627 6.279842928051949e-06
2.0464000244140625 2.4066990779599472e-06
2.0474000244140624 1.672925349716081e-07
2.04839990234375 9.635322877403022e-07
2.04939990234375 2.4541553378979826e-06
2.05039990234375 6.29882929691424e-06
2.05139990234375 2.85080335207392e-06
2.05239990234375 5.071114865131676e-06
2.05339990234375 1.139013348415337e-06
2.05439990234375 1.6500777176891762e-05
2.05539990234375 2.0072232871104488e-06
2.05639990234375 5.547981903267403e-06
2.05739990234375 1.1480886411542694e-05
2.05839990234375 5.202542827949704e-07
2.05939990234375 6.537981001505008e-06
2.06039990234375 7.977920904522762e-06
2.06139990234375 1.5469366866582844e-07
2.06239990234375 9.999999939225291e-11
2.06339990234375 1.163489088260879e-05
2.06439990234375 1.67384867866834e-05
2.06539990234375 4.252709389875875e-06
2.06639990234375 9.999999939225291e-11
2.06739990234375 5.927453321771617e-06
2.06839990234375 1.4157230810572703e-05
2.06939990234375 4.647403217908538e-06
2.07039990234375 2.2241177497939192e-06
2.07139990234375 3.292327028600421e-06
2.07239990234375 9.999999939225291e-11
2.07339990234375 7.925180019556776e-06
2.07439990234375 1.1815972970374845e-06
2.07539990234375 1.4659883260416489e-05
2.07639990234375 8.665019602401476e-07
2.07739990234375 6.624083616770804e-06
2.07839990234375 1.007058172641943e-05
2.07939990234375 5.891756828605802e-07
2.08039990234375 1.592942668745915e-05
2.08139990234375 9.999999939225291e-11
2.08239990234375 3.197465033482061e-06
2.08339990234375 1.750307894932727e-05
2.08439990234375 9.999999939225291e-11
2.08539990234375 6.027119040178755e-06
2.08639990234375 2.5220538955181837e-05
2.08739990234375 5.512988291582014e-06
2.08839990234375 4.863849797172767e-07
2.08939990234375 8.076572412392124e-06
2.09039990234375 4.704169463112251e-06
2.09139990234375 9.999999939225291e-11
2.09239990234375 1.2099056227950674e-06
2.09339990234375 2.227854293573491e-06
2.09439990234375 6.810822330104808e-06
2.09539990234375 9.999999939225291e-11
2.09639990234375 2.8708459959562542e-06
2.09739990234375 9.134016188679557e-07
2.09839990234375 3.757514020484483e-06
2.09939990234375 2.00502197038747e-06
2.10039990234375 9.022920042953686e-06
2.10139990234375 3.553586561011457e-08
2.10239990234375 3.2098557562143527e-06
2.10339990234375 2.1944099353277126e-06
2.10439990234375 3.700831257447135e-07
2.10539990234375 2.9153920183677683e-06
2.10639990234375 9.999999939225291e-11
2.10739990234375 1.2218006493410392e-06
2.10839990234375 3.89515874338701e-06
2.10939990234375 5.07197785165836e-06
2.11039990234375 9.999999939225291e-11
2.11139990234375 1.4130036962415695e-06
2.11239990234375 1.5805267025292836e-06
2.11339990234375 8.234524090463916e-06
2.11439990234375 6.357999130462607e-06
2.11539990234375 9.84690332680079e-08
2.11639990234375 5.633241962641478e-06
2.11739990234375 2.7058420622664655e-06
2.11839990234375 9.999999939225291e-11
2.11939990234375 8.229765538884474e-07
2.12039990234375 5.00563989963491e-06
2.12139990234375 3.878826886394293e-06
2.12239990234375 1.0873555244567495e-05
2.12339990234375 9.999999939225291e-11
2.12439990234375 9.999999939225291e-11
2.12539990234375 1.1162230318101744e-05
2.12639990234375 1.5861292869049728e-06
2.12739990234375 1.2474910636228741e-06
2.12839990234375 8.679491196138164e-06
2.12939990234375 1.1978326365351676e-05
2.13039990234375 9.999999939225291e-11
2.13139990234375 9.999999939225291e-11
2.13239990234375 1.813051949988894e-06
2.13339990234375 1.1561002827153998e-06
2.13439990234375 1.3838483331104118e-05
2.13539990234375 2.684457101217082e-06
2.13639990234375 7.2123403272901975e-06
2.13739990234375 6.725833319324675e-07
2.13839990234375 2.3389863000448464e-06
2.13939990234375 7.864121968547503e-06
2.14039990234375 9.737970147168557e-07
2.14139990234375 1.4409566841398676e-05
2.14239990234375 2.4269474279699686e-06
2.14339990234375 1.1920043417449716e-06
2.14439990234375 7.427089546630702e-06
2.14539990234375 9.999999939225291e-11
2.14639990234375 1.7967636085813865e-06
2.14739990234375 2.4820937149113335e-06
2.14839990234375 9.999999939225291e-11
2.14939990234375 1.0607502966498334e-05
2.15039990234375 6.215824163264827e-06
2.15139990234375 4.251390598305112e-06
2.15239990234375 4.3567965622060005e-06
2.15339990234375 2.4320904238036196e-06
2.15439990234375 1.9290000100961419e-07
2.15539990234375 9.999999939225291e-11
2.15639990234375 3.8946000808337544e-07
2.15739990234375 9.999999939225291e-11
2.15839990234375 6.522281134190658e-06
2.15939990234375 6.372228766243401e-06
2.16039990234375 1.219999041227678e-05
2.16139990234375 9.999999939225291e-11
2.16239990234375 8.817380255144633e-06
2.16339990234375 8.817927940727444e-06
2.16439990234375 2.659952267496379e-06
2.16539990234375 9.999999939225291e-11
2.16639990234375 1.676961313933134e-05
2.16739990234375 6.462281371920989e-06
2.16839990234375 5.441713243878136e-06
2.16939990234375 9.999999939225291e-11
2.17039990234375 9.999999939225291e-11
2.17139990234375 2.579710096544119e-06
2.17239990234375 6.834973619686361e-06
2.17339990234375 3.6580033284809116e-06
2.17439990234375 5.486596584051521e-07
2.17539990234375 9.888885930801433e-06
2.17639990234375 8.733563003637812e-07
2.17739990234375 2.8849636820342067e-06
2.17839990234375 9.999999939225291e-11
2.17939990234375 2.766581271365827e-06
2.18039990234375 9.999999939225291e-11
2.18139990234375 8.067235621990558e-06
2.18239990234375 1.0725483220183444e-05
2.18339990234375 1.8544417104937593e-06
2.18439990234375 9.89218494699647e-06
2.18539990234375 4.367928156219965e-06
2.18639990234375 6.203309749253094e-06
2.18739990234375 9.999999939225291e-11
2.18839990234375 5.553468712351517e-06
2.18939990234375 4.638576414182083e-06
2.19039990234375 6.972223782213405e-06
2.19139990234375 1.1627319424102705e-05
2.19239990234375 1.193249694650215e-06
2.19339990234375 4.078083550969798e-06
2.19439990234375 3.213276038369628e-06
2.19539990234375 7.760187339348097e-06
2.19639990234375 1.4488463151677659e-06
2.19739990234375 5.036873393438057e-06
2.19839990234375 3.157851033745255e-06
2.19939990234375 8.463560176702837e-06
2.20039990234375 1.1892777790005008e-05
2.20139990234375 9.285662866507967e-06
2.20239990234375 9.222146278868119e-06
2.20339990234375 9.999999939225291e-11
2.20439990234375 1.5002940388283057e-06
2.20539990234375 2.44015994586159e-06
2.20639990234375 1.2812193405504028e-05
2.20739990234375 5.605819867415818e-06
2.20839990234375 1.5925864681776148e-06
2.20939990234375 1.084846454129244e-05
2.21039990234375 4.139046572261644e-06
2.21139990234375 6.790908480119503e-06
2.21239990234375 9.999999939225291e-11
2.21339990234375 9.999999939225291e-11
2.21439990234375 8.008728036656975e-06
2.21539990234375 1.820803658726315e-05
2.21639990234375 1.2770233597973284e-05
2.21739990234375 1.778456629963898e-08
2.21839990234375 8.217585764214163e-06
2.21939990234375 1.4034198053802054e-05
2.22039990234375 9.589513329781122e-08
2.22139990234375 1.3085766302308364e-06
2.22239990234375 6.840186803553175e-06
2.22339990234375 1.3869486244451796e-05
2.22439990234375 9.484593814450547e-06
2.22539990234375 2.6764683425426484e-05
2.22639990234375 9.999999939225291e-11
2.22739990234375 3.195421420461031e-06
2.22839990234375 1.3029560795985162e-05
2.22939990234375 1.1084996668057439e-05
2.23039990234375 3.461743394025755e-06
2.23139990234375 3.550116593131018e-06
2.23239990234375 2.202530042268336e-05
2.23339990234375 8.214563053214145e-06
2.23439990234375 3.558826787510109e-06
2.23539990234375 5.4581556078610786e-06
2.23639990234375 9.898844058371381e-06
2.23739990234375 5.987719942618005e-06
2.23839990234375 2.884421730414033e-05
2.23939990234375 9.999999939225291e-11
2.24039990234375 3.912872013946374e-05
2.24139990234375 2.591720432974398e-05
2.24239990234375 2.0072204109358914e-05
2.24339990234375 2.347940307420989e-05
2.24439990234375 1.7248763079387905e-06
2.24539990234375 1.1375026369933039e-05
2.24639990234375 3.336566733196378e-05
2.24739990234375 2.2332386540305412e-05
2.24839990234375 2.963877748189958e-06
2.24939990234375 6.6603067871747375e-06
2.25039990234375 7.62878676515181e-06
2.25139990234375 6.861190544187323e-06
2.25239990234375 3.5030954586545703e-06
2.25339990234375 6.892086549464457e-06
2.25439990234375 4.585447410742442e-05
2.25539990234375 3.780587421109279e-05
2.25639990234375 9.999999939225291e-11
2.25739990234375 3.806715365499258e-05
2.25839990234375 3.5389399461334864e-06
2.25939990234375 1.9045236598079404e-05
2.26039990234375 1.3776973355561495e-05
2.26139990234375 2.0790756292020284e-05
2.26239990234375 2.164748691332837e-05
2.26339990234375 7.704805039236243e-06
2.26439990234375 1.9573461186507637e-05
2.26539990234375 2.3203076755938432e-05
2.26639990234375 9.999999939225291e-11
2.26739990234375 3.682031606634458e-05
2.26839990234375 7.894636844637167e-07
2.26939990234375 5.354845934914347e-06
2.27039990234375 1.253842395575096e-05
2.27139990234375 1.467529561826571e-05
2.27239990234375 6.162769738390731e-06
2.27339990234375 1.1998256862473983e-05
2.27439990234375 1.937687979079783e-05
2.27539990234375 1.2728514227141236e-05
2.27639990234375 5.08626498534189e-06
2.27739990234375 7.822160060714604e-07
2.27839990234375 2.2892777485328252e-06
2.27939990234375 2.9118176704893507e-05
2.28039990234375 9.999999939225291e-11
2.28139990234375 1.4593426210692448e-06
2.28239990234375 1.805987477079422e-05
2.28339990234375 5.247757323608345e-06
2.28439990234375 1.6480596580853066e-05
2.28539990234375 5.087569355710641e-06
2.28639990234375 6.071475178991056e-06
2.28739990234375 3.843796619070379e-08
2.28839990234375 3.062535698215166e-05
2.28939990234375 1.3969083469304402e-06
2.29039990234375 2.337828288242842e-06
2.29139990234375 4.489147065263784e-06
2.29239990234375 1.878067842323953e-06
2.29339990234375 8.376891879985729e-06
2.29439990234375 2.7340640822822353e-06
2.29539990234375 8.267657346247385e-06
2.29639990234375 6.181293375521572e-07
2.29739990234375 2.5276338877914625e-06
2.29839990234375 2.4058610312938102e-06
2.29939990234375 9.325810824520885e-06
2.30039990234375 9.118364735816917e-06
2.30139990234375 5.662048506917353e-06
2.30239990234375 4.204958295304095e-06
2.30339990234375 4.137730085022421e-07
2.30439990234375 5.188710250270864e-06
2.30539990234375 1.5634436271660946e-06
2.30639990234375 1.1237051967327715e-06
2.30739990234375 2.9995720345935935e-06
2.30839990234375 2.6511939938433927e-06
2.30939990234375 2.0137643244992157e-06
2.31039990234375 2.07288835857374e-06
2.31139990234375 5.0986947220129275e-06
2.31239990234375 5.49032329556276e-06
2.31339990234375 1.727318531618375e-06
2.31439990234375 5.832492412688831e-06
2.31539990234375 7.78094336408112e-07
2.31639990234375 4.266136670061371e-07
2.31739990234375 4.848804383073002e-06
2.31839990234375 5.161090054972562e-06
2.31939990234375 5.877498867145429e-06
2.32039990234375 1.2825933515347998e-06
2.32139990234375 3.4570869562836985e-06
2.32239990234375 9.999999939225291e-11
2.32339990234375 9.999999939225291e-11
2.32439990234375 2.8127706900704653e-06
2.32539990234375 9.999999939225291e-11
2.32639990234375 3.07919763145037e-06
2.32739990234375 5.713709780212165e-07
2.32839990234375 9.999999939225291e-11
2.32939990234375 4.95639997802518e-07
2.33039990234375 9.999999939225291e-11
2.33139990234375 1.035845314110162e-06
2.33239990234375 1.7729546086660738e-07
2.33339990234375 8.294720862256355e-07
2.33439990234375 9.999999939225291e-11
2.33539990234375 1.7864873317267418e-06
2.33639990234375 4.1981399357737813e-07
2.33739990234375 1.585020664049234e-06
2.33839990234375 6.513443173995862e-06
2.33939990234375 2.008937318424368e-07
2.34039990234375 9.999999939225291e-11
2.34139990234375 4.872427935461351e-07
2.34239990234375 2.2255886964443285e-06
2.34339990234375 1.195659685837569e-06
2.34439990234375 4.5410556291850906e-06
2.34539990234375 5.058844302160045e-06
2.34639990234375 8.952206500071706e-07
2.34739990234375 8.582115018119415e-06
2.34839990234375 9.999999939225291e-11
2.34939990234375 2.1814806044743543e-06
2.35039990234375 2.6944964823390664e-06
2.35139990234375 3.3601217823046407e-06
2.35239990234375 2.0868756689385037e-06
2.35339990234375 7.326999718012909e-06
2.35439990234375 7.669509984905195e-07
2.35539990234375 2.2924807072814225e-06
2.35639990234375 4.301944230859315e-07
2.35739990234375 8.70534295949928e-07
2.35839990234375 5.494800046763615e-06
2.35939990234375 1.3911389585471077e-06
2.36039990234375 2.3650990718919e-06
2.36139990234375 4.5740052397983775e-06
2.36239990234375 7.164196237378443e-06
2.36339990234375 8.40161635498049e-07
2.36439990234375 4.047350239841189e-06
2.36539990234375 9.999999939225291e-11
2.36639990234375 1.8973860884822594e-06
2.36739990234375 3.407776685332801e-06
2.36839990234375 5.656930147246442e-07
2.36939990234375 3.792648940713998e-06
2.37039990234375 3.0941430641669613e-06
2.37139990234375 1.4293967345905637e-06
2.37239990234375 3.890504701352289e-06
2.37339990234375 2.38766221931049e-06
2.37439990234375 3.7420360483035137e-06
2.37539990234375 5.074836138847516e-06
2.37639990234375 2.913283067247363e-06
2.37739990234375 3.7690198560576722e-06
2.37839990234375 4.641445081737435e-06
2.37939990234375 1.6336195013118746e-06
2.38039990234375 5.20654330709173e-06
2.38139990234375 9.532676582845548e-06
2.38239990234375 5.5798927011589206e-06
2.38339990234375 7.985473979109278e-06
2.38439990234375 2.9756529060135743e-06
2.38539990234375 9.278743716774803e-07
2.38639990234375 2.9515309331825296e-06
2.38739990234375 5.070046133418179e-06
2.38839990234375 9.999999939225291e-11
2.38939990234375 4.8510206882686665e-06
2.39039990234375 5.697956657968461e-06
2.39139990234375 1.9264004428502326e-06
2.39239990234375 2.7151240162008132e-06
2.39339990234375 3.1665527489543876e-06
2.39439990234375 1.7261359702273419e-06
2.39539990234375 1.031383464578539e-05
2.39639990234375 4.66238697602724e-06
2.39739990234375 9.999999939225291e-11
2.39839990234375 7.415484869852662e-06
2.39939990234375 1.1162472267945607e-05
2.40039990234375 2.485368671939862e-06
2.40139990234375 7.889780875605842e-06
2.40239990234375 9.434190117948069e-06
2.40339990234375 2.839572416985329e-06
2.40439990234375 1.3562996755354107e-05
2.40539990234375 3.526851903237945e-06
2.40639990234375 3.64620253094472e-06
2.40739990234375 1.0617027835045551e-05
2.40839990234375 9.999999939225291e-11
2.40939990234375 1.0271897869339835e-05
2.41039990234375 1.1318096379303217e-05
2.41139990234375 1.998715946429641e-06
2.41239990234375 7.64191612420658e-06
2.41339990234375 1.7548834633392593e-05
2.41439990234375 1.7106690211221576e-05
2.41539990234375 6.089643497132849e-06
2.41639990234375 1.4876350367328449e-06
2.41739990234375 5.328688770278589e-06
2.41839990234375 1.9138789937163854e-07
2.41939990234375 7.170962208317514e-06
2.42039990234375 1.3221228728070856e-05
2.42139990234375 2.5667460283518296e-06
2.42239990234375 6.192029778577061e-07
2.42339990234375 1.1591101065278054e-05
2.42439990234375 2.2517822893745412e-06
2.42539990234375 7.142729106514404e-06
2.42639990234375 1.5543403084545085e-05
2.42739990234375 4.037748013058599e-06
2.42839990234375 1.3599012163467705e-05
2.42939990234375 1.6126563229287666e-05
2.43039990234375 4.6010083557727435e-06
2.43139990234375 2.5110273854807018e-05
2.43239990234375 4.054572937445637e-06
2.43339990234375 1.0658639560764034e-05
2.43439990234375 4.600850161648277e-06
2.43539990234375 1.4312350346396367e-05
2.43639990234375 9.264546058197118e-06
2.43739990234375 1.8356153353427845e-05
2.43839990234375 1.5339090023189783e-05
2.43939990234375 1.0240573474572893e-05
2.44039990234375 1.0252529750154337e-06
2.44139990234375 1.9476426532492043e-05
2.44239990234375 1.3400362186075653e-05
2.44339990234375 5.891902086053354e-06
2.44439990234375 9.999999939225291e-11
2.44539990234375 2.951906683544318e-05
2.44639990234375 9.999999939225291e-11
2.44739990234375 2.0400686965634427e-05
2.44839990234375 8.462073319958443e-06
2.44939990234375 1.8871280287082e-05
2.45039990234375 4.258170102525345e-06
2.45139990234375 1.0940131614916027e-05
2.45239990234375 2.9643766608818585e-07
2.45339990234375 7.889590109444455e-06
2.45439990234375 8.77272333769182e-06
2.45539990234375 1.665417298985024e-05
2.45639990234375 7.706936642838021e-06
2.45739990234375 7.78556060175776e-06
2.45839990234375 3.919260037692496e-06
2.45939990234375 3.873926587402821e-05
2.46039990234375 9.999999939225291e-11
2.46139990234375 4.808011309554179e-05
2.46239990234375 1.3408607143598298e-05
2.46339990234375 2.4827313609421253e-05
2.46439990234375 1.530488021671772e-05
2.46539990234375 9.999999939225291e-11
2.46639990234375 2.3116156614075102e-05
2.46739990234375 9.999999939225291e-11
2.46839990234375 7.337631977861747e-06
2.46939990234375 1.5056681198378403e-05
2.47039990234375 3.893993483969165e-06
2.47139990234375 2.2025690414011477e-05
2.47239990234375 2.2057873817781607e-05
2.47339990234375 9.999999939225291e-11
2.47439990234375 3.2425227109342815e-05
2.47539990234375 9.999999939225291e-11
2.47639990234375 1.8600145655606562e-05
2.47739990234375 1.654732619231621e-05
2.47839990234375 3.2593793390939634e-05
2.47939990234375 5.880803334950002e-06
2.48039990234375 5.970203938583533e-05
2.48139990234375 1.3551222892675222e-06
2.48239990234375 9.625513649348014e-06
2.48339990234375 3.1656868474480384e-05
2.48439990234375 5.253151136506891e-06
2.48539990234375 5.679963942384348e-06
2.48639990234375 2.892941003665328e-05
2.48739990234375 3.0974230418602627e-05
2.48839990234375 9.999999939225291e-11
2.48939990234375 5.378469203909238e-05
2.49039990234375 2.48539331369102e-05
2.49139990234375 1.2790563399649456e-05
2.49239990234375 4.2545897110054896e-05
2.49339990234375 2.1153276708597935e-05
2.49439990234375 2.395418627300453e-06
2.49539990234375 3.078669309616089e-05
2.49639990234375 2.350580645725131e-05
2.49739990234375 8.045530334227871e-06
2.49839990234375 1.0272576434594189e-05
2.49939990234375 2.143899285364329e-05
2.50039990234375 1.46975201399376e-05
2.50139990234375 4.783011972904205e-05
2.50239990234375 1.1442476650191935e-05
2.50339990234375 3.0665266094729305e-05
2.50439990234375 6.264318711801664e-06
2.50539990234375 3.4956443899621564e-05
2.50639990234375 4.059233000321368e-05
2.50739990234375 1.6949873688997624e-05
2.50839990234375 3.064039702657043e-05
2.50939990234375 8.587836365017884e-06
2.51039990234375 5.883461640526851e-05
2.51139990234375 2.373334252698811e-06
2.51239990234375 1.1895627598024206e-05
2.51339990234375 3.5639236060281594e-05
2.51439990234375 1.4013224111598294e-05
2.51539990234375 3.561189320559303e-05
2.51639990234375 9.782463234030796e-06
2.51739990234375 4.460194691394766e-05
2.51839990234375 1.4100347722936964e-05
2.51939990234375 2.3029119474813343e-05
2.52039990234375 5.8293900607774655e-05
2.52139990234375 2.277764604246298e-05
2.52239990234375 2.182389295168896e-05
2.52339990234375 1.246499999979278e-05
2.52439990234375 3.967524350931247e-05
2.52539990234375 9.999999939225291e-11
2.52639990234375 3.232273738831282e-05
2.52739990234375 4.704382284872466e-06
2.52839990234375 3.9122800769340786e-05
2.52939990234375 2.7775774515600795e-05
2.53039990234375 2.644909891119281e-05
2.53139990234375 2.0342993045282164e-05
2.53239990234375 3.544286277585407e-05
2.53339990234375 7.745935892065366e-05
2.53439990234375 9.999999939225291e-11
2.53539990234375 1.935867010107728e-06
2.53639990234375 3.2201327461128436e-05
2.53739990234375 3.0106756952337222e-05
2.53839990234375 3.2430276390842396e-05
2.53939990234375 1.2792464500914017e-05
2.54039990234375 2.421078617503921e-05
2.54139990234375 8.780669932445899e-06
2.54239990234375 3.950480720959604e-05
2.54339990234375 9.999999939225291e-11
2.54439990234375 3.1135087289536994e-05
2.54539990234375 1.0945247971297551e-05
2.54639990234375 1.2318333532774044e-05
2.54739990234375 4.3683080972793203e-05
2.54839990234375 1.2105793536697126e-05
2.54939990234375 4.5437416216979426e-05
2.55039990234375 9.999999939225291e-11
2.55139990234375 8.838849990825774e-07
2.55239990234375 9.524238916734854e-05
2.55339990234375 1.8694946775212883e-05
2.55439990234375 9.999999939225291e-11
2.55539990234375 6.331965948144596e-05
2.55639990234375 7.753726832004185e-06
2.55739990234375 1.7534872744739971e-06
2.55839990234375 9.323200210928917e-05
2.55939990234375 6.2479194794414405e-06
2.56039990234375 3.5842099459841845e-05
2.56139990234375 9.026870131492615e-05
2.56239990234375 3.903497165689866e-05
2.56339990234375 2.2262954075002265e-05
2.56439990234375 3.560553692902128e-05
2.56539990234375 2.086402064448952e-05
2.56639990234375 1.417692277219255e-05
2.56739990234375 8.895537039885917e-05
2.56839990234375 5.996275848398606e-05
2.56939990234375 1.6079802608851186e-05
2.57039990234375 6.097222523142894e-05
2.57139990234375 3.186508229261994e-05
2.57239990234375 7.937873248010874e-05
2.57339990234375 0.00010589756610933124
2.57439990234375 8.373082304994265e-05
2.57539990234375 8.241653287162384e-05
2.57639990234375 0.0001525713037699461
2.57739990234375 9.999999939225291e-11
2.57839990234375 5.027442161614696e-05
2.57939990234375 5.286524960901022e-05
2.58039990234375 8.832714438878674e-05
2.58139990234375 6.25229867095071e-05
2.58239990234375 9.999999939225291e-11
2.58339990234375 0.00016641450424989063
2.58439990234375 1.494670913451716e-05
2.58539990234375 1.6566693394247283e-05
2.58639990234375 6.230406920995673e-05
2.58739990234375 4.530578541258971e-05
2.58839990234375 1.0173363377763422e-05
2.58939990234375 4.512365360253234e-05
2.59039990234375 9.578201143691936e-05
2.59139990234375 5.361538438592106e-05
2.59239990234375 1.367273717161943e-05
2.59339990234375 2.2992157959125238e-05
2.59439990234375 4.8215774198373153e-05
2.59539990234375 9.333396562798413e-06
2.59639990234375 1.255096010062277e-05
2.59739990234375 0.00018000876841445764
2.59839990234375 7.983430288732051e-05
2.59939990234375 9.999999939225291e-11
2.60039990234375 5.331831669875164e-05
