microns transmission
0.4003999938964844 9.999999939225291e-11
0.4013999938964844 1.1268403563136076e-07
0.4023999938964844 4.668720005914414e-07
0.4033999938964844 9.999999939225291e-11
0.4043999938964844 5.577983635400111e-07
0.4053999938964844 9.999999939225291e-11
0.4063999938964844 1.936341693860773e-07
0.4073999938964844 9.999999939225291e-11
0.40839999389648435 5.0565532342024725e-08
0.40939999389648435 4.7385565971798844e-08
0.41039999389648435 3.5106659349063797e-07
0.41139999389648435 5.497860668886763e-07
0.41239999389648435 2.8314173202185585e-07
0.41339999389648435 9.999999939225291e-11
0.41439999389648435 9.999999939225291e-11
0.41539999389648435 2.9723523160403904e-07
0.41639999389648436 2.8465411355445745e-08
0.41739999389648436 2.632996377845605e-07
0.41839999389648436 2.7157557974296274e-08
0.41939999389648436 9.999999939225291e-11
0.42039999389648436 9.999999939225291e-11
0.42139999389648436 4.143635669606738e-07
0.42239999389648436 1.1217747133566527e-07
0.42339999389648436 9.999999939225291e-11
0.42439999389648436 1.26442291919678e-07
0.42539999389648436 7.630330168595379e-08
0.42639999389648436 6.203966596155889e-08
0.42739999389648436 2.874264353044017e-08
0.42839999389648437 6.42020320581101e-08
0.42939999389648437 9.999999939225291e-11
0.43039999389648437 4.61969680879785e-09
0.43139999389648437 5.157939941824452e-09
0.43239999389648437 5.778906544406936e-09
0.43339999389648437 9.999999939225291e-11
0.43439999389648437 2.566798593761632e-07
0.43539999389648437 9.999999939225291e-11
0.4363999938964844 9.999999939225291e-11
0.4373999938964844 1.0555466430991108e-07
0.4383999938964844 2.6913331362029188e-08
0.4393999938964844 2.7973514177640858e-08
0.4403999938964844 1.4774883463057144e-07
0.4413999938964844 7.676013205800322e-09
0.4423999938964844 2.1677637050743216e-07
0.4433999938964844 9.999999939225291e-11
0.4443999938964844 8.548313149188877e-08
0.4453999938964844 9.446939086110718e-08
0.4463999938964844 1.407323331174363e-07
0.4473999938964844 6.02684910215127e-08
0.4483999938964844 5.127623272353314e-08
0.4493999938964844 1.2077173270341745e-08
0.4503999938964844 1.907371643028455e-07
0.4513999938964844 9.999999939225291e-11
0.4523999938964844 4.026310074678463e-08
0.4533999938964844 3.7283019169720435e-08
0.4543999938964844 5.498497289776101e-08
0.4553999938964844 1.0593051112728347e-07
0.4563999938964844 9.999999939225291e-11
0.4573999938964844 2.2434626771428155e-07
0.4583999938964844 1.2166924534540158e-07
0.4593999938964844 2.0232406109007194e-08
0.4603999938964844 5.4584235889739336e-08
0.4613999938964844 2.1764099680391762e-07
0.4623999938964844 1.4642906873696404e-07
0.4633999938964844 1.1586693325386457e-07
0.4643999938964844 5.2418788690407793e-08
0.4653999938964844 2.299823972862214e-07
0.4663999938964844 9.999999939225291e-11
0.4673999938964844 2.0592564624166697e-07
0.4683999938964844 9.999999939225291e-11
0.4693999938964844 4.604203311349882e-08
0.47039999389648435 4.403244964793866e-08
0.47139999389648435 3.707630131799533e-09
0.47239999389648435 9.139691766968383e-08
0.47339999389648435 9.999999939225291e-11
0.47439999389648435 1.2180304146329016e-07
0.47539999389648435 8.558286400154694e-08
0.47639999389648435 5.326476406608549e-08
0.47739999389648435 4.068522457600921e-08
0.47839999389648435 1.151878859673161e-07
0.47939999389648436 8.155433632121382e-09
0.48039999389648436 7.052509994665001e-08
0.48139999389648436 9.999999939225291e-11
0.48239999389648436 1.062116613296619e-07
0.48339999389648436 1.256276076559241e-07
0.48439999389648436 7.713622264482467e-08
0.48539999389648436 1.0685136390205704e-07
0.48639999389648436 1.582640620393742e-07
0.48739999389648436 9.999999939225291e-11
0.48839999389648436 8.992604004257978e-08
0.48939999389648436 1.0437420501515267e-07
0.49039999389648437 9.999999939225291e-11
0.49139999389648437 7.185453260542355e-08
0.49239999389648437 9.975696760496553e-08
0.49339999389648437 8.051006635293826e-08
0.49439999389648437 9.999999939225291e-11
0.49539999389648437 9.999999939225291e-11
0.49639999389648437 5.0053765736635114e-08
0.49739999389648437 2.3665010401667054e-08
0.4983999938964844 1.4569236590193194e-07
0.4993999938964844 3.6929526432416535e-08
0.5003999938964844 2.6953124786880757e-08
0.5013999938964844 2.254332798656833e-07
0.5023999938964844 9.018013537698266e-08
0.5033999938964844 1.867481003022438e-08
0.5043999938964844 9.999999939225291e-11
0.5053999938964844 4.7606200291501936e-08
0.5063999938964844 5.370089709207567e-08
0.5073999938964844 9.999999939225291e-11
0.5083999938964844 3.8673226185892416e-08
0.5093999938964844 1.9099159847731545e-07
0.5103999938964844 4.8989903662643995e-08
0.5113999938964844 9.999999939225291e-11
0.5124000244140625 9.999999939225291e-11
0.5134000244140625 1.0222819681141952e-08
0.5144000244140625 2.1472006460262113e-08
0.5154000244140625 4.986093466996522e-08
0.5164000244140625 6.675591329200851e-08
0.5174000244140625 1.830847354907424e-08
0.5184000244140625 1.57902929534733e-07
0.5194000244140625 2.9105080227391034e-08
0.5204000244140625 4.649243307971081e-08
0.5214000244140625 1.0531793221228252e-08
0.5224000244140625 9.999999939225291e-11
0.5234000244140625 1.8075600564770865e-07
0.5244000244140625 2.546668535311862e-07
0.5254000244140625 8.200701848852057e-08
0.5264000244140625 7.275367617391264e-08
0.5274000244140625 6.521996884482443e-08
0.5284000244140625 2.4341110474779273e-07
0.5294000244140625 3.7029783065041974e-08
0.5304000244140625 2.1496967140895624e-07
0.5314000244140625 7.316799115327418e-08
0.5324000244140625 1.013868650752888e-07
0.5334000244140625 9.999999939225291e-11
0.5344000244140625 2.707494301527428e-07
0.5354000244140625 4.9091799253867903e-08
0.5364000244140625 1.2994863401042757e-07
0.5374000244140625 7.24514219048918e-08
0.5384000244140625 8.7628462400365e-08
0.5394000244140625 2.6610159996683555e-07
0.5404000244140625 9.999999939225291e-11
0.5414000244140625 5.99628522953329e-08
0.5424000244140625 7.567476808745255e-08
0.5434000244140625 2.563875235258213e-07
0.5444000244140625 2.393487375229597e-07
0.5454000244140625 2.825615047186147e-07
0.5464000244140625 9.185019935742389e-09
0.5474000244140625 4.498553375142933e-08
0.5484000244140625 6.919923215479667e-08
0.5494000244140625 1.9628910498189118e-07
0.5504000244140625 1.7664732088936337e-07
0.5514000244140626 7.69859987255946e-08
0.5524000244140626 9.626972238644762e-08
0.5534000244140626 2.0893567350318183e-09
0.5544000244140626 7.745910235890107e-08
0.5554000244140626 1.5804047239183678e-07
0.5564000244140626 2.2549472305399832e-07
0.5574000244140624 2.3922466425574384e-07
0.5584000244140624 5.1558027935882934e-08
0.5594000244140624 2.7549202665492585e-07
0.5604000244140624 2.6046830801836527e-07
0.5614000244140624 1.455552198118918e-07
0.5624000244140624 9.999999939225291e-11
0.5634000244140625 2.3918126923187326e-07
0.5644000244140625 5.6511191578086553e-08
0.5654000244140625 2.2518363342290587e-07
0.5664000244140625 7.249683863304786e-08
0.5674000244140625 1.9644916490572463e-08
0.5684000244140625 8.801444017751217e-08
0.5694000244140625 2.316764716070452e-08
0.5704000244140625 8.928913338183501e-08
0.5714000244140625 7.442361493303907e-08
0.5724000244140625 2.4279313087423778e-08
0.5734000244140625 6.535300748270838e-08
0.5744000244140625 4.444413305530286e-09
0.5754000244140625 1.9780249302196275e-08
0.5764000244140625 3.544366710054684e-08
0.5774000244140625 9.999999939225291e-11
0.5784000244140625 1.6353463287247888e-07
0.5794000244140625 9.999999939225291e-11
0.5804000244140625 2.1758542766055674e-08
0.5814000244140625 9.999999939225291e-11
0.5824000244140625 8.809327517826185e-08
0.5834000244140625 9.999999939225291e-11
0.5844000244140625 5.401997325016339e-08
0.5854000244140625 9.999999939225291e-11
0.5864000244140625 2.566378950241699e-08
0.5874000244140625 2.430195937819235e-09
0.5884000244140625 9.999999939225291e-11
0.5894000244140625 9.999999939225291e-11
0.5904000244140625 9.999999939225291e-11
0.5914000244140625 9.999999939225291e-11
0.5924000244140625 9.999999939225291e-11
0.5934000244140625 1.2849756214627917e-07
0.5944000244140625 9.999999939225291e-11
0.5954000244140625 9.999999939225291e-11
0.5964000244140625 2.235533348364053e-08
0.5974000244140625 1.0377865438115919e-08
0.5984000244140625 2.949413472859893e-08
0.5994000244140625 1.3206862702711913e-08
0.6004000244140625 1.6121796848622694e-08
0.6014000244140625 9.999999939225291e-11
0.6024000244140625 4.054536545912886e-08
0.6034000244140625 1.963952318699095e-08
0.6044000244140625 9.999999939225291e-11
0.6054000244140625 9.999999939225291e-11
0.6064000244140625 9.999999939225291e-11
0.6074000244140625 9.999999939225291e-11
0.6084000244140625 9.999999939225291e-11
0.6094000244140625 9.999999939225291e-11
0.6104000244140625 6.1404234881952865e-09
0.6114000244140625 1.2980039271563253e-08
0.6124000244140625 1.3601850188393882e-08
0.6134000244140625 9.241616627519989e-09
0.6144000244140625 9.999999939225291e-11
0.6154000244140625 9.999999939225291e-11
0.6164000244140625 9.999999939225291e-11
0.6174000244140625 9.999999939225291e-11
0.6184000244140625 9.999999939225291e-11
0.6194000244140625 2.4895846255645893e-08
0.6204000244140625 5.46989341347152e-08
0.6214000244140625 9.999999939225291e-11
0.6224000244140625 9.999999939225291e-11
0.6234000244140625 9.999999939225291e-11
0.6244000244140625 9.999999939225291e-11
0.6254000244140625 9.999999939225291e-11
0.6264000244140625 9.999999939225291e-11
0.6274000244140625 9.999999939225291e-11
0.6284000244140625 9.999999939225291e-11
0.6294000244140625 9.999999939225291e-11
0.6304000244140625 9.999999939225291e-11
0.6314000244140625 9.999999939225291e-11
0.6324000244140625 9.999999939225291e-11
0.6334000244140625 9.999999939225291e-11
0.6344000244140625 9.999999939225291e-11
0.6354000244140625 9.999999939225291e-11
0.6364000244140625 9.999999939225291e-11
0.6374000244140625 9.999999939225291e-11
0.6384000244140625 6.518226450443384e-09
0.6394000244140625 9.999999939225291e-11
0.6404000244140625 9.999999939225291e-11
0.6414000244140625 9.999999939225291e-11
0.6424000244140625 9.999999939225291e-11
0.6434000244140625 1.4525936216832254e-08
0.6444000244140625 9.999999939225291e-11
0.6454000244140625 9.999999939225291e-11
0.6464000244140625 9.999999939225291e-11
0.6474000244140625 9.999999939225291e-11
0.6484000244140625 9.999999939225291e-11
0.6494000244140625 9.999999939225291e-11
0.6504000244140625 9.999999939225291e-11
0.6514000244140625 9.999999939225291e-11
0.6524000244140625 9.999999939225291e-11
0.6534000244140625 1.9710247010825318e-08
0.6544000244140625 9.999999939225291e-11
0.6554000244140625 9.999999939225291e-11
0.6564000244140625 9.999999939225291e-11
0.6574000244140625 9.999999939225291e-11
0.6584000244140625 9.999999939225291e-11
0.6594000244140625 2.2701135549141326e-08
0.6604000244140625 6.135270063841366e-09
0.6614000244140625 3.111486643447847e-08
0.6624000244140625 2.6683195854341572e-08
0.6634000244140625 9.999999939225291e-11
0.6644000244140625 3.664246600365573e-08
0.6654000244140625 3.812078410862322e-08
0.6664000244140625 9.999999939225291e-11
0.6674000244140625 9.999999939225291e-11
0.6684000244140625 9.999999939225291e-11
0.6694000244140625 6.95149325717163e-08
0.6704000244140625 9.999999939225291e-11
0.6714000244140625 1.844244019721941e-08
0.6724000244140625 9.999999939225291e-11
0.6734000244140625 9.999999939225291e-11
0.6744000244140625 3.5175799689331674e-08
0.6754000244140625 9.999999939225291e-11
0.6764000244140626 2.2159029663034365e-08
0.6774000244140626 9.999999939225291e-11
0.6784000244140626 9.999999939225291e-11
0.6794000244140626 9.999999939225291e-11
0.6804000244140626 9.999999939225291e-11
0.6814000244140626 9.999999939225291e-11
0.6824000244140624 1.6413703125550683e-08
0.6834000244140624 9.999999939225291e-11
0.6844000244140624 9.999999939225291e-11
0.6854000244140624 2.745733276003174e-08
0.6864000244140624 3.463986780971595e-08
0.6874000244140624 9.999999939225291e-11
0.6884000244140625 9.999999939225291e-11
0.6894000244140625 9.999999939225291e-11
0.6904000244140625 3.473880001732728e-08
0.6914000244140625 9.999999939225291e-11
0.6924000244140625 9.217490006818708e-09
0.6934000244140625 9.07363789526272e-08
0.6944000244140625 1.202670154043517e-07
0.6954000244140625 9.999999939225291e-11
0.6964000244140625 3.991728019236973e-08
0.6974000244140625 9.999999939225291e-11
0.6984000244140625 9.999999939225291e-11
0.6994000244140625 1.6121617386251802e-08
0.7004000244140625 5.612389812152211e-09
0.7014000244140625 3.027849349024336e-09
0.7024000244140625 1.4386463688490873e-08
0.7034000244140625 9.999999939225291e-11
0.7044000244140625 5.310766878115677e-10
0.7054000244140625 6.488666293750593e-08
0.7064000244140625 9.999999939225291e-11
0.7074000244140625 9.999999939225291e-11
0.7084000244140625 9.999999939225291e-11
0.7094000244140625 1.6005938732632785e-07
0.7104000244140625 2.066342929059791e-08
0.7114000244140625 9.999999939225291e-11
0.7124000244140625 9.999999939225291e-11
0.7134000244140625 9.999999939225291e-11
0.7144000244140625 6.247106961509984e-08
0.7154000244140625 2.0474074009513287e-08
0.7164000244140625 9.999999939225291e-11
0.7174000244140625 9.999999939225291e-11
0.7184000244140625 3.526623377917796e-08
0.7194000244140625 7.99173304658988e-08
0.7204000244140625 4.07264673540908e-09
0.7214000244140625 9.879207896486739e-08
0.7224000244140625 1.97539827428983e-08
0.7234000244140625 9.999999939225291e-11
0.7244000244140625 3.0009522864323417e-07
0.7254000244140625 1.1255629977983498e-07
0.7264000244140625 9.565442077234347e-08
0.7274000244140625 9.999999939225291e-11
0.7284000244140625 9.25329777334838e-08
0.7294000244140625 1.297761805781524e-07
0.7304000244140625 2.297853643540293e-07
0.7314000244140625 1.074020056949602e-07
0.7324000244140625 1.6473963618442628e-08
0.7334000244140625 1.4528495360840075e-07
0.7344000244140625 9.999999939225291e-11
0.7354000244140625 9.999999939225291e-11
0.7364000244140625 1.976204453058017e-07
0.7374000244140625 2.2362453819368966e-07
0.7384000244140625 8.730318197258669e-08
0.7394000244140625 1.9940310302205926e-07
0.7404000244140625 3.7049601306904375e-08
0.7414000244140625 4.600579884458019e-08
0.7424000244140625 9.999999939225291e-11
0.7434000244140625 3.01275796192139e-08
0.7444000244140625 1.4659597373641495e-07
0.7454000244140625 9.999999939225291e-11
0.7464000244140625 4.6707134462309344e-08
0.7474000244140625 5.797153218800588e-08
0.7484000244140625 9.842608541236567e-08
0.7494000244140625 1.1770251603593352e-07
0.7504000244140625 9.999999939225291e-11
0.7514000244140625 2.3642535929013774e-09
0.7524000244140625 8.84712672396167e-08
0.7534000244140625 9.218233723610562e-08
0.7544000244140625 4.5649734700485093e-08
0.7554000244140625 1.5495497220463506e-07
0.7564000244140625 3.679385311746349e-07
0.7574000244140625 2.5322238998981562e-08
0.7584000244140625 2.848726474743065e-07
0.7594000244140625 9.999999939225291e-11
0.7604000244140625 3.3840053826376485e-07
0.7614000244140625 1.1276711802565843e-07
0.7624000244140625 7.220492190818106e-08
0.7634000244140625 1.6170766479935612e-08
0.7644000244140625 1.0890329915191899e-07
0.7654000244140625 9.999999939225291e-11
0.7664000244140625 1.9919586859096226e-07
0.7674000244140625 6.541653662376727e-07
0.7684000244140625 1.3090364010537314e-08
0.7694000244140625 9.999999939225291e-11
0.7704000244140625 1.3636296933997963e-07
0.7714000244140625 9.680703512889485e-08
0.7724000244140625 2.0209815753939135e-07
0.7734000244140625 1.894566003102227e-07
0.7744000244140625 5.27482649583059e-07
0.7754000244140625 5.528503071043171e-08
0.7764000244140625 2.735749000937204e-07
0.7774000244140625 9.129953539262678e-08
0.7784000244140625 9.999999939225291e-11
0.7794000244140625 3.1536953827071556e-07
0.7804000244140625 1.3374793320271767e-08
0.7814000244140625 2.8810919297702262e-08
0.7824000244140625 1.9691594540442263e-07
0.7834000244140625 9.999999939225291e-11
0.7844000244140625 2.798796413117088e-07
0.7854000244140625 2.9547919234336937e-08
0.7864000244140625 9.999999939225291e-11
0.7874000244140625 3.177979851898272e-07
0.7884000244140625 9.999999939225291e-11
0.7894000244140625 4.2085100211567786e-07
0.7904000244140625 9.999999939225291e-11
0.7914000244140625 3.1901133332882614e-07
0.7924000244140625 1.6784993726777958e-08
0.7934000244140625 2.574249022776106e-07
0.7944000244140625 2.3385287628722532e-07
0.7954000244140625 9.999999939225291e-11
0.7964000244140625 3.400596516082525e-08
0.7974000244140625 1.9712623760585284e-07
0.7984000244140625 5.5978199065738936e-08
0.7994000244140625 7.50914429469655e-07
0.8004000244140625 6.544528917348985e-08
0.8014000244140626 1.0000000000000002e-10
0.8024000244140626 2.106355291175925e-07
0.8034000244140626 2.2423836336247472e-07
0.8044000244140626 2.2483521709458429e-07
0.8054000244140626 3.7104373755410064e-08
0.8064000244140626 3.453845432557509e-07
0.8074000244140624 1.3351696200209284e-07
0.8084000244140624 2.733556161544742e-07
0.8094000244140624 3.0315827414621557e-09
0.8104000244140624 1.0000000000000002e-10
0.8114000244140624 1.9906330166328018e-07
0.8124000244140624 1.0000000000000002e-10
0.8134000244140625 1.4377578815283696e-07
0.8144000244140625 7.436088776508078e-08
0.8154000244140625 1.0000000000000002e-10
0.8164000244140625 6.462967276578788e-08
0.8174000244140625 1.0000000000000002e-10
0.8184000244140625 1.4776672397090685e-08
0.8194000244140625 6.482026989635319e-08
0.8204000244140625 2.0756741464314641e-07
0.8214000244140625 1.0000000000000002e-10
0.8224000244140625 1.0315430063970819e-07
0.8234000244140625 1.3262382095938543e-07
0.8244000244140625 1.0000000000000002e-10
0.8254000244140625 1.0000000000000002e-10
0.8264000244140625 1.0000000000000002e-10
0.8274000244140625 1.0000000000000002e-10
0.8284000244140625 1.0000000000000002e-10
0.8294000244140625 4.500202929122316e-08
0.8304000244140625 1.9261871710055013e-07
0.8314000244140625 1.6981504987363156e-07
0.8324000244140625 1.293599136502097e-07
0.8334000244140625 4.481151212035596e-08
0.8344000244140625 1.0000000000000002e-10
0.8354000244140625 1.3510428300009578e-07
0.8364000244140625 3.9387582423575957e-07
0.8374000244140625 1.5907589157068388e-07
0.8384000244140625 1.0735287853520952e-07
0.8394000244140625 1.0000000000000002e-10
0.8404000244140625 1.0000000000000002e-10
0.8414000244140625 1.0000000000000002e-10
0.8424000244140625 3.82580353404521e-07
0.8434000244140625 5.39531198610871e-07
0.8444000244140625 2.1760740201388652e-07
0.8454000244140625 2.229399621195928e-08
0.8464000244140625 1.0000000000000002e-10
0.8474000244140625 2.988999593666491e-07
0.8484000244140625 1.0000000000000002e-10
0.8494000244140625 1.0000000000000002e-10
0.8504000244140625 6.45492534855351e-08
0.8514000244140625 1.0000000000000002e-10
0.8524000244140625 9.311259834887993e-08
0.8534000244140625 1.0000000000000002e-10
0.8544000244140625 2.760480769274789e-07
0.8554000244140625 1.0000000000000002e-10
0.8564000244140625 1.8197937243057082e-07
0.8574000244140625 1.0000000000000002e-10
0.8584000244140625 2.9278217181908334e-07
0.8594000244140625 1.4182738680000495e-07
0.8604000244140625 2.4589189221635013e-07
0.8614000244140625 5.987749745964057e-07
0.8624000244140625 1.0000000000000002e-10
0.8634000244140625 5.31775729452394e-07
0.8644000244140625 1.0000000000000002e-10
0.8654000244140625 1.0000000000000002e-10
0.8664000244140625 4.6411590637849427e-07
0.8674000244140625 1.0000000000000002e-10
0.8684000244140625 1.4838453019409848e-06
0.8694000244140625 1.0000000000000002e-10
0.8704000244140625 1.0000000000000002e-10
0.8714000244140625 5.909167995641912e-07
0.8724000244140625 1.717431776106436e-07
0.8734000244140625 1.3147294855445605e-06
0.8744000244140625 1.0000000000000002e-10
0.8754000244140625 1.0000000000000002e-10
0.8764000244140625 9.543972427741871e-07
0.8774000244140625 1.0000000000000002e-10
0.8784000244140625 8.644671706844856e-07
0.8794000244140625 1.0000000000000002e-10
0.8804000244140625 1.7829871942428016e-06
0.8814000244140625 1.0000000000000002e-10
0.8824000244140625 3.7242000448569763e-06
0.8834000244140625 1.0000000000000002e-10
0.8844000244140625 1.0000000000000002e-10
0.8854000244140625 4.411749874413968e-06
0.8864000244140625 1.0000000000000002e-10
0.8874000244140625 3.007368226510224e-07
0.8884000244140625 1.0000000000000002e-10
0.8894000244140625 1.0000000000000002e-10
0.8904000244140625 1.0000000000000002e-10
0.8914000244140625 1.1565774618989245e-06
0.8924000244140625 4.0703345655796184e-06
0.8934000244140625 4.738028491867421e-07
0.8944000244140625 3.6973750392508735e-06
0.8954000244140625 3.69520786835318e-06
0.8964000244140625 1.0000000000000002e-10
0.8974000244140625 5.462938117666543e-06
0.8984000244140625 8.030396628447536e-06
0.8994000244140625 1.0000000000000002e-10
0.9004000244140625 9.582255000307785e-08
0.9014000244140625 6.494764661700026e-08
0.9024000244140625 2.816952409908017e-07
0.9034000244140625 6.741704053541282e-09
0.9044000244140625 1.5208970551908373e-07
0.9054000244140625 9.467844686231881e-08
0.9064000244140625 1.324698495279731e-07
0.9074000244140625 2.1114794937321953e-07
0.9084000244140625 6.695275789105799e-09
0.9094000244140625 7.454309765558631e-08
0.9104000244140625 1.0000000000000002e-10
0.9114000244140625 7.083934925224366e-08
0.9124000244140625 4.0386167577838146e-08
0.9134000244140625 7.877337827113609e-08
0.9144000244140625 1.2651495256625265e-07
0.9154000244140625 1.6319668548039595e-07
0.9164000244140625 1.1861186947565793e-07
0.9174000244140625 2.7049184675029814e-07
0.9184000244140625 2.2733114324397895e-07
0.9194000244140625 2.586100153136435e-07
0.9204000244140625 3.308890588102441e-07
0.9214000244140625 2.9052652331723187e-07
0.9224000244140625 4.299742048226317e-07
0.9234000244140625 2.9132668295903054e-07
0.9244000244140625 4.1509897884178473e-07
0.9254000244140625 3.4348082709466936e-07
0.9264000244140626 2.2411185019122404e-07
0.9274000244140626 1.5638695225967142e-07
0.9284000244140626 1.9343806490954555e-07
0.9294000244140626 1.220855319935336e-07
0.9304000244140626 1.8143113397850028e-07
0.9314000244140626 1.2415196823387202e-07
0.9324000244140624 1.324193891037819e-07
0.9334000244140624 3.4325047982235755e-07
0.9344000244140624 2.1311557442989244e-07
0.9354000244140624 2.3043874641378528e-07
0.9364000244140624 3.217695876808726e-07
0.9374000244140624 4.224008583058607e-07
0.9384000244140625 2.936743011871097e-07
0.9394000244140625 4.792640947833357e-07
0.9404000244140625 5.850960591796834e-07
0.9414000244140625 6.272277582475354e-07
0.9424000244140625 7.023102502334536e-07
0.9434000244140625 8.09952710285255e-07
0.9444000244140625 8.300852483984067e-07
0.9454000244140625 9.18946472490964e-07
0.9464000244140625 7.955477229112076e-07
0.9474000244140625 7.286912976143903e-07
0.9484000244140625 6.473627261806442e-07
0.9494000244140625 3.3382990434022724e-07
0.9504000244140625 3.772677361284011e-07
0.9514000244140625 3.697285733497822e-07
0.9524000244140625 6.994207024016308e-08
0.9534000244140625 1.6730312997646407e-07
0.9544000244140625 1.4424412979467344e-07
0.9554000244140625 7.648502148173797e-08
0.9564000244140625 2.4846247727182153e-07
0.9574000244140625 5.4359417210901206e-08
0.9584000244140625 4.7598966485089506e-08
0.9594000244140625 1.0127021220136629e-07
0.9604000244140625 3.283246870664786e-07
0.9614000244140625 4.7177886366313305e-07
0.9624000244140625 3.68758822889376e-07
0.9634000244140625 5.198636527794929e-07
0.9644000244140625 7.377333523205637e-07
0.9654000244140625 6.986969154969517e-07
0.9664000244140625 6.589528368484494e-07
0.9674000244140625 8.678584692275065e-07
0.9684000244140625 6.427457120271693e-07
0.9694000244140625 5.896523408813883e-07
0.9704000244140625 2.284508519569461e-07
0.9714000244140625 4.00444122768525e-07
0.9724000244140625 3.677189361615557e-07
0.9734000244140625 2.690511440013903e-07
0.9744000244140625 1.947706896392187e-07
0.9754000244140625 2.6201599739948985e-07
0.9764000244140625 2.674603724226224e-07
0.9774000244140625 1.212693925073299e-07
0.9784000244140625 1.754213508442609e-07
0.9794000244140625 1.883810828607671e-07
0.9804000244140625 3.075127053415459e-07
0.9814000244140625 2.3729155809822055e-07
0.9824000244140625 2.960860212125243e-07
0.9834000244140625 1.4410609374369313e-07
0.9844000244140625 1.885706386768905e-07
0.9854000244140625 1.8727632222563655e-07
0.9864000244140625 1.107916491612191e-07
0.9874000244140625 1.510855956117615e-07
0.9884000244140625 2.4047484861086766e-07
0.9894000244140625 2.572303383595907e-07
0.9904000244140625 2.3931959102410375e-07
0.9914000244140625 6.271829969063855e-08
0.9924000244140625 2.6480485847130785e-07
0.9934000244140625 2.3622705678545723e-07
0.9944000244140625 3.797033318175284e-07
0.9954000244140625 4.377208208747235e-07
0.9964000244140625 4.952187036984415e-07
0.9974000244140625 5.729191738513523e-07
0.9984000244140625 4.264405492064143e-07
0.9994000244140625 7.021645264439025e-07
1.0004000244140625 5.263231116880464e-07
1.0014000244140624 7.235495016969888e-07
1.0024000244140625 9.39144456776712e-07
1.0034000244140624 1.3773064832397116e-06
1.0044000244140625 4.816087164005722e-07
1.0054000244140624 9.999999939225291e-11
1.0064000244140625 1.2678406683826657e-06
1.0074000244140624 2.058677637251094e-06
1.0084000244140625 5.036493419060169e-08
1.0094000244140624 2.0860790000861346e-06
1.0104000244140625 9.999999939225291e-11
1.0114000244140624 5.170883566959124e-07
1.0124000244140625 9.999999939225291e-11
1.0134000244140624 3.0892309829747926e-06
1.0144000244140625 1.8349049059906975e-06
1.0154000244140624 9.119399908019688e-07
1.0164000244140625 2.3112616421598154e-06
1.0174000244140624 4.960117897893449e-07
1.0184000244140625 4.914356005010964e-07
1.0194000244140624 9.999999939225291e-11
1.0204000244140625 2.0134160341337785e-07
1.0214000244140624 3.3673445917277906e-06
1.0224000244140625 9.999999939225291e-11
1.0234000244140624 4.456056922208518e-06
1.0244000244140625 9.999999939225291e-11
1.0254000244140624 2.0967073214706034e-06
1.0264000244140625 3.2350607216358184e-06
1.0274000244140624 9.183566430159829e-07
1.0284000244140625 4.271315556252375e-06
1.0294000244140624 9.999999939225291e-11
1.0304000244140625 1.8016042940871558e-06
1.0314000244140624 3.068403699823345e-06
1.0324000244140625 1.3651506836935093e-06
1.0334000244140624 1.2279197687536936e-06
1.0344000244140625 8.452523468083228e-07
1.0354000244140624 1.957041308209284e-07
1.0364000244140625 9.90644557884816e-07
1.0374000244140624 2.9321977682054507e-07
1.0384000244140625 1.6464377862461057e-06
1.0394000244140624 5.313233520798377e-07
1.0404000244140625 1.4425949393626069e-06
1.0414000244140624 2.702293616797154e-06
1.0424000244140625 9.999999939225291e-11
1.0434000244140624 1.1271051607764093e-06
1.0444000244140625 1.7785083373874264e-06
1.0454000244140624 1.2726566101998551e-07
1.0464000244140625 8.13913342172512e-07
1.0474000244140624 8.494713326830569e-08
1.0484000244140625 9.999999939225291e-11
1.0494000244140624 1.5730810116298955e-06
1.0504000244140625 1.7098519553352766e-06
1.0514000244140624 1.2746372127973396e-06
1.0524000244140626 7.235599351170426e-07
1.0534000244140624 5.453743210104278e-07
1.0544000244140626 5.103643559056792e-07
1.0554000244140624 2.6241606438640966e-07
1.0564000244140626 3.535756642196001e-07
1.0574000244140624 9.999999939225291e-11
1.0584000244140626 7.378195357166106e-07
1.0594000244140624 6.133848216638427e-07
1.0604000244140626 5.738270141719681e-08
1.0614000244140624 9.999999939225291e-11
1.0624000244140626 6.879321248446739e-07
1.0634000244140625 2.6817633988684975e-06
1.0644000244140626 3.014594258274883e-06
1.0654000244140625 9.999999939225291e-11
1.0664000244140626 6.146819888345571e-07
1.0674000244140625 1.8982623199311396e-06
1.0684000244140626 8.527579673452597e-07
1.0694000244140625 9.999999939225291e-11
1.0704000244140626 2.060920487565454e-06
1.0714000244140625 3.0964762794738474e-07
1.0724000244140626 9.999999939225291e-11
1.0734000244140625 1.1554000081748227e-06
1.0744000244140626 2.5177160546026775e-08
1.0754000244140625 1.9712826613134855e-07
1.0764000244140626 8.08781024789577e-08
1.0774000244140625 5.92200686491869e-07
1.0784000244140626 6.416999962688408e-07
1.0794000244140625 6.17915327385532e-07
1.0804000244140626 2.0206513200449193e-08
1.0814000244140625 1.3607203679081672e-06
1.0824000244140626 9.557603186483021e-07
1.0834000244140625 1.5059780222751821e-06
1.0844000244140626 1.0991343585805188e-07
1.0854000244140625 9.999999939225291e-11
1.0864000244140626 8.285410728792186e-07
1.0874000244140625 7.530463972216239e-07
1.0884000244140626 3.351686886047626e-07
1.0894000244140625 3.1804933412852654e-08
1.0904000244140626 1.00213341890291e-06
1.0914000244140625 9.999999939225291e-11
1.0924000244140626 2.5822336925015084e-07
1.0934000244140625 1.1752205197505343e-06
1.0944000244140626 1.395805342211768e-07
1.0954000244140625 2.12369195651263e-06
1.0964000244140626 1.727995986584574e-06
1.0974000244140625 9.999999939225291e-11
1.0984000244140626 1.653496059335069e-06
1.0994000244140625 1.629758335184306e-06
1.1004000244140626 1.3757530151033613e-06
1.1014000244140625 2.6865720671291156e-06
1.1024000244140626 9.999999939225291e-11
1.1034000244140625 7.434493549111447e-07
1.1044000244140626 5.073634963270734e-07
1.1054000244140625 1.297076693541991e-06
1.1064000244140626 1.4376843319041654e-06
1.1074000244140625 1.6580717783654108e-06
1.1084000244140626 6.987741444882307e-07
1.1094000244140625 2.2872559151565498e-07
1.1104000244140626 2.979017100261198e-07
1.1114000244140625 8.538309702998958e-07
1.1124000244140626 2.0616259497489392e-07
1.1134000244140625 6.5664497353346e-07
1.1144000244140626 7.033476598620562e-07
1.1154000244140625 9.824138976188834e-07
1.1164000244140626 5.554176648499739e-07
1.1174000244140625 5.14192331539931e-07
1.1184000244140626 6.52747325246376e-07
1.1194000244140625 2.0928526403925693e-06
1.1204000244140624 9.999999939225291e-11
1.1214000244140625 1.3020282009771713e-06
1.1224000244140624 1.138935028090297e-06
1.1234000244140625 1.0326676369132315e-07
1.1244000244140624 2.304181365501516e-07
1.1254000244140625 8.361046585451486e-07
1.1264000244140624 8.021167472064643e-07
1.1274000244140625 9.64392202149611e-07
1.1284000244140624 5.684580241371861e-07
1.1294000244140625 1.959640367556285e-06
1.1304000244140624 9.4680740100254e-07
1.1314000244140625 1.3255936304516306e-06
1.1324000244140624 1.2211667827196257e-06
1.1334000244140625 9.999999939225291e-11
1.1344000244140624 9.999999939225291e-11
1.1354000244140625 4.160956984075407e-06
1.1364000244140624 9.999999939225291e-11
1.1374000244140625 3.0015519587323068e-06
1.1384000244140624 1.8447143857465895e-06
1.1394000244140625 1.8465103346176903e-06
1.1404000244140624 1.2810159579027904e-07
1.1414000244140625 6.106649716948927e-07
1.1424000244140624 3.5419467844022277e-07
1.1434000244140625 6.393327930709347e-07
1.1444000244140624 1.1921827657109436e-06
1.1454000244140625 2.99287800820854e-07
1.1464000244140624 1.747068691730173e-07
1.1474000244140625 1.4119618572294712e-06
1.1484000244140624 2.501038586840328e-07
1.1494000244140625 2.940097423446512e-07
1.1504000244140624 1.0741202383239094e-06
1.1514000244140625 1.6847167474528154e-06
1.1524000244140624 2.2535029953966537e-06
1.1534000244140625 2.8978032519629454e-07
1.1544000244140624 2.014519311840009e-07
1.1554000244140625 1.0274187727254968e-07
1.1564000244140624 6.634878722137454e-07
1.1574000244140625 9.999999939225291e-11
1.1584000244140624 2.088378775321568e-06
1.1594000244140625 1.6863786246782788e-06
1.1604000244140624 2.442067925585434e-06
1.1614000244140625 1.0333536920370533e-06
1.1624000244140624 6.204063875466421e-07
1.1634000244140625 8.167404545626293e-07
1.1644000244140624 3.622537985581431e-07
1.1654000244140625 3.0602618981726926e-07
1.1664000244140624 8.507923579485303e-07
1.1674000244140625 1.1971613700249388e-06
1.1684000244140624 6.054879580800569e-07
1.1694000244140625 2.5204230526772636e-06
1.1704000244140624 9.999999939225291e-11
1.1714000244140625 1.3460385283300033e-06
1.1724000244140624 4.5292953776273256e-07
1.1734000244140625 8.540343548890661e-07
1.1744000244140624 6.884980454439453e-07
1.1754000244140625 5.965786449942575e-07
1.1764000244140624 4.6293652338806145e-07
1.1774000244140626 6.629409532858215e-07
1.1784000244140624 2.1400846622240027e-07
1.1794000244140626 1.8301180534763262e-06
1.1804000244140624 2.4219753686338664e-06
1.1814000244140626 2.370994673886647e-06
1.1824000244140624 2.1219244081294165e-06
1.1834000244140626 4.7276871893764395e-07
1.1844000244140624 1.9763266997567066e-06
1.1854000244140626 2.081493774082806e-07
1.1864000244140624 1.0748249648410516e-06
1.1874000244140626 4.7444435717025614e-07
1.1884000244140625 6.729870653732207e-07
1.1894000244140626 1.5661649983182237e-06
1.1904000244140625 1.536112695600759e-06
1.1914000244140626 3.1785796939705806e-06
1.1924000244140625 9.999999939225291e-11
1.1934000244140626 9.999999939225291e-11
1.1944000244140625 2.6001972825421644e-06
1.1954000244140626 9.144801697402726e-07
1.1964000244140625 1.8138876960923276e-06
1.1974000244140626 1.3866804268521568e-06
1.1984000244140625 9.999999939225291e-11
1.1994000244140626 2.3356926976703105e-06
1.2004000244140625 7.852485672514102e-07
1.2014000244140626 4.292856896803698e-07
1.2024000244140625 2.7569513379906614e-06
1.2034000244140626 1.4761207542809037e-06
1.2044000244140625 1.398683622634659e-06
1.2054000244140626 1.612219367489824e-07
1.2064000244140625 9.999999939225291e-11
1.2074000244140626 2.371908388643836e-06
1.2084000244140625 1.0321436854798804e-06
1.2094000244140626 7.754679919417622e-07
1.2104000244140625 7.22313280118551e-07
1.2114000244140626 1.1554270167835056e-06
1.2124000244140625 1.1324466902085106e-06
1.2134000244140626 1.956973671137045e-06
1.2144000244140625 3.4007723757352913e-07
1.2154000244140626 9.999999939225291e-11
1.2164000244140625 1.9431176770012826e-06
1.2174000244140626 1.3966411764461858e-06
1.2184000244140625 3.997582738405706e-07
1.2194000244140626 1.9453182661285e-06
1.2204000244140625 2.404085238971732e-07
1.2214000244140626 1.515679687145166e-06
1.2224000244140625 2.676857251948661e-07
1.2234000244140626 2.379941346335457e-06
1.2244000244140625 2.5887439768427594e-07
1.2254000244140626 9.999999939225291e-11
1.2264000244140625 1.0410292937497918e-06
1.2274000244140626 2.471793316847955e-06
1.2284000244140625 3.4976794000070773e-07
1.2294000244140626 4.285660068011528e-08
1.2304000244140625 1.1567407879435148e-06
1.2314000244140626 1.815376175121249e-06
1.2324000244140625 2.832638414851374e-07
1.2334000244140626 4.921621257381048e-07
1.2344000244140625 9.564316688563205e-08
1.2354000244140626 9.999999939225291e-11
1.2364000244140625 4.937613458248317e-08
1.2374000244140626 2.3868472878045092e-06
1.2384000244140625 2.1283459985473504e-06
1.2394000244140626 9.999999939225291e-11
1.2404000244140625 3.3120383644321313e-06
1.2414000244140626 1.871124307702606e-06
1.2424000244140625 1.4469327652477658e-06
1.2434000244140626 1.1246461508562789e-06
1.2444000244140625 2.5951202648381393e-06
1.2454000244140624 1.8079466584216184e-06
1.2464000244140625 1.2014837166625842e-06
1.2474000244140624 1.4767346874577924e-06
1.2484000244140625 6.530347403780705e-07
1.2494000244140624 1.5579102910123765e-06
1.2504000244140625 1.1735364447910495e-06
1.2514000244140624 5.913774388203544e-07
1.2524000244140625 1.0908726687564042e-06
1.2534000244140624 4.392636469141564e-07
1.2544000244140625 3.2917186035774647e-06
1.2554000244140624 5.613796720845462e-07
1.2564000244140625 2.1621376799885184e-06
1.2574000244140624 1.3915770102546077e-06
1.2584000244140625 7.472901510367318e-07
1.2594000244140624 4.093690257593134e-08
1.2604000244140625 1.8836333280584464e-06
1.2614000244140624 1.2509267253335565e-06
1.2624000244140625 7.621490119843106e-07
1.2634000244140624 1.6354665907177454e-06
1.2644000244140625 1.6911640947607035e-06
1.2654000244140624 9.999999939225291e-11
1.2664000244140625 1.6669977897739349e-06
1.2674000244140624 2.3809196621490023e-06
1.2684000244140625 6.733673287702875e-08
1.2694000244140624 4.846236746137341e-06
1.2704000244140625 1.7547446960216227e-06
1.2714000244140624 3.533096821417558e-07
1.2724000244140625 2.291266961644093e-06
1.2734000244140624 2.5825157571250185e-07
1.2744000244140625 2.5385849585291e-06
1.2754000244140624 2.694464865271584e-07
1.2764000244140625 1.8557842849986627e-06
1.2774000244140624 9.999999939225291e-11
1.2784000244140625 3.6630098934805254e-07
1.2794000244140624 3.294977019929017e-06
1.2804000244140625 1.5893790017192563e-06
1.2814000244140624 5.033959869985931e-08
1.2824000244140625 1.2560489771236877e-08
1.2834000244140624 2.854820049833506e-06
1.2844000244140625 1.4034745739384866e-06
1.2854000244140624 6.558111393436168e-07
1.2864000244140625 2.5597383986071994e-06
1.2874000244140624 6.819921691203489e-07
1.2884000244140625 1.9828703079838305e-06
1.2894000244140624 2.709396455126504e-06
1.2904000244140625 1.0199716972062825e-07
1.2914000244140624 1.4505347253853293e-06
1.2924000244140625 1.4830946383881383e-06
1.2934000244140624 5.231816804377824e-08
1.2944000244140625 1.7325827017581711e-06
1.2954000244140624 2.78509534128446e-07
1.2964000244140625 1.9493983806266138e-06
1.2974000244140624 1.414085539484707e-06
1.2984000244140625 1.9744789894933963e-07
1.2994000244140624 1.2230849339781948e-06
1.3004000244140625 2.3712937642509736e-06
1.3014000244140624 9.999999939225291e-11
1.3024000244140626 9.999999939225291e-11
1.3034000244140624 2.1820976204859713e-06
1.3044000244140626 1.0451564958202652e-06
1.3054000244140624 1.0394651178291525e-06
1.3064000244140626 1.30473630732079e-07
1.3074000244140624 8.01152694949181e-07
1.3084000244140626 6.987925250238429e-07
1.3094000244140624 2.2674050220909217e-06
1.3104000244140626 8.855456542011809e-07
1.3114000244140624 1.0461283576053877e-06
1.3124000244140626 4.3920033663565526e-07
1.3134000244140625 1.421688163342575e-06
1.3144000244140626 2.2883399894150596e-06
1.3154000244140625 9.999999939225291e-11
1.3164000244140626 1.2258500646566971e-06
1.3174000244140625 2.6571186364954255e-07
1.3184000244140626 6.268009599086355e-07
1.3194000244140625 1.4540594808446864e-06
1.3204000244140626 3.332814419761595e-07
1.3214000244140625 4.776420340816637e-07
1.3224000244140626 9.999999939225291e-11
1.3234000244140625 1.6114459719762664e-06
1.3244000244140626 8.976306802536509e-07
1.3254000244140625 9.999999939225291e-11
1.3264000244140626 3.0758440940796087e-06
1.3274000244140625 9.999999939225291e-11
1.3284000244140626 2.6615386498936763e-06
1.3294000244140625 6.201061023602961e-07
1.3304000244140626 7.019021817426345e-07
1.3314000244140625 1.0014767516016339e-06
1.3324000244140626 1.31261343388663e-06
1.3334000244140625 8.197429364257639e-07
1.3344000244140626 1.7548838392637358e-06
1.3354000244140625 2.411321377924954e-06
1.3364000244140626 4.847526576856609e-07
1.3374000244140625 9.999999939225291e-11
1.3384000244140626 1.2343352682364639e-06
1.3394000244140625 6.972083402197644e-07
1.3404000244140626 2.8128660268282127e-07
1.3414000244140625 9.999999939225291e-11
1.3424000244140626 4.594933314135593e-07
1.3434000244140625 2.029075694736093e-06
1.3444000244140626 1.2966794747626408e-06
1.3454000244140625 3.487215338585277e-06
1.3464000244140626 3.966247674913603e-07
1.3474000244140625 3.9136934062729744e-07
1.3484000244140626 1.5627120444339226e-06
1.3494000244140625 7.565148162521259e-07
1.3504000244140626 2.016410338304316e-06
1.3514000244140625 1.9629852805162312e-07
1.3524000244140626 4.579535646674534e-06
1.3534000244140625 9.999999939225291e-11
1.3544000244140626 6.441027505577068e-07
1.3554000244140625 2.2081519515874484e-06
1.3564000244140626 1.7591306580773867e-06
1.3574000244140625 1.3515263075417986e-06
1.3584000244140626 2.034605956093098e-06
1.3594000244140625 2.715779943779732e-06
1.3604000244140626 1.6322739975294098e-06
1.3614000244140625 2.072578897290474e-06
1.3624000244140626 1.5853136911155494e-06
1.3634000244140625 1.1815937129237378e-06
1.3644000244140626 1.4104162013002983e-06
1.3654000244140625 1.5586736939325144e-06
1.3664000244140626 9.129559812700213e-07
1.3674000244140625 2.464824656011426e-06
1.3684000244140626 1.9140700021313962e-06
1.3694000244140625 2.5629063020460306e-06
1.3704000244140624 2.3382519915079078e-06
1.3714000244140625 1.588102656757684e-07
1.3724000244140624 7.639323252206509e-08
1.3734000244140625 3.5887380363419654e-06
1.3744000244140624 1.2745184843273214e-06
1.3754000244140625 2.0843110511729413e-06
1.3764000244140624 1.1270150908367545e-06
1.3774000244140625 1.672031357884407e-06
1.3784000244140624 1.851998055875844e-06
1.3794000244140625 2.145889569267941e-06
1.3804000244140624 4.107258670652906e-06
1.3814000244140625 2.006028322891022e-06
1.3824000244140624 3.0098667290682595e-06
1.3834000244140625 2.708722313400358e-06
1.3844000244140624 2.8391123244849343e-06
1.3854000244140625 1.6045893035461964e-06
1.3864000244140624 1.3955193666218926e-06
1.3874000244140625 2.0423968669280868e-06
1.3884000244140624 3.838253032881766e-06
1.3894000244140625 7.239699914141084e-07
1.3904000244140624 8.204871941301188e-07
1.3914000244140625 2.840177427666883e-06
1.3924000244140624 2.3538607153265426e-06
1.3934000244140625 5.45508052406755e-07
1.3944000244140624 3.3548365606724437e-07
1.3954000244140625 1.0030339857506714e-06
1.3964000244140624 2.7619413446888786e-06
1.3974000244140625 1.6559785823725784e-06
1.3984000244140624 2.077525374867643e-06
1.3994000244140625 3.4153627322730527e-07
1.4004000244140624 2.1921680308878424e-06
1.4014000244140625 2.9306126331600053e-06
1.4024000244140624 3.427819659312566e-06
1.4034000244140625 9.999999939225291e-11
1.4044000244140624 1.3643879841159409e-06
1.4054000244140625 4.6191637132627265e-06
1.4064000244140624 3.1545680246569675e-06
1.4074000244140625 9.999999939225291e-11
1.4084000244140624 2.592447369048993e-06
1.4094000244140625 3.2030186654689415e-06
1.4104000244140624 1.8402053198466697e-06
1.4114000244140625 1.0657969202535848e-06
1.4124000244140624 2.1307536371750756e-06
1.4134000244140625 1.950503895689811e-06
1.4144000244140624 2.3615730848784246e-06
1.4154000244140625 1.2834370257526947e-06
1.4164000244140624 4.686278989538551e-06
1.4174000244140625 9.999999939225291e-11
1.4184000244140624 2.8975869887896505e-06
1.4194000244140625 1.4030016366935647e-06
1.4204000244140624 1.7690183206771811e-06
1.4214000244140625 2.2305726209500183e-06
1.4224000244140624 2.57230475350904e-06
1.4234000244140625 9.999999939225291e-11
1.4244000244140624 5.126366832956346e-07
1.4254000244140625 1.3359713287967403e-06
1.4264000244140624 1.326897787900331e-06
1.4274000244140626 1.1720736654030617e-06
1.4284000244140624 1.575657064423197e-06
1.4294000244140626 2.0267555131188905e-06
1.4304000244140624 2.166596008210675e-06
1.4314000244140626 3.6925099266227336e-06
1.4324000244140624 1.4069689253422742e-06
1.4334000244140626 2.7539447182789447e-06
1.4344000244140624 1.288411968817608e-07
1.4354000244140626 3.1843807664699854e-06
1.4364000244140624 2.2730546576591827e-06
1.4374000244140626 9.04752111686354e-07
1.4384000244140625 3.2020729850046336e-06
1.4394000244140626 1.74648734779718e-06
1.4404000244140625 9.999999939225291e-11
1.4414000244140626 2.010582174989395e-06
1.4424000244140625 2.0397716434672476e-06
1.4434000244140626 3.5020855986722666e-07
1.4444000244140625 2.4782286588257803e-06
1.4454000244140626 5.192203092896364e-07
1.4464000244140625 1.1240326731609685e-08
1.4474000244140626 2.0405136405443614e-07
1.4484000244140625 3.2038369681686163e-06
1.4494000244140626 2.9895383340772243e-06
1.4504000244140625 7.679545133706019e-07
1.4514000244140626 1.632911153137684e-06
1.4524000244140625 9.177526442005757e-07
1.4534000244140626 1.1323076466585037e-06
1.4544000244140625 2.855259978484052e-06
1.4554000244140626 1.199991141523545e-06
1.4564000244140625 3.097841690760106e-06
1.4574000244140626 3.493311717951049e-06
1.4584000244140625 4.696549823239119e-07
1.4594000244140626 7.671987354000247e-07
1.4604000244140625 7.768172326905187e-07
1.4614000244140626 1.6516419176089888e-06
1.4624000244140625 1.6937027006254843e-06
1.4634000244140626 9.999999939225291e-11
1.4644000244140625 6.709750057550441e-07
1.4654000244140626 1.3469206047981665e-06
1.4664000244140625 9.999999939225291e-11
1.4674000244140626 9.223910793062136e-07
1.4684000244140625 3.5293307155370714e-06
1.4694000244140626 4.442683418777922e-08
1.4704000244140625 3.6619071033783256e-06
1.4714000244140626 2.0290453635792477e-07
1.4724000244140625 5.851583356234849e-07
1.4734000244140626 3.7423896719701588e-06
1.4744000244140625 5.017856596545301e-07
1.4754000244140626 2.2282393062293216e-06
1.4764000244140625 1.8583467196246299e-06
1.4774000244140626 2.9432896796303494e-06
1.4784000244140625 3.42097133398056e-06
1.4794000244140626 7.737657627634082e-07
1.4804000244140625 1.67037500530635e-07
1.4814000244140626 5.266637308523059e-06
1.4824000244140625 2.197589298399786e-06
1.4834000244140626 6.107202204663765e-07
1.4844000244140625 1.7660250887274743e-06
1.4854000244140626 1.9033609324233443e-06
1.4864000244140625 2.2826273440538595e-06
1.4874000244140626 3.150142680775995e-06
1.4884000244140625 1.7780225122502693e-06
1.4894000244140626 2.937496950229009e-06
1.4904000244140625 1.9962619990110395e-06
1.4914000244140626 1.3740534025904102e-06
1.4924000244140625 1.920319652223649e-06
1.4934000244140626 5.545914973481559e-07
1.4944000244140625 2.7410617137017353e-06
1.4954000244140624 1.5410689809147726e-06
1.4964000244140625 4.3356777531459535e-07
1.4974000244140624 9.61382587168676e-07
1.4984000244140625 3.7026307351576787e-06
1.4994000244140624 3.138557777256542e-07
1.5004000244140625 1.0115639304064672e-06
1.5014000244140624 2.0700006886424186e-06
1.5024000244140625 4.069369072870662e-06
1.5034000244140624 9.999999939225291e-11
1.5044000244140625 1.9703559034193555e-06
1.5054000244140624 9.999999939225291e-11
1.5064000244140625 1.4940123946871608e-06
1.5074000244140624 7.181516654479007e-07
1.5084000244140625 2.0493980264291167e-06
1.5094000244140624 2.2371209828027833e-06
1.5104000244140625 2.965094366421302e-06
1.5114000244140624 3.0862205408451383e-07
1.5124000244140625 9.172706483884241e-07
1.5134000244140624 1.8488465961012205e-06
1.5144000244140625 7.046399885209571e-07
1.5154000244140624 1.4368213305715472e-06
1.5164000244140625 3.278537672789146e-06
1.5174000244140624 1.5881886159944495e-06
1.5184000244140625 9.842076879558922e-07
1.5194000244140624 1.5392303127252185e-06
1.5204000244140625 2.3972339962104646e-06
1.5214000244140624 1.7275722927667658e-06
1.5224000244140625 1.061483750769791e-06
1.5234000244140624 1.0241091331408824e-06
1.5244000244140625 1.781582977855578e-06
1.5254000244140624 1.6016035200057862e-06
1.5264000244140625 5.4595626539052e-07
1.5274000244140624 6.576498075331709e-07
1.5284000244140625 2.94866127660498e-06
1.5294000244140624 3.10569793969447e-06
1.5304000244140625 6.520929744032362e-08
1.5314000244140624 3.382473315542237e-07
1.5324000244140625 1.223088511324022e-06
1.5334000244140624 5.830218139823983e-07
1.5344000244140625 1.4265199300892797e-06
1.5354000244140624 3.099330303181584e-06
1.5364000244140625 9.511090536040712e-07
1.5374000244140624 1.2506493294495158e-06
1.5384000244140625 2.162759701604955e-06
1.5394000244140624 9.571057914096553e-07
1.5404000244140625 9.999999939225291e-11
1.5414000244140624 1.5091521936483332e-06
1.5424000244140625 4.415185248944908e-06
1.5434000244140624 4.5260940290366604e-06
1.5444000244140625 2.4051180419822535e-06
1.5454000244140624 1.456694541654239e-06
1.5464000244140625 2.299071347806603e-06
1.5474000244140624 3.522916037278871e-06
1.5484000244140625 1.3087940263970901e-06
1.5494000244140624 2.0392669830471275e-06
1.5504000244140625 6.214816622633162e-07
1.5514000244140624 1.5729934724125392e-06
1.5524000244140626 3.0416042621557908e-06
1.5534000244140624 3.1164075526983006e-07
1.5544000244140626 2.7724535695661245e-07
1.5554000244140624 1.9139375945087523e-06
1.5564000244140626 1.345203994886172e-06
1.5574000244140624 2.1480646900033188e-07
1.5584000244140626 2.038783325891321e-06
1.5594000244140624 5.990060742266933e-07
1.5604000244140626 1.173805682859926e-06
1.5614000244140624 4.004877370838618e-06
1.5624000244140626 1.5234910191678589e-06
1.5634000244140625 1.8131211254512891e-06
1.5644000244140626 9.999999939225291e-11
1.5654000244140625 1.512835306482311e-06
1.5664000244140626 7.3052360676229e-06
1.5674000244140625 8.768239516824632e-07
1.5684000244140626 1.7039570229826496e-06
1.5694000244140625 1.6590687785840904e-06
1.5704000244140626 2.7639776817522944e-06
1.5714000244140625 2.040274324572877e-06
1.5724000244140626 3.5710643472460406e-06
1.5734000244140625 6.48009266770444e-07
1.5744000244140626 6.33397352528912e-07
1.5754000244140625 3.0352643322354804e-06
1.5764000244140626 2.6098279825722174e-06
1.5774000244140625 2.632546966196969e-06
1.5784000244140626 9.824437532982936e-07
1.5794000244140625 3.1141730141825973e-06
1.5804000244140626 1.6687217915508276e-06
1.5814000244140625 3.7827309764300784e-06
1.5824000244140626 2.7146640059072525e-06
1.5834000244140625 9.999999939225291e-11
1.5844000244140626 3.5364386955431353e-06
1.5854000244140625 6.353594748246632e-07
1.5864000244140626 5.623482718153383e-07
1.5874000244140625 3.5135466411399345e-06
1.5884000244140626 4.811759378450612e-06
1.5894000244140625 3.4705937529603643e-06
1.5904000244140626 3.925604978576303e-06
1.5914000244140625 5.811555893160403e-06
1.5924000244140626 5.821977586795887e-06
1.5934000244140625 7.1966421091929075e-06
1.5944000244140626 9.007377472395697e-06
1.5954000244140625 1.7334513443832597e-05
1.5964000244140626 1.8014936552693444e-05
1.5974000244140625 2.2401036694645882e-05
1.5984000244140626 2.570974019666513e-05
1.5994000244140625 3.554605956499775e-05
1.6004000244140626 4.084123919407527e-05
1.6014000244140625 4.603484955926736e-05
1.6024000244140626 5.9633992301921055e-05
1.6034000244140625 7.495623392363389e-05
1.6044000244140626 9.045484475791454e-05
1.6054000244140625 0.00011327293391029039
1.6064000244140626 0.00014320410167177519
1.6074000244140625 0.00018814020479718846
1.6084000244140626 0.0002462838279704253
1.6094000244140625 0.00033978489538033805
1.6104000244140626 0.00046885043382644654
1.6114000244140625 0.0007396287471055984
1.6124000244140626 0.0010351076473792394
1.6134000244140625 0.0016815880437692006
1.6144000244140626 0.0027411783734957377
1.6154000244140625 0.004779493908087413
1.6164000244140626 0.007761045694351197
1.6174000244140625 0.012539770205815632
1.6184000244140626 0.020622030099232993
1.6194000244140625 0.026707069873809816
1.6204000244140624 0.030181430180867514
1.6214000244140625 0.03505315701166788
1.6224000244140624 0.04283730189005534
1.6234000244140625 0.047505418459574386
1.6244000244140624 0.04783596515655517
1.6254000244140625 0.058759277661641435
1.6264000244140624 0.06649970690409343
1.6274000244140625 0.0827527872721354
1.6284000244140624 0.08763227780659993
1.6294000244140625 0.1124673334757487
1.6304000244140624 0.14353309949239096
1.6314000244140625 0.1716295051574707
1.6324000244140624 0.221712163289388
1.6334000244140625 0.28916006724039717
1.6344000244140624 0.3881082026163737
1.6354000244140625 0.5115132649739583
1.6364000244140624 0.64826904296875
1.6374000244140625 0.7880863698323567
1.6384000244140624 0.8584444427490234
1.6394000244140625 0.916891606648763
1.6404000244140624 0.9605226643880208
1.6414000244140625 0.9528867848714192
1.6424000244140624 0.9561121622721355
1.6434000244140625 0.9425669097900391
1.6444000244140624 0.9541583760579426
1.6454000244140625 0.9815334065755208
1.6464000244140624 0.966439717610677
1.6474000244140625 0.9508167266845703
1.6484000244140624 0.9560978953043621
1.6494000244140625 0.8736400858561199
1.6504000244140624 0.8217913818359375
1.6514000244140625 0.710315195719401
1.6524000244140624 0.5935173670450846
1.6534000244140625 0.4546671930948893
1.6544000244140624 0.3582997639973959
1.6554000244140625 0.2834490966796875
1.6564000244140624 0.21589696248372395
1.6574000244140625 0.17786433537801105
1.6584000244140624 0.14335626602172852
1.6594000244140625 0.12193583488464356
1.6604000244140624 0.10985556602478028
1.6614000244140625 0.09414973258972167
1.6624000244140624 0.07628321965535481
1.6634000244140625 0.06466018040974934
1.6644000244140624 0.06452411810557047
1.6654000244140625 0.05460776964823405
1.6664000244140624 0.04849752902984619
1.6674000244140625 0.039155730406443275
1.6684000244140624 0.02776594320933024
1.6694000244140625 0.022007166544596352
1.6704000244140624 0.014511239926020304
1.6714000244140625 0.010077385902404786
1.6724000244140624 0.0058610049883524576
1.6734000244140625 0.0035369643568992615
1.6744000244140624 0.0021163693070411684
1.6754000244140625 0.0012099613249301911
1.6764000244140624 0.0008396986623605092
1.6774000244140626 0.0005669683590531349
1.6784000244140624 0.00043429662783940636
1.6794000244140626 0.0003091288668413957
1.6804000244140624 0.00023837436611453693
1.6814000244140626 0.00018732722848653792
1.6824000244140624 0.0001489916661133369
1.6834000244140626 0.00012265756415824096
1.6844000244140624 9.108126784364382e-05
1.6854000244140626 7.766749865065019e-05
1.6864000244140624 6.18139902750651e-05
1.6874000244140626 4.835713965197404e-05
1.6884000244140625 4.279907637586196e-05
1.6894000244140626 3.355742975448569e-05
1.6904000244140625 1.941480014162759e-05
1.6914000244140626 1.695083958717684e-05
1.6924000244140625 1.8548550627504786e-05
1.6934000244140626 1.1643649195320904e-05
1.6944000244140625 1.2457066526015599e-05
1.6954000244140626 6.488573950870583e-06
1.6964000244140625 9.144989890046418e-06
1.6974000244140626 1.4804309561326315e-06
1.6984000244140625 4.995844331763995e-06
1.6994000244140626 4.3628968315297575e-06
1.7004000244140625 7.266765654397508e-06
1.7014000244140626 3.4202499955426903e-06
1.7024000244140625 3.805838350672275e-06
1.7034000244140626 4.389546229504049e-06
1.7044000244140625 8.458152102927366e-06
1.7054000244140626 2.0863464063343902e-06
1.7064000244140625 9.89841243657826e-07
1.7074000244140626 5.366144954071691e-06
1.7084000244140625 2.124871340735505e-06
1.7094000244140626 7.857751188566908e-07
1.7104000244140625 3.6372075555846095e-06
1.7114000244140626 1.463694691968461e-06
1.7124000244140625 4.734956407143424e-06
1.7134000244140626 5.202659716208776e-06
1.7144000244140625 7.340933758920679e-06
1.7154000244140626 6.904193233895721e-07
1.7164000244140625 6.247196385326485e-06
1.7174000244140626 2.250895631732419e-06
1.7184000244140625 6.660292662369708e-06
1.7194000244140626 1.829919016976452e-06
1.7204000244140625 2.000530585064553e-06
1.7214000244140626 4.2189420466520746e-07
1.7224000244140625 4.237739267409779e-06
1.7234000244140626 9.999999939225291e-11
1.7244000244140625 4.287073000644644e-06
1.7254000244140626 3.3875080892660964e-06
1.7264000244140625 9.1821654713146e-07
1.7274000244140626 5.078183501379859e-07
1.7284000244140625 3.8732821121811864e-06
1.7294000244140626 2.5053838423142833e-06
1.7304000244140625 2.437133623110673e-06
1.7314000244140626 9.904226457250568e-07
1.7324000244140625 2.17654042327986e-06
1.7334000244140626 6.862193644222951e-07
1.7344000244140625 4.0100694847448424e-06
1.7354000244140626 5.145285200948516e-06
1.7364000244140625 1.7849680538232585e-06
1.7374000244140626 1.7097624947570721e-06
1.7384000244140625 9.999999939225291e-11
1.7394000244140626 2.7541045562617938e-06
1.7404000244140625 9.999999939225291e-11
1.7414000244140626 7.615773162494103e-06
1.7424000244140625 1.525893647110384e-07
1.7434000244140626 3.77640260047644e-06
1.7444000244140625 3.3274399174842982e-06
1.7454000244140624 3.896763819636698e-06
1.7464000244140625 8.831717908227195e-06
1.7474000244140624 4.161869772130918e-07
1.7484000244140625 3.1096515400956076e-06
1.7494000244140624 2.77330798174565e-06
1.7504000244140625 2.765943305954958e-06
1.7514000244140624 2.572174693087348e-06
1.7524000244140625 3.5676794479577723e-07
1.7534000244140624 3.0145595762102554e-06
1.7544000244140625 2.6502213195763365e-06
1.7554000244140624 1.362434025698652e-06
1.7564000244140625 2.3246489361857435e-06
1.7574000244140624 3.7209562530430658e-06
1.7584000244140625 2.6116732533409958e-06
1.7594000244140624 2.3681820406521816e-06
1.7604000244140625 1.5948626578884037e-06
1.7614000244140624 4.146036536235205e-06
1.7624000244140625 9.459794770615795e-06
1.7634000244140624 1.4880056160600693e-06
1.7644000244140625 2.278844149259385e-06
1.7654000244140624 1.3726989655952574e-06
1.7664000244140625 1.9482477071027422e-07
1.7674000244140624 6.447777019881566e-06
1.7684000244140625 9.723291538345316e-06
1.7694000244140624 3.665902535177068e-06
1.7704000244140625 3.446877778564191e-06
1.7714000244140624 6.146957263505707e-06
1.7724000244140625 5.28945568172882e-06
1.7734000244140624 5.4411033731109145e-06
1.7744000244140625 3.1665650941074355e-07
1.7754000244140624 2.6778929653422284e-06
1.7764000244140625 8.137091451014081e-06
1.7774000244140624 2.881714278422838e-06
1.7784000244140625 9.793529716262128e-07
1.7794000244140624 3.4654809860512615e-06
1.7804000244140625 5.701784393750131e-06
1.7814000244140624 1.421462045474442e-06
1.7824000244140625 9.999999939225291e-11
1.7834000244140624 8.27434821985662e-06
1.7844000244140625 9.317441338983675e-06
1.7854000244140624 2.401267762858576e-06
1.7864000244140625 2.8653446351730354e-06
1.7874000244140624 7.012406907354792e-06
1.7884000244140625 1.1539846498405855e-06
1.7894000244140624 6.729684389217284e-07
1.7904000244140625 7.586299325339496e-06
1.7914000244140624 4.049537043708066e-06
1.7924000244140625 9.999999939225291e-11
1.7934000244140624 4.202090422040783e-06
1.7944000244140625 6.094248092267662e-06
1.7954000244140624 5.561194266192615e-06
1.7964000244140625 6.090864383925995e-06
1.7974000244140624 9.632684717265268e-06
1.7984000244140625 2.803253207324848e-06
1.7994000244140624 6.452777631427153e-07
1.8004000244140625 1.2659650140752395e-05
1.8014000244140624 9.935636053833482e-07
1.8024000244140626 6.629153892087439e-06
1.8034000244140624 6.8352410259346164e-06
1.8044000244140626 4.457949990307834e-06
1.8054000244140624 7.822567325395843e-06
1.8064000244140626 1.9289336436371467e-06
1.8074000244140624 5.971736827632412e-06
1.8084000244140626 4.05712729843799e-06
1.8094000244140624 4.133514167176482e-06
1.8104000244140626 6.8544902993987e-06
1.8114000244140624 5.329143944739675e-06
1.8124000244140626 3.2484639666297e-06
1.8134000244140625 3.402791975277708e-06
1.8144000244140626 2.8838067468199096e-06
1.8154000244140625 1.0729219454030196e-05
1.8164000244140626 3.020828007720411e-06
1.8174000244140625 5.52007113583386e-06
1.8184000244140626 9.924348754187423e-06
1.8194000244140625 2.1258273773128166e-06
1.8204000244140626 3.676772078809639e-06
1.8214000244140625 5.097626800380321e-07
1.8224000244140626 1.6714309647566002e-06
1.8234000244140625 6.936653905237714e-06
1.8244000244140626 3.6309286952018736e-06
1.8254000244140625 4.829941123413543e-06
1.8264000244140626 1.1389783273140591e-05
1.8274000244140625 1.6469476589312155e-05
1.8284000244140626 9.999999939225291e-11
1.8294000244140625 1.497565341802935e-05
1.8304000244140626 9.999999939225291e-11
1.8314000244140625 8.0149678979069e-06
1.8324000244140626 3.7636509511873583e-06
1.8334000244140625 3.861701067459459e-06
1.8344000244140626 1.4386206937840504e-06
1.8354000244140625 2.8237323662209473e-06
1.8364000244140626 7.4053105587760605e-06
1.8374000244140625 2.7526029683825708e-06
1.8384000244140626 4.824849272203243e-06
1.8394000244140625 3.929044784551176e-06
1.8404000244140626 1.8532601097831503e-06
1.8414000244140625 1.1184859516409535e-05
1.8424000244140626 6.373279223529001e-06
1.8434000244140625 8.763559938718876e-06
1.8444000244140626 1.6822429798176349e-06
1.8454000244140625 9.999999939225291e-11
1.8464000244140626 9.147121260563532e-06
1.8474000244140625 1.0366572726828355e-05
1.8484000244140626 1.3172150351614676e-06
1.8494000244140625 4.498582954208056e-06
1.8504000244140626 4.867932924147075e-06
1.8514000244140625 8.999227041689058e-06
1.8524000244140626 9.169068653136491e-06
1.8534000244140625 9.999999939225291e-11
1.8544000244140626 1.9172449441005787e-05
1.8554000244140625 2.0109070414164876e-07
1.8564000244140626 5.3237774409353735e-06
1.8574000244140625 4.8566678015049545e-06
1.8584000244140626 8.594040409661829e-06
1.8594000244140625 7.643238689828044e-06
1.8604000244140626 5.911685448506768e-06
1.8614000244140625 3.518677937487761e-06
1.8624000244140626 9.84663764635722e-06
1.8634000244140625 1.668840335794878e-06
1.8644000244140626 5.317026710448166e-06
1.8654000244140625 2.2945740150929575e-06
1.8664000244140626 2.2488635726780615e-06
1.8674000244140625 9.569604299031197e-06
1.8684000244140626 8.226782083511353e-06
1.8694000244140625 8.872190368869326e-07
1.8704000244140624 4.450555364504301e-06
1.8714000244140625 1.1319737726201613e-05
1.8724000244140624 7.851278797158892e-06
1.8734000244140625 5.146730931186265e-07
1.8744000244140624 2.6034512726861674e-06
1.8754000244140625 2.4065760078162415e-06
1.8764000244140624 1.0655761579982936e-05
1.8774000244140625 1.946869616199128e-06
1.8784000244140624 1.3381158739017944e-05
1.8794000244140625 9.989530075849019e-07
1.8804000244140624 4.203817031035821e-06
1.8814000244140625 2.283307995082732e-06
1.8824000244140624 6.6545094644728434e-06
1.8834000244140625 7.061244687065482e-06
1.8844000244140624 9.999999939225291e-11
1.8854000244140625 4.469328229837662e-06
1.8864000244140624 3.176941875911628e-06
1.8874000244140625 1.0806427841695648e-05
1.8884000244140624 2.826629691602041e-06
1.8894000244140625 9.843574177163343e-06
1.8904000244140624 9.999999939225291e-11
1.8914000244140625 9.354921639896929e-06
1.8924000244140624 1.9235723879695855e-06
1.8934000244140625 3.0740122454038977e-07
1.8944000244140624 1.3521450549773086e-06
1.8954000244140625 5.611709915429586e-06
1.8964000244140624 7.555396490109464e-06
1.8974000244140625 2.7880922107215157e-06
1.8984000244140624 6.579021962049107e-06
1.8994000244140625 7.3043590721984705e-06
1.9004000244140624 2.412751258562551e-06
1.9014000244140625 8.005460064547757e-06
1.9024000244140624 2.2615656281033123e-09
1.9034000244140625 4.382255428936332e-06
1.9044000244140624 2.1581473023009796e-06
1.9054000244140625 2.1512018160022943e-06
1.9064000244140624 8.605094820571443e-06
1.9074000244140625 3.113896973797973e-06
1.9084000244140624 5.9970075380988415e-06
1.9094000244140625 3.203731655728367e-07
1.9104000244140624 1.9966590332121113e-06
1.9114000244140625 2.2268041063829476e-07
1.9124000244140624 6.566606653487146e-07
1.9134000244140625 3.372203325344714e-06
1.9144000244140624 4.498854162848787e-06
1.9154000244140625 4.2956556811872085e-06
1.9164000244140624 1.2076016665633442e-06
1.9174000244140625 2.0665090603640597e-06
1.9184000244140624 6.466383342207393e-07
1.9194000244140625 4.275539986690428e-06
1.9204000244140624 1.5484716857105952e-06
1.9214000244140625 1.9957550924913174e-06
1.9224000244140624 1.0022567003034056e-05
1.9234000244140625 1.1011786797704796e-05
1.9244000244140624 9.999999939225291e-11
1.9254000244140625 4.4409764763386763e-07
1.9264000244140624 1.093491989498337e-05
1.9274000244140626 3.413753384921373e-07
1.9284000244140624 3.69563341710825e-06
1.9294000244140626 6.162222853163257e-06
1.9304000244140624 4.104848446380889e-06
1.9314000244140626 1.9863822038927262e-06
1.9324000244140624 2.785095091034269e-06
1.9334000244140626 9.999999939225291e-11
1.9344000244140624 6.22903520707041e-06
1.9354000244140626 5.507515355323752e-06
1.9364000244140624 5.496542313873457e-06
1.9374000244140626 1.4722676380252154e-07
1.9384000244140625 1.4281476803941948e-06
1.9394000244140626 4.897039601674535e-06
1.9404000244140625 5.370906553654464e-06
1.9414000244140626 1.011426293541599e-06
1.9424000244140625 4.610883183353565e-07
1.9434000244140626 3.8349509702317875e-06
1.9444000244140625 2.19461403270671e-06
1.9454000244140626 4.86257423931787e-06
1.9464000244140625 7.780046420406232e-07
1.9474000244140626 1.4269236702979527e-06
1.9484000244140625 1.8600426119519397e-06
1.9494000244140626 1.3710758597766196e-06
1.9504000244140625 8.35304691258661e-07
1.9514000244140626 4.62385699696218e-06
1.9524000244140625 3.060054014338102e-06
1.9534000244140626 6.318616409165164e-06
1.9544000244140625 9.999999939225291e-11
1.9554000244140626 3.385663264854344e-06
1.9564000244140625 1.776066686337193e-05
1.9574000244140626 6.25804994074682e-06
1.9584000244140625 9.999999939225291e-11
1.9594000244140626 1.213663238255928e-05
1.9604000244140625 5.691815943767627e-06
1.9614000244140626 1.6497695078706206e-06
1.9624000244140625 1.4715293070555191e-06
1.9634000244140626 4.877945175394416e-06
1.9644000244140625 3.5527430979224543e-06
1.9654000244140626 5.570289019184807e-06
1.9664000244140625 1.1982183005857886e-06
1.9674000244140626 4.91129991132766e-06
1.9684000244140625 3.6029963518746653e-06
1.9694000244140626 2.0279443507279874e-06
1.9704000244140625 9.472287686852117e-06
1.9714000244140626 4.550166680322339e-06
1.9724000244140625 1.672829734289394e-08
1.9734000244140626 5.6493949375369115e-06
1.9744000244140625 1.3238178992954392e-05
1.9754000244140626 2.1571727309262676e-06
1.9764000244140625 9.049454238265753e-06
1.9774000244140626 4.247716666820149e-06
1.9784000244140625 2.315217589761905e-06
1.9794000244140626 1.1833261038797598e-05
1.9804000244140625 9.999999939225291e-11
1.9814000244140626 9.999999939225291e-11
1.9824000244140625 8.71258496772498e-06
1.9834000244140626 6.868803585173093e-08
1.9844000244140625 6.310911364077279e-06
1.9854000244140626 6.159253534860909e-06
1.9864000244140625 7.56975660601474e-07
1.9874000244140626 6.516469293273985e-06
1.9884000244140625 1.1771302088163793e-05
1.9894000244140626 4.844182015707095e-06
1.9904000244140625 1.1242317069518986e-06
1.9914000244140626 1.0551744923947837e-06
1.9924000244140625 1.8359659777840895e-06
1.9934000244140626 4.646329107345082e-06
1.9944000244140625 2.997766248373779e-06
1.9954000244140624 3.3652762647040644e-06
1.9964000244140625 7.223466619580659e-07
1.9974000244140624 2.0415433485935587e-06
1.9984000244140625 7.80087885990118e-06
1.9994000244140624 3.726180375804115e-06
2.0004000244140623 5.918017277860935e-06
2.0014000244140626 4.2039926726526274e-06
2.0024000244140625 8.1613365910016e-06
2.0034000244140624 1.0182788634362321e-05
2.0044000244140623 1.7036725761876425e-06
2.0054000244140626 1.4982169959694147e-05
2.0064000244140625 3.794267346772055e-06
2.0074000244140624 1.2284260298844884e-06
2.0084000244140623 3.5875143657904116e-06
2.0094000244140626 2.025681615475487e-06
2.0104000244140625 5.410225479609565e-06
2.0114000244140624 4.4971968660926605e-06
2.0124000244140623 2.636652022423765e-06
2.0134000244140626 7.3010251799132676e-06
2.0144000244140625 9.999999939225291e-11
2.0154000244140624 8.13200051197782e-06
2.0164000244140623 1.561201682003836e-05
2.0174000244140626 7.0244260132312775e-06
2.0184000244140625 3.2649413522219577e-06
2.0194000244140624 3.0906126482665996e-06
2.0204000244140623 9.675347634280721e-06
2.0214000244140626 8.699151609713832e-06
2.0224000244140625 2.1341932585716707e-06
2.0234000244140624 9.792825827995937e-06
2.0244000244140623 7.680019092125197e-06
2.0254000244140626 5.3950583579117275e-06
2.0264000244140625 9.872635807065915e-06
2.0274000244140624 7.886625632333258e-06
2.0284000244140623 1.5941987119501753e-06
2.0294000244140626 3.7192266703526637e-06
2.0304000244140625 1.1755973488713304e-05
2.0314000244140624 1.3807116774842143e-05
2.0324000244140623 7.618950718703369e-06
2.0334000244140626 4.759588409797288e-06
2.0344000244140625 8.983610081232385e-06
2.0354000244140624 6.921283488203756e-07
2.0364000244140623 1.7601936512316267e-05
2.0374000244140626 7.812440123465455e-06
2.0384000244140625 1.5765256439899863e-06
2.0394000244140624 2.1714026418824993e-06
2.0404000244140623 5.596963159781865e-07
2.0414000244140627 5.775807949248701e-06
2.0424000244140625 1.204303795627008e-05
2.0434000244140624 4.117516955727633e-06
2.0444000244140623 4.926791370962747e-06
2.0454000244140627 8.588758064433932e-06
2.0464000244140625 2.5982493726169524e-06
2.0474000244140624 1.1142586973692895e-06
2.04839990234375 1.104974381428055e-06
2.04939990234375 2.893884772724083e-06
2.05039990234375 6.096002907725051e-06
2.05139990234375 9.999999939225291e-11
2.05239990234375 9.63112028936545e-06
2.05339990234375 8.729333737088987e-06
2.05439990234375 1.8126879585906862e-05
2.05539990234375 4.75604737099881e-06
2.05639990234375 7.615820090123293e-08
2.05739990234375 1.4144203548009198e-05
2.05839990234375 3.880229075245249e-06
2.05939990234375 5.325703260291212e-06
2.06039990234375 6.166966632008552e-06
2.06139990234375 9.999999939225291e-11
2.06239990234375 9.756600479171595e-07
2.06339990234375 1.2797759845852852e-05
2.06439990234375 1.7179857240989805e-05
2.06539990234375 8.062363097754619e-06
2.06639990234375 9.999999939225291e-11
2.06739990234375 6.446891153852144e-06
2.06839990234375 1.2543362487728398e-05
2.06939990234375 3.0704175973254407e-06
2.07039990234375 9.999999939225291e-11
2.07139990234375 9.999999939225291e-11
2.07239990234375 8.285039991958361e-07
2.07339990234375 8.16993931948673e-06
2.07439990234375 1.0031776037067175e-05
2.07539990234375 8.273228207447876e-06
2.07639990234375 5.66808472891959e-06
2.07739990234375 7.864496010722514e-06
2.07839990234375 1.0738780159348e-05
2.07939990234375 9.999999939225291e-11
2.08039990234375 1.2456093681976199e-05
2.08139990234375 1.0923946387642047e-06
2.08239990234375 1.4611643273383379e-05
2.08339990234375 1.4812907902523876e-05
2.08439990234375 9.999999939225291e-11
2.08539990234375 1.0319463326595724e-05
2.08639990234375 8.593885577283799e-06
2.08739990234375 1.4608556715150674e-05
2.08839990234375 4.4795610396134815e-06
2.08939990234375 2.2155046705544614e-06
2.09039990234375 2.835086352558728e-06
2.09139990234375 9.999999939225291e-11
2.09239990234375 6.8544245247418674e-06
2.09339990234375 1.3446593652055583e-06
2.09439990234375 9.105439879677491e-06
2.09539990234375 1.8831396004692635e-06
2.09639990234375 3.7935783715396337e-06
2.09739990234375 1.8359270298369998e-06
2.09839990234375 5.006700521335006e-06
2.09939990234375 5.107126353675421e-06
2.10039990234375 3.098035798503318e-06
2.10139990234375 1.8324036689361853e-06
2.10239990234375 1.0053243628741864e-05
2.10339990234375 1.0344518426184853e-05
2.10439990234375 7.821360190440885e-07
2.10539990234375 2.1594686741573574e-06
2.10639990234375 1.2315646934209687e-06
2.10739990234375 9.999999939225291e-11
2.10839990234375 1.4345799669778596e-05
2.10939990234375 5.612291279248893e-06
2.11039990234375 3.759456565095576e-06
2.11139990234375 6.101517258988073e-06
2.11239990234375 8.731866449428101e-06
2.11339990234375 1.5947213396430014e-05
2.11439990234375 8.023217524169014e-06
2.11539990234375 3.736639938119642e-06
2.11639990234375 6.6447423496847815e-06
2.11739990234375 3.7481033548599403e-06
2.11839990234375 9.999999939225291e-11
2.11939990234375 5.75707619984378e-06
2.12039990234375 6.018405702331956e-06
2.12139990234375 3.885738248451768e-06
2.12239990234375 7.3808545130304995e-06
2.12339990234375 3.7048465256776337e-06
2.12439990234375 9.999999939225291e-11
2.12539990234375 3.5101686174924635e-06
2.12639990234375 5.188160148816105e-06
2.12739990234375 1.4767703445007403e-05
2.12839990234375 1.3259923628841837e-05
2.12939990234375 1.1300368350930512e-05
2.13039990234375 9.999999939225291e-11
2.13139990234375 1.9481366274831658e-07
2.13239990234375 6.917216329990575e-06
2.13339990234375 6.765273280695538e-07
2.13439990234375 1.2769910196463268e-05
2.13539990234375 7.937981812459564e-07
2.13639990234375 4.350459518415543e-06
2.13739990234375 5.100503670594966e-06
2.13839990234375 1.9474698732550402e-06
2.13939990234375 9.202573370809356e-06
2.14039990234375 1.9292912906543336e-06
2.14139990234375 8.865381047750513e-06
2.14239990234375 3.7019966785993104e-06
2.14339990234375 5.176455558334089e-06
2.14439990234375 7.77920005662421e-06
2.14539990234375 1.7434437366089148e-06
2.14639990234375 7.82357189261044e-06
2.14739990234375 9.999999939225291e-11
2.14839990234375 1.390801645152114e-06
2.14939990234375 9.173853662408268e-06
2.15039990234375 5.1007953394825255e-06
2.15139990234375 1.153997485137855e-05
2.15239990234375 5.442955625767354e-07
2.15339990234375 3.3211545666933517e-06
2.15439990234375 2.3985765869305455e-06
2.15539990234375 4.1099473795232676e-06
2.15639990234375 4.496063260474396e-06
2.15739990234375 1.210166005064887e-06
2.15839990234375 1.406919972699446e-05
2.15939990234375 4.6141106092060605e-06
2.16039990234375 1.3183206707860034e-05
2.16139990234375 4.404890448010216e-06
2.16239990234375 1.2027460422056418e-05
2.16339990234375 2.488169663642144e-06
2.16439990234375 7.842521784671894e-06
2.16539990234375 9.999999939225291e-11
2.16639990234375 3.185495734214783e-05
2.16739990234375 9.0724968079788e-06
2.16839990234375 6.613500493889054e-06
2.16939990234375 9.999999939225291e-11
2.17039990234375 9.999999939225291e-11
2.17139990234375 3.4464799146742086e-07
2.17239990234375 6.738730317715399e-06
2.17339990234375 2.4774570866685038e-06
2.17439990234375 2.825298734376129e-06
2.17539990234375 7.985412724993424e-06
2.17639990234375 3.434272618555075e-06
2.17739990234375 2.557159090527487e-06
2.17839990234375 7.368910101905139e-07
2.17939990234375 9.363550110466079e-06
2.18039990234375 9.999999939225291e-11
2.18139990234375 2.009956243250362e-06
2.18239990234375 8.520049542385759e-07
2.18339990234375 1.1342644381026427e-05
2.18439990234375 5.654270789818839e-06
2.18539990234375 3.6864168160792115e-06
2.18639990234375 8.569313174170054e-06
2.18739990234375 7.123100119995248e-07
2.18839990234375 2.8151059908735716e-06
2.18939990234375 8.233303242729898e-06
2.19039990234375 3.467326672860575e-06
2.19139990234375 1.0914003360085189e-05
2.19239990234375 9.999999939225291e-11
2.19339990234375 7.181493138329979e-06
2.19439990234375 2.669272032157129e-06
2.19539990234375 2.260823694791488e-06
2.19639990234375 3.5916162596549837e-06
2.19739990234375 6.120492820373968e-06
2.19839990234375 3.3677617318250698e-06
2.19939990234375 9.81643240569004e-06
2.20039990234375 8.767067275027665e-06
2.20139990234375 6.786191079299897e-06
2.20239990234375 9.999999939225291e-11
2.20339990234375 1.6464100136618735e-06
2.20439990234375 2.669398063869603e-06
2.20539990234375 2.0353652454178452e-06
2.20639990234375 3.147900628137634e-06
2.20739990234375 1.40948464564102e-06
2.20839990234375 1.1054984643124044e-05
2.20939990234375 1.2194040037127134e-05
2.21039990234375 2.4213970134091177e-05
2.21139990234375 4.57224661123116e-06
2.21239990234375 9.999999939225291e-11
2.21339990234375 4.0063946505330964e-06
2.21439990234375 5.512806198616124e-06
2.21539990234375 1.1101046305460233e-05
2.21639990234375 1.0064174712169915e-05
2.21739990234375 4.9231967545656136e-08
2.21839990234375 7.689166386978623e-06
2.21939990234375 1.5125414162563782e-05
2.22039990234375 6.7448628033162095e-06
2.22139990234375 9.999999939225291e-11
2.22239990234375 3.1333689495186928e-06
2.22339990234375 1.4982604098274049e-05
2.22439990234375 1.2905868352390826e-05
2.22539990234375 3.693586681038141e-05
2.22639990234375 9.999999939225291e-11
2.22739990234375 3.062697030194646e-06
2.22839990234375 1.189199252960016e-05
2.22939990234375 2.4958150422256984e-05
2.23039990234375 1.622407987671437e-06
2.23139990234375 5.614511707487205e-06
2.23239990234375 2.4256519973278047e-05
2.23339990234375 5.58188389767326e-06
2.23439990234375 1.4057556783046247e-06
2.23539990234375 2.0269576729218624e-06
2.23639990234375 1.6201656893573e-05
2.23739990234375 7.91274701815207e-06
2.23839990234375 3.968501230701804e-05
2.23939990234375 9.999999939225291e-11
2.24039990234375 4.810318661232789e-05
2.24139990234375 2.1914852938304343e-05
2.24239990234375 3.0478953073422112e-05
2.24339990234375 2.1791059989482164e-05
2.24439990234375 3.833924420177937e-06
2.24539990234375 1.90512389720728e-05
2.24639990234375 4.59448426651458e-05
2.24739990234375 2.0313916417459645e-05
2.24839990234375 8.05140613617065e-06
2.24939990234375 7.037762707466181e-06
2.25039990234375 1.6575783141634658e-05
2.25139990234375 1.3186063112747466e-05
2.25239990234375 2.170005279416761e-06
2.25339990234375 1.1125080015566743e-05
2.25439990234375 3.816909001519283e-05
2.25539990234375 3.2116116490215066e-05
2.25639990234375 1.291150702297609e-06
2.25739990234375 8.874736492945345e-06
2.25839990234375 1.2717299706104986e-05
2.25939990234375 1.1082591178516547e-05
2.26039990234375 2.6020039028177657e-05
2.26139990234375 1.2712569790638284e-05
2.26239990234375 3.61725230080386e-05
2.26339990234375 2.0255660599154034e-05
2.26439990234375 1.8100189239097136e-05
2.26539990234375 3.583724688117703e-05
2.26639990234375 9.999999939225291e-11
2.26739990234375 1.9656797424734883e-05
2.26839990234375 2.6843349914997816e-05
2.26939990234375 9.999999939225291e-11
2.27039990234375 2.9978182865306736e-05
2.27139990234375 6.881941963354047e-06
2.27239990234375 2.0394980868635078e-05
2.27339990234375 1.2432889774949274e-06
2.27439990234375 3.3519636684407794e-05
2.27539990234375 1.2447966495274798e-05
2.27639990234375 1.4013346711484094e-05
2.27739990234375 1.4047430253298168e-06
2.27839990234375 1.0238675070771326e-05
2.27939990234375 2.825634010757009e-05
2.28039990234375 9.999999939225291e-11
2.28139990234375 3.748416551134781e-06
2.28239990234375 1.858725290124615e-05
2.28339990234375 9.890243139428396e-06
2.28439990234375 1.6392573403815428e-05
2.28539990234375 2.4041174859916005e-06
2.28639990234375 4.370408326697846e-06
2.28739990234375 3.6916392464754936e-06
2.28839990234375 3.3269582781940696e-05
2.28939990234375 9.999999939225291e-11
2.29039990234375 6.545305717482463e-06
2.29139990234375 3.2656460920292104e-06
2.29239990234375 2.6447509487977543e-06
2.29339990234375 4.267366757983263e-06
2.29439990234375 2.821192960000829e-06
2.29539990234375 9.976950047227245e-06
2.29639990234375 5.044456527455074e-07
2.29739990234375 1.0906283272937855e-06
2.29839990234375 1.8458697835625296e-06
2.29939990234375 8.648079237900674e-06
2.30039990234375 6.813729123678059e-06
2.30139990234375 1.0313766736847659e-05
2.30239990234375 4.0828104438824414e-06
2.30339990234375 9.999999939225291e-11
2.30439990234375 8.733816212043167e-06
2.30539990234375 4.33228674713367e-06
2.30639990234375 9.999999939225291e-11
2.30739990234375 1.0216619120910763e-05
2.30839990234375 7.141156621474446e-07
2.30939990234375 7.562346770780455e-07
2.31039990234375 5.816009700841581e-06
2.31139990234375 6.6935253562405705e-06
2.31239990234375 2.934861268283721e-06
2.31339990234375 6.983552787763378e-06
2.31439990234375 6.865611649118364e-06
2.31539990234375 9.999999939225291e-11
2.31639990234375 4.286349765377414e-07
2.31739990234375 1.342026334896218e-06
2.31839990234375 2.83883506199345e-06
2.31939990234375 5.6664529256522654e-06
2.32039990234375 5.5979718551194915e-06
2.32139990234375 6.273953426116918e-08
2.32239990234375 1.700809281877843e-06
2.32339990234375 9.999999939225291e-11
2.32439990234375 3.454579995754159e-07
2.32539990234375 1.1316666684931438e-06
2.32639990234375 2.3477869884421427e-06
2.32739990234375 4.195289945959265e-08
2.32839990234375 9.999999939225291e-11
2.32939990234375 4.753050025453713e-06
2.33039990234375 9.999999939225291e-11
2.33139990234375 3.594704582798869e-07
2.33239990234375 1.7680468711963235e-06
2.33339990234375 9.999999939225291e-11
2.33439990234375 9.999999939225291e-11
2.33539990234375 7.51041341064962e-07
2.33639990234375 9.116343372698548e-07
2.33739990234375 2.311210895034795e-06
2.33839990234375 4.208527291969707e-06
2.33939990234375 1.8901503547870866e-06
2.34039990234375 9.999999939225291e-11
2.34139990234375 5.332941267018517e-06
2.34239990234375 1.0829393071502361e-06
2.34339990234375 8.691353718326411e-07
2.34439990234375 5.442690060360652e-07
2.34539990234375 2.6798944061508695e-06
2.34639990234375 2.231897048708594e-06
2.34739990234375 1.3033347786404192e-05
2.34839990234375 9.999999939225291e-11
2.34939990234375 1.06645533110535e-06
2.35039990234375 5.573024391196668e-06
2.35139990234375 2.373439286505648e-06
2.35239990234375 4.452955618035049e-06
2.35339990234375 7.266531077524027e-06
2.35439990234375 8.096229524993486e-07
2.35539990234375 1.1654116867928128e-06
2.35639990234375 1.8039138133948048e-06
2.35739990234375 1.918266032359857e-07
2.35839990234375 2.79518998771285e-06
2.35939990234375 1.1997150135734102e-06
2.36039990234375 3.6178901010390047e-06
2.36139990234375 4.538269480436341e-06
2.36239990234375 1.0314076207578183e-05
2.36339990234375 4.077203435978542e-06
2.36439990234375 3.2361766933478956e-07
2.36539990234375 9.278903787842315e-07
2.36639990234375 5.939015221277563e-06
2.36739990234375 3.939116586832251e-06
2.36839990234375 6.583732280936635e-06
2.36939990234375 1.5658866997074009e-06
2.37039990234375 9.999999939225291e-11
2.37139990234375 2.4334429569231967e-06
2.37239990234375 4.335022298365132e-06
2.37339990234375 3.8535767766134654e-07
2.37439990234375 6.086416008959835e-06
2.37539990234375 7.055215731573602e-06
2.37639990234375 2.2597180308251788e-06
2.37739990234375 1.3537333574653587e-06
2.37839990234375 8.862376557239315e-07
2.37939990234375 7.554116692591133e-07
2.38039990234375 4.273621646764999e-06
2.38139990234375 7.3853758901047204e-06
2.38239990234375 6.61656170753607e-06
2.38339990234375 2.028862615638024e-06
2.38439990234375 8.125470291512708e-06
2.38539990234375 9.999999939225291e-11
2.38639990234375 5.287587312826266e-06
2.38739990234375 2.8031969944889807e-06
2.38839990234375 2.7056419103980527e-07
2.38939990234375 6.665980812006941e-06
2.39039990234375 6.289599766636418e-08
2.39139990234375 7.159398325408498e-06
2.39239990234375 6.996759135896961e-06
2.39339990234375 1.7065517211219592e-06
2.39439990234375 3.940127362864014e-06
2.39539990234375 1.1366203310645418e-05
2.39639990234375 2.404010899275851e-06
2.39739990234375 1.469904304129225e-06
2.39839990234375 5.9247447158365195e-06
2.39939990234375 7.4135201282121695e-06
2.40039990234375 4.332972612598833e-06
2.40139990234375 8.118318413229039e-06
2.40239990234375 7.275985902852611e-06
2.40339990234375 8.240602037403732e-06
2.40439990234375 8.650506652327175e-06
2.40539990234375 2.0687683667475197e-07
2.40639990234375 5.277249593188908e-06
2.40739990234375 1.085156904688726e-05
2.40839990234375 4.400559197771751e-06
2.40939990234375 8.277501328848303e-06
2.41039990234375 9.490277346534033e-06
2.41139990234375 9.775786854383146e-06
2.41239990234375 1.4852983489011724e-05
2.41339990234375 1.3347386848181485e-05
2.41439990234375 4.126889019717695e-06
2.41539990234375 6.215202156454325e-06
2.41639990234375 9.999999939225291e-11
2.41739990234375 3.484852808215422e-06
2.41839990234375 1.9906643572061472e-07
2.41939990234375 1.7759329246243757e-06
2.42039990234375 1.3631138256945025e-05
2.42139990234375 1.999037640768956e-06
2.42239990234375 6.197013324478935e-07
2.42339990234375 1.6753992531448604e-05
2.42439990234375 2.87741399344732e-06
2.42539990234375 9.497213526374893e-06
2.42639990234375 4.929938149871305e-06
2.42739990234375 5.775846899875129e-06
2.42839990234375 1.5161477067874667e-05
2.42939990234375 2.432731989150246e-05
2.43039990234375 2.0427793397666722e-06
2.43139990234375 2.5995016718904175e-05
2.43239990234375 3.5755162606380487e-07
2.43339990234375 5.190079828025773e-06
2.43439990234375 9.490130042092795e-06
2.43539990234375 1.0244902805425226e-05
2.43639990234375 5.428811864828612e-06
2.43739990234375 4.174114835272154e-06
2.43839990234375 1.6310842668948073e-05
2.43939990234375 1.7807206604629754e-05
2.44039990234375 8.526639973801173e-06
2.44139990234375 1.183725103788132e-05
2.44239990234375 1.539111991102497e-05
2.44339990234375 1.4824886069012185e-05
2.44439990234375 6.052259820936712e-06
2.44539990234375 1.1146689609680867e-05
2.44639990234375 3.3253907841827397e-06
2.44739990234375 9.825688418156158e-06
2.44839990234375 1.5541682369075716e-05
2.44939990234375 4.900800316439321e-06
2.45039990234375 9.999999939225291e-11
2.45139990234375 1.0065732213104066e-05
2.45239990234375 1.9919704546319157e-06
2.45339990234375 7.184639786525319e-06
2.45439990234375 2.58718706461399e-06
2.45539990234375 1.223333451586465e-05
2.45639990234375 6.240162920573647e-06
2.45739990234375 1.60215702392937e-05
2.45839990234375 9.999999939225291e-11
2.45939990234375 4.310195644696553e-05
2.46039990234375 9.999999939225291e-11
2.46139990234375 4.719366629918416e-05
2.46239990234375 1.3622336516213213e-05
2.46339990234375 1.8862289434764533e-05
2.46439990234375 1.2476383281307217e-05
2.46539990234375 9.999999939225291e-11
2.46639990234375 2.3475339403375984e-05
2.46739990234375 9.999999939225291e-11
2.46839990234375 1.3537229931038415e-05
2.46939990234375 1.4297206614222918e-05
2.47039990234375 3.380442416274221e-06
2.47139990234375 2.718787931117461e-06
2.47239990234375 2.047056991917392e-05
2.47339990234375 1.1377210340265026e-05
2.47439990234375 4.495948320254684e-05
2.47539990234375 9.999999939225291e-11
2.47639990234375 8.097223393731904e-06
2.47739990234375 5.283472419250757e-06
2.47839990234375 2.1845766614558094e-05
2.47939990234375 1.4494246531334317e-05
2.48039990234375 4.873458761721849e-05
2.48139990234375 9.999999939225291e-11
2.48239990234375 2.7581539431643284e-05
2.48339990234375 1.1148833009781238e-05
2.48439990234375 1.705282674300849e-05
2.48539990234375 1.2906133197247982e-05
2.48639990234375 1.2881424045190215e-05
2.48739990234375 2.130516335187534e-05
2.48839990234375 9.999999939225291e-11
2.48939990234375 4.1620759293437e-05
2.49039990234375 2.1045536656553546e-05
2.49139990234375 1.4895293958640348e-05
2.49239990234375 4.601447532574336e-05
2.49339990234375 3.0128676444292067e-05
2.49439990234375 4.727860136070442e-06
2.49539990234375 3.0775140039622784e-05
2.49639990234375 3.6425673519007165e-05
2.49739990234375 1.9288840509640673e-05
2.49839990234375 4.635160143529049e-07
2.49939990234375 5.8531500394032324e-06
2.50039990234375 7.190013381708956e-06
2.50139990234375 5.695608289291461e-05
2.50239990234375 5.546160119388096e-06
2.50339990234375 1.3579466185899374e-05
2.50439990234375 2.913769295241527e-06
2.50539990234375 5.928057905342973e-06
2.50639990234375 5.436003285770615e-05
2.50739990234375 1.3985748761721576e-05
2.50839990234375 2.062402588004867e-05
2.50939990234375 1.1916670482605696e-05
2.51039990234375 4.027793339143197e-05
2.51139990234375 2.425333329532838e-06
2.51239990234375 2.5529563038920363e-05
2.51339990234375 4.4083046571662025e-05
2.51439990234375 4.916579391999557e-06
2.51539990234375 4.374990239739418e-05
2.51639990234375 5.493229837156832e-06
2.51739990234375 4.409369702140491e-05
2.51839990234375 4.550943383438977e-06
2.51939990234375 9.598818490959005e-06
2.52039990234375 6.83609504873554e-05
2.52139990234375 4.2220516285548614e-05
2.52239990234375 1.2491437819687573e-05
2.52339990234375 2.7055977450570385e-06
2.52439990234375 7.63712062810858e-05
2.52539990234375 9.999999939225291e-11
2.52639990234375 4.529316268644834e-05
2.52739990234375 2.5055413095336953e-05
2.52839990234375 1.764632679962297e-05
2.52939990234375 2.3186290209548468e-05
2.53039990234375 3.3920519790979024e-05
2.53139990234375 3.441949316766113e-05
2.53239990234375 1.724751918421437e-05
2.53339990234375 6.465764871488015e-05
2.53439990234375 9.999999939225291e-11
2.53539990234375 2.1335466260146894e-05
2.53639990234375 5.40607802880307e-05
2.53739990234375 3.649888715396325e-05
2.53839990234375 2.34268201745369e-05
2.53939990234375 1.050573998700936e-05
2.54039990234375 4.998422615850965e-05
2.54139990234375 1.7637823009355457e-05
2.54239990234375 5.7263836070330735e-05
2.54339990234375 9.999999939225291e-11
2.54439990234375 1.7004879967619976e-05
2.54539990234375 3.5831660458874504e-05
2.54639990234375 1.1574623562508418e-05
2.54739990234375 3.722823919547776e-05
2.54839990234375 9.999999939225291e-11
2.54939990234375 4.0922672487795355e-05
2.55039990234375 2.4109120237930292e-05
2.55139990234375 1.259037642231675e-06
2.55239990234375 0.00010351504509647687
2.55339990234375 2.716155020339469e-05
2.55439990234375 2.844026618766963e-05
2.55539990234375 9.594188071787357e-05
2.55639990234375 9.999999939225291e-11
2.55739990234375 1.8458469964620268e-05
2.55839990234375 3.7727145633349814e-05
2.55939990234375 9.999999939225291e-11
2.56039990234375 5.478936596773565e-05
2.56139990234375 0.00012678793321053186
2.56239990234375 3.631916564093748e-05
2.56339990234375 2.2800226307276482e-05
2.56439990234375 5.259212490611453e-05
2.56539990234375 3.286973099794347e-05
2.56639990234375 7.1948564140633665e-06
2.56739990234375 0.00011906741186976433
2.56839990234375 3.31381995541354e-05
2.56939990234375 1.4970566378398331e-05
2.57039990234375 0.00011114095958570638
2.57139990234375 2.2098470090690845e-05
2.57239990234375 2.9337305187050098e-05
2.57339990234375 5.980796297080815e-05
2.57439990234375 6.547801425499895e-05
2.57539990234375 0.00014158756472170352
2.57639990234375 0.0001878643035888672
2.57739990234375 9.999999939225291e-11
2.57839990234375 6.362338239947955e-05
2.57939990234375 4.977031727321446e-05
2.58039990234375 9.905918656537929e-05
2.58139990234375 2.4229100206358823e-05
2.58239990234375 5.4104469327989804e-05
2.58339990234375 0.0001778507698327303
2.58439990234375 6.658946707223852e-05
2.58539990234375 4.8583764194821314e-05
2.58639990234375 9.979340169691635e-06
2.58739990234375 7.794696756147524e-05
2.58839990234375 2.0993826832735133e-05
2.58939990234375 2.0482179941101463e-05
2.59039990234375 7.187492990245422e-05
2.59139990234375 1.6330419961475922e-05
2.59239990234375 4.4266933807595166e-05
2.59339990234375 9.589216904206665e-06
2.59439990234375 9.999999939225291e-11
2.59539990234375 3.6040834693971866e-05
2.59639990234375 7.963745389133692e-05
2.59739990234375 7.862342211107412e-05
2.59839990234375 8.010733523406089e-05
2.59939990234375 1.6647083679721675e-06
2.60039990234375 0.00014037841620544593
