microns transmission
0.4005 1.5575333574879836e-07
0.4015 9.999999939225291e-11
0.4025 9.999999939225291e-11
0.4035 9.999999939225291e-11
0.4045 9.999999939225291e-11
0.4055 9.999999939225291e-11
0.4065 4.672213202994158e-08
0.4075 9.999999939225291e-11
0.4085 4.0277617396592784e-07
0.4095 3.528212547128836e-07
0.4105 2.708671066405562e-07
0.4115 9.999999939225291e-11
0.4125 1.2340676622812907e-08
0.4135 3.424613239507342e-08
0.4145 9.999999939225291e-11
0.4155 2.886525554283518e-08
0.4165 2.9081513614137577e-07
0.4175 9.999999939225291e-11
0.4185 5.165621167850058e-08
0.4195 9.999999939225291e-11
0.4205 1.2191131656772807e-08
0.4215 8.136973163412146e-09
0.4225 2.5833039618561314e-08
0.4235 9.999999939225291e-11
0.4245 7.700626833084812e-08
0.4255 2.323884998508182e-08
0.4265 2.8273942951943337e-07
0.4275 1.2348167426049863e-07
0.4285 3.232028039571825e-08
0.4295 5.391500076020369e-09
0.4305 1.3164747034721814e-08
0.4315 1.674907721849195e-07
0.4325 5.072750122181446e-08
0.4335 1.4033943175858119e-07
0.4345 1.0338353068443477e-07
0.4355 1.2324799876968958e-08
0.4365 1.316752672586574e-07
0.4375 6.608573504133613e-08
0.4385 2.0837250402176246e-08
0.4395 1.7740677116980424e-08
0.4405 4.4383899974557536e-08
0.4415 9.999999939225291e-11
0.4425 9.999999939225291e-11
0.4435 2.88804361729215e-08
0.4445 1.1092343578766872e-07
0.4455 9.604739145352426e-08
0.4465 1.135444324251722e-07
0.4475 3.053138617185406e-08
0.4485 1.140088246150602e-07
0.4495 7.40717643754607e-08
0.4505 6.992456665836737e-08
0.4515 1.1680943351836485e-07
0.4525 1.1827532538551585e-08
0.4535 9.999999939225291e-11
0.4545 7.4287364236388e-08
0.4555 9.999999939225291e-11
0.4565 9.372317471149453e-08
0.4575 4.573650049503423e-08
0.4585 9.999999939225291e-11
0.4595 6.657989989259743e-08
0.4605 1.2803000304669372e-07
0.4615 5.5723231321043916e-08
0.4625 9.999999939225291e-11
0.4635 9.999999939225291e-11
0.4645 9.668463533193025e-08
0.4655 2.057125978656889e-07
0.4665 9.999999939225291e-11
0.4675 9.271504227766533e-08
0.4685 9.999999939225291e-11
0.4695 9.999999939225291e-11
0.4705 1.3734946489485366e-07
0.4715 9.999999939225291e-11
0.4725 9.999999939225291e-11
0.4735 9.999999939225291e-11
0.4745 9.999999939225291e-11
0.4755 9.999999939225291e-11
0.4765 7.2227851027525e-08
0.4775 9.999999939225291e-11
0.4785 3.7580533997309355e-08
0.4795 9.999999939225291e-11
0.4805 9.999999939225291e-11
0.4815 9.999999939225291e-11
0.4825 2.6460887333120318e-08
0.4835 4.234053216478628e-08
0.4845 9.999999939225291e-11
0.4855 8.060001351080833e-08
0.4865 2.690107253696302e-08
0.4875 1.9417912676307955e-08
0.4885 9.999999939225291e-11
0.4895 9.999999939225291e-11
0.4905 9.333850124804144e-08
0.4915 9.999999939225291e-11
0.4925 1.8178000065205423e-08
0.4935 2.9063207064676058e-08
0.4945 9.999999939225291e-11
0.4955 5.4212832359586586e-08
0.4965 9.999999939225291e-11
0.4975 6.878543240181519e-09
0.4985 9.999999939225291e-11
0.4995 2.8610333272875247e-08
0.5005 1.560491364216432e-07
0.5015 3.2709555775056743e-09
0.5025 7.156792849312883e-08
0.5035 5.484038749337117e-08
0.5045 1.29953506148676e-08
0.5055 9.999999939225291e-11
0.5065 9.999999939225291e-11
0.5075 9.999999939225291e-11
0.5085 1.733572005354252e-08
0.5095 5.7849635997087035e-08
0.5105 9.999999939225291e-11
0.5115 9.999999939225291e-11
0.5125 1.038999693392384e-08
0.5135 1.3821699667460053e-07
0.5145 2.535109347630756e-08
0.5155 9.999999939225291e-11
0.5165 9.999999939225291e-11
0.5175 9.999999939225291e-11
0.5185 9.999999939225291e-11
0.5195 1.0386897732435804e-07
0.5205 9.999999939225291e-11
0.5215 6.54049315447954e-09
0.5225 9.999999939225291e-11
0.5235 9.999999939225291e-11
0.5245 9.999999939225291e-11
0.5255 9.999999939225291e-11
0.5265 9.999999939225291e-11
0.5275 7.081983079970656e-08
0.5285 2.612666299898573e-08
0.5295 5.404593512873627e-08
0.5305 9.999999939225291e-11
0.5315 9.999999939225291e-11
0.5325 9.999999939225291e-11
0.5335 9.999999939225291e-11
0.5345 9.999999939225291e-11
0.5355 9.999999939225291e-11
0.5365 3.507520048036857e-08
0.5375 9.999999939225291e-11
0.5385 4.24590798993781e-08
0.5395 6.000686827434265e-09
0.5405 9.999999939225291e-11
0.5415 5.53689985712443e-09
0.5425 9.999999939225291e-11
0.5435 9.999999939225291e-11
0.5445 9.999999939225291e-11
0.5455 9.999999939225291e-11
0.5465 9.690766768599701e-08
0.5475 9.25319068301178e-08
0.5485 9.999999939225291e-11
0.5495 9.999999939225291e-11
0.5505 9.999999939225291e-11
0.5515 9.999999939225291e-11
0.5525 1.0800260141034338e-08
0.5535 2.84181294052388e-08
0.5545 9.999999939225291e-11
0.5555 9.999999939225291e-11
0.5565 4.4989932674136906e-08
0.5575 9.677253496320759e-08
0.5585 8.7474800943473e-08
0.5595 8.705229821141339e-08
0.5605 2.969413566589196e-08
0.5615 1.1459687000818046e-08
0.5625 2.225062032697641e-08
0.5635 9.999999939225291e-11
0.5645 9.999999939225291e-11
0.5655 9.999999939225291e-11
0.5665 9.999999939225291e-11
0.5675 1.87892669067935e-08
0.5685 9.999999939225291e-11
0.5695 9.999999939225291e-11
0.5705 2.7425909149651297e-08
0.5715 1.4776617146772253e-07
0.5725 8.28704764632704e-08
0.5735 1.552072326867678e-07
0.5745 1.8537402598125158e-07
0.5755 1.6194216525100559e-07
0.5765 1.684723823321595e-07
0.5775 9.999999939225291e-11
0.5785 9.999999939225291e-11
0.5795 9.999999939225291e-11
0.5805 9.999999939225291e-11
0.5815 4.3932641320409974e-08
0.5825 6.095140098120548e-08
0.5835 1.5571342775189122e-08
0.5845 9.999999939225291e-11
0.5855 2.364596977777467e-08
0.5865 7.470682890383292e-08
0.5875 1.9068230393474533e-07
0.5885 1.5349542786443256e-08
0.5895 9.62943692872642e-08
0.5905 4.937206610951724e-08
0.5915 4.7839534188890796e-08
0.5925 5.7850899084499475e-08
0.5935 9.999999939225291e-11
0.5945 9.999999939225291e-11
0.5955 3.6496934724776035e-08
0.5965 9.999999939225291e-11
0.5975 8.218556353985681e-09
0.5985 1.261883005287956e-07
0.5995 9.999999939225291e-11
0.6005 1.8396906888244285e-07
0.6015 1.916080610323926e-08
0.6025 7.334483062374867e-08
0.6035 5.348763271110594e-08
0.6045 2.549873968267965e-08
0.6055 5.301574368547317e-08
0.6065 8.242466790283251e-08
0.6075 1.2984745900427678e-07
0.6085 2.9752846580540413e-08
0.6095 2.0415253955500624e-08
0.6105 9.999999939225291e-11
0.6115 8.883637630852093e-08
0.6125 2.016220676045085e-08
0.6135 1.0867393787824162e-07
0.6145 7.917440936644482e-08
0.6155 9.433118556205026e-08
0.6165 8.903588912959984e-08
0.6175 1.4987926720462972e-07
0.6185 1.9242596257148154e-07
0.6195 8.672687954458524e-08
0.6205 1.5145963248327141e-07
0.6215 9.625604848591726e-08
0.6225 1.1772793221768532e-07
0.6235 2.3164950107457117e-07
0.6245 2.857255882796987e-07
0.6255 2.647376044606631e-08
0.6265 1.646927652358225e-07
0.6275 2.3824869761786733e-07
0.6285 2.4783510222429564e-07
0.6295 9.999999939225291e-11
0.6305 1.0493026704416764e-07
0.6315 3.329098338629895e-07
0.6325 1.563834700579747e-07
0.6335 3.0073812922637445e-07
0.6345 2.756175672402605e-07
0.6355 4.83130534121301e-07
0.6365 3.086096027497357e-07
0.6375 5.258506765433898e-07
0.6385 3.51687570703992e-07
0.6395 6.968133796666128e-07
0.6405 4.945358765932421e-07
0.6415 4.789703113298552e-07
0.6425 4.2259998735971747e-07
0.6435 7.424544067665313e-07
0.6445 8.089771533074479e-07
0.6455 1.016693592343169e-06
0.6465 1.2063770069895933e-06
0.6475 1.2832520345303541e-06
0.6485 1.319520961260423e-06
0.6495 1.8415747035760433e-06
0.6505 1.6962680092547088e-06
0.6515 2.199221974782025e-06
0.6525 1.6320419672410936e-06
0.6535 2.0843910169787706e-06
0.6545 2.2641936569319418e-06
0.6555 2.458133288503935e-06
0.6565 2.7781510531591873e-06
0.6575 2.7349063505729037e-06
0.6585 3.134971678567429e-06
0.6595 2.96971935313195e-06
0.6605 3.0168576631695033e-06
0.6615 3.047637389196704e-06
0.6625 2.9125340127696592e-06
0.6635 2.9722952361529072e-06
0.6645 3.156457678414881e-06
0.6655 3.6116200499236586e-06
0.6665 4.318045394029468e-06
0.6675 4.5348509835700194e-06
0.6685 5.005621254288902e-06
0.6695 5.32998334771643e-06
0.6705 5.144970685554048e-06
0.6715 5.445317947305739e-06
0.6725 5.459956591948867e-06
0.6735 5.5787460102389254e-06
0.6745 4.997254000045359e-06
0.6755 4.4581899419426915e-06
0.6765 3.5262264039677876e-06
0.6775 3.276790278808524e-06
0.6785 2.5537167190729333e-06
0.6795 2.0602860119349014e-06
0.6805 1.6107693227240817e-06
0.6815 9.72025639687975e-07
0.6825 8.10866573980699e-07
0.6835 7.931552560573134e-07
0.6845 4.110041966972252e-07
0.6855 5.307250345746676e-07
0.6865 5.864950677884432e-07
0.6875 4.537225322565064e-07
0.6885 6.981942472824205e-07
0.6895 7.324245962081477e-07
0.6905 1.3032993592787534e-06
0.6915 1.6012343500430385e-06
0.6925 1.3977316848468035e-06
0.6935 1.5635596840487173e-06
0.6945 1.0414424711295093e-06
0.6955 1.0470952111063526e-06
0.6965 9.260883719737951e-07
0.6975 1.0049516034390157e-06
0.6985 1.1469512537587434e-06
0.6995 1.3951379999828836e-06
0.7005 1.2871293195833762e-06
0.7015 9.122484334511682e-07
0.7025 1.0819325204162548e-06
0.7035 1.3273140211822465e-06
0.7045 1.5705333498772233e-06
0.7055 2.0075992991526922e-06
0.7065 2.123772331591075e-06
0.7075 2.469084671853731e-06
0.7085 1.99191301362589e-06
0.7095 1.9777833464710662e-06
0.7105 1.3441833531639227e-06
0.7115 1.3205593374247352e-06
0.7125 8.729971644546216e-07
0.7135 8.387058187508956e-07
0.7145 7.543160002872658e-07
0.7155 5.311339676457768e-07
0.7165 5.252751725492999e-07
0.7175 6.76737060227121e-07
0.7185 6.365765754405099e-07
0.7195 7.263511482354564e-07
0.7205 1.1815534283717474e-06
0.7215 1.2551606293224418e-06
0.7225 7.20061192017359e-07
0.7235 6.549099756133121e-07
0.7245 3.1074522970205485e-07
0.7255 3.712072551328068e-07
0.7265 7.112902494554874e-08
0.7275 8.752983019869967e-09
0.7285 3.2864295815097456e-08
0.7295 1.2814456906262706e-07
0.7305 4.054912460560445e-07
0.7315 1.7361050024256032e-07
0.7325 9.999999939225291e-11
0.7335 1.7288090359279806e-07
0.7345 1.4181456546857875e-07
0.7355 5.0878896873385315e-08
0.7365 1.3516136312989128e-07
0.7375 3.569645397938359e-08
0.7385 2.518420391310154e-07
0.7395 1.1546149630466592e-08
0.7405 9.999999939225291e-11
0.7415 7.260944014042536e-08
0.7425 1.7520276439123944e-07
0.7435 5.839858542522336e-08
0.7445 1.467102598932494e-07
0.7455 1.206344381365909e-07
0.7465 9.999999939225291e-11
0.7475 8.352241249731663e-08
0.7485 6.993865958963378e-08
0.7495 1.1916859946244549e-07
0.7505 4.354998600319959e-07
0.7515 3.3943650779022505e-08
0.7525 3.845976459349032e-07
0.7535 1.312969716800912e-07
0.7545 1.2914866672394018e-07
0.7555 9.999999939225291e-11
0.7565 9.999999939225291e-11
0.7575 6.054855324085414e-08
0.7585 3.5459219361655413e-07
0.7595 4.865499926509642e-08
0.7605 1.4773930312609688e-07
0.7615 7.127440231495068e-08
0.7625 2.0758770309233416e-07
0.7635 1.7409762560482988e-07
0.7645 2.6074599226137237e-07
0.7655 2.956875781704819e-07
0.7665 2.2701017198478724e-07
0.7675 9.999999939225291e-11
0.7685 1.2816586674920435e-07
0.7695 2.595057783535045e-07
0.7705 1.7857100017929875e-08
0.7715 3.204095638290975e-08
0.7725 2.095144710019999e-07
0.7735 2.1879036770163413e-07
0.7745 1.6225353076215753e-07
0.7755 2.1427363511368943e-07
0.7765 1.0501409703896533e-07
0.7775 3.301983121861696e-07
0.7785 9.999999939225291e-11
0.7795 7.708529735713418e-08
0.7805 1.9531509749389404e-07
0.7815 1.8259576558321556e-07
0.7825 5.048194058569303e-07
0.7835 7.246828560406963e-07
0.7845 1.1317568957262362e-06
0.7855 4.602177250490058e-07
0.7865 8.320545263510819e-07
0.7875 5.207502545090392e-07
0.7885 4.645711578632472e-07
0.7895 3.8762299179021887e-07
0.7905 3.5107760898730096e-07
0.7915 4.870450720773078e-07
0.7925 1.125813897070079e-07
0.7935 5.740896570690287e-07
0.7945 2.2581534454187608e-07
0.7955 7.160267705330625e-07
0.7965 2.039893994757828e-07
0.7975 2.5923672824686624e-07
0.7985 8.710563512674222e-07
0.7995 1.0866993556864675e-08
0.8005 1.7200609363499099e-07
0.8015 9.745012903294992e-08
0.8025 1.967149910342414e-07
0.8035 2.501757990103215e-07
0.8045 2.5733799702720716e-07
0.8055 1.428776977263624e-07
0.8065 2.3478700313717128e-07
0.8075 7.380800980172353e-08
0.8085 1.9022319975192658e-07
0.8095 1.403778969688574e-07
0.8105 1.0584870324237273e-07
0.8115 1.8199660189566203e-07
0.8125 9.638538358558436e-08
0.8135 2.2513659132528118e-07
0.8145 3.654793999885442e-08
0.8155 2.546152063587215e-07
0.8165 1.7210330042871645e-07
0.8175 2.442468030494638e-07
0.8185 3.6446839658310636e-07
0.8195 1.6880050679901614e-07
0.8205 1.5905750842648557e-07
0.8215 1.9904950022464617e-07
0.8225 2.935301927209366e-07
0.8235 1.7824739188654347e-07
0.8245 3.3303949749097227e-07
0.8255 3.408734846743755e-07
0.8265 1.2990420145797543e-07
0.8275 1.8025210010819137e-07
0.8285 2.2872920453664848e-07
0.8295 3.201811978215119e-08
0.8305 1.193648040498374e-07
0.8315 2.5686060325824653e-07
0.8325 2.5647879738244227e-07
0.8335 2.1602860215352847e-07
0.8345 2.0026789570692927e-07
0.8355 2.2981339498073794e-07
0.8365 3.756911974051036e-07
0.8375 4.2889820178970694e-07
0.8385 5.092037099529989e-07
0.8395 2.997466071974486e-07
0.8405 2.182253956561908e-07
0.8415 4.221068957122043e-07
0.8425 4.682377038989216e-07
0.8435 3.318455128464848e-07
0.8445 1.3023290193814318e-07
0.8455 2.692210910026915e-07
0.8465 3.676801861729473e-07
0.8475 3.444858157308772e-07
0.8485 4.511007136898115e-07
0.8495 2.472840060363524e-07
0.8505 3.8819100154796617e-07
0.8515 4.948458081344142e-07
0.8525 3.211836883565411e-07
0.8535 3.7599449569825084e-07
0.8545 4.3399959395173935e-07
0.8555 3.186843969160691e-07
0.8565 1.721201988402754e-07
0.8575 5.861583122168668e-07
0.8585 4.985251871403307e-07
0.8595 4.7461249778280037e-07
0.8605 3.681479938677512e-07
0.8615 2.015254040088621e-08
0.8625 3.779531107284129e-07
0.8635 6.911995296832174e-07
0.8645 5.981481081107632e-07
0.8655 4.952659946866333e-07
0.8665 3.0407569283852355e-07
0.8675 2.6308200176572425e-07
0.8685 1.7313870557700283e-07
0.8695 2.54915594268823e-07
0.8705 9.999999939225291e-11
0.8715 2.3826589313102886e-07
0.8725 9.999999939225291e-11
0.8735 9.999999939225291e-11
0.8745 9.999999939225291e-11
0.8755 2.7438549295766277e-07
0.8765 9.999999939225291e-11
0.8775 3.371957063791342e-07
0.8785 9.344174759462476e-07
0.8795 1.1194260150659829e-06
0.8805 9.999999939225291e-11
0.8815 9.999999939225291e-11
0.8825 1.15356502647046e-06
0.8835 2.717342977121007e-07
0.8845 2.475322980899364e-07
0.8855 9.369602776132524e-07
0.8865 9.763304842635989e-07
0.8875 7.757773710181937e-07
0.8885 2.098794939229265e-06
0.8895 1.4008399739395828e-06
0.8905 2.636166982483701e-08
0.8915 2.025996946031228e-06
0.8925 9.999999939225291e-11
0.8935 2.820843074005097e-06
0.8945 9.999999939225291e-11
0.8955 9.999999939225291e-11
0.8965 2.532184007577598e-06
0.8975 9.999999939225291e-11
0.8985 4.584958951454609e-06
0.8995 9.999999939225291e-11
0.9005 4.134764094487764e-07
0.9015 1.2393130418786314e-07
0.9025 3.597131944843568e-07
0.9035 6.341378139040899e-08
0.9045 2.3181159122032114e-07
0.9055 9.564807442075107e-08
0.9065 2.672379014256876e-07
0.9075 4.2663959902711214e-07
0.9085 4.2956460674759003e-07
0.9095 2.99687308142893e-07
0.9105 1.8617249224917032e-07
0.9115 3.036479938600678e-07
0.9125 3.714150079758838e-07
0.9135 5.6958369896165095e-08
0.9145 3.509939051582478e-07
0.9155 5.869374945177696e-07
0.9165 2.544488961575553e-07
0.9175 4.076031837030314e-07
0.9185 2.580602995294612e-07
0.9195 4.089542926521972e-07
0.9205 3.635423126979731e-07
0.9215 2.2072090359870345e-07
0.9225 4.912119038635864e-07
0.9235 3.57297103619203e-07
0.9245 3.776498124352656e-07
0.9255 5.303605939843692e-07
0.9265 3.6775931221200155e-07
0.9275 4.968051143805496e-07
0.9285 4.573399928631261e-07
0.9295 2.3915879864944146e-07
0.9305 5.600073927780613e-07
0.9315 7.502416701754555e-07
0.9325 7.559695222880692e-07
0.9335 3.8952530303504316e-07
0.9345 6.616606697207317e-07
0.9355 7.651987834833562e-07
0.9365 4.5733500883216036e-07
0.9375 6.666836270596832e-07
0.9385 7.03871191944927e-07
0.9395 7.540207298006863e-07
0.9405 6.214436143636703e-07
0.9415 7.731313235126436e-07
0.9425 5.008398875361309e-07
0.9435 5.647588113788515e-07
0.9445 4.7203739086398853e-07
0.9455 6.719563680235296e-07
0.9465 6.40305079286918e-07
0.9475 4.870515112997964e-07
0.9485 3.5630990169011057e-07
0.9495 7.081874355208128e-07
0.9505 7.364279736066237e-07
0.9515 7.187516166595742e-07
0.9525 4.588740921462886e-07
0.9535 7.879907207097858e-07
0.9545 6.962181214476005e-07
0.9555 7.837385783204809e-07
0.9565 9.550063259666786e-07
0.9575 7.249550253618508e-07
0.9585 7.201205153251067e-07
0.9595 7.887204264989123e-07
0.9605 1.0438440222060307e-06
0.9615 8.361158688785508e-07
0.9625 6.208277773112059e-07
0.9635 6.938653677934781e-07
0.9645 7.444788934662938e-07
0.9655 4.29829306085594e-07
0.9665 6.673009920632466e-07
0.9675 6.331367330858483e-07
0.9685 8.16726969787851e-07
0.9695 7.021652709227055e-07
0.9705 5.682924893335439e-07
0.9715 9.73088899627328e-07
0.9725 8.380699000554159e-07
0.9735 7.615912909386679e-07
0.9745 8.58574130688794e-07
0.9755 9.72909401752986e-07
0.9765 6.771943299099803e-07
0.9775 6.85966297169216e-07
0.9785 8.4897612396162e-07
0.9795 7.046706741675734e-07
0.9805 5.491376941790805e-07
0.9815 3.4975131711689757e-07
0.9825 6.678183854091912e-07
0.9835 5.957845860393718e-07
0.9845 6.942800246179104e-07
0.9855 4.297028135624714e-07
0.9865 4.93010702484753e-07
0.9875 5.919135946896859e-07
0.9885 6.913892866577954e-07
0.9895 8.982540748547763e-07
0.9905 4.401956903166138e-07
0.9915 7.4328163464088e-07
0.9925 9.120911272475496e-07
0.9935 7.631615881109611e-07
0.9945 6.06857611273881e-07
0.9955 6.609012052649633e-07
0.9965 7.072129665175453e-07
0.9975 7.939664646983147e-07
0.9985 7.85001102485694e-07
0.9995 7.206456939456984e-07
1.0005 7.537624333053828e-07
1.0015 1.6617286598563651e-06
1.0025 8.024301227009072e-07
1.0035 6.788733487835448e-07
1.0045 1.184572969676149e-06
1.0055 6.476240206036248e-08
1.0065 4.724203254961405e-08
1.0075 3.313258585950033e-07
1.0085 3.0417910602409394e-06
1.0095 1.1375177025681655e-06
1.0105 8.495792557254115e-07
1.0115 3.711120074889607e-07
1.0125 2.707081303367313e-06
1.0135 4.011015116702765e-06
1.0145 2.463961282046512e-06
1.0155 9.999999939225291e-11
1.0165 9.999999939225291e-11
1.0175 7.916540171700366e-07
1.0185 3.09222125603507e-06
1.0195 9.999999939225291e-11
1.0205 3.249436025119697e-06
1.0215 7.672206454797011e-07
1.0225 8.145354365485247e-07
1.0235 9.544658241793514e-06
1.0245 2.470915709735048e-06
1.0255 4.1456865872054513e-07
1.0265 4.8397069137233005e-06
1.0275 1.1186439560824842e-06
1.0285 4.22302585017557e-06
1.0295 9.999999939225291e-11
1.0305 1.0246116236049355e-06
1.0315 1.6434899683985075e-06
1.0325 7.056035295439263e-06
1.0335 9.999393488039723e-08
1.0345 1.0548247613654619e-06
1.0355 1.3658781305518155e-06
1.0365 7.139243529685757e-07
1.0375 1.7207406536308886e-06
1.0385 2.5641429723085213e-06
1.0395 9.999999939225291e-11
1.0405 1.183913612949894e-06
1.0415 9.999999939225291e-11
1.0425 5.12336331765321e-07
1.0435 2.8388179756196524e-06
1.0445 7.991066566089462e-07
1.0455 1.6213256067694934e-06
1.0465 2.098504686474101e-06
1.0475 3.610913990996778e-06
1.0485 3.2707380887586624e-06
1.0495 1.176532556807312e-06
1.0505 1.8063613579707058e-06
1.0515 2.197366323999361e-06
1.0525 1.3088978948871955e-06
1.0535 3.044590698131344e-07
1.0545 3.3515279938001186e-06
1.0555 3.837907958465318e-06
1.0565 9.510112768603325e-07
1.0575 1.4161498351198767e-06
1.0585 3.822925112520655e-06
1.0595 3.738091579229182e-06
1.0605 5.022810068489037e-07
1.0615 1.2008232874372027e-06
1.0625 2.0881979529689214e-06
1.0635 7.284664607141167e-06
1.0645 1.40406437250995e-06
1.0655 8.265190209459188e-07
1.0665 1.8209849656347644e-06
1.0675 3.265636963381742e-06
1.0685 1.7149403814868217e-06
1.0695 4.225281008984893e-06
1.0705 6.780318411377569e-06
1.0715 2.029003623696587e-06
1.0725 5.085248146012115e-07
1.0735 2.837517686555084e-06
1.0745 7.952089238679368e-07
1.0755 3.6130133230471985e-06
1.0765 4.248059024879088e-06
1.0775 3.12204168075129e-06
1.0785 9.999999939225291e-11
1.0795 7.973929393489954e-07
1.0805 3.668187030901511e-06
1.0815 4.0174129147393e-06
1.0825 1.5872360330959623e-07
1.0835 1.8419160524481745e-06
1.0845 2.255820775947844e-06
1.0855 1.4959103619312705e-06
1.0865 2.830904413713142e-06
1.0875 1.7237026986549608e-06
1.0885 2.9262910053754848e-06
1.0895 1.4762070202056776e-06
1.0905 5.76324643990489e-07
1.0915 3.3402807457605377e-06
1.0925 1.7686286688937495e-06
1.0935 1.9850806660670627e-07
1.0945 8.822736803152746e-07
1.0955 2.741288020236728e-06
1.0965 2.1677793942102376e-06
1.0975 4.592733360671749e-06
1.0985 1.1829720585598835e-06
1.0995 1.8453980444495717e-07
1.1005 3.119036021719997e-06
1.1015 3.175349032717989e-06
1.1025 1.3277727918836746e-06
1.1035 1.8824706249513194e-07
1.1045 2.490748374839313e-06
1.1055 4.62599127786234e-06
1.1065 1.521842359932061e-06
1.1075 2.9298557395425934e-06
1.1085 4.720455035567284e-06
1.1095 1.376964025488666e-06
1.1105 2.749277288482214e-06
1.1115 2.11213641402234e-06
1.1125 7.888270044720258e-07
1.1135 3.1412400130648165e-06
1.1145 2.0887692611607868e-06
1.1155 2.400596625848905e-06
1.1165 9.489280004230476e-07
1.1175 5.737293298201015e-06
1.1185 5.256219878368995e-07
1.1195 1.2558784631740613e-06
1.1205 8.657219923898414e-07
1.1215 9.159350102964463e-07
1.1225 1.8607631621610684e-06
1.1235 3.8259566645137964e-06
1.1245 2.0580680184630514e-06
1.1255 1.2850926429752718e-06
1.1265 3.865714000615602e-06
1.1275 5.513781407480897e-07
1.1285 7.629870082759282e-07
1.1295 1.329599772714e-06
1.1305 7.247929264734647e-07
1.1315 1.4472076967534755e-06
1.1325 1.6539516703536115e-06
1.1335 2.085487434063301e-06
1.1345 1.3076942168973223e-06
1.1355 9.999999939225291e-11
1.1365 2.802031437264911e-06
1.1375 8.472243590477528e-07
1.1385 1.8953884136863054e-06
1.1395 6.176095336929422e-07
1.1405 3.006178070537047e-06
1.1415 8.400997804110707e-07
1.1425 4.40728705143556e-06
1.1435 2.530800648929225e-07
1.1445 2.228518967107481e-06
1.1455 3.1463948690912956e-08
1.1465 9.999999939225291e-11
1.1475 5.020839280896657e-07
1.1485 2.6828200592602754e-06
1.1495 3.480962921760996e-07
1.1505 9.999999939225291e-11
1.1515 1.600157954320854e-06
1.1525 2.187538688049884e-06
1.1535 2.519958361517638e-06
1.1545 2.9556243195353697e-06
1.1555 2.4679126944408365e-07
1.1565 2.076287297920013e-06
1.1575 1.5962686639377686e-06
1.1585 9.639448917860467e-07
1.1595 6.966536939708353e-07
1.1605 1.8822450753456603e-06
1.1615 1.3462406726224194e-06
1.1625 5.1142530939074504e-08
1.1635 6.684090180364421e-07
1.1645 9.999999939225291e-11
1.1655 8.869192822391625e-07
1.1665 2.237541639612909e-06
1.1675 1.2883003701554448e-06
1.1685 1.8697550694923847e-06
1.1695 2.9158537411907066e-06
1.1705 6.570875969676611e-07
1.1715 2.078685308030496e-06
1.1725 2.844143371779258e-06
1.1735 2.5741376884980126e-06
1.1745 1.092390069716842e-06
1.1755 1.5134849767376815e-06
1.1765 9.462326559036191e-08
1.1775 2.0119830004420673e-07
1.1785 2.0372349536046386e-06
1.1795 1.6691419875503044e-06
1.1805 2.6249507451818014e-06
1.1815 9.999999939225291e-11
1.1825 4.986493338717443e-07
1.1835 2.8528563173798224e-06
1.1845 1.6166941441042582e-06
1.1855 1.6339950377375345e-06
1.1865 7.749844295782775e-07
1.1875 1.4666657322474444e-06
1.1885 5.685076461681149e-07
1.1895 8.844437468003008e-07
1.1905 1.7273957150010234e-07
1.1915 1.5338824023765815e-06
1.1925 1.3790849671332004e-06
1.1935 9.678903586252118e-07
1.1945 4.785236470598401e-07
1.1955 1.433329816791229e-06
1.1965 9.042616466103936e-07
1.1975 9.999999939225291e-11
1.1985 7.830819905467005e-07
1.1995 4.12180001148954e-06
1.2005 2.2279221593635155e-06
1.2015 9.999999939225291e-11
1.2025 6.871923539808478e-07
1.2035 2.96476104013621e-07
1.2045 6.672243466177008e-07
1.2055 2.2143592745009025e-06
1.2065 2.5238467302794258e-06
1.2075 1.5758162381226034e-06
1.2085 1.5759696153091105e-06
1.2095 1.3928249366775466e-06
1.2105 3.896276660573979e-06
1.2115 4.0311232391232465e-07
1.2125 1.902512361739994e-06
1.2135 2.057038776304883e-06
1.2145 6.175369775895944e-07
1.2155 2.1896996865204224e-06
1.2165 5.091346678831599e-07
1.2175 2.4086417006892923e-06
1.2185 7.347859786399624e-07
1.2195 1.8077952891696707e-07
1.2205 6.321103326397311e-07
1.2215 1.6204276956462613e-06
1.2225 5.478602031150359e-07
1.2235 7.991083543323896e-07
1.2245 5.469699681270867e-07
1.2255 9.999999939225291e-11
1.2265 5.335006668853263e-06
1.2275 3.2717622500122445e-07
1.2285 5.504496894973935e-07
1.2295 9.999999939225291e-11
1.2305 2.3182192914343126e-06
1.2315 8.653180478971716e-07
1.2325 2.1712115509823586e-06
1.2335 9.999999939225291e-11
1.2345 2.5516866783921917e-06
1.2355 1.4831043464328767e-06
1.2365 1.8173296606012932e-06
1.2375 1.0626306754790704e-06
1.2385 1.4517463033196045e-07
1.2395 1.1163432982848794e-06
1.2405 2.8844700136687605e-06
1.2415 4.830263491761854e-07
1.2425 1.6274343067568252e-06
1.2435 4.722356095232527e-07
1.2445 1.6482723488782845e-06
1.2455 1.051043970316338e-06
1.2465 7.283228150060476e-08
1.2475 2.2688604743355733e-06
1.2485 2.079801973498737e-06
1.2495 8.286379643814475e-07
1.2505 5.397045094657215e-07
1.2515 1.3721164577873424e-06
1.2525 8.652967369204845e-07
1.2535 3.048322779323579e-07
1.2545 9.317430468473258e-07
1.2555 1.0875718820783457e-06
1.2565 2.9720902966801076e-06
1.2575 7.587166783196154e-07
1.2585 9.999999939225291e-11
1.2595 4.257951998927941e-06
1.2605 7.687146906161975e-07
1.2615 9.999999939225291e-11
1.2625 3.571272051582734e-06
1.2635 5.943153613655975e-07
1.2645 1.8266246479470283e-06
1.2655 7.577564341657943e-07
1.2665 1.018570301664449e-06
1.2675 2.6181602637128283e-06
1.2685 3.8166799104881003e-07
1.2695 3.021498948025207e-06
1.2705 6.888526547488282e-07
1.2715 9.999999939225291e-11
1.2725 4.1336065573105427e-07
1.2735 9.999999939225291e-11
1.2745 1.1131116332041558e-06
1.2755 3.3188893576152622e-06
1.2765 2.8336711157687473e-07
1.2775 1.2073072233646323e-06
1.2785 8.537022896308126e-07
1.2795 1.2105589943415633e-06
1.2805 1.2768439868408402e-06
1.2815 9.269352880814097e-07
1.2825 7.704090724776809e-07
1.2835 1.0064543625176725e-07
1.2845 3.531282030356427e-06
1.2855 1.1919103269253383e-06
1.2865 2.3782092658445701e-07
1.2875 1.4510971504932967e-06
1.2885 6.164590350217953e-07
1.2895 3.7873890444946783e-06
1.2905 4.1921697700194236e-07
1.2915 1.7960834763168045e-06
1.2925 7.287573141863864e-07
1.2935 1.360831044670737e-06
1.2945 3.1165166486365097e-06
1.2955 3.0428809961513536e-07
1.2965 2.224170214806994e-06
1.2975 4.587552684824913e-06
1.2985 4.138242703029723e-07
1.2995 1.3427376688923686e-06
1.3005 1.8292231713227616e-06
1.3015 1.8672100459789696e-06
1.3025 3.388355689821765e-06
1.3035 1.5595303651820083e-06
1.3045 2.374247126984604e-06
1.3055 1.0871009821015558e-06
1.3065 1.6522332589374855e-06
1.3075 5.629219905204744e-07
1.3085 3.1664970326043355e-06
1.3095 4.798364437495669e-06
1.3105 1.7169602940588408e-07
1.3115 1.6321235522998023e-06
1.3125 3.0146896652520163e-07
1.3135 1.99116636430278e-06
1.3145 2.1569459083063216e-06
1.3155 5.875501305011946e-07
1.3165 2.657572083760347e-07
1.3175 2.299783634445163e-06
1.3185 3.161371908693885e-06
1.3195 3.012294619111344e-06
1.3205 2.327164935801799e-06
1.3215 1.9248313617215017e-06
1.3225 3.189191969189172e-06
1.3235 3.0538389304031926e-06
1.3245 2.4908386789205633e-06
1.3255 2.579484328938027e-06
1.3265 9.999999939225291e-11
1.3275 5.023126335193714e-06
1.3285 1.2495249582341237e-06
1.3295 2.1882386836787524e-06
1.3305 2.9936952341813596e-06
1.3315 1.5508590634757033e-06
1.3325 1.6736156491485112e-06
1.3335 2.3340801999438553e-06
1.3345 8.825853095798901e-07
1.3355 3.417371347798811e-07
1.3365 1.0311372534488327e-06
1.3375 1.8784339624478007e-06
1.3385 2.33407433067138e-06
1.3395 3.7908199495480706e-06
1.3405 3.2508396058498572e-06
1.3415 2.8567250410560518e-06
1.3425 3.0939527493689667e-06
1.3435 2.529409306335495e-06
1.3445 1.6596719069639221e-06
1.3455 1.4451383416484257e-06
1.3465 2.515262264447908e-06
1.3475 4.406553220063595e-07
1.3485 2.6109743582007168e-06
1.3495 8.387039243225776e-07
1.3505 5.146406760481171e-07
1.3515 4.39099104066069e-06
1.3525 1.1792651882084707e-06
1.3535 1.5189393404095122e-06
1.3545 1.2599840071440364e-06
1.3555 1.7777580163850596e-06
1.3565 1.6335326263779612e-06
1.3575 2.5447206280659884e-06
1.3585 9.839504586010388e-07
1.3595 2.161104979071145e-06
1.3605 2.9476382379052996e-06
1.3615 6.745246544366996e-07
1.3625 2.243362939274481e-06
1.3635 1.2906146582469802e-06
1.3645 2.0101526458778568e-07
1.3655 2.7033422520617025e-06
1.3665 4.908298285233315e-07
1.3675 1.1535614221921027e-06
1.3685 1.7455056513426825e-06
1.3695 1.053369018082506e-06
1.3705 2.024810295297996e-06
1.3715 1.3428739667512938e-07
1.3725 1.282284326808991e-06
1.3735 1.0172153122045557e-06
1.3745 1.765922638163886e-07
1.3755 5.942966890870593e-07
1.3765 1.5136993507021875e-06
1.3775 5.405305564636365e-06
1.3785 4.305546921271978e-07
1.3795 7.158016861049295e-07
1.3805 2.759707276709378e-06
1.3815 5.602024585223594e-07
1.3825 2.4617347757042534e-06
1.3835 9.999999939225291e-11
1.3845 4.614163384151955e-06
1.3855 2.379681294163068e-06
1.3865 1.182715311237222e-06
1.3875 1.4335843149826389e-06
1.3885 1.5695056545646698e-06
1.3895 1.7044103272686092e-06
1.3905 1.937089313033269e-06
1.3915 1.0323396607188802e-06
1.3925 1.716730669916918e-06
1.3935 3.6541090230457484e-06
1.3945 1.16867368316953e-06
1.3955 5.560638817048158e-07
1.3965 1.9474621270395195e-06
1.3975 4.417523693215723e-06
1.3985 9.999999939225291e-11
1.3995 2.2832776640650348e-07
1.4005 4.947817651554942e-06
1.4015 2.793427714890366e-07
1.4025 2.6860947158032405e-06
1.4035 3.1340626689294974e-06
1.4045 1.6998425659645968e-06
1.4055 2.8128329722676427e-06
1.4065 4.302976325446887e-07
1.4075 8.151684145444686e-07
1.4085 4.182488337391987e-06
1.4095 4.773127341953416e-06
1.4105 5.727236755544615e-07
1.4115 1.7616760427093445e-06
1.4125 2.5248583309197177e-06
1.4135 1.1988183245570383e-06
1.4145 6.242684658482507e-07
1.4155 6.311640026979148e-06
1.4165 1.5561343362187804e-06
1.4175 9.116105987535168e-07
1.4185 2.7103483929143597e-06
1.4195 1.4854140169706653e-06
1.4205 4.777620000950833e-08
1.4215 2.7051946866170812e-06
1.4225 4.323984321672469e-06
1.4235 6.269666334635105e-07
1.4245 6.159229761652322e-07
1.4255 1.4085812290431931e-06
1.4265 1.6185457449561604e-06
1.4275 1.753769172004501e-06
1.4285 7.426610025026055e-08
1.4295 3.054569916531117e-07
1.4305 2.411245489687038e-06
1.4315 2.088791843561921e-06
1.4325 2.4655535283576073e-06
1.4335 2.2385092840219534e-06
1.4345 5.0264823948964475e-06
1.4355 9.999999939225291e-11
1.4365 1.2096166608177583e-06
1.4375 3.087909081915067e-07
1.4385 2.093402687982267e-06
1.4395 7.924953509548989e-07
1.4405 1.2028473618327002e-06
1.4415 2.026582272568097e-06
1.4425 7.713569243605889e-07
1.4435 5.847880311193876e-07
1.4445 5.590573561864431e-07
1.4455 9.135819656040193e-07
1.4465 2.6263139928535865e-06
1.4475 1.82529998710379e-06
1.4485 1.2355303867176796e-06
1.4495 3.0968202918302267e-06
1.4505 2.6925766239097963e-06
1.4515 1.6557216778956273e-07
1.4525 9.999999939225291e-11
1.4535 7.06104801793117e-07
1.4545 2.3747689556330443e-06
1.4555 1.664206671800154e-06
1.4565 6.965733283396484e-07
1.4575 1.4985510036543323e-06
1.4585 9.999999939225291e-11
1.4595 4.599775420501828e-06
1.4605 1.6998145629750403e-06
1.4615 1.5994810477308144e-06
1.4625 1.5887159774023254e-06
1.4635 2.1057299939760317e-06
1.4645 9.999999939225291e-11
1.4655 2.623608719053057e-06
1.4665 9.999999939225291e-11
1.4675 3.44538302821699e-06
1.4685 2.4541826132917775e-06
1.4695 3.3553465618751944e-06
1.4705 1.7875922977091582e-06
1.4715 2.7270493349836517e-06
1.4725 5.577936193616276e-07
1.4735 1.5093743369180382e-06
1.4745 1.5151766611361714e-06
1.4755 1.6781503412251672e-06
1.4765 2.1225366314562657e-06
1.4775 2.457888088732337e-06
1.4785 3.390989974529172e-06
1.4795 9.999999939225291e-11
1.4805 1.530814400515131e-06
1.4815 1.391260728572282e-06
1.4825 3.162356588291004e-06
1.4835 2.2821763534075501e-07
1.4845 4.040205385535955e-06
1.4855 9.929210352499495e-07
1.4865 1.6090303055419733e-06
1.4875 3.1076410959940404e-06
1.4885 3.869311789343281e-07
1.4895 3.765380000307535e-06
1.4905 2.5228919643153585e-06
1.4915 2.0443054624289893e-06
1.4925 3.2646276910478872e-06
1.4935 1.3830404107769331e-06
1.4945 2.4201150032846876e-06
1.4955 3.902001966101428e-06
1.4965 1.2577563366485596e-06
1.4975 8.389054225214447e-07
1.4985 4.4358187005855145e-06
1.4995 1.2295219831267208e-06
1.5005 5.583378272907188e-06
1.5015 2.0381953166973925e-06
1.5025 3.2527800067327916e-06
1.5035 4.412513323283444e-06
1.5045 4.781260310361783e-06
1.5055 9.999999939225291e-11
1.5065 2.099758882347184e-06
1.5075 4.062046743153284e-06
1.5085 3.115784915408426e-08
1.5095 2.428409182660592e-06
1.5105 2.3075437153844782e-06
1.5115 1.4977643244377484e-06
1.5125 4.427098416878531e-06
1.5135 3.4856596418345968e-06
1.5145 1.686433982589127e-06
1.5155 3.936536959372461e-06
1.5165 9.999999939225291e-11
1.5175 3.161907026042835e-07
1.5185 2.796175016301916e-06
1.5195 9.648159973470646e-08
1.5205 8.040088478574366e-07
1.5215 3.715080723244076e-06
1.5225 1.1348933886020281e-06
1.5235 4.0584514014578115e-06
1.5245 1.5469346733650488e-06
1.5255 2.3599124930721396e-06
1.5265 3.309395300069203e-06
1.5275 1.8877280524254302e-06
1.5285 1.2379459898396541e-06
1.5295 1.1991127731144265e-06
1.5305 3.2317029157032567e-06
1.5315 3.1004339689388873e-06
1.5325 2.243466539463649e-06
1.5335 2.081596365085166e-07
1.5345 3.0025030328525065e-06
1.5355 2.6419506563494604e-06
1.5365 1.4130543759656907e-06
1.5375 4.13188652093055e-07
1.5385 4.0184199049756825e-08
1.5395 3.299360966290503e-06
1.5405 4.220882256049663e-06
1.5415 8.204922967477064e-07
1.5425 6.803449502701397e-07
1.5435 2.5881569793758293e-06
1.5445 9.999999939225291e-11
1.5455 1.3563146395008848e-06
1.5465 1.6717450920999966e-06
1.5475 4.776268421361844e-06
1.5485 2.1469475611842388e-07
1.5495 1.3213704221204382e-06
1.5505 3.3445769413938583e-06
1.5515 1.9254963384203923e-06
1.5525 1.2383940433095357e-06
1.5535 5.444901083440831e-06
1.5545 1.468182997135988e-06
1.5555 2.677118618873801e-06
1.5565 8.915484768786304e-07
1.5575 9.999999939225291e-11
1.5585 3.0692356813233344e-06
1.5595 5.427464299524824e-06
1.5605 2.0331027139164349e-07
1.5615 2.263880354197075e-06
1.5625 2.4728953333881994e-06
1.5635 5.003784802587083e-06
1.5645 4.6975398385384895e-07
1.5655 3.0956256280963617e-06
1.5665 3.1754247659894946e-06
1.5675 9.999999939225291e-11
1.5685 8.537420166376819e-08
1.5695 1.6917873384840002e-06
1.5705 3.839999286962363e-06
1.5715 9.999999939225291e-11
1.5725 2.2207642905414106e-06
1.5735 1.1455201941619936e-06
1.5745 8.104996666110273e-08
1.5755 3.109676079245579e-07
1.5765 2.5692217760061216e-06
1.5775 8.601486910642109e-07
1.5785 3.4665952356475556e-06
1.5795 7.177735918843335e-07
1.5805 3.5453663925485064e-06
1.5815 1.1725506529310554e-06
1.5825 2.3694333503954113e-06
1.5835 3.636006998325077e-06
1.5845 7.033546663552197e-07
1.5855 4.438397930546974e-06
1.5865 2.3391424326479895e-06
1.5875 4.592425345132748e-06
1.5885 2.53126074651e-06
1.5895 9.717176578494247e-07
1.5905 3.7939076234276098e-06
1.5915 8.149093116305294e-07
1.5925 2.403428661637008e-06
1.5935 1.1130693113840332e-06
1.5945 2.664587615678708e-06
1.5955 9.679323166474536e-07
1.5965 8.065439612625625e-07
1.5975 2.538283704272004e-06
1.5985 1.854034741931206e-06
1.5995 1.3525880395300524e-06
1.6005 1.1363479859216597e-06
1.6015 1.6543523061537022e-06
1.6025 9.816272601407642e-07
1.6035 2.1415601804619653e-06
1.6045 4.2258148702482385e-06
1.6055 8.170066767713517e-08
1.6065 1.9866169114794255e-06
1.6075 2.888682366017174e-06
1.6085 6.348356638300838e-07
1.6095 2.8518225735751913e-06
1.6105 2.7991862831792484e-06
1.6115 2.2511804464138884e-06
1.6125 6.073081264427552e-06
1.6135 2.595866593511076e-06
1.6145 4.6046376034306985e-06
1.6155 2.6498339623988913e-06
1.6165 5.310648217952499e-06
1.6175 5.322328021672243e-06
1.6185 5.383693108645579e-06
1.6195 2.3786872528338185e-06
1.6205 6.11323785657684e-06
1.6215 2.9659486608579755e-06
1.6225 6.673036453624567e-06
1.6235 8.336856650809447e-06
1.6245 7.853902643546461e-06
1.6255 1.132987963501364e-05
1.6265 1.1125794844701887e-05
1.6275 8.633744825298587e-06
1.6285 1.3393343348676961e-05
1.6295 1.6589526785537602e-05
1.6305 1.690596342086792e-05
1.6315 1.8332540057599545e-05
1.6325 1.5905256538341444e-05
1.6335 2.073859019825856e-05
1.6345 1.9012493236611287e-05
1.6355 2.4118303942183652e-05
1.6365 2.4871943363298973e-05
1.6375 2.6953473376731078e-05
1.6385 3.0755443343271816e-05
1.6395 3.288205247372389e-05
1.6405 2.9094719793647527e-05
1.6415 3.70400104050835e-05
1.6425 3.667028698449334e-05
1.6435 4.215767607092857e-05
1.6445 4.434799620260795e-05
1.6455 4.970278746138017e-05
1.6465 5.202542369564374e-05
1.6475 5.3819303090373675e-05
1.6485 5.396521339813869e-05
1.6495 5.9028815788527325e-05
1.6505 6.106828339397908e-05
1.6515 6.673642589400212e-05
1.6525 7.191957285006841e-05
1.6535 8.21758092691501e-05
1.6545 8.921566729744276e-05
1.6555 8.764817068974176e-05
1.6565 9.714191469053426e-05
1.6575 0.00011371753488977751
1.6585 0.0001227527018636465
1.6595 0.00013510639779269697
1.6605 0.00015403220119575658
1.6615 0.0001717891978720824
1.6625 0.00019488903383413952
1.6635 0.0002231663962205251
1.6645 0.0002540130975345771
1.6655 0.0002952963672578335
1.6665 0.00033618765572706856
1.6675 0.00039957923193772635
1.6685 0.00045912627130746843
1.6695 0.0005290757988890012
1.6705 0.0006129654745260874
1.6715 0.00070132481555144
1.6725 0.0008021825551986694
1.6735 0.0009113436192274094
1.6745 0.0010488110035657883
1.6755 0.0012024559825658798
1.6765 0.0013618143399556479
1.6775 0.0015290239950021109
1.6785 0.001676432987054189
1.6795 0.0019070930282274882
1.6805 0.002134729673465093
1.6815 0.002388722946246465
1.6825 0.0026624003052711487
1.6835 0.0029381775856018068
1.6845 0.0032647032539049785
1.6855 0.003574548562367757
1.6865 0.0039964570601781204
1.6875 0.004384911358356476
1.6885 0.004836971561113994
1.6895 0.005489118496576945
1.6905 0.006026975711186727
1.6915 0.006802054047584534
1.6925 0.00757898728052775
1.6935 0.008620019555091857
1.6945 0.00990682303905487
1.6955 0.011107266743977863
1.6965 0.012954006592432659
1.6975 0.01549855351448059
1.6985 0.01832844654719035
1.6995 0.022221469879150392
1.7005 0.02592623074849447
1.7015 0.031510386466979984
1.7025 0.038347035249074304
1.7035 0.04555817763010661
1.7045 0.051320425669352215
1.7055 0.0564110787709554
1.7065 0.0628462568918864
1.7075 0.06916767597198487
1.7085 0.07807684103647868
1.7095 0.0896611213684082
1.7105 0.09666642824808756
1.7115 0.11380883534749349
1.7125 0.12730006535847982
1.7135 0.15063133239746093
1.7145 0.1704766337076823
1.7155 0.2060387674967448
1.7165 0.2419257354736328
1.7175 0.2869485346476237
1.7185 0.34348899841308594
1.7195 0.38342010498046875
1.7205 0.44831419626871744
1.7215 0.5105619303385417
1.7225 0.5773900985717774
1.7235 0.6300386555989583
1.7245 0.6652821858723957
1.7255 0.716746088663737
1.7265 0.7338283284505208
1.7275 0.7453438822428385
1.7285 0.7643229675292968
1.7295 0.7761491394042969
1.7305 0.7749766286214193
1.7315 0.8068140411376953
1.7325 0.8126157887776693
1.7335 0.8251798248291016
1.7345 0.8411336771647135
1.7355 0.8568307495117188
1.7365 0.8745330556233724
1.7375 0.9015692647298177
1.7385 0.9022321573893229
1.7395 0.9181154378255207
1.7405 0.9350358835856121
1.7415 0.9344275156656902
1.7425 0.9585409291585286
1.7435 0.9673375193277995
1.7445 0.9524792226155598
1.7455 0.9723974863688152
1.7465 0.9682277425130208
1.7475 0.9637574005126953
1.7485 0.9630269114176433
1.7495 0.9488594563802083
1.7505 0.9905530802408855
1.7515 0.9662809753417969
1.7525 0.970246098836263
1.7535 0.9658328247070312
1.7545 0.9688920593261718
1.7555 0.9685073852539062
1.7565 0.9862289683024089
1.7575 0.9797622680664062
1.7585 0.9833355458577473
1.7595 0.9752152506510418
1.7605 0.982315673828125
1.7615 0.9912290445963542
1.7625 0.9890642801920574
1.7635 0.9871363067626953
1.7645 0.971525395711263
1.7655 0.9830386606852214
1.7665 0.9978401438395182
1.7675 0.9926993815104167
1.7685 0.9909185028076172
1.7695 0.9753940582275391
1.7705 0.9842155456542969
1.7715 0.9965318806966146
1.7725 0.9829783376057942
1.7735 0.9698712921142578
1.7745 0.9798825073242188
1.7755 0.9778647613525391
1.7765 0.9664119974772136
1.7775 0.9911080169677734
1.7785 0.9595780181884765
1.7795 0.9798847961425782
1.7805 0.9759975941975911
1.7815 0.965995864868164
1.7825 0.9583661651611328
1.7835 0.9665862274169922
1.7845 0.969815673828125
1.7855 0.9601474507649739
1.7865 0.9449770355224609
1.7875 0.9477837880452473
1.7885 0.9599332936604817
1.7895 0.9402674357096354
1.7905 0.9402014668782551
1.7915 0.9366714986165364
1.7925 0.9401802317301433
1.7935 0.9399092864990234
1.7945 0.9208248901367188
1.7955 0.9414419809977214
1.7965 0.9349195353190105
1.7975 0.9255578867594402
1.7985 0.9227522532145183
1.7995 0.9355534362792969
1.8005 0.9352419281005859
1.8015 0.9339113871256511
1.8025 0.9463738505045574
1.8035 0.9393141937255859
1.8045 0.9230965932210285
1.8055 0.934196548461914
1.8065 0.9496732330322266
1.8075 0.968782246907552
1.8085 0.9530673217773438
1.8095 0.9589225769042968
1.8105 0.9653652699788411
1.8115 0.9675941467285156
1.8125 0.956709925333659
1.8135 0.9756521352132161
1.8145 0.9576802571614583
1.8155 0.9743967946370442
1.8165 0.9783176167805989
1.8175 0.9812672170003255
1.8185 0.9723932139078777
1.8195 0.9986491648356121
1.8205 0.9814928690592448
1.8215 0.9808996836344401
1.8225 0.9838624572753907
1.8235 0.9890693664550781
1.8245 0.983574701944987
1.8255 0.9825578053792318
1.8265 0.9954130045572918
1.8275 0.9821498616536458
1.8285 0.9821157073974609
1.8295 0.9783733622233073
1.8305 0.9757114664713542
1.8315 1.0077227528889974
1.8325 0.9783775329589843
1.8335 0.9723570760091146
1.8345 0.990990498860677
1.8355 0.9718967946370443
1.8365 0.9810428365071614
1.8375 0.9789835103352864
1.8385 0.9662613677978515
1.8395 0.9711158243815105
1.8405 0.9747619374593098
1.8415 0.9628001149495442
1.8425 0.9645287068684896
1.8435 0.9753315734863282
1.8445 0.9553083038330078
1.8455 0.9647159067789715
1.8465 0.9418938954671223
1.8475 0.9635402425130208
1.8485 0.9477793121337891
1.8495 0.9505018107096355
1.8505 0.9479358673095704
1.8515 0.9433038075764973
1.8525 0.9383971659342448
1.8535 0.9405887095133464
1.8545 0.9296696472167969
1.8555 0.9320746103922527
1.8565 0.9404800669352213
1.8575 0.9362953948974609
1.8585 0.9400632476806641
1.8595 0.943094202677409
1.8605 0.9370709482828776
1.8615 0.9374477640787761
1.8625 0.9381451670328776
1.8635 0.9367382303873698
1.8645 0.9473077901204426
1.8655 0.9466757202148437
1.8665 0.9554986826578776
1.8675 0.9576011657714844
1.8685 0.9618223826090495
1.8695 0.9678692881266276
1.8705 0.9721952056884766
1.8715 0.9624156443277996
1.8725 0.9751811218261719
1.8735 0.9797718811035157
1.8745 0.9913536071777344
1.8755 0.9951287078857421
1.8765 0.9740871938069661
1.8775 1.0003326924641927
1.8785 0.9856271107991535
1.8795 0.993877919514974
1.8805 0.987786382039388
1.8815 0.9935467020670573
1.8825 0.992166035970052
1.8835 0.9907850901285807
1.8845 0.9964402262369793
1.8855 0.9881428782145183
1.8865 0.987748082478841
1.8875 1.0001371256510416
1.8885 0.98537841796875
1.8895 0.9907382710774739
1.8905 0.9828558603922527
1.8915 0.9807490793863933
1.8925 0.9952696990966797
1.8935 0.9753975423177083
1.8945 0.9762277730305989
1.8955 0.9787101745605469
1.8965 0.9730374399820964
1.8975 0.9818252563476563
1.8985 0.9706284840901692
1.8995 0.960781478881836
1.9005 0.9674505869547526
1.9015 0.9688197580973308
1.9025 0.9610516103108724
1.9035 0.9458718109130859
1.9045 0.9646963500976562
1.9055 0.9478631083170573
1.9065 0.9537668355305989
1.9075 0.9407852681477864
1.9085 0.959418233235677
1.9095 0.9557366434733073
1.9105 0.9436978658040364
1.9115 0.9556700897216797
1.9125 0.9413205718994141
1.9135 0.9439137522379558
1.9145 0.9407117716471355
1.9155 0.9498781585693359
1.9165 0.9562837727864583
1.9175 0.9494617207845052
1.9185 0.9456403859456379
1.9195 0.9560045115152995
1.9205 0.9431909688313802
1.9215 0.9668541208902995
1.9225 0.9558765157063802
1.9235 0.9579183197021485
1.9245 0.9582861582438151
1.9255 0.969292704264323
1.9265 0.9635007476806641
1.9275 0.9712952423095703
1.9285 0.9735780843098958
1.9295 0.9840674082438151
1.9305 0.9707326253255207
1.9315 0.9873199462890625
1.9325 0.9591538747151692
1.9335 0.9896361796061198
1.9345 0.9919257863362629
1.9355 0.9706898244222004
1.9365 0.9853827412923176
1.9375 0.9714813741048176
1.9385 0.9911507415771484
1.9395 0.9846553802490234
1.9405 0.975934346516927
1.9415 0.9825189208984375
1.9425 0.9681178792317708
1.9435 0.9918897755940754
1.9445 0.9827856699625651
1.9455 0.9941539510091145
1.9465 0.9848336029052734
1.9475 0.9775876108805339
1.9485 0.9877191416422526
1.9495 0.9819660186767578
1.9505 0.9727608998616536
1.9515 0.9918177286783855
1.9525 0.977943115234375
1.9535 0.9579633331298828
1.9545 0.9698217519124348
1.9555 0.9465980021158855
1.9565 0.9333268992106121
1.9575 0.9067477162679036
1.9585 0.8704130045572918
1.9595 0.8505929565429687
1.9605 0.8048349761962891
1.9615 0.774315897623698
1.9625 0.7414120483398438
1.9635 0.6899816131591797
1.9645 0.6396817525227865
1.9655 0.5912344868977865
1.9665 0.5503218587239583
1.9675 0.4951858901977539
1.9685 0.4578154754638672
1.9695 0.41032699584960936
1.9705 0.3706869316101074
1.9715 0.3343419647216797
1.9725 0.30051286697387697
1.9735 0.2736943944295247
1.9745 0.24309136708577472
1.9755 0.2189616330464681
1.9765 0.20511626561482746
1.9775 0.18004523277282714
1.9785 0.16696256637573242
1.9795 0.15050419807434082
1.9805 0.13616883277893066
1.9815 0.12239807446797689
1.9825 0.11029829661051432
1.9835 0.09633894761403403
1.9845 0.0876668612162272
1.9855 0.07693447271982828
1.9865 0.06679771105448405
1.9875 0.05705787022908528
1.9885 0.051996444066365555
1.9895 0.043882098992665604
1.9905 0.03981913010279337
1.9915 0.03417263348897298
1.9925 0.0299583633740743
1.9935 0.026056436697642005
1.9945 0.022673550049463906
1.9955 0.01991967995961507
1.9965 0.016912142833073934
1.9975 0.01557874321937561
1.9985 0.013061123291651409
1.9995 0.011679238080978394
2.0005 0.010241178274154663
2.0015 0.009197174906730651
2.0025 0.00792655865351359
2.0035 0.007051714460055033
2.0045 0.006302832762400309
2.0055 0.0055835932493209835
2.0065 0.004914762576421101
2.0075 0.004402515788873036
2.0085 0.003875584602355957
2.0095 0.003562001387278239
2.0105 0.003130412995815277
2.0115 0.002856682687997818
2.0125 0.002569085707267125
2.0135 0.0022939776380856832
2.0145 0.002081444710493088
2.0155 0.0018391486505667369
2.0165 0.0017431203027566274
2.0175 0.0015860743323961894
2.0185 0.001414557993412018
2.0195 0.001274355004231135
2.0205 0.0011932846407095592
2.0215 0.001074972649415334
2.0225 0.0009949531902869542
2.0235 0.0009164547423521678
2.0245 0.0008459814637899399
2.0255 0.0007573397209246953
2.0265 0.0007144167895118396
2.0275 0.0006541181231538455
2.0285 0.00061489454160134
2.0295 0.0005730082218845685
2.0305 0.0005378594746192297
2.0315 0.0004868580028414726
2.0325 0.00047420959919691085
2.0335 0.0004314167300860087
2.0345 0.00040474326660235727
2.0355 0.00037026179333527886
2.0365 0.0003582784409324328
2.0375 0.00032484136521816255
2.0385 0.0003014736746748288
2.0395 0.00028532986839612326
2.0405 0.0002816167660057545
2.0415 0.0002669406309723854
2.0425 0.00024685450519124666
2.0435 0.0002312927258511384
2.0445 0.00022334956874450046
2.0455 0.0001958719330529372
2.0465 0.0001820996341605981
2.0475 0.000171445831656456
2.0485 0.00017032529537876445
2.0495 0.00014437390180925528
2.0505 0.00014609753154218197
2.0515 0.00014043743722140788
2.0525 0.00012124596474071345
2.0535 0.00011132243399818739
2.0545 0.00011962533307572207
2.0555 9.6793028836449e-05
2.0565 0.00010517253540456294
2.0575 0.0001021367156257232
2.0585 6.70183605204026e-05
2.0595 7.584719453006982e-05
2.0605 8.121463935822248e-05
2.0615 7.289967499673366e-05
2.0625 7.716713473200798e-05
2.0635 7.284336723387241e-05
2.0645 3.3063743418703474e-05
2.0655 6.290167414893706e-05
2.0665 5.8697008838256194e-05
2.0675 4.8646746824185056e-05
2.0685 3.557230035463969e-05
2.0695 4.359731295456489e-05
2.0705 4.469828369716804e-05
2.0715 4.2322592344135045e-05
2.0725 2.2627703147009014e-05
2.0735 2.8902513440698387e-05
2.0745 2.0647820007676877e-05
2.0755 2.4551793467253445e-05
2.0765 7.2178321810382566e-06
2.0775 3.292381375407179e-05
2.0785 3.61477630212903e-05
2.0795 2.474409334051112e-05
2.0805 6.7058217219292025e-06
2.0815 2.0800636460383736e-05
2.0825 1.9710480313127243e-05
2.0835 2.2295149974524975e-05
2.0845 1.622751879040152e-05
2.0855 1.7594647749016684e-05
2.0865 1.7539639957249163e-05
2.0875 3.4618214037133536e-06
2.0885 7.953261908066147e-06
2.0895 2.9008400160819293e-05
2.0905 1.109597700027128e-05
2.0915 1.263054107160618e-05
2.0925 3.6869624549466334e-06
2.0935 1.8952223084246118e-05
2.0945 6.885962017501394e-06
2.0955 5.518944972561594e-06
2.0965 1.2267595011508092e-05
2.0975 1.1514078360050916e-05
2.0985 9.999999939225291e-11
2.0995 1.8812106767048438e-05
2.1005 4.594453212473463e-06
2.1015 5.141072091392474e-06
2.1025 7.088189847358114e-06
2.1035 2.0770237218433372e-05
2.1045 1.5786457030723492e-05
2.1055 6.916621823620517e-06
2.1065 1.1610329189958672e-05
2.1075 3.7385547181845167e-06
2.1085 7.116948739470293e-06
2.1095 7.981153476418849e-06
2.1105 1.197295457435151e-05
2.1115 2.3640793515369296e-05
2.1125 1.548955391372786e-06
2.1135 1.666501940030448e-06
2.1145 1.6432043436604243e-05
2.1155 1.0851374439274271e-05
2.1165 1.0448658722452819e-05
2.1175 1.1558326174660276e-05
2.1185 1.4784647107942325e-06
2.1195 1.347387325949967e-05
2.1205 1.176947708396862e-05
2.1215 8.35923885460943e-06
2.1225 1.7352329644684988e-05
2.1235 1.8473500919450694e-06
2.1245 1.2434829996334311e-05
2.1255 2.0515986252576114e-05
2.1265 9.92736507517596e-06
2.1275 9.042224216197306e-06
2.1285 9.999999939225291e-11
2.1295 9.045694556940967e-06
2.1305 1.719833759125322e-05
2.1315 2.197895354280869e-05
2.1325 2.8503583744168283e-05
2.1335 9.999999939225291e-11
2.1345 6.328940847500538e-06
2.1355 5.891150697910537e-06
2.1365 1.2190411240832571e-05
2.1375 7.343306994395485e-06
2.1385 6.082300018632006e-06
2.1395 1.6235005653773744e-05
2.1405 3.872790994489487e-06
2.1415 4.6301465236690355e-07
2.1425 6.388000056881301e-06
2.1435 4.9166291137225925e-06
2.1445 9.986859862438636e-06
2.1455 9.999999939225291e-11
2.1465 3.81390405017316e-06
2.1475 1.014197690990907e-06
2.1485 1.0403856440814135e-05
2.1495 7.990416580542596e-07
2.1505 9.369157972590376e-06
2.1515 9.999999939225291e-11
2.1525 7.403827194491323e-06
2.1535 3.347833329924536e-06
2.1545 2.5890684237802235e-06
2.1555 1.4788969031845529e-05
2.1565 3.529503320146195e-06
2.1575 1.307230966123285e-06
2.1585 9.367184829898179e-06
2.1595 2.6808236456303076e-06
2.1605 9.91206072891752e-06
2.1615 1.5837845858186483e-05
2.1625 3.4343101234372383e-06
2.1635 1.3164549561273848e-05
2.1645 2.118873642249497e-06
2.1655 1.9723973619948745e-06
2.1665 9.999999939225291e-11
2.1675 2.4106726438427962e-05
2.1685 2.8388580152144038e-05
2.1695 6.174509757705948e-07
2.1705 1.154416012771738e-05
2.1715 5.1202574589600165e-06
2.1725 3.1258576389288825e-06
2.1735 1.627301327703575e-05
2.1745 1.078531958531433e-05
2.1755 3.2017076538141493e-06
2.1765 4.1910927999803485e-06
2.1775 5.367082097412398e-06
2.1785 8.428110119943118e-06
2.1795 9.999999939225291e-11
2.1805 6.7295103023449576e-06
2.1815 1.1205889168195426e-05
2.1825 9.312674737884663e-06
2.1835 4.112229914827737e-06
2.1845 6.711229507345706e-06
2.1855 3.220938897709284e-06
2.1865 9.430543596658698e-06
2.1875 9.534379933029413e-06
2.1885 1.3436311661886674e-05
2.1895 1.8740725931287727e-06
2.1905 4.794356567897988e-06
2.1915 3.964276402257383e-06
2.1925 5.577072985992379e-06
2.1935 9.999999939225291e-11
2.1945 8.631521583689997e-06
2.1955 1.1622569872997702e-05
2.1965 1.3131099791886907e-05
2.1975 2.3352717204640308e-05
2.1985 9.999999939225291e-11
2.1995 2.430156727011005e-05
2.2005 4.6580567330008665e-06
2.2015 1.7514250124550658e-05
2.2025 2.3032877361401916e-05
2.2035 9.999999939225291e-11
2.2045 7.850166797750783e-06
2.2055 1.0859498094456892e-05
2.2065 1.669533977595468e-05
2.2075 8.656669618970862e-07
2.2085 9.705540045009305e-06
2.2095 3.304895226744857e-06
2.2105 1.680331421084702e-05
2.2115 1.0590782136811565e-05
2.2125 4.183618157537576e-06
2.2135 1.15421270405817e-05
2.2145 8.573138426678876e-06
2.2155 5.136719051127632e-05
2.2165 9.999999939225291e-11
2.2175 2.2809577834171555e-05
2.2185 2.0384032977744938e-05
2.2195 3.413104064141711e-05
2.2205 8.4433230411148e-06
2.2215 1.3486007422519226e-05
2.2225 1.5092706268709695e-05
2.2235 3.5299301763262276e-06
2.2245 4.833792103200451e-06
2.2255 2.209286748742064e-05
2.2265 1.2660497838320833e-05
2.2275 2.708260047559937e-05
2.2285 9.999999939225291e-11
2.2295 8.214040814588467e-06
2.2305 6.944883692388734e-06
2.2315 9.999999939225291e-11
2.2325 1.0060030966743128e-05
2.2335 1.4392813473375436e-05
2.2345 1.1322903407794034e-05
2.2355 2.0183803086789943e-05
2.2365 1.1349970397228997e-05
2.2375 1.2116726914731164e-05
2.2385 1.896822980294625e-05
2.2395 9.999999939225291e-11
2.2405 4.788919662435849e-05
2.2415 1.3228366500444012e-05
2.2425 2.2331246485312782e-05
2.2435 1.3212977207762342e-07
2.2445 2.0228947163305476e-05
2.2455 9.999999939225291e-11
2.2465 2.7589699796711406e-05
2.2475 5.50059322216967e-06
2.2485 1.1845443281091051e-05
2.2495 2.1844027020658053e-05
2.2505 1.3128833340537344e-05
2.2515 2.6481638196855784e-05
2.2525 2.0517671364359556e-05
2.2535 1.8384883490701515e-05
2.2545 1.0178670733390998e-05
2.2555 2.0568190370262583e-06
2.2565 1.8414246922245544e-06
2.2575 1.0539483443657479e-05
2.2585 1.682512753177434e-05
2.2595 1.7854362953961812e-06
2.2605 2.8330873814157443e-05
2.2615 3.996136675391189e-06
2.2625 1.581435324624181e-05
2.2635 9.999999939225291e-11
2.2645 2.792281719545523e-05
2.2655 5.984723194233746e-07
2.2665 2.7629905380308627e-05
2.2675 9.222599517440718e-07
2.2685 4.266390188399545e-06
2.2695 1.8085537982794147e-05
2.2705 9.333836612714918e-06
2.2715 6.470943044405431e-06
2.2725 7.926658300118442e-06
2.2735 1.1490465995291171e-05
2.2745 7.334426691511334e-06
2.2755 2.4287237281036175e-05
2.2765 9.999999939225291e-11
2.2775 4.3425187660014095e-06
2.2785 7.552621827926486e-06
2.2795 9.999999939225291e-11
2.2805 1.4896264910930768e-05
2.2815 6.474357563748257e-06
2.2825 8.021146796079273e-06
2.2835 7.20411651587168e-06
2.2845 1.1125968109505872e-05
2.2855 5.165476560324104e-07
2.2865 9.459306791311424e-07
2.2875 7.675505764570545e-07
2.2885 8.062563720159233e-06
2.2895 6.100853749607302e-06
2.2905 9.522382558013001e-06
2.2915 9.999999939225291e-11
2.2925 1.1105688997001077e-05
2.2935 1.5940471867489001e-06
2.2945 9.999999939225291e-11
2.2955 3.6839858391128174e-06
2.2965 6.609896755508752e-07
2.2975 3.7362990406109022e-06
2.2985 7.866303443619198e-07
2.2995 9.999999939225291e-11
2.3005 2.615372611266172e-06
2.3015 1.1582740698941052e-05
2.3025 4.107516045526912e-06
2.3035 9.999999939225291e-11
2.3045 1.587077698532724e-06
2.3055 3.0287923679376643e-06
2.3065 5.288103124634347e-07
2.3075 6.395294631499718e-06
2.3085 9.999999939225291e-11
2.3095 9.230103455060146e-07
2.3105 1.2577750021591783e-05
2.3115 3.2332160359752988e-06
2.3125 3.690677267866131e-06
2.3135 4.675175257083571e-06
2.3145 2.8254237353279406e-06
2.3155 1.0518193395074132e-06
2.3165 9.999999939225291e-11
2.3175 4.403527476570801e-06
2.3185 9.999999939225291e-11
2.3195 2.4829423852867904e-06
2.3205 6.241575950601449e-06
2.3215 2.008063635961695e-06
2.3225 8.799593679705471e-07
2.3235 1.1829793799922328e-06
2.3245 2.8585372914561684e-06
2.3255 3.2103809833413284e-06
2.3265 3.979839272737114e-06
2.3275 7.0088259720553954e-06
2.3285 9.999999939225291e-11
2.3295 9.999999939225291e-11
2.3305 4.7050309364937705e-06
2.3315 2.6244660909657824e-06
2.3325 9.899159677425235e-07
2.3335 9.999999939225291e-11
2.3345 5.778411383895824e-06
2.3355 4.184719640507595e-06
2.3365 9.692343883216382e-06
2.3375 9.999999939225291e-11
2.3385 9.999999939225291e-11
2.3395 7.944650870183403e-06
2.3405 4.5154916585676826e-06
2.3415 4.401123005663976e-06
2.3425 7.239142626834413e-06
2.3435 4.297927526192661e-06
2.3445 2.310301943350505e-06
2.3455 9.815276134759188e-06
2.3465 4.142589939644855e-07
2.3475 1.5653436615442237e-05
2.3485 1.4423209941014647e-05
2.3495 9.999999939225291e-11
2.3505 3.665829717647284e-06
2.3515 4.657326304974655e-06
2.3525 5.413910936719427e-06
2.3535 3.3368806395817074e-06
2.3545 8.504497818648815e-06
2.3555 9.677593280758384e-07
2.3565 1.2598672954252286e-06
2.3575 3.401980036361607e-06
2.3585 4.1603704058198094e-06
2.3595 5.681412073688108e-07
2.3605 2.4563692177744417e-06
2.3615 4.2226369259879e-06
2.3625 1.957302951366794e-06
2.3635 8.34224202359716e-06
2.3645 9.999999939225291e-11
2.3655 4.417295965189656e-06
2.3665 9.999999939225291e-11
2.3675 1.4124402002568815e-06
2.3685 1.5676326384965003e-06
2.3695 3.052491301787086e-06
2.3705 7.975384709171252e-06
2.3715 7.870209422738602e-06
2.3725 9.999999939225291e-11
2.3735 6.18713409226442e-06
2.3745 2.4424232928025687e-06
2.3755 2.487058915952763e-06
2.3765 3.3780425629211425e-06
2.3775 2.0519819709570918e-06
2.3785 6.921783103959929e-07
2.3795 6.355961474279562e-06
2.3805 8.921548685115373e-06
2.3815 7.1364311346163355e-06
2.3825 9.999999939225291e-11
2.3835 1.940160058438778e-05
2.3845 8.439826773987136e-07
2.3855 1.7095340105394522e-05
2.3865 4.2301399029269036e-06
2.3875 1.2326548264051479e-05
2.3885 2.78958402678479e-06
2.3895 1.0089313528697612e-06
2.3905 3.522331059733948e-06
2.3915 5.031025211792439e-06
2.3925 9.558737316789726e-06
2.3935 3.640496792384577e-06
2.3945 1.8781023148524887e-06
2.3955 4.713843343271407e-06
2.3965 1.2970526974337796e-05
2.3975 9.999999939225291e-11
2.3985 9.999999939225291e-11
2.3995 9.502809019371247e-06
2.4005 4.669818988126313e-06
2.4015 6.638070233518552e-07
2.4025 8.666107411651562e-06
2.4035 1.5280912918758106e-06
2.4045 9.999999939225291e-11
2.4055 1.4706745957179617e-05
2.4065 1.1027760338038207e-05
2.4075 8.748063502099039e-07
2.4085 6.600655770296152e-06
2.4095 4.43495996245602e-06
2.4105 1.0125758514429132e-05
2.4115 1.1377230169928865e-05
2.4125 7.882160032520365e-07
2.4135 4.240286768837365e-06
2.4145 1.4144610220453066e-06
2.4155 9.999999939225291e-11
2.4165 5.689936801367424e-07
2.4175 2.4032042805514443e-06
2.4185 8.573026910501843e-06
2.4195 1.8648133069897693e-05
2.4205 9.999999939225291e-11
2.4215 9.999999939225291e-11
2.4225 8.814633663630407e-07
2.4235 7.576556221211561e-06
2.4245 9.42545651669846e-07
2.4255 8.86419885015736e-06
2.4265 3.370640721792976e-05
2.4275 9.999999939225291e-11
2.4285 2.8282204533880417e-07
2.4295 1.4498040346625865e-06
2.4305 1.479951470779876e-05
2.4315 9.999999939225291e-11
2.4325 9.864033121728493e-06
2.4335 1.2004492937685758e-06
2.4345 9.999999939225291e-11
2.4355 9.999999939225291e-11
2.4365 1.2394152387666207e-05
2.4375 7.2872910917679926e-06
2.4385 8.048454571204881e-06
2.4395 9.999999939225291e-11
2.4405 1.1942457213433382e-05
2.4415 1.9081594073213636e-05
2.4425 9.999999939225291e-11
2.4435 4.2406499846414646e-06
2.4445 4.025353428710095e-06
2.4455 9.999999939225291e-11
2.4465 1.423848298145458e-05
2.4475 3.336905036121607e-05
2.4485 5.4959265199687e-06
2.4495 9.999999939225291e-11
2.4505 1.8145636771551564e-05
2.4515 9.999999939225291e-11
2.4525 1.1646739789030746e-05
2.4535 3.930936722197724e-06
2.4545 1.5129389551778634e-05
2.4555 9.999999939225291e-11
2.4565 4.629139943161201e-06
2.4575 2.594483394909493e-06
2.4585 9.999999939225291e-11
2.4595 8.462913247058168e-06
2.4605 3.1130226173748575e-05
2.4615 7.57048188799736e-06
2.4625 1.1464605364987318e-05
2.4635 9.999999939225291e-11
2.4645 3.410440248747667e-05
2.4655 6.852556562784903e-06
2.4665 4.5188135697760146e-06
2.4675 5.590823245658072e-06
2.4685 2.010936689692914e-05
2.4695 7.997651273751552e-06
2.4705 2.2978251217864452e-05
2.4715 6.992639895641398e-06
2.4725 2.326383371329399e-06
2.4735 8.241017091726497e-06
2.4745 1.210499314230044e-05
2.4755 9.999999939225291e-11
2.4765 1.5944717063878973e-05
2.4775 4.183029833052151e-06
2.4785 4.041038298104501e-06
2.4795 3.994579814487291e-06
2.4805 1.5713209247273002e-05
2.4815 6.020305212333099e-06
2.4825 9.999999939225291e-11
2.4835 6.123971155223748e-06
2.4845 6.945046983772111e-06
2.4855 3.9285400416702034e-05
2.4865 9.999999939225291e-11
2.4875 5.718920068928194e-06
2.4885 1.5206819632513913e-05
2.4895 9.999999939225291e-11
2.4905 2.619966699410152e-06
2.4915 1.3843251178563183e-05
2.4925 5.972106707705649e-06
2.4935 3.251592314311047e-05
2.4945 7.61734259599874e-06
2.4955 1.2407293465101314e-05
2.4965 5.955198973473705e-06
2.4975 9.999999939225291e-11
2.4985 2.1911778409654894e-05
2.4995 7.957673316087248e-07
2.5005 1.2645093529852029e-05
2.5015 9.999999939225291e-11
2.5025 2.1555072860284242e-05
2.5035 2.3775813130718267e-05
2.5045 2.1589566017077286e-06
2.5055 5.475830645688498e-06
2.5065 1.4859593123874859e-05
2.5075 3.952377941459417e-05
2.5085 9.999999939225291e-11
2.5095 6.099805701524019e-05
2.5105 9.999999939225291e-11
2.5115 2.5664766202426748e-05
2.5125 3.162880039576284e-06
2.5135 9.098757873289287e-06
2.5145 3.819486513846708e-06
2.5155 9.999999939225291e-11
2.5165 4.773685631031792e-05
2.5175 9.999999939225291e-11
2.5185 9.999999939225291e-11
2.5195 1.9411882191586e-05
2.5205 9.999999939225291e-11
2.5215 1.0070983087135944e-05
2.5225 9.999999939225291e-11
2.5235 9.999999939225291e-11
2.5245 4.3727717478505566e-05
2.5255 2.8629794251173734e-05
2.5265 9.999999939225291e-11
2.5275 9.999999939225291e-11
2.5285 5.876773424559426e-06
2.5295 1.8891223317745917e-05
2.5305 9.999999939225291e-11
2.5315 1.8025846569544868e-05
2.5325 1.8879654036100627e-06
2.5335 5.4554383580883344e-05
2.5345 2.1325300059083693e-05
2.5355 9.999999939225291e-11
2.5365 9.999999939225291e-11
2.5375 1.547832969395498e-05
2.5385 6.023953435434492e-06
2.5395 9.999999939225291e-11
2.5405 7.238759736332886e-06
2.5415 6.28639664450148e-06
2.5425 1.387197287572602e-05
2.5435 6.512535580490328e-06
2.5445 8.278007793451891e-06
2.5455 5.629196840140812e-06
2.5465 4.4715815456584095e-05
2.5475 9.999999939225291e-11
2.5485 9.999999939225291e-11
2.5495 3.9843084872446254e-05
2.5505 1.3031947037938824e-05
2.5515 1.4603926877801616e-05
2.5525 9.999999939225291e-11
2.5535 9.999999939225291e-11
2.5545 9.999999939225291e-11
2.5555 1.3594540029820597e-05
2.5565 1.3716306575940844e-05
2.5575 3.87852529914993e-05
2.5585 2.962041898475339e-05
2.5595 9.999999939225291e-11
2.5605 1.2295219925739787e-06
2.5615 1.6084539238363506e-05
2.5625 9.999999939225291e-11
2.5635 6.918136417978597e-06
2.5645 2.606099929299314e-05
2.5655 6.927478511326691e-05
2.5665 9.999999939225291e-11
2.5675 1.1161159801099291e-05
2.5685 3.896772624744157e-05
2.5695 6.804253517452471e-06
2.5705 9.999999939225291e-11
2.5715 6.112291826866567e-05
2.5725 6.507923360405954e-06
2.5735 2.0324536521100592e-05
2.5745 9.999999939225291e-11
2.5755 4.3098117806694704e-05
2.5765 1.4684376811044214e-05
2.5775 9.999999939225291e-11
2.5785 9.999999939225291e-11
2.5795 0.00010091662329311171
2.5805 9.999999939225291e-11
2.5815 1.0403729897105289e-05
2.5825 9.999999939225291e-11
2.5835 9.999999939225291e-11
2.5845 8.95252963528037e-05
2.5855 9.999999939225291e-11
2.5865 3.410886584583513e-06
2.5875 8.533483603461179e-06
2.5885 8.669557899676939e-05
2.5895 9.999999939225291e-11
2.5905 5.9145129401914074e-05
2.5915 9.999999939225291e-11
2.5925 9.999999939225291e-11
2.5935 9.999999939225291e-11
2.5945 9.999999939225291e-11
2.5955 9.999999939225291e-11
2.5965 5.296453049666046e-05
2.5975 1.0855816381785861e-05
2.5985 9.999999939225291e-11
2.5995 9.999999939225291e-11
2.6005 7.517610595070501e-05
