microns transmission
0.39620001220703127 7.551973678410206e-08
0.39720001220703127 2.9533156267191885e-08
0.3982000122070313 9.999999939225291e-11
0.3992000122070313 5.8548074453786585e-08
0.4002000122070313 4.609845326501254e-08
0.4012000122070313 9.999999939225291e-11
0.4022000122070313 5.233653377345604e-08
0.4032000122070313 9.17894031597181e-09
0.4042000122070312 9.287636301517446e-09
0.4052000122070312 9.999999939225291e-11
0.4062000122070312 9.999999939225291e-11
0.4072000122070312 9.999999939225291e-11
0.4082000122070312 9.999999939225291e-11
0.4092000122070312 9.999999939225291e-11
0.41020001220703123 9.999999939225291e-11
0.41120001220703123 9.999999939225291e-11
0.41220001220703123 9.999999939225291e-11
0.41320001220703123 9.999999939225291e-11
0.41420001220703123 9.999999939225291e-11
0.41520001220703123 9.999999939225291e-11
0.41620001220703123 9.999999939225291e-11
0.41720001220703123 9.999999939225291e-11
0.41820001220703124 9.999999939225291e-11
0.41920001220703124 9.999999939225291e-11
0.42020001220703124 9.999999939225291e-11
0.42120001220703124 9.999999939225291e-11
0.42220001220703124 9.999999939225291e-11
0.42320001220703124 9.999999939225291e-11
0.42420001220703124 9.999999939225291e-11
0.42520001220703124 9.999999939225291e-11
0.42620001220703124 9.999999939225291e-11
0.42720001220703124 9.999999939225291e-11
0.42820001220703124 9.999999939225291e-11
0.42920001220703125 9.999999939225291e-11
0.43020001220703125 9.999999939225291e-11
0.43120001220703125 9.999999939225291e-11
0.43220001220703125 9.999999939225291e-11
0.43320001220703125 9.999999939225291e-11
0.43420001220703125 9.999999939225291e-11
0.43520001220703125 9.999999939225291e-11
0.43620001220703125 9.999999939225291e-11
0.43720001220703125 9.999999939225291e-11
0.43820001220703125 3.708853402173418e-09
0.43920001220703125 9.999999939225291e-11
0.44020001220703125 9.999999939225291e-11
0.44120001220703126 9.999999939225291e-11
0.44220001220703126 9.999999939225291e-11
0.44320001220703126 9.999999939225291e-11
0.44420001220703126 9.999999939225291e-11
0.44520001220703126 9.999999939225291e-11
0.44620001220703126 9.999999939225291e-11
0.44720001220703126 9.999999939225291e-11
0.44820001220703126 9.999999939225291e-11
0.44920001220703126 9.999999939225291e-11
0.45020001220703126 3.962345504445371e-08
0.45120001220703126 9.999999939225291e-11
0.45220001220703127 9.999999939225291e-11
0.45320001220703127 9.999999939225291e-11
0.45420001220703127 9.999999939225291e-11
0.45520001220703127 2.514160299208849e-09
0.45620001220703127 9.999999939225291e-11
0.45720001220703127 9.999999939225291e-11
0.45820001220703127 9.999999939225291e-11
0.45920001220703127 1.3457007093838532e-08
0.4602000122070313 1.2802789364959228e-08
0.4612000122070313 9.999999939225291e-11
0.4622000122070313 9.999999939225291e-11
0.4632000122070313 9.999999939225291e-11
0.4642000122070313 5.251058607491643e-08
0.4652000122070313 9.999999939225291e-11
0.4662000122070312 1.0063665714099556e-08
0.4672000122070312 9.999999939225291e-11
0.4682000122070312 9.999999939225291e-11
0.4692000122070312 9.999999939225291e-11
0.4702000122070312 9.999999939225291e-11
0.4712000122070312 9.999999939225291e-11
0.47220001220703123 1.505917599213073e-08
0.47320001220703123 7.478905596750944e-08
0.47420001220703123 8.768655217927802e-08
0.47520001220703123 2.7771072783622232e-08
0.47620001220703123 2.3538393580935236e-08
0.47720001220703123 5.127700998919238e-08
0.47820001220703123 8.399240565874303e-08
0.47920001220703123 2.3516059422708698e-08
0.48020001220703123 1.8836090725689776e-08
0.48120001220703124 5.553253329774558e-09
0.48220001220703124 1.1987173552737337e-07
0.48320001220703124 6.717848748394317e-08
0.48420001220703124 1.1624633503200718e-07
0.48520001220703124 2.7540343580767515e-07
0.48620001220703124 1.5914180342709488e-07
0.48720001220703124 7.546641007808811e-08
0.48820001220703124 6.59414187224409e-08
0.48920001220703124 1.8359903757906675e-07
0.49020001220703124 1.6476838785213961e-07
0.49120001220703124 1.382577386266348e-07
0.49220001220703125 3.374612671969146e-08
0.49320001220703125 1.5228585956113723e-07
0.49420001220703125 2.0360438611533028e-07
0.49520001220703125 1.1029281571002988e-07
0.49620001220703125 1.2274186736919527e-07
0.49720001220703125 8.132014535237411e-08
0.49820001220703125 2.402184306878515e-08
0.49920001220703125 1.6787010736152298e-07
0.5002000122070313 1.2043528840877116e-07
0.5012000122070313 8.116270878784822e-08
0.5022000122070313 1.7258173708493512e-07
0.5032000122070313 1.4667359548248272e-07
0.5042000122070313 5.7793336406912015e-08
0.5052000122070313 3.8414401182980856e-08
0.5062000122070313 8.199775680080753e-08
0.5072000122070313 7.431144730378018e-08
0.5082000122070313 5.028101024133018e-08
0.5092000122070313 1.2063443475263113e-07
0.5102000122070313 5.155077433668017e-08
0.5112000122070313 1.2272727301088082e-07
0.5122000122070313 1.1756720038983797e-08
0.5132000122070313 2.1034729392373682e-08
0.5142000122070313 6.33293101752012e-08
0.5152000122070313 9.999999939225291e-11
0.5162000122070313 1.5707992740014257e-07
0.5172000122070313 7.061463934772878e-08
0.5182000122070313 9.27574035092249e-08
0.5192000122070313 1.670360992041727e-07
0.5202000122070313 1.5822106737080805e-07
0.5212000122070313 9.92366790342203e-08
0.5222000122070313 1.1659259785486616e-07
0.5232000122070313 1.2587852966502076e-07
0.5242000122070313 1.3125483479055808e-07
0.5252000122070313 1.418721759212834e-07
0.5262000122070313 9.006818380600615e-08
0.5272000122070313 1.451373982982081e-07
0.5282000122070313 1.8904066034034865e-07
0.5292000122070313 2.0274606600108786e-07
0.5302000122070313 8.076743516364596e-08
0.5312000122070313 1.5491884797214083e-08
0.5322000122070313 1.8489366690725246e-07
0.5332000122070313 9.999999939225291e-11
0.5342000122070313 6.368847188002273e-08
0.5352000122070313 5.411962301119881e-08
0.5362000122070313 1.0622981219121642e-07
0.5372000122070313 1.2929979635127135e-09
0.5382000122070313 9.571041876673311e-08
0.5392000122070313 5.234773268488387e-08
0.5402000122070313 7.098573475990596e-08
0.5412000122070313 2.031989646766874e-08
0.5422000122070313 9.999999939225291e-11
0.5432000122070313 9.335939843424511e-10
0.5442000122070313 7.679353508649455e-10
0.5452000122070313 9.999999939225291e-11
0.5462000122070313 9.999999939225291e-11
0.5472000122070313 4.457339925896993e-08
0.5482000122070313 4.9337065721744014e-08
0.5492000122070313 4.103969669877472e-08
0.5502000122070313 1.3610232697895223e-08
0.5512000122070313 1.6253713042146956e-10
0.5522000122070313 9.999999939225291e-11
0.5532000122070313 9.999999939225291e-11
0.5542000122070313 9.999999939225291e-11
0.5552000122070313 9.999999939225291e-11
0.5562000122070313 9.999999939225291e-11
0.5572000122070313 9.999999939225291e-11
0.5582000122070313 9.999999939225291e-11
0.5592000122070313 9.999999939225291e-11
0.5602000122070312 9.999999939225291e-11
0.5612000122070312 9.999999939225291e-11
0.5622000122070312 9.999999939225291e-11
0.5632000122070312 9.999999939225291e-11
0.5642000122070312 9.999999939225291e-11
0.5652000122070312 8.832226535323192e-09
0.5662000122070312 5.179086726888234e-08
0.5672000122070312 9.999999939225291e-11
0.5682000122070312 9.999999939225291e-11
0.5692000122070312 9.999999939225291e-11
0.5702000122070312 1.762277325549159e-08
0.5712000122070312 9.999999939225291e-11
0.5722000122070312 9.999999939225291e-11
0.5732000122070312 9.999999939225291e-11
0.5742000122070312 9.999999939225291e-11
0.5752000122070312 9.999999939225291e-11
0.5762000122070312 9.999999939225291e-11
0.5772000122070312 9.999999939225291e-11
0.5782000122070312 1.4139137215115246e-08
0.5792000122070312 9.999999939225291e-11
0.5802000122070312 9.999999939225291e-11
0.5812000122070312 9.999999939225291e-11
0.5822000122070312 9.999999939225291e-11
0.5832000122070312 9.999999939225291e-11
0.5842000122070312 9.999999939225291e-11
0.5852000122070312 2.2157303547487572e-10
0.5862000122070312 9.999999939225291e-11
0.5872000122070312 9.999999939225291e-11
0.5882000122070312 9.999999939225291e-11
0.5892000122070312 9.999999939225291e-11
0.5902000122070312 9.803146993429361e-09
0.5912000122070312 9.999999939225291e-11
0.5922000122070312 1.4952655972659085e-08
0.5932000122070312 9.999999939225291e-11
0.5942000122070312 9.999999939225291e-11
0.5952000122070312 1.1930003625278593e-07
0.5962000122070312 9.999999939225291e-11
0.5972000122070312 1.4863553055022294e-09
0.5982000122070312 4.163366558174175e-09
0.5992000122070312 9.999999939225291e-11
0.6002000122070312 1.3790226941701177e-07
0.6012000122070312 9.999999939225291e-11
0.6022000122070312 2.341035340099514e-08
0.6032000122070312 9.999999939225291e-11
0.6042000122070312 1.1741629992142086e-07
0.6052000122070312 5.69126649807572e-09
0.6062000122070312 9.999999939225291e-11
0.6072000122070312 2.98715962721019e-08
0.6082000122070312 2.026578001708875e-08
0.6092000122070312 4.0376226377129386e-08
0.6102000122070312 2.0391649536340616e-08
0.6112000122070312 5.327776377702283e-08
0.6122000122070312 7.447801216346287e-08
0.6132000122070312 7.943435128924628e-08
0.6142000122070312 1.0152046984697923e-07
0.6152000122070312 1.1601572961872364e-07
0.6162000122070312 1.4263026701340683e-07
0.6172000122070312 6.100182301516099e-08
0.6182000122070312 4.537239944942447e-08
0.6192000122070312 3.1283490820044335e-09
0.6202000122070312 9.999999939225291e-11
0.6212000122070312 2.3071110361409332e-08
0.6222000122070312 9.999999939225291e-11
0.6232000122070313 7.354153578553735e-08
0.6242000122070313 3.896513357304343e-08
0.6252000122070313 5.197490013782631e-08
0.6262000122070313 2.2526423485066025e-08
0.6272000122070313 9.999999939225291e-11
0.6282000122070313 9.999999939225291e-11
0.6292000122070313 7.958100200452142e-08
0.6302000122070313 1.2358270128428237e-07
0.6312000122070313 8.375058652809741e-08
0.6322000122070313 9.999999939225291e-11
0.6332000122070313 8.11758312805703e-08
0.6342000122070313 1.203805311167372e-07
0.6352000122070313 9.700847463693188e-08
0.6362000122070313 2.987181627152798e-07
0.6372000122070313 5.497163096279678e-08
0.6382000122070313 2.6580530781454097e-07
0.6392000122070313 1.2770427474606549e-07
0.6402000122070313 1.1860426674263162e-07
0.6412000122070313 2.186510785880576e-07
0.6422000122070313 4.6035959231360835e-08
0.6432000122070313 1.865110405082267e-08
0.6442000122070313 1.0457409830818184e-07
0.6452000122070313 5.8243290368409364e-08
0.6462000122070313 1.0042906407825569e-07
0.6472000122070313 1.1007737647320917e-07
0.6482000122070313 9.617021836068793e-08
0.6492000122070313 2.822704188905808e-08
0.6502000122070313 1.4062517074068617e-07
0.6512000122070313 3.928488145750937e-08
0.6522000122070313 8.811099819835041e-08
0.6532000122070313 3.28089276457888e-08
0.6542000122070313 9.999999939225291e-11
0.6552000122070313 7.221073317372391e-08
0.6562000122070313 9.080036493654595e-08
0.6572000122070313 6.6126342111635e-08
0.6582000122070313 8.74349598234403e-08
0.6592000122070313 7.275313156066924e-08
0.6602000122070313 8.088179830186468e-08
0.6612000122070313 7.318709018970064e-08
0.6622000122070313 1.2461769529181766e-07
0.6632000122070313 1.3530673676302266e-07
0.6642000122070313 2.8247170121176167e-07
0.6652000122070313 1.6962495313540176e-07
0.6662000122070313 1.6976546587166298e-07
0.6672000122070313 1.2800253024340217e-07
0.6682000122070313 2.3268143195309676e-07
0.6692000122070313 1.3658761190527003e-07
0.6702000122070313 1.8167697246163073e-07
0.6712000122070313 1.3047426702605947e-07
0.6722000122070313 7.363427089697911e-08
0.6732000122070313 1.5728945906327378e-07
0.6742000122070313 1.1651127083863363e-07
0.6752000122070313 8.836999803622328e-08
0.6762000122070313 2.828994426333035e-07
0.6772000122070313 1.4772974433678124e-07
0.6782000122070313 1.3797637049783873e-07
0.6792000122070313 1.0016844382398914e-07
0.6802000122070313 3.9636671544940325e-08
0.6812000122070313 5.971496594980863e-09
0.6822000122070313 6.87712303637511e-08
0.6832000122070313 1.1466859819305361e-07
0.6842000122070313 2.630087942634418e-07
0.6852000122070312 3.484307247466253e-07
0.6862000122070312 1.1784710366076942e-07
0.6872000122070312 5.36973042356929e-08
0.6882000122070312 1.8420420220266465e-08
0.6892000122070312 2.585000826608545e-07
0.6902000122070312 1.5098110184593357e-07
0.6912000122070312 5.15622411700889e-08
0.6922000122070312 5.737910552916503e-08
0.6932000122070312 2.0924669721959314e-07
0.6942000122070312 1.894930134464327e-07
0.6952000122070312 8.120254768743488e-08
0.6962000122070312 1.655858755296909e-08
0.6972000122070312 1.0066439886398845e-07
0.6982000122070312 1.5181520363209226e-07
0.6992000122070312 7.881218339574522e-08
0.7002000122070312 1.7193063321189567e-07
0.7012000122070312 5.240616736716201e-08
0.7022000122070312 1.5983446549701815e-07
0.7032000122070312 5.549501070530501e-08
0.7042000122070312 1.49854804828801e-07
0.7052000122070312 2.592801547507406e-07
0.7062000122070312 1.348568643037377e-07
0.7072000122070312 1.8702200350162456e-07
0.7082000122070312 9.312507886901263e-08
0.7092000122070312 1.3046749472778174e-07
0.7102000122070312 2.2389630127387742e-07
0.7112000122070312 9.999999939225291e-11
0.7122000122070312 7.86993711887618e-08
0.7132000122070312 1.0988930054800505e-07
0.7142000122070312 4.2692078231117606e-08
0.7152000122070312 9.213311043273128e-08
0.7162000122070312 9.926316766180796e-08
0.7172000122070312 1.1634863767540082e-07
0.7182000122070312 1.3202613404613336e-07
0.7192000122070312 3.555202723267333e-07
0.7202000122070312 1.880862968276868e-07
0.7212000122070312 1.497143333721122e-07
0.7222000122070312 1.6419953413245497e-07
0.7232000122070312 1.2376893513040462e-07
0.7242000122070312 3.084939973696521e-08
0.7252000122070312 9.087028764713049e-08
0.7262000122070312 9.999999939225291e-11
0.7272000122070312 1.3589528559047417e-07
0.7282000122070312 7.492516523358954e-08
0.7292000122070312 5.181158672170245e-08
0.7302000122070312 1.439901343965507e-07
0.7312000122070312 9.43239299407613e-09
0.7322000122070312 9.999999939225291e-11
0.7332000122070312 6.011276756368034e-09
0.7342000122070312 1.3321846796069771e-09
0.7352000122070312 9.999999939225291e-11
0.7362000122070312 2.4954502600612237e-08
0.7372000122070312 9.999999939225291e-11
0.7382000122070312 9.999999939225291e-11
0.7392000122070312 9.999999939225291e-11
0.7402000122070312 6.411066806322197e-08
0.7412000122070312 9.999999939225291e-11
0.7422000122070312 4.990590008802087e-08
0.7432000122070312 9.999999939225291e-11
0.7442000122070312 7.536407035028485e-08
0.7452000122070312 1.6143296708293066e-08
0.7462000122070312 9.999999939225291e-11
0.7472000122070312 9.999999939225291e-11
0.7482000122070313 1.2314170157641987e-08
0.7492000122070313 2.8153060558366862e-08
0.7502000122070313 9.999999939225291e-11
0.7512000122070313 4.7821799042206224e-08
0.7522000122070313 9.999999939225291e-11
0.7532000122070313 1.7581981713495526e-07
0.7542000122070313 9.999999939225291e-11
0.7552000122070313 9.999999939225291e-11
0.7562000122070313 9.999999939225291e-11
0.7572000122070313 4.810433384960788e-09
0.7582000122070313 3.531480079625263e-08
0.7592000122070313 2.5860154687270173e-08
0.7602000122070313 9.999999939225291e-11
0.7612000122070313 3.3871466052678067e-08
0.7622000122070313 2.494234720392304e-08
0.7632000122070313 1.0034306832255405e-07
0.7642000122070313 9.999999939225291e-11
0.7652000122070313 5.765430078833826e-08
0.7662000122070313 5.3485468113715724e-08
0.7672000122070313 1.384227535291179e-07
0.7682000122070313 1.9515810686006792e-08
0.7692000122070313 9.999999939225291e-11
0.7702000122070313 9.999999939225291e-11
0.7712000122070313 9.999999939225291e-11
0.7722000122070313 3.907703476950057e-08
0.7732000122070313 4.51662309945237e-08
0.7742000122070313 7.03830937442973e-08
0.7752000122070313 9.727170079780005e-09
0.7762000122070313 9.999999939225291e-11
0.7772000122070313 9.999999939225291e-11
0.7782000122070313 8.948853314668289e-09
0.7792000122070313 9.999999939225291e-11
0.7802000122070313 9.999999939225291e-11
0.7812000122070313 9.999999939225291e-11
0.7822000122070313 9.999999939225291e-11
0.7832000122070313 2.0154730714002275e-08
0.7842000122070313 9.999999939225291e-11
0.7852000122070313 9.999999939225291e-11
0.7862000122070313 2.2147086002159236e-09
0.7872000122070313 7.487583156162714e-08
0.7882000122070313 5.762663395951033e-08
0.7892000122070313 2.8161909941815112e-08
0.7902000122070313 9.999999939225291e-11
0.7912000122070313 9.999999939225291e-11
0.7922000122070313 3.438813483451023e-08
0.7932000122070313 9.999999939225291e-11
0.7942000122070313 7.762950288518292e-09
0.7952000122070313 9.999999939225291e-11
0.7962000122070313 1.7404235252291825e-07
0.7972000122070313 2.8820818204890237e-07
0.7982000122070313 1.0000000000000002e-10
0.7992000122070313 1.822789276683924e-07
0.8002000122070313 6.430930142768852e-08
0.8012000122070313 1.0778183345039378e-07
0.8022000122070313 1.2952349568658247e-07
0.8032000122070313 1.229915347818513e-07
0.8042000122070313 1.2208177863945316e-07
0.8052000122070313 8.340776308577623e-09
0.8062000122070313 6.153410751328312e-08
0.8072000122070313 2.2139758637955422e-09
0.8082000122070313 2.044059196834485e-08
0.8092000122070313 2.14498252809693e-07
0.8102000122070312 3.982994557730199e-08
0.8112000122070312 1.8400662089457043e-07
0.8122000122070312 2.9409151458487464e-08
0.8132000122070312 2.0311974002119162e-07
0.8142000122070312 1.0000000000000002e-10
0.8152000122070312 1.2546887818759665e-07
0.8162000122070312 1.1703506023737484e-07
0.8172000122070312 2.3320136813863567e-07
0.8182000122070312 5.968622860720881e-09
0.8192000122070312 1.1845907688626931e-07
0.8202000122070312 7.060779253027539e-08
0.8212000122070312 4.643911610095745e-08
0.8222000122070312 2.6531910278555705e-08
0.8232000122070312 1.0000000000000002e-10
0.8242000122070312 1.7078754941491485e-08
0.8252000122070312 1.811194488735017e-07
0.8262000122070312 1.0000000000000002e-10
0.8272000122070312 3.5528991982804505e-09
0.8282000122070312 9.07430271381638e-08
0.8292000122070312 1.4444159882837595e-07
0.8302000122070312 2.6757433700117758e-08
0.8312000122070312 1.0000000000000002e-10
0.8322000122070312 3.839412327693877e-08
0.8332000122070312 1.3049973987607876e-07
0.8342000122070312 9.614154788111817e-08
0.8352000122070312 1.7882217752573457e-07
0.8362000122070312 2.387922826257484e-07
0.8372000122070312 1.666047261234207e-07
0.8382000122070312 1.6622850882481214e-07
0.8392000122070312 2.2905766012990846e-07
0.8402000122070312 1.560531685013655e-07
0.8412000122070312 9.650800788004334e-08
0.8422000122070312 3.19501726272356e-07
0.8432000122070312 2.86251656790526e-07
0.8442000122070312 5.321664802212138e-07
0.8452000122070312 6.401574616861679e-07
0.8462000122070312 6.784341224081941e-07
0.8472000122070312 8.645763291393839e-07
0.8482000122070312 7.403794978122817e-07
0.8492000122070312 7.748997307657476e-07
0.8502000122070312 3.9068087074650123e-07
0.8512000122070312 2.0926626111709887e-07
0.8522000122070312 2.0991658717937563e-07
0.8532000122070312 1.2807596919003456e-08
0.8542000122070312 8.045452590297394e-08
0.8552000122070312 9.279712942190064e-08
0.8562000122070312 4.69540759381869e-08
0.8572000122070312 1.0000000000000002e-10
0.8582000122070312 2.724270841082027e-07
0.8592000122070312 4.318136284871689e-08
0.8602000122070312 1.0000000000000002e-10
0.8612000122070312 6.711512045882209e-08
0.8622000122070312 6.408832306739962e-08
0.8632000122070312 2.459334725419456e-09
0.8642000122070312 9.781835183174534e-09
0.8652000122070312 1.0000000000000002e-10
0.8662000122070312 1.0000000000000002e-10
0.8672000122070312 1.0000000000000002e-10
0.8682000122070312 1.0000000000000002e-10
0.8692000122070312 1.5465737406581386e-07
0.8702000122070312 1.0000000000000002e-10
0.8712000122070312 1.8293333923923882e-08
0.8722000122070312 5.739473195735981e-09
0.8732000122070313 9.862880541229085e-08
0.8742000122070313 1.0000000000000002e-10
0.8752000122070313 8.50385749883164e-08
0.8762000122070313 5.946304829838447e-07
0.8772000122070313 1.0000000000000002e-10
0.8782000122070313 1.399496365698459e-07
0.8792000122070313 1.0000000000000002e-10
0.8802000122070313 1.0000000000000002e-10
0.8812000122070313 7.376677448879162e-07
0.8822000122070313 4.910792896943239e-07
0.8832000122070313 1.0000000000000002e-10
0.8842000122070313 4.3466578924001196e-08
0.8852000122070313 8.209571109919708e-08
0.8862000122070313 7.710382104898899e-07
0.8872000122070313 1.657621163848687e-06
0.8882000122070313 1.0000000000000002e-10
0.8892000122070313 1.923226511175535e-06
0.8902000122070313 1.0000000000000002e-10
0.8912000122070313 3.000059968759444e-07
0.8922000122070313 1.0000000000000002e-10
0.8932000122070313 2.0766794293570034e-06
0.8942000122070313 1.3480867091892714e-06
0.8952000122070313 9.951576892453807e-07
0.8962000122070313 3.571465275993099e-07
0.8972000122070313 8.414149109428602e-08
0.8982000122070313 2.3182154184731194e-07
0.8992000122070313 1.0000000000000002e-10
0.9002000122070313 1.0000000000000002e-10
0.9012000122070313 4.827682585408139e-07
0.9022000122070313 1.0000000000000002e-10
0.9032000122070313 1.8974698200053697e-07
0.9042000122070313 9.268430698608563e-07
0.9052000122070313 1.4593093901043177e-06
0.9062000122070313 2.561300987844966e-07
0.9072000122070313 1.158892213804386e-06
0.9082000122070313 1.0000000000000002e-10
0.9092000122070313 4.528166766746286e-07
0.9102000122070313 1.0000000000000002e-10
0.9112000122070313 1.0000000000000002e-10
0.9122000122070313 1.1283503839009311e-06
0.9132000122070313 6.130980643622802e-07
0.9142000122070313 4.3827770818826025e-07
0.9152000122070313 1.0000000000000002e-10
0.9162000122070313 1.0000000000000002e-10
0.9172000122070313 8.452585160247912e-07
0.9182000122070313 1.2370430538262442e-07
0.9192000122070313 1.0000000000000002e-10
0.9202000122070313 1.0000000000000002e-10
0.9212000122070313 6.522771185102797e-07
0.9222000122070313 9.561078787809545e-07
0.9232000122070313 1.0000000000000002e-10
0.9242000122070313 9.1817392884609e-07
0.9252000122070313 1.0000000000000002e-10
0.9262000122070313 9.62967397998732e-08
0.9272000122070313 7.476728077535688e-07
0.9282000122070313 1.0000000000000002e-10
0.9292000122070313 1.0000000000000002e-10
0.9302000122070313 3.0792929239015143e-07
0.9312000122070313 2.2033180028725043e-07
0.9322000122070313 1.0291345368826697e-06
0.9332000122070313 2.7387353534446e-07
0.9342000122070313 3.8167452343658094e-08
0.9352000122070312 1.0153307352838596e-06
0.9362000122070312 4.683935489196012e-07
0.9372000122070312 1.5273246147036626e-06
0.9382000122070312 2.186583295653762e-06
0.9392000122070312 3.586389538315258e-06
0.9402000122070312 3.301393272832291e-06
0.9412000122070312 4.062762096007435e-06
0.9422000122070312 5.494712009716659e-06
0.9432000122070312 3.552657347782228e-06
0.9442000122070312 3.855955826332468e-06
0.9452000122070312 2.4084689236091932e-06
0.9462000122070312 2.0445350444531073e-06
0.9472000122070312 1.770127038776117e-06
0.9482000122070312 7.983565339198982e-07
0.9492000122070312 1.8961078053189125e-06
0.9502000122070312 1.4372906917882626e-06
0.9512000122070312 3.628691772287379e-07
0.9522000122070312 2.852104185743667e-07
0.9532000122070312 7.593902747860712e-07
0.9542000122070312 5.385333658487494e-07
0.9552000122070312 1.7996201034555441e-07
0.9562000122070312 9.768859085321974e-07
0.9572000122070312 1.281674063979489e-06
0.9582000122070312 3.537877334908767e-07
0.9592000122070312 1.6509262046124542e-07
0.9602000122070312 3.753555683922224e-07
0.9612000122070312 4.0339413531722996e-07
0.9622000122070312 1.0000000000000002e-10
0.9632000122070312 7.243884598479408e-07
0.9642000122070312 1.4021387151677382e-07
0.9652000122070312 9.420591627409726e-07
0.9662000122070312 1.0000000000000002e-10
0.9672000122070312 6.173034924014843e-07
0.9682000122070312 8.302885158248815e-07
0.9692000122070312 3.0500489685315077e-07
0.9702000122070312 1.0000000000000002e-10
0.9712000122070312 1.0000000000000002e-10
0.9722000122070312 6.012698455926511e-07
0.9732000122070312 1.0000000000000002e-10
0.9742000122070312 4.2640543440279045e-07
0.9752000122070312 4.133067032681721e-07
0.9762000122070312 3.6654592779525505e-07
0.9772000122070312 4.99961384449786e-07
0.9782000122070312 3.421127004085988e-07
0.9792000122070312 7.981978929191418e-07
0.9802000122070312 5.20061753541383e-07
0.9812000122070312 1.5681697967281747e-06
0.9822000122070312 1.8826653127421802e-07
0.9832000122070312 1.2500329014725543e-06
0.9842000122070312 2.1086160020183233e-06
0.9852000122070312 3.3142390875490662e-06
0.9862000122070312 3.4718634033381687e-06
0.9872000122070312 3.220396144295264e-06
0.9882000122070312 1.8683886009904226e-06
0.9892000122070312 2.153392553919788e-06
0.9902000122070312 2.330211820606708e-06
0.9912000122070312 1.3243552850515683e-06
0.9922000122070312 5.776152369564559e-07
0.9932000122070312 3.31690383146365e-07
0.9942000122070312 4.838507916997195e-07
0.9952000122070312 1.0000000000000002e-10
0.9962000122070312 9.29920406228246e-07
0.9972000122070312 2.8006264471702734e-06
0.9982000122070313 3.353775731132676e-06
0.9992000122070313 1.964204420801252e-06
1.0002000122070311 2.0362774375826122e-06
1.0012000122070313 2.724219666561112e-06
1.0022000122070311 2.186846541007981e-06
1.0032000122070313 3.984774203254678e-07
1.0042000122070311 1.9168469831735514e-06
1.0052000122070313 1.4414257748285308e-06
1.0062000122070311 4.347293425362627e-07
1.0072000122070313 1.6148143428533026e-06
1.0082000122070311 1.1002907558577135e-06
1.0092000122070313 1.1343654356702853e-06
1.0102000122070312 1.6100626574674002e-06
1.0112000122070313 3.101698234253547e-07
1.0122000122070312 9.649819003243466e-07
1.0132000122070313 2.779154310701415e-06
1.0142000122070312 2.2656580161613724e-06
1.0152000122070313 2.83128596493043e-06
1.0162000122070312 3.348607230388249e-06
1.0172000122070313 1.480395173227104e-06
1.0182000122070312 2.409942001880457e-06
1.0192000122070313 2.887278290775915e-06
1.0202000122070312 1.7705052933288576e-06
1.0212000122070313 9.999999939225291e-11
1.0222000122070312 1.8066273090274384e-06
1.0232000122070313 9.95477827624806e-07
1.024199951171875 2.9387710189136367e-06
1.025199951171875 4.195260698907077e-06
1.026199951171875 9.999999939225291e-11
1.027199951171875 4.7598405702350035e-06
1.028199951171875 3.205286285338597e-07
1.029199951171875 1.4493939913033197e-06
1.030199951171875 2.2216796639629167e-06
1.031199951171875 2.1292224118951706e-06
1.032199951171875 1.8738497065721544e-07
1.033199951171875 3.3325770078048345e-07
1.034199951171875 1.8671766641394546e-06
1.035199951171875 2.83052790207942e-07
1.036199951171875 1.142204974155329e-06
1.037199951171875 2.412566924855734e-06
1.038199951171875 4.897066668618777e-08
1.039199951171875 1.1184079630766064e-06
1.040199951171875 2.039949671344132e-06
1.041199951171875 2.2421512888589255e-06
1.042199951171875 2.669830379697184e-06
1.043199951171875 4.823480416119944e-07
1.044199951171875 1.5978343738728048e-06
1.045199951171875 9.999999939225291e-11
1.046199951171875 1.3610711903311313e-06
1.047199951171875 1.4480561609767998e-06
1.048199951171875 2.4906756395163635e-06
1.049199951171875 1.9996567971247713e-06
1.050199951171875 3.913853336901714e-06
1.051199951171875 3.952138649765402e-06
1.052199951171875 3.424430324230343e-06
1.053199951171875 1.0607852649021273e-06
1.054199951171875 3.430409927999515e-07
1.055199951171875 2.134574096999131e-06
1.056199951171875 1.5558122443811347e-06
1.057199951171875 3.203825350889626e-06
1.058199951171875 2.2583199703755476e-06
1.059199951171875 1.8495292655037095e-06
1.060199951171875 2.5841703366798656e-06
1.061199951171875 3.634358096557359e-06
1.062199951171875 2.2117870200114943e-06
1.063199951171875 3.2317547205214697e-06
1.064199951171875 2.675518602093992e-06
1.065199951171875 4.258853344557186e-06
1.066199951171875 1.969678341993131e-06
1.067199951171875 4.179548025907328e-06
1.068199951171875 3.336530935484916e-06
1.069199951171875 4.231847997289151e-06
1.070199951171875 2.0101517050837477e-06
1.071199951171875 2.158848493915381e-06
1.072199951171875 3.3780503872549163e-06
1.073199951171875 3.6388176764982442e-06
1.074199951171875 4.407377661361049e-06
1.075199951171875 1.3169887703649388e-06
1.076199951171875 3.881199081661179e-06
1.077199951171875 3.4568016417324544e-06
1.078199951171875 3.6704363689447444e-06
1.079199951171875 2.1225516684353354e-06
1.080199951171875 3.502473409753293e-06
1.081199951171875 2.198206687656542e-06
1.082199951171875 9.79845654353421e-07
1.083199951171875 2.3060314318475626e-06
1.084199951171875 2.748484306115036e-06
1.085199951171875 2.8187599188337723e-06
1.086199951171875 2.794665027370987e-06
1.087199951171875 2.084537021194895e-06
1.088199951171875 8.087119325258148e-07
1.089199951171875 2.3811409967796257e-06
1.090199951171875 9.871885655835892e-07
1.091199951171875 2.6251663803122937e-06
1.092199951171875 1.4652443860541098e-06
1.093199951171875 5.771667190135332e-07
1.094199951171875 1.1637450855535764e-06
1.095199951171875 8.12921750415659e-07
1.096199951171875 1.2903099896484824e-06
1.097199951171875 3.2248403780007113e-06
1.098199951171875 1.8837693399594477e-06
1.099199951171875 9.999999939225291e-11
1.100199951171875 2.1097535015239067e-06
1.101199951171875 9.999999939225291e-11
1.102199951171875 1.908474660012871e-06
1.103199951171875 4.5782466329432244e-07
1.104199951171875 9.862901060841977e-07
1.105199951171875 7.003454421046958e-07
1.106199951171875 2.598353651895498e-06
1.107199951171875 3.223693687080716e-06
1.108199951171875 2.4603049678262322e-06
1.109199951171875 4.27044903566672e-07
1.110199951171875 1.0096849871121805e-06
1.111199951171875 1.3988889986649155e-06
1.112199951171875 2.3168437959005436e-06
1.113199951171875 2.2042670267789313e-06
1.114199951171875 3.2434922953446705e-06
1.115199951171875 2.1258276440979292e-06
1.116199951171875 3.4202620736323296e-06
1.117199951171875 5.987175682093948e-06
1.118199951171875 6.149053391594587e-07
1.119199951171875 3.1051743038309114e-06
1.120199951171875 2.604921949872126e-06
1.121199951171875 3.5510700157222645e-06
1.122199951171875 4.515945038292557e-06
1.123199951171875 3.4590227490601437e-06
1.124199951171875 5.575674780023595e-06
1.125199951171875 3.216255766650041e-06
1.126199951171875 3.936920935908953e-06
1.127199951171875 1.71989897085408e-06
1.128199951171875 4.148190588845561e-06
1.129199951171875 1.8443937005940825e-06
1.130199951171875 2.987153905754288e-06
1.131199951171875 3.0005426378920674e-06
1.132199951171875 2.6917164116942633e-06
1.133199951171875 2.99090063587452e-06
1.134199951171875 3.5900139482691885e-06
1.135199951171875 2.988563598288844e-06
1.136199951171875 1.0347425120205146e-06
1.137199951171875 7.583216642537138e-07
1.138199951171875 1.8486196980423606e-06
1.139199951171875 2.1240706458532564e-06
1.140199951171875 1.8435350500300984e-06
1.141199951171875 2.3651283603006353e-06
1.142199951171875 2.2172671864003253e-06
1.143199951171875 2.052087933153146e-06
1.144199951171875 9.999999939225291e-11
1.145199951171875 1.3243011198937893e-06
1.146199951171875 9.378336411221729e-07
1.147199951171875 1.9299316530426344e-06
1.148199951171875 1.512793023721315e-06
1.149199951171875 9.999999939225291e-11
1.150199951171875 1.5034413687923612e-06
1.151199951171875 1.15201991355877e-06
1.152199951171875 9.999999939225291e-11
1.153199951171875 1.5023904537277608e-06
1.154199951171875 2.2797963333450377e-08
1.155199951171875 4.090758276002286e-07
1.156199951171875 2.398140641162172e-06
1.157199951171875 8.353157772944542e-07
1.158199951171875 9.999999939225291e-11
1.159199951171875 2.066682592231454e-07
1.160199951171875 3.4210099399819193e-07
1.161199951171875 1.1416120054619228e-07
1.162199951171875 1.2959662368909144e-06
1.163199951171875 9.614070586394519e-07
1.164199951171875 8.650635815380762e-07
1.165199951171875 5.727553798351436e-07
1.166199951171875 1.8475582762652226e-07
1.167199951171875 9.999999939225291e-11
1.168199951171875 1.8636513414094225e-06
1.169199951171875 2.0864213001914322e-06
1.170199951171875 7.797323727457932e-07
1.171199951171875 1.5804309512053767e-07
1.172199951171875 2.106146275764331e-06
1.173199951171875 9.999999939225291e-11
1.174199951171875 1.3903989747632296e-06
1.175199951171875 1.1171445024841612e-06
1.176199951171875 2.0109300627761207e-06
1.177199951171875 2.0538407695743405e-07
1.178199951171875 3.4257965499643696e-07
1.179199951171875 1.2562134482626183e-06
1.180199951171875 1.1395969037645651e-06
1.181199951171875 1.531572692075045e-06
1.182199951171875 6.628946330729709e-07
1.183199951171875 1.999516631864632e-06
1.184199951171875 9.360025918188815e-07
1.185199951171875 9.141514965449459e-07
1.186199951171875 2.2852460531315916e-07
1.187199951171875 1.5543613456732906e-06
1.188199951171875 3.650445739555863e-07
1.189199951171875 1.3013301247344345e-06
1.190199951171875 9.828368490349959e-07
1.191199951171875 2.509337786626986e-07
1.192199951171875 2.5951356898682813e-06
1.193199951171875 9.999999939225291e-11
1.194199951171875 8.864173115223176e-08
1.195199951171875 1.1302899751057065e-06
1.196199951171875 9.999999939225291e-11
1.197199951171875 3.5138567373730703e-07
1.198199951171875 1.650300643329198e-06
1.199199951171875 3.8114952379449585e-07
1.200199951171875 6.490703597113641e-08
1.201199951171875 1.9746522785505742e-07
1.202199951171875 7.727867436072937e-07
1.203199951171875 5.170609028937178e-07
1.204199951171875 6.141019400462966e-07
1.205199951171875 9.999999939225291e-11
1.206199951171875 2.67340171073253e-06
1.207199951171875 9.999999939225291e-11
1.208199951171875 2.1752127162599778e-07
1.209199951171875 7.140742521490513e-07
1.210199951171875 1.5235089520023356e-07
1.211199951171875 9.825886903739682e-07
1.212199951171875 2.8440750819906196e-07
1.213199951171875 1.362294320224796e-07
1.214199951171875 8.559492993676087e-07
1.215199951171875 9.999999939225291e-11
1.216199951171875 1.007733332748136e-06
1.217199951171875 9.072090273676281e-08
1.218199951171875 1.313025501682811e-06
1.219199951171875 9.999999939225291e-11
1.220199951171875 1.5325663065723916e-07
1.221199951171875 4.370400172544938e-07
1.222199951171875 9.999999939225291e-11
1.223199951171875 1.4026006344162548e-06
1.224199951171875 6.352159808139154e-07
1.225199951171875 9.999999939225291e-11
1.226199951171875 2.010004779246325e-06
1.227199951171875 9.999999939225291e-11
1.228199951171875 7.638833376895822e-07
1.229199951171875 1.8644049608459075e-06
1.230199951171875 9.999999939225291e-11
1.231199951171875 5.042238357303811e-07
1.232199951171875 1.541862075100653e-06
1.233199951171875 9.999999939225291e-11
1.234199951171875 9.999999939225291e-11
1.235199951171875 1.1629217866963396e-06
1.236199951171875 9.999999939225291e-11
1.237199951171875 9.999999939225291e-11
1.238199951171875 6.841250042762443e-07
1.239199951171875 9.999999939225291e-11
1.240199951171875 9.999999939225291e-11
1.241199951171875 9.999999939225291e-11
1.242199951171875 9.999999939225291e-11
1.243199951171875 8.877586949414726e-08
1.244199951171875 6.356796749133291e-07
1.245199951171875 1.7839409676589924e-07
1.246199951171875 1.5309949715932211e-06
1.247199951171875 9.999999939225291e-11
1.248199951171875 5.482669992259067e-07
1.249199951171875 1.7642719659131483e-07
1.250199951171875 3.0942066657620635e-07
1.251199951171875 1.7120903309357041e-06
1.252199951171875 9.999999939225291e-11
1.253199951171875 1.1133936250680894e-06
1.254199951171875 8.355728277820163e-07
1.255199951171875 1.3178020895251072e-07
1.256199951171875 2.2061078874813234e-07
1.257199951171875 5.074402576799031e-07
1.258199951171875 5.226816669049819e-07
1.259199951171875 1.9882053260644737e-07
1.260199951171875 2.5978466242489633e-07
1.261199951171875 9.999999939225291e-11
1.262199951171875 9.872386578724247e-07
1.263199951171875 9.999999939225291e-11
1.264199951171875 4.0131333154391767e-08
1.265199951171875 2.200678325377699e-07
1.266199951171875 9.999999939225291e-11
1.267199951171875 9.999999939225291e-11
1.268199951171875 1.5721627035721516e-06
1.269199951171875 3.9346532573721526e-07
1.270199951171875 1.9222789705963806e-06
1.271199951171875 1.297933859441732e-07
1.272199951171875 9.999999939225291e-11
1.273199951171875 2.6376097664500735e-07
1.274199951171875 6.305634303505059e-07
1.275199951171875 1.706897307673927e-07
1.276199951171875 8.071825019821215e-07
1.277199951171875 2.6471907135968325e-07
1.278199951171875 9.28688593072972e-07
1.279199951171875 9.999999939225291e-11
1.280199951171875 1.3762757953372784e-06
1.281199951171875 9.560773321215522e-07
1.282199951171875 2.8218879449444975e-07
1.283199951171875 2.0715741239503892e-06
1.284199951171875 6.548552819859072e-07
1.285199951171875 9.353176089158903e-07
1.286199951171875 9.983663376752123e-07
1.287199951171875 1.2701016844770172e-07
1.288199951171875 2.1116103016538546e-06
1.289199951171875 4.030010265220577e-06
1.290199951171875 9.999999939225291e-11
1.291199951171875 6.521534278854564e-07
1.292199951171875 1.3932917109323504e-06
1.293199951171875 1.9186849597948215e-06
1.294199951171875 2.2851229975155244e-06
1.295199951171875 1.6567196481028409e-06
1.296199951171875 9.47736342737926e-10
1.297199951171875 1.7911276370075059e-06
1.298199951171875 4.348919753471847e-07
1.299199951171875 4.13314225674218e-07
1.300199951171875 6.314523128706876e-07
1.301199951171875 3.010668685116495e-06
1.302199951171875 7.820500347103613e-07
1.303199951171875 1.11245712711631e-06
1.304199951171875 1.111363972438421e-06
1.305199951171875 1.4030143938725813e-06
1.306199951171875 3.940109585413391e-07
1.307199951171875 1.7842774589856467e-06
1.308199951171875 2.4329222893963258e-06
1.309199951171875 1.1993551743216812e-06
1.310199951171875 8.581709550714578e-07
1.311199951171875 3.642426546394498e-07
1.312199951171875 1.0204033457927864e-06
1.313199951171875 2.5101346545852723e-06
1.314199951171875 2.47616131673567e-06
1.315199951171875 4.1491943531646313e-07
1.316199951171875 4.035420909834404e-06
1.317199951171875 2.566898619988933e-06
1.318199951171875 4.5771597529350084e-07
1.319199951171875 2.611542371481572e-07
1.320199951171875 5.880473273537726e-07
1.321199951171875 5.269049816962005e-07
1.322199951171875 1.328612968561534e-07
1.323199951171875 4.3495577336886505e-07
1.324199951171875 7.637605543890185e-07
1.325199951171875 1.344567644991912e-06
1.326199951171875 1.9623260110771904e-06
1.327199951171875 9.999999939225291e-11
1.328199951171875 1.1530759851060187e-06
1.329199951171875 5.065293077866074e-07
1.330199951171875 7.129852504779894e-07
1.331199951171875 1.1228410049450114e-07
1.332199951171875 4.464223651060214e-06
1.333199951171875 9.999999939225291e-11
1.334199951171875 1.5121433049595603e-06
1.335199951171875 1.3734659875996869e-06
1.336199951171875 1.1604122695037706e-06
1.337199951171875 1.5050159803535005e-06
1.338199951171875 1.412046331097372e-06
1.339199951171875 3.0367726867552846e-06
1.340199951171875 6.537041311579136e-07
1.341199951171875 8.498030459917298e-07
1.342199951171875 1.5724756910155217e-06
1.343199951171875 2.6308894909258624e-06
1.344199951171875 1.8367886514170095e-06
1.345199951171875 9.999999939225291e-11
1.346199951171875 2.92517962710311e-06
1.347199951171875 7.42252135144857e-07
1.348199951171875 9.999999939225291e-11
1.349199951171875 1.0048200419987552e-06
1.350199951171875 7.781727591045968e-07
1.351199951171875 1.7742980708135293e-06
1.352199951171875 2.8614846329825622e-06
1.353199951171875 4.280353469591584e-08
1.354199951171875 1.503165340673481e-07
1.355199951171875 1.0475976981864458e-06
1.356199951171875 2.9986230462479095e-06
1.357199951171875 5.014806663172777e-07
1.358199951171875 6.282530732389564e-08
1.359199951171875 1.98259498574771e-06
1.360199951171875 1.7504668358014896e-06
1.361199951171875 9.999999939225291e-11
1.362199951171875 1.4967419459329297e-06
1.363199951171875 9.398877773492132e-07
1.364199951171875 1.54707677817593e-06
1.365199951171875 2.1390953043010087e-06
1.366199951171875 9.999999939225291e-11
1.367199951171875 7.341100812367311e-07
1.368199951171875 1.954685333961e-06
1.369199951171875 4.522767301029518e-07
1.370199951171875 9.999999939225291e-11
1.371199951171875 3.500630652221541e-06
1.372199951171875 1.6710410515467326e-06
1.373199951171875 1.203566122664294e-06
1.374199951171875 2.192466611935136e-06
1.375199951171875 7.688587417457408e-07
1.376199951171875 1.785099991187996e-06
1.377199951171875 5.568229918099614e-07
1.378199951171875 5.090626844091636e-07
1.379199951171875 2.835249955145021e-06
1.380199951171875 2.4166956912570946e-06
1.381199951171875 3.150515301738229e-07
1.382199951171875 3.2439872544879718e-06
1.383199951171875 2.375933933459843e-06
1.384199951171875 5.876934725771813e-07
1.385199951171875 3.518368660782774e-06
1.386199951171875 2.0012590296876926e-06
1.387199951171875 1.250846495774264e-06
1.388199951171875 2.002408291446045e-06
1.389199951171875 3.637422729904453e-06
1.390199951171875 2.171625334691877e-06
1.391199951171875 2.543826024824132e-06
1.392199951171875 1.633392040349217e-07
1.393199951171875 2.769199296987305e-06
1.394199951171875 1.417838005484858e-06
1.395199951171875 2.6614773378241805e-06
1.396199951171875 1.1255068333297183e-06
1.397199951171875 8.22492972171555e-07
1.398199951171875 8.446457987284124e-07
1.399199951171875 9.999999939225291e-11
1.400199951171875 1.2456213395732143e-06
1.401199951171875 2.7018119943692893e-07
1.402199951171875 2.125290023589817e-06
1.403199951171875 6.277865095890196e-07
1.404199951171875 3.9829202892545846e-07
1.405199951171875 2.7836776765373844e-06
1.406199951171875 1.8387682333316966e-06
1.407199951171875 1.0902848165036023e-06
1.408199951171875 1.534795252761493e-06
1.409199951171875 7.378099056835434e-07
1.410199951171875 2.586082312821721e-06
1.411199951171875 7.305157521120265e-07
1.412199951171875 7.797283251420595e-07
1.413199951171875 1.3322639521599436e-06
1.414199951171875 1.663991618746271e-06
1.415199951171875 1.5225366803139906e-06
1.416199951171875 1.9621086488896822e-07
1.417199951171875 1.7688313770728805e-06
1.418199951171875 2.8457501321099697e-06
1.419199951171875 2.423960007339095e-06
1.420199951171875 3.4711689416629572e-06
1.421199951171875 1.9532346815509528e-08
1.422199951171875 1.0306216521597615e-06
1.423199951171875 2.5094587181229145e-06
1.424199951171875 1.0966843789598595e-06
1.425199951171875 2.1494663087651135e-06
1.426199951171875 2.711721269103388e-06
1.427199951171875 1.0689840322205176e-06
1.428199951171875 1.7726309791517756e-06
1.429199951171875 7.589286785029496e-07
1.430199951171875 8.980811602062506e-07
1.431199951171875 1.2301229920315868e-06
1.432199951171875 1.5524866658604235e-07
1.433199951171875 2.661462009806807e-06
1.434199951171875 2.0024833308222392e-06
1.435199951171875 1.3351191591937095e-06
1.436199951171875 1.5251316118162587e-07
1.437199951171875 1.9225247281913957e-06
1.438199951171875 1.1126022824707131e-06
1.439199951171875 4.154823249713502e-07
1.440199951171875 2.1435326683179785e-06
1.441199951171875 9.999999939225291e-11
1.442199951171875 9.5562064719464e-07
1.443199951171875 9.999999939225291e-11
1.444199951171875 1.0502331739796015e-06
1.445199951171875 2.064652605137477e-06
1.446199951171875 4.362225418426865e-07
1.447199951171875 5.218309740673277e-07
1.448199951171875 1.5760066404861086e-06
1.449199951171875 1.7780585767468438e-06
1.450199951171875 4.319996594137621e-07
1.451199951171875 9.999999939225291e-11
1.452199951171875 1.7016793814642975e-06
1.453199951171875 2.0358036757291606e-06
1.454199951171875 9.999999939225291e-11
1.455199951171875 2.6002793647913096e-06
1.456199951171875 7.344097972842671e-07
1.457199951171875 1.7972161003854126e-06
1.458199951171875 2.321843688453858e-06
1.459199951171875 9.999999939225291e-11
1.460199951171875 3.981309322019418e-06
1.461199951171875 9.999999939225291e-11
1.462199951171875 2.9201433062553406e-06
1.463199951171875 1.9914273737716332e-06
1.464199951171875 1.0411403680106919e-06
1.465199951171875 2.7058800333179534e-06
1.466199951171875 3.895409342173176e-07
1.467199951171875 1.6808776611772677e-06
1.468199951171875 1.4269123009095588e-06
1.469199951171875 3.889991394808353e-07
1.470199951171875 1.982276007765904e-06
1.471199951171875 9.999999939225291e-11
1.472199951171875 1.3618040490352237e-06
1.473199951171875 1.9156633010553037e-07
1.474199951171875 7.536420768398481e-07
1.475199951171875 1.6694206386761815e-07
1.476199951171875 2.6017593336291612e-06
1.477199951171875 3.16532469393375e-06
1.478199951171875 2.825007656307814e-07
1.479199951171875 1.621663017177255e-06
1.480199951171875 1.4399445353774354e-06
1.481199951171875 2.3271670700826993e-06
1.482199951171875 3.052404645131901e-06
1.483199951171875 9.999999939225291e-11
1.484199951171875 9.999999939225291e-11
1.485199951171875 1.2811550186597743e-06
1.486199951171875 1.8780753790033818e-06
1.487199951171875 1.7581076533564518e-07
1.488199951171875 9.999999939225291e-11
1.489199951171875 1.5331537188837767e-07
1.490199951171875 3.066374047193676e-06
1.491199951171875 6.371490063254252e-08
1.492199951171875 1.3796336861560121e-06
1.493199951171875 7.767468048047732e-07
1.494199951171875 1.7309940398391176e-07
1.495199951171875 9.999999939225291e-11
1.496199951171875 1.911831311239472e-06
1.497199951171875 1.288671725584815e-06
1.498199951171875 2.1547802286174071e-07
1.499199951171875 1.2653123798500588e-07
1.500199951171875 2.5925320126892377e-06
1.501199951171875 1.2079145502260265e-06
1.502199951171875 1.3391512523715696e-06
1.503199951171875 5.797406153599619e-07
1.504199951171875 9.873503923281864e-07
1.505199951171875 7.933699911403617e-07
1.506199951171875 1.199029842003559e-06
1.507199951171875 8.647166466720554e-08
1.508199951171875 7.156542017128231e-07
1.509199951171875 2.5887460409042733e-06
1.510199951171875 6.999323126125982e-08
1.511199951171875 2.100218989653513e-06
1.512199951171875 2.236899255040707e-07
1.513199951171875 1.3156112348836994e-06
1.514199951171875 8.865422421155955e-07
1.515199951171875 2.307218286053588e-06
1.516199951171875 9.999999939225291e-11
1.517199951171875 9.999999939225291e-11
1.518199951171875 1.6434080653689639e-06
1.519199951171875 2.1852720237802714e-06
1.520199951171875 2.0314339730376218e-07
1.521199951171875 9.999999939225291e-11
1.522199951171875 8.767224642003413e-07
1.523199951171875 1.5222972918612263e-06
1.524199951171875 1.8127740380199007e-06
1.525199951171875 1.5548913506790997e-06
1.526199951171875 3.6238369259145033e-07
1.527199951171875 1.750355634915953e-06
1.528199951171875 3.5583676071837545e-06
1.529199951171875 9.999999939225291e-11
1.530199951171875 2.3235153882221007e-06
1.531199951171875 1.8544074555393309e-06
1.532199951171875 1.919497638785591e-06
1.533199951171875 8.372818262802895e-07
1.534199951171875 1.1999237540294417e-06
1.535199951171875 1.6280351943957307e-06
1.536199951171875 2.5138876662822442e-06
1.537199951171875 1.9799366852997952e-07
1.538199951171875 2.8538207589671555e-09
1.539199951171875 1.2507117935456335e-06
1.540199951171875 3.618117416899954e-07
1.541199951171875 1.4058438197632008e-06
1.542199951171875 1.4745189400855452e-06
1.543199951171875 2.1058280253782868e-06
1.544199951171875 2.8711163733596836e-07
1.545199951171875 1.0328423256093326e-06
1.546199951171875 1.6931773714053595e-07
1.547199951171875 1.1761760200782827e-06
1.548199951171875 2.3453076573787257e-06
1.549199951171875 2.4261449991236363e-07
1.550199951171875 1.3002463103539696e-07
1.551199951171875 1.6572940027496467e-06
1.552199951171875 1.6680436965543776e-06
1.553199951171875 1.1294028903533852e-06
1.554199951171875 9.664406267499242e-07
1.555199951171875 9.478982125680583e-07
1.556199951171875 2.591634402051568e-06
1.557199951171875 2.1339182613526003e-07
1.558199951171875 4.4972611284480967e-07
1.559199951171875 3.165264880481781e-07
1.560199951171875 5.484530238882475e-07
1.561199951171875 1.9741433789022268e-06
1.562199951171875 1.4786310297380348e-06
1.563199951171875 6.433513287144403e-07
1.564199951171875 1.116380832778911e-06
1.565199951171875 7.737632498786932e-07
1.566199951171875 1.0969166820965863e-06
1.567199951171875 2.1424523462580206e-06
1.568199951171875 1.6541196479617307e-06
1.569199951171875 8.133676696046403e-07
1.570199951171875 2.73072968157706e-07
1.571199951171875 2.731882656613986e-06
1.572199951171875 1.5497880425148954e-06
1.573199951171875 2.6114143353576462e-06
1.574199951171875 1.011874519463163e-06
1.575199951171875 2.543160371715203e-06
1.576199951171875 2.0171420086019982e-06
1.577199951171875 2.8975649375576986e-07
1.578199951171875 2.15478430618532e-06
1.579199951171875 5.394955611942956e-06
1.580199951171875 1.6057656785051221e-06
1.581199951171875 9.999999939225291e-11
1.582199951171875 1.4682969871386101e-06
1.583199951171875 9.999999939225291e-11
1.584199951171875 1.8647910595367042e-06
1.585199951171875 9.999999939225291e-11
1.586199951171875 2.2769990512946e-06
1.587199951171875 4.258168553139541e-07
1.588199951171875 3.0277827075527357e-06
1.589199951171875 4.607916532902342e-07
1.590199951171875 4.953616681705834e-07
1.591199951171875 2.6304039541476713e-06
1.592199951171875 1.6469617276015925e-06
1.593199951171875 3.6431885867690043e-06
1.594199951171875 1.3920903292034362e-07
1.595199951171875 3.5940890666097404e-06
1.596199951171875 8.853453497674006e-07
1.597199951171875 2.8154580407620715e-06
1.598199951171875 2.911621268140152e-06
1.599199951171875 2.2735713086034316e-06
1.600199951171875 3.6290579979928832e-06
1.601199951171875 2.5954109100112533e-07
1.602199951171875 3.884557285092072e-06
1.603199951171875 1.3678993804333572e-07
1.604199951171875 4.2329135855349405e-06
1.605199951171875 2.712431354060148e-06
1.606199951171875 6.554162852504911e-07
1.607199951171875 2.691819972824305e-06
1.608199951171875 2.328649328167861e-06
1.609199951171875 1.1392854260824e-06
1.610199951171875 3.7329233115694177e-06
1.611199951171875 8.053083433345876e-07
1.612199951171875 3.90058596773694e-06
1.613199951171875 5.115946710739413e-07
1.614199951171875 1.3783970158935214e-06
1.615199951171875 2.189043273877663e-06
1.616199951171875 3.4451523217349234e-07
1.617199951171875 4.960281949024647e-06
1.618199951171875 1.4289530321676126e-07
1.619199951171875 2.5235716505752253e-06
1.620199951171875 9.999999939225291e-11
1.621199951171875 1.2500798133145233e-06
1.622199951171875 4.163171009471019e-06
1.623199951171875 4.525180614904182e-07
1.624199951171875 2.5627289627057807e-06
1.625199951171875 1.56058362335898e-06
1.626199951171875 3.4170713236865898e-06
1.627199951171875 8.39430547785014e-06
1.628199951171875 2.51280400940838e-06
1.629199951171875 3.313323322799988e-06
1.630199951171875 2.577768367094298e-06
1.631199951171875 4.787897632922977e-06
1.632199951171875 2.610851661302149e-06
1.633199951171875 3.191672294633463e-06
1.634199951171875 3.579764743335545e-06
1.635199951171875 3.5947687865700573e-06
1.636199951171875 3.90213230275549e-06
1.637199951171875 2.9371310180674e-06
1.638199951171875 2.991250027359153e-06
1.639199951171875 2.723846312922736e-06
1.640199951171875 4.7979540734862285e-06
1.641199951171875 5.519457382015721e-07
1.642199951171875 3.041278396267444e-06
1.643199951171875 2.1805796131957324e-06
1.644199951171875 2.3631180711654784e-06
1.645199951171875 1.6104603688897138e-06
1.646199951171875 3.6707754285695656e-06
1.647199951171875 4.0540120486790936e-06
1.648199951171875 4.385933371923537e-07
1.649199951171875 2.7694349895076204e-06
1.650199951171875 3.5630400331380468e-06
1.651199951171875 2.538461291502851e-06
1.652199951171875 3.045064925875825e-06
1.653199951171875 1.2403056799067021e-06
1.654199951171875 2.9188633925514298e-06
1.655199951171875 1.4227293138180387e-06
1.656199951171875 2.3469169779370226e-06
1.657199951171875 4.6396690110365556e-06
1.658199951171875 2.3968333456044395e-06
1.659199951171875 3.2977757507257623e-06
1.660199951171875 1.417358829106282e-06
1.661199951171875 1.5463489232085218e-06
1.662199951171875 9.687354186590131e-07
1.663199951171875 7.829231469447251e-07
1.664199951171875 5.179945049652209e-06
1.665199951171875 2.051157304473842e-06
1.666199951171875 1.417492976895455e-06
1.667199951171875 2.433561079415725e-06
1.668199951171875 2.589838356167699e-06
1.669199951171875 3.3875413161392015e-06
1.670199951171875 3.1607098884833815e-07
1.671199951171875 9.6875777974977e-07
1.672199951171875 1.330267017086347e-06
1.673199951171875 1.4976218517404049e-06
1.674199951171875 2.0730597405342145e-06
1.675199951171875 4.146184655837715e-06
1.676199951171875 2.647096887583207e-07
1.677199951171875 3.2494240440428257e-06
1.678199951171875 2.255579572594257e-06
1.679199951171875 2.330380715041732e-06
1.680199951171875 2.5407444142426055e-06
1.681199951171875 2.645608610691852e-06
1.682199951171875 1.0636962542776018e-06
1.683199951171875 3.5959057277068497e-06
1.684199951171875 1.8629529801916788e-06
1.685199951171875 1.3492386979615154e-06
1.686199951171875 1.7485323718702262e-07
1.687199951171875 1.9924787046636066e-07
1.688199951171875 3.6199098828978057e-07
1.689199951171875 9.677409929409464e-08
1.690199951171875 1.2310164311202242e-06
1.691199951171875 2.077920701898014e-06
1.692199951171875 2.8633230128131497e-06
1.693199951171875 3.335681976750493e-06
1.694199951171875 1.655317003799913e-06
1.695199951171875 2.762524376898057e-07
1.696199951171875 9.999999939225291e-11
1.697199951171875 4.105139669263735e-06
1.698199951171875 2.925571553606214e-07
1.699199951171875 3.100706962868571e-06
1.700199951171875 4.028209708242987e-06
1.701199951171875 5.198272905430438e-07
1.702199951171875 8.870804473796549e-07
1.703199951171875 2.4177532368903817e-06
1.704199951171875 8.111496521578943e-08
1.705199951171875 1.354900033293897e-07
1.706199951171875 9.999999939225291e-11
1.707199951171875 5.470747904231151e-06
1.708199951171875 6.435553802663919e-07
1.709199951171875 2.428976586088538e-06
1.710199951171875 1.251999903312632e-06
1.711199951171875 1.8593977286703497e-06
1.712199951171875 2.3237236113230843e-06
1.713199951171875 1.1139613437875322e-06
1.714199951171875 3.06414930188718e-06
1.715199951171875 3.453371755313128e-06
1.716199951171875 3.8274400816717956e-07
1.717199951171875 1.737264304866315e-06
1.718199951171875 1.1326970411040804e-06
1.719199951171875 2.1001285252471765e-06
1.720199951171875 6.736009958707712e-07
1.721199951171875 2.603193012570652e-06
1.722199951171875 1.5606934512598278e-06
1.723199951171875 1.2561506298158775e-06
1.724199951171875 1.713470119284466e-06
1.725199951171875 3.8099602291670938e-06
1.726199951171875 2.263931052815712e-06
1.727199951171875 1.3202723831036897e-06
1.728199951171875 1.8717688484078585e-06
1.729199951171875 9.999999939225291e-11
1.730199951171875 2.0559053128218116e-06
1.731199951171875 2.0356980288246026e-06
1.732199951171875 1.3774904167688598e-06
1.733199951171875 5.315469701727693e-08
1.734199951171875 1.6442793127868781e-06
1.735199951171875 2.39393826364361e-06
1.736199951171875 2.610464977855405e-06
1.737199951171875 1.7550359768581102e-06
1.738199951171875 1.5056183326311868e-06
1.739199951171875 5.973966903560779e-07
1.740199951171875 1.17511998759016e-06
1.741199951171875 3.858073372005795e-06
1.742199951171875 1.8856323731597513e-06
1.743199951171875 9.999999939225291e-11
1.744199951171875 1.5844617132406332e-08
1.745199951171875 1.0061284505239835e-06
1.746199951171875 1.0033958676292088e-06
1.747199951171875 2.8416826726977247e-07
1.748199951171875 9.999999939225291e-11
1.749199951171875 1.4377858894665252e-06
1.750199951171875 2.554372568811895e-07
1.751199951171875 9.542390371771366e-07
1.752199951171875 9.689535458049885e-07
1.753199951171875 1.5174072514619517e-06
1.754199951171875 2.6190353188818945e-06
1.755199951171875 3.5303535211520894e-06
1.756199951171875 2.163696005531198e-06
1.757199951171875 5.311173245973558e-07
1.758199951171875 3.6726452526636423e-06
1.759199951171875 2.313257718924433e-06
1.760199951171875 7.519340040514539e-07
1.761199951171875 3.5572876974280616e-06
1.762199951171875 3.903110249551626e-07
1.763199951171875 1.0010265173517515e-07
1.764199951171875 1.2321453053913226e-06
1.765199951171875 1.3178396424221952e-06
1.766199951171875 4.078240308444947e-06
1.767199951171875 4.129545607914527e-06
1.768199951171875 3.175382099544303e-07
1.769199951171875 9.999999939225291e-11
1.770199951171875 5.011136575679605e-07
1.771199951171875 4.1104860429186376e-06
1.772199951171875 9.177516680095959e-07
1.773199951171875 1.6131753215820055e-06
1.774199951171875 3.516831105419745e-06
1.775199951171875 4.2112816784841315e-06
1.776199951171875 1.237093577704703e-06
1.777199951171875 2.364724593159432e-06
1.778199951171875 7.605857206005595e-07
1.779199951171875 4.322268068790436e-06
1.780199951171875 1.0838362993315088e-06
1.781199951171875 3.508422669256106e-06
1.782199951171875 3.2532641004460556e-06
1.783199951171875 7.178665934285769e-06
1.784199951171875 2.9523235813636956e-06
1.785199951171875 9.999999939225291e-11
1.786199951171875 4.2276358969199165e-06
1.787199951171875 4.473079364591589e-06
1.788199951171875 2.1154063964671603e-06
1.789199951171875 1.479162620648585e-06
1.790199951171875 2.2806902901114278e-06
1.791199951171875 3.6813576783364017e-06
1.792199951171875 3.3278172486461697e-06
1.793199951171875 7.075541070662439e-06
1.794199951171875 7.639618124812842e-06
1.795199951171875 9.999999939225291e-11
1.796199951171875 2.950821993484472e-06
1.797199951171875 3.30949134270971e-06
1.798199951171875 3.4062153523943077e-06
1.799199951171875 3.9043379365466535e-06
1.800199951171875 5.751315911766141e-06
1.801199951171875 9.999999939225291e-11
1.802199951171875 1.163346964047444e-06
1.803199951171875 4.168675668904479e-06
1.804199951171875 4.938549730771532e-06
1.805199951171875 6.641165573946968e-07
1.806199951171875 5.506220040842891e-06
1.807199951171875 3.761688033894946e-06
1.808199951171875 4.8236030852422115e-06
1.809199951171875 6.30184697608153e-06
1.810199951171875 6.271198605342457e-06
1.811199951171875 7.236598564001422e-07
1.812199951171875 6.957850807035962e-06
1.813199951171875 7.990239343295494e-06
1.814199951171875 3.2263407869207823e-06
1.815199951171875 2.3297377144141743e-06
1.816199951171875 6.293607972717533e-06
1.817199951171875 2.9890890194413562e-06
1.818199951171875 8.552555421677728e-06
1.819199951171875 1.0568213183432817e-05
1.820199951171875 1.2436887094130118e-05
1.821199951171875 1.2794763315469026e-05
1.822199951171875 1.4748109582190712e-05
1.823199951171875 2.222093908737103e-05
1.824199951171875 2.223771996796131e-05
1.825199951171875 3.487030975520611e-05
1.826199951171875 3.357597704355915e-05
1.827199951171875 4.4407284197707966e-05
1.828199951171875 5.741972631464402e-05
1.829199951171875 6.591288683315117e-05
1.830199951171875 8.432335375497738e-05
1.831199951171875 9.793857733408609e-05
1.832199951171875 0.00013023133389651774
1.833199951171875 0.00014680739802618823
1.834199951171875 0.00019046786551674206
1.835199951171875 0.0002477503630022208
1.836199951171875 0.0003269461914896965
1.837199951171875 0.00041882697492837904
1.838199951171875 0.0005865792557597161
1.839199951171875 0.0008442134161790212
1.840199951171875 0.0012644316752751668
1.841199951171875 0.001963249991337458
1.842199951171875 0.003186855415503184
1.843199951171875 0.0051880110303560885
1.844199951171875 0.008283427158991495
1.845199951171875 0.012873992919921876
1.846199951171875 0.019174023071924846
1.847199951171875 0.027263826529184975
1.848199951171875 0.037341707547505695
1.849199951171875 0.0489087708791097
1.850199951171875 0.06121746063232422
1.851199951171875 0.07382392088572184
1.852199951171875 0.08478295485178629
1.853199951171875 0.09611433982849121
1.854199951171875 0.10345417976379395
1.855199951171875 0.1206315008799235
1.856199951171875 0.13713756561279297
1.857199951171875 0.16061713218688964
1.858199951171875 0.18478917439778644
1.859199951171875 0.22126463572184246
1.860199951171875 0.2620925013224284
1.861199951171875 0.3208815574645996
1.862199951171875 0.3881357955932617
1.863199951171875 0.4718672307332357
1.864199951171875 0.5806233978271484
1.865199951171875 0.6697562662760417
1.866199951171875 0.7635846964518229
1.867199951171875 0.8340169016520182
1.868199951171875 0.8860203043619792
1.869199951171875 0.9113001759847005
1.870199951171875 0.9296965789794922
1.871199951171875 0.9334559122721354
1.872199951171875 0.931918233235677
1.873199951171875 0.9339421335856121
1.874199951171875 0.9300540924072266
1.875199951171875 0.9229490915934245
1.876199951171875 0.9181147766113281
1.877199951171875 0.90768798828125
1.878199951171875 0.8830666605631511
1.879199951171875 0.8512472025553386
1.880199951171875 0.7962613677978516
1.881199951171875 0.7358271789550781
1.882199951171875 0.6523179626464843
1.883199951171875 0.5644616572062174
1.884199951171875 0.4764788309733073
1.885199951171875 0.39800089518229165
1.886199951171875 0.33684516270955406
1.887199951171875 0.28218809763590497
1.888199951171875 0.24128466924031575
1.889199951171875 0.20462270100911456
1.890199951171875 0.17935726801554364
1.891199951171875 0.1540852642059326
1.892199951171875 0.13771199862162273
1.893199951171875 0.12077073097229003
1.894199951171875 0.10711960156758626
1.895199951171875 0.09107035954793295
1.896199951171875 0.07548592249552409
1.897199951171875 0.060570933024088544
1.898199951171875 0.0467533524831136
1.899199951171875 0.03623438994089762
1.900199951171875 0.026661666234334313
1.901199951171875 0.019031833012898763
1.902199951171875 0.013140023152033489
1.903199951171875 0.008760297894477844
1.904199951171875 0.00557675838470459
1.905199951171875 0.0036427733302116395
1.906199951171875 0.0023645090063412985
1.907199951171875 0.001539796988169352
1.908199951171875 0.001046173150340716
1.909199951171875 0.0007365830739339192
1.910199951171875 0.0005173341060678164
1.911199951171875 0.0003843891620635986
1.912199951171875 0.0002871278673410416
1.913199951171875 0.00021841783076524733
1.914199951171875 0.0001685516939808925
1.915199951171875 0.00013784130103886128
1.916199951171875 0.00011120679788291454
1.917199951171875 8.890697732567787e-05
1.918199951171875 7.185508031398057e-05
1.919199951171875 4.867238613466422e-05
1.920199951171875 5.2416743710637095e-05
1.921199951171875 4.1213873773813246e-05
1.922199951171875 2.915968963255485e-05
1.923199951171875 2.677247626706958e-05
1.924199951171875 2.13808372306327e-05
1.925199951171875 1.604555019487937e-05
1.926199951171875 1.0182099649682642e-05
1.927199951171875 1.4641383119548362e-05
1.928199951171875 1.1734215077012777e-05
1.929199951171875 1.2144279899075628e-05
1.930199951171875 7.421806803904474e-06
1.931199951171875 1.1891526131269831e-05
1.932199951171875 1.1340493413930138e-05
1.933199951171875 5.673834976175721e-06
1.934199951171875 4.689832952256741e-06
1.935199951171875 1.0319860302843154e-05
1.936199951171875 8.19044013042003e-06
1.937199951171875 9.999999939225291e-11
1.938199951171875 9.309858287451788e-06
1.939199951171875 2.4623659744745413e-06
1.940199951171875 6.236513169521155e-06
1.941199951171875 4.014540366673221e-06
1.942199951171875 9.512414690107108e-06
1.943199951171875 1.7838489724830709e-06
1.944199951171875 5.5219886511507586e-06
1.945199951171875 2.376280894544891e-07
1.946199951171875 1.487758670058644e-06
1.947199951171875 3.2826281949382975e-06
1.948199951171875 6.107470054376545e-07
1.949199951171875 4.847633924024801e-06
1.950199951171875 7.92702417432641e-06
1.951199951171875 2.938623762978783e-06
1.952199951171875 1.9940867059631273e-06
1.953199951171875 7.39115639589727e-06
1.954199951171875 3.7112589052412657e-06
1.955199951171875 3.791654965728715e-06
1.956199951171875 2.554685934580784e-06
1.957199951171875 9.999999939225291e-11
1.958199951171875 1.8616939727393124e-06
1.959199951171875 4.600112888863232e-06
1.960199951171875 8.830042788758875e-06
1.961199951171875 1.9134426448127093e-06
1.962199951171875 3.5034853014318893e-06
1.963199951171875 1.0255579979645545e-06
1.964199951171875 2.067857343816352e-06
1.965199951171875 6.986743440696349e-06
1.966199951171875 3.048086170262347e-06
1.967199951171875 4.183251585345715e-06
1.968199951171875 4.061676687949027e-06
1.969199951171875 6.979530638394257e-06
1.970199951171875 4.909955411373327e-06
1.971199951171875 1.6461894066270114e-06
1.972199951171875 3.7271553204239656e-06
1.973199951171875 9.999999939225291e-11
1.974199951171875 8.56295577250421e-06
1.975199951171875 9.999999939225291e-11
1.976199951171875 9.456627497759959e-06
1.977199951171875 5.778786726295948e-06
1.978199951171875 1.6970903474315216e-06
1.979199951171875 3.6161607904923913e-06
1.980199951171875 8.961829201628765e-06
1.981199951171875 9.584519818114737e-06
1.982199951171875 7.079043226513686e-07
1.983199951171875 8.218211393492917e-06
1.984199951171875 6.248856807360425e-06
1.985199951171875 5.709429154849843e-06
1.986199951171875 3.654136889963411e-06
1.987199951171875 4.3013410807664815e-06
1.988199951171875 3.089227693987932e-06
1.989199951171875 4.076877279051889e-06
1.990199951171875 3.985316977426952e-06
1.991199951171875 1.0498930156851809e-05
1.992199951171875 7.493103864059473e-06
1.993199951171875 4.6228447657388945e-06
1.994199951171875 9.999999939225291e-11
1.995199951171875 6.620351729604105e-06
1.996199951171875 3.8267232783025425e-06
1.997199951171875 1.1156379669537604e-06
1.998199951171875 6.955441591950754e-06
1.999199951171875 9.999999939225291e-11
2.000199951171875 1.564943701900153e-06
2.001199951171875 9.72578787089636e-06
2.002199951171875 3.886601538143352e-06
2.003199951171875 9.999999939225291e-11
2.004199951171875 1.19735785604765e-05
2.005199951171875 9.999999939225291e-11
2.006199951171875 5.4684943946388865e-06
2.007199951171875 9.214556193910539e-06
2.008199951171875 8.137946133501828e-06
2.009199951171875 4.3743912438494916e-06
2.010199951171875 8.17319475269566e-06
2.011199951171875 4.752611021103803e-06
2.012199951171875 2.908855676651001e-06
2.013199951171875 1.2574697223802407e-05
2.014199951171875 1.0802452837991676e-06
2.015199951171875 3.5396834330943723e-06
2.016199951171875 6.03599701560024e-07
2.017199951171875 5.976181671079791e-06
2.018199951171875 4.957484837833093e-06
2.019199951171875 5.6442262333196904e-06
2.020199951171875 5.7222874602302906e-06
2.021199951171875 3.105695320349729e-06
2.022199951171875 6.435113124704609e-06
2.023199951171875 4.36011359852273e-06
2.024199951171875 3.939154967508666e-06
2.025199951171875 4.405475337989629e-06
2.026199951171875 1.3058422676598031e-05
2.027199951171875 1.5774893297700506e-06
2.028199951171875 5.228727604844607e-06
2.029199951171875 4.961279870864624e-06
2.030199951171875 2.122621284543769e-06
2.031199951171875 4.3206980141500635e-06
2.032199951171875 9.999999939225291e-11
2.033199951171875 3.083443134528352e-06
2.034199951171875 9.167216000302384e-06
2.035199951171875 3.959559020332293e-06
2.036199951171875 9.999999939225291e-11
2.037199951171875 1.3826613236839573e-05
2.038199951171875 9.999999939225291e-11
2.039199951171875 6.639961648033932e-06
2.040199951171875 7.089845991382996e-06
2.041199951171875 3.0456357827042995e-06
2.042199951171875 8.013628151578208e-06
2.043199951171875 2.2295347150436127e-06
2.044199951171875 6.932636892464927e-07
2.045199951171875 9.608854112836221e-06
2.046199951171875 1.1814242267670732e-05
2.047199951171875 9.999999939225291e-11
2.048199951171875 1.9433419220149517e-06
2.049199951171875 6.572288402821868e-06
2.050199951171875 1.8398055881826045e-06
2.051199951171875 5.062129251503696e-06
2.052199951171875 2.598022750790463e-06
2.053199951171875 2.7785279087044758e-06
2.054199951171875 9.99002387591948e-06
2.055199951171875 2.653751929502235e-06
2.056199951171875 4.582869635972505e-06
2.057199951171875 4.452927348260379e-06
2.058199951171875 9.544495454368493e-06
2.059199951171875 1.1214190744794904e-05
2.060199951171875 9.927827244003613e-06
2.061199951171875 9.999999939225291e-11
2.062199951171875 8.822488986576597e-06
2.063199951171875 3.5027377210402238e-06
2.064199951171875 9.999999939225291e-11
2.065199951171875 1.2372460138673584e-05
2.066199951171875 9.999999939225291e-11
2.067199951171875 4.344265577905422e-06
2.068199951171875 9.999999939225291e-11
2.069199951171875 9.999999939225291e-11
2.070199951171875 1.8220129614328804e-06
2.071199951171875 7.4788075289689e-06
2.072199951171875 4.6144377241337985e-06
2.073199951171875 5.932840770886591e-06
2.074199951171875 7.674572892331828e-06
2.075199951171875 4.876472094463106e-06
2.076199951171875 1.211362366522195e-06
2.077199951171875 9.58780263317749e-06
2.078199951171875 2.620290731503161e-06
2.079199951171875 4.832923665768855e-06
2.080199951171875 5.07583934788336e-06
2.081199951171875 1.1696824997973937e-05
2.082199951171875 6.50010498551031e-06
2.083199951171875 9.999999939225291e-11
2.084199951171875 9.999999939225291e-11
2.085199951171875 7.752530897657077e-06
2.086199951171875 3.190148985341423e-06
2.087199951171875 7.027545128694967e-06
2.088199951171875 2.0442020320121655e-06
2.089199951171875 6.952220340936677e-06
2.090199951171875 1.657987634340922e-05
2.091199951171875 2.5931644483723203e-06
2.092199951171875 8.92772184063991e-06
2.093199951171875 1.4873651377644847e-06
2.094199951171875 3.0870553018758075e-06
2.095199951171875 5.125589668750763e-06
2.096199951171875 5.614091884732867e-06
2.097199951171875 1.1146796556810539e-05
2.098199951171875 1.100249665591709e-06
2.099199951171875 4.748042313925301e-06
2.100199951171875 5.200265402030743e-06
2.101199951171875 5.700351806202283e-06
2.102199951171875 5.359076965039123e-07
2.103199951171875 4.1132696787826716e-06
2.104199951171875 5.674913404085657e-07
2.105199951171875 1.1707506685828168e-05
2.106199951171875 6.092603332715404e-07
2.107199951171875 6.6142603949022794e-06
2.108199951171875 1.2948045041412115e-05
2.109199951171875 5.728942509334682e-07
2.110199951171875 2.2875499363254428e-06
2.111199951171875 9.999999939225291e-11
2.112199951171875 9.999999939225291e-11
2.113199951171875 4.224475472911493e-06
2.114199951171875 5.2990645538860315e-06
2.115199951171875 6.3663543160637685e-06
2.116199951171875 1.150961344440778e-05
2.117199951171875 2.3601797484425668e-06
2.118199951171875 3.537936761629131e-07
2.119199951171875 1.1092347752613325e-05
2.120199951171875 1.2004215723700658e-06
2.121199951171875 1.1885070901674528e-05
2.122199951171875 9.511195627662042e-06
2.123199951171875 9.999999939225291e-11
2.124199951171875 1.3420512065446627e-05
2.125199951171875 5.419721128419042e-06
2.126199951171875 1.736032349170339e-06
2.127199951171875 5.010163586121053e-06
2.128199951171875 1.5806529748563966e-05
2.129199951171875 7.4793730163946744e-06
2.130199951171875 2.441223981903088e-06
2.131199951171875 1.0198304274429877e-05
2.132199951171875 8.602516216112595e-07
2.133199951171875 3.3387404107276807e-06
2.134199951171875 1.4024149859324097e-05
2.135199951171875 7.3368269659113135e-06
2.136199951171875 6.321332960699996e-06
2.137199951171875 8.260335113542775e-06
2.138199951171875 9.280783900370201e-06
2.139199951171875 6.465730800349808e-06
2.140199951171875 6.176175472016135e-06
2.141199951171875 8.269787028488314e-06
2.142199951171875 5.810572959793111e-06
2.143199951171875 6.544065118202861e-06
2.144199951171875 9.80016173950086e-06
2.145199951171875 2.668590284375938e-06
2.146199951171875 3.09906185404607e-06
2.147199951171875 1.031657118195047e-05
2.148199951171875 6.549402799767753e-06
2.149199951171875 3.159077372147934e-06
2.150199951171875 7.950559956952929e-06
2.151199951171875 5.54871066318204e-06
2.152199951171875 8.712580893188715e-06
2.153199951171875 5.65064256079495e-06
2.154199951171875 5.1735889671059945e-06
2.155199951171875 3.838494749640968e-06
2.156199951171875 9.10947642599543e-06
2.157199951171875 4.674720034116102e-06
2.158199951171875 5.025726626373128e-06
2.159199951171875 1.2333396783409018e-05
2.160199951171875 1.4047883062933882e-05
2.161199951171875 9.999999939225291e-11
2.162199951171875 7.871495084449028e-06
2.163199951171875 9.999999939225291e-11
2.164199951171875 6.218207320974519e-06
2.165199951171875 9.999999939225291e-11
2.166199951171875 7.794483448124722e-06
2.167199951171875 2.934895467963846e-06
2.168199951171875 7.7950432508563e-06
2.169199951171875 1.2440905168962975e-05
2.170199951171875 4.6034003995979825e-06
2.171199951171875 1.0975923893662791e-05
2.172199951171875 1.5404409884164733e-05
2.173199951171875 5.08479546962981e-06
2.174199951171875 3.5773117364327574e-06
2.175199951171875 1.0636734950821847e-05
2.176199951171875 1.3100603440155585e-05
2.177199951171875 7.088700270590683e-06
2.178199951171875 6.318743689917028e-06
2.179199951171875 1.0787070301982264e-05
2.180199951171875 9.58752139316251e-06
2.181199951171875 1.2450119635711114e-05
2.182199951171875 8.912924483108023e-06
2.183199951171875 5.37765222058321e-06
2.184199951171875 6.084174334925288e-06
2.185199951171875 9.242893793270923e-06
2.186199951171875 6.487868425513928e-06
2.187199951171875 2.0508589996589185e-06
2.188199951171875 3.2231835696923854e-06
2.189199951171875 5.1543123939949235e-06
2.190199951171875 1.5734762807066243e-05
2.191199951171875 5.2608204808960815e-06
2.192199951171875 1.594580903959771e-05
2.193199951171875 7.097600609995425e-06
2.194199951171875 4.140743304385334e-08
2.195199951171875 1.0791759700090608e-06
2.196199951171875 8.024127552441011e-06
2.197199951171875 5.870072791719731e-06
2.198199951171875 4.92331302666571e-06
2.199199951171875 1.1382901090352486e-05
2.200199951171875 1.7746114166961036e-06
2.201199951171875 1.4873289813597996e-05
2.202199951171875 9.999999939225291e-11
2.203199951171875 6.826857085494945e-06
2.204199951171875 3.9122993473217345e-06
2.205199951171875 5.267645804754769e-06
2.206199951171875 9.999999939225291e-11
2.207199951171875 7.461614402067459e-06
2.208199951171875 6.212647532114109e-06
2.209199951171875 1.3154847547411919e-05
2.210199951171875 2.4452565992039155e-06
2.211199951171875 7.944642760170003e-06
2.212199951171875 1.8729636600861947e-05
2.213199951171875 5.054210778325796e-06
2.214199951171875 1.344172953395173e-05
2.215199951171875 1.5004570202788634e-06
2.216199951171875 1.663606381043792e-05
2.217199951171875 2.741702986993981e-06
2.218199951171875 2.158135777184119e-05
2.219199951171875 3.6499031503881933e-06
2.220199951171875 4.589363680122342e-06
2.221199951171875 9.999999939225291e-11
2.222199951171875 8.099909900920465e-06
2.223199951171875 5.357974208637373e-06
2.224199951171875 9.999999939225291e-11
2.225199951171875 9.473879239267902e-06
2.226199951171875 1.2209659471409396e-05
2.227199951171875 3.299338577914905e-06
2.228199951171875 9.999999939225291e-11
2.229199951171875 5.98674180193548e-06
2.230199951171875 1.4212295645847917e-05
2.231199951171875 6.557440268553094e-06
2.232199951171875 3.790549933402332e-06
2.233199951171875 2.9933579886953034e-05
2.234199951171875 9.999999939225291e-11
2.235199951171875 5.400786525315837e-06
2.236199951171875 1.584688686356491e-06
2.237199951171875 3.2299012525260905e-06
2.238199951171875 9.999999939225291e-11
2.239199951171875 1.7638042918406428e-05
2.240199951171875 5.8116064368126295e-06
2.241199951171875 2.1711423760280012e-05
2.242199951171875 1.1470275979566698e-05
2.243199951171875 9.999999939225291e-11
2.244199951171875 8.326505737435616e-06
2.245199951171875 1.2381155975162984e-05
2.246199951171875 1.0022009916659987e-05
2.247199951171875 3.0942213871713405e-06
2.248199951171875 5.071950688083267e-06
2.249199951171875 7.8307603932141e-06
2.250199951171875 4.046944483938238e-06
2.251199951171875 4.903279632696803e-06
2.252199951171875 4.054213020075655e-06
2.253199951171875 3.613043382199403e-06
2.254199951171875 9.999999939225291e-11
2.255199951171875 2.062922343611717e-05
2.256199951171875 1.7995042726397513e-05
2.257199951171875 2.4841600868737616e-06
2.258199951171875 7.122514944057912e-06
2.259199951171875 3.202690742909908e-05
2.260199951171875 3.89818676386137e-06
2.261199951171875 2.8598133164147535e-05
2.262199951171875 2.067114968413719e-06
2.263199951171875 2.5513289047503677e-06
2.264199951171875 1.4135911284635466e-05
2.265199951171875 1.1072918265805735e-05
2.266199951171875 2.7887586814661824e-05
2.267199951171875 3.1683686344573895e-05
2.268199951171875 9.999999939225291e-11
2.269199951171875 1.1645225798323128e-05
2.270199951171875 2.8704206924885512e-05
2.271199951171875 5.79035326531141e-08
2.272199951171875 9.999999939225291e-11
2.273199951171875 9.48745796146492e-06
2.274199951171875 1.2763279916775024e-05
2.275199951171875 2.665442608099274e-06
2.276199951171875 6.903356794888774e-06
2.277199951171875 8.910673553801373e-06
2.278199951171875 5.2825728292985965e-06
2.279199951171875 6.40018538468882e-06
2.280199951171875 9.451486946140028e-06
2.281199951171875 4.343104422635709e-06
2.282199951171875 8.090732250517854e-06
2.283199951171875 1.1863486336854596e-05
2.284199951171875 1.38496653138039e-05
2.285199951171875 9.999999939225291e-11
2.286199951171875 8.348762251747152e-06
2.287199951171875 7.321368563376988e-07
2.288199951171875 3.998350982377848e-06
2.289199951171875 1.0301030027524878e-05
2.290199951171875 6.599075665387014e-06
2.291199951171875 5.037089819476629e-06
2.292199951171875 6.534961673120658e-06
2.293199951171875 1.0237111321960885e-05
2.294199951171875 7.130027088703509e-06
2.295199951171875 5.903841799105672e-06
2.296199951171875 5.5100334187348685e-06
2.297199951171875 2.0137527220261593e-06
2.298199951171875 6.178122479214565e-06
2.299199951171875 4.762652436814581e-06
2.300199951171875 1.0034832909392814e-05
2.301199951171875 6.716860123331021e-07
2.302199951171875 8.665572386234998e-06
2.303199951171875 9.999999939225291e-11
2.304199951171875 5.963140283711255e-06
2.305199951171875 1.6837420790653348e-06
2.306199951171875 6.874957083103558e-06
2.307199951171875 2.0253997642042757e-06
2.308199951171875 4.772235818866951e-06
2.309199951171875 1.5356716270501872e-06
2.310199951171875 6.522339438864341e-06
2.311199951171875 9.999999939225291e-11
2.312199951171875 6.419097674855342e-06
2.313199951171875 2.3844526852675095e-06
2.314199951171875 3.273008391007082e-06
2.315199951171875 5.280749101075344e-06
2.316199951171875 4.465070630480146e-06
2.317199951171875 9.095059358514845e-06
2.318199951171875 4.625252719658116e-06
2.319199951171875 9.357000036362233e-07
2.320199951171875 4.020522037887868e-06
2.321199951171875 9.297337771082918e-06
2.322199951171875 1.7917632741119385e-06
2.323199951171875 6.762940805250158e-06
2.324199951171875 3.2413639416706273e-06
2.325199951171875 2.785483918209171e-06
2.326199951171875 5.402541622364273e-06
2.327199951171875 7.778829506908855e-06
2.328199951171875 2.536548706351856e-06
2.329199951171875 1.021236782738318e-05
2.330199951171875 5.49313195127373e-06
2.331199951171875 2.9523883373864616e-06
2.332199951171875 6.131559687977036e-06
2.333199951171875 5.400242274239039e-06
2.334199951171875 4.3970660287110755e-06
2.335199951171875 3.263947364757769e-06
2.336199951171875 1.0475343636547525e-05
2.337199951171875 3.890766577872758e-06
2.338199951171875 8.110903727356345e-06
2.339199951171875 6.746875781876346e-06
2.340199951171875 7.060637969213227e-06
2.341199951171875 7.03544404435282e-06
2.342199951171875 9.461597073823214e-06
2.343199951171875 2.233229276547751e-06
2.344199951171875 1.0920631854484479e-05
2.345199951171875 9.189204526289056e-06
2.346199951171875 1.3938482152298092e-05
2.347199951171875 8.947393313671152e-06
2.348199951171875 1.5884786451122088e-06
2.349199951171875 1.1851574333074193e-05
2.350199951171875 3.2611158867930827e-06
2.351199951171875 1.465743058361113e-05
2.352199951171875 1.1214166103551786e-05
2.353199951171875 6.5251507718736925e-06
2.354199951171875 1.1441756699544688e-05
2.355199951171875 9.09646701378127e-06
2.356199951171875 7.656913173074523e-06
2.357199951171875 6.3036280334927144e-06
2.358199951171875 1.0583068748625618e-05
2.359199951171875 1.256301688651244e-05
2.360199951171875 9.254734807958205e-06
2.361199951171875 1.3996766065247356e-05
2.362199951171875 7.859859227513274e-06
2.363199951171875 1.6118849938114484e-05
2.364199951171875 3.646088744414892e-06
2.365199951171875 8.815944408221791e-06
2.366199951171875 7.505140238208696e-06
2.367199951171875 1.3624328224863072e-06
2.368199951171875 9.20125050470233e-06
2.369199951171875 7.870028493925929e-06
2.370199951171875 5.616689062056442e-06
2.371199951171875 2.2972449854326744e-06
2.372199951171875 7.685191036822895e-06
2.373199951171875 1.4126963214948774e-05
2.374199951171875 1.1167357054849464e-05
2.375199951171875 8.406226794856289e-06
2.376199951171875 1.398662687279284e-05
2.377199951171875 7.2919876159479225e-06
2.378199951171875 8.1986477986599e-06
2.379199951171875 7.526007345101485e-06
2.380199951171875 1.2630475296949347e-05
2.381199951171875 6.011777246991793e-06
2.382199951171875 1.4013490096355478e-05
2.383199951171875 6.270265439525246e-06
2.384199951171875 1.3120253570377826e-05
2.385199951171875 1.0121125378645956e-05
2.386199951171875 1.4454496558755635e-05
2.387199951171875 1.958114308206286e-06
2.388199951171875 1.7747939564287664e-05
2.389199951171875 2.1992856246052146e-06
2.390199951171875 1.544683667210241e-05
2.391199951171875 1.4685909748853496e-06
2.392199951171875 8.922036504372955e-06
2.393199951171875 1.7579666649301844e-05
2.394199951171875 5.45334400764356e-06
2.395199951171875 1.3183918005476397e-05
2.396199951171875 2.2843056743907887e-06
2.397199951171875 8.903179162492355e-06
2.398199951171875 6.992423441261053e-06
2.399199951171875 6.3806762045715e-06
2.400199951171875 6.634472132039567e-06
2.401199951171875 9.271353444140947e-06
2.402199951171875 2.216065302491188e-05
2.403199951171875 1.2421413169552882e-05
2.404199951171875 3.0768029292212635e-06
2.405199951171875 1.9091862874726454e-05
2.406199951171875 9.999999939225291e-11
2.407199951171875 2.5090875569730998e-05
2.408199951171875 1.5263159681732456e-05
2.409199951171875 1.0035810798096161e-05
2.410199951171875 3.6841319134091792e-06
2.411199951171875 8.358791431722541e-06
2.412199951171875 1.122855072026141e-05
2.413199951171875 6.458824306416014e-06
2.414199951171875 4.998508405454534e-06
2.415199951171875 6.384397041729883e-06
2.416199951171875 1.2452650116756558e-05
2.417199951171875 1.6565813372532526e-05
2.418199951171875 8.60942411236465e-06
2.419199951171875 2.8374757379800996e-06
2.420199951171875 1.1897640263972182e-05
2.421199951171875 7.479518632559726e-06
2.422199951171875 1.0233640057055738e-06
2.423199951171875 1.2649280348947894e-05
2.424199951171875 2.9341192755734842e-06
2.425199951171875 6.393158264825042e-06
2.426199951171875 1.3335289744039376e-05
2.427199951171875 1.342133735306561e-05
2.428199951171875 9.398698651542266e-06
2.429199951171875 2.0635326315338413e-05
2.430199951171875 3.167648343757416e-06
2.431199951171875 2.2864460479468107e-05
2.432199951171875 9.999999939225291e-11
2.433199951171875 1.3074510109921296e-05
2.434199951171875 3.8945055564187925e-06
2.435199951171875 3.9272589102020325e-06
2.436199951171875 1.7127156800900894e-05
2.437199951171875 4.394420693995353e-06
2.438199951171875 2.245013602077961e-05
2.439199951171875 1.0273120618270088e-05
2.440199951171875 1.7655314683603746e-05
2.441199951171875 7.5860718883517344e-06
2.442199951171875 1.8959036484981576e-05
2.443199951171875 1.0573915011870365e-05
2.444199951171875 1.2426670191908093e-06
2.445199951171875 1.0500984072120782e-05
2.446199951171875 1.1931630200452403e-05
2.447199951171875 9.999999939225291e-11
2.448199951171875 7.664965775851703e-06
2.449199951171875 1.0612715462533136e-05
2.450199951171875 1.8250786621744436e-05
2.451199951171875 1.392419682815671e-05
2.452199951171875 1.477733652185028e-06
2.453199951171875 3.133041046870252e-05
2.454199951171875 8.930183115201847e-06
2.455199951171875 5.48589825216735e-06
2.456199951171875 3.645217666769322e-06
2.457199951171875 1.0654019434139055e-05
2.458199951171875 4.949756543659589e-07
2.459199951171875 1.35143130319193e-05
2.460199951171875 9.622724549747848e-06
2.461199951171875 8.158807783426405e-06
2.462199951171875 1.991612389247166e-05
2.463199951171875 1.930961283251875e-06
2.464199951171875 1.2255300340863566e-05
2.465199951171875 9.999999939225291e-11
2.466199951171875 5.8080670809316595e-06
2.467199951171875 6.865717742027636e-06
2.468199951171875 1.1934393546120248e-06
2.469199951171875 8.90145346031268e-06
2.470199951171875 2.0480436311724282e-05
2.471199951171875 1.3421872669520479e-05
2.472199951171875 1.099432372332861e-05
2.473199951171875 1.450897097432365e-05
2.474199951171875 3.758690397311544e-06
2.475199951171875 1.0100791599446286e-05
2.476199951171875 9.049773846830553e-06
2.477199951171875 1.6220766890680713e-06
2.478199951171875 2.1967217132138707e-05
2.479199951171875 1.4967103061633107e-05
2.480199951171875 1.0728205810058474e-05
2.481199951171875 2.837916879568543e-07
2.482199951171875 2.9794160121430956e-05
2.483199951171875 1.3985129771754146e-05
2.484199951171875 7.046489743007811e-06
2.485199951171875 2.5155233840147653e-05
2.486199951171875 1.893606347342332e-05
2.487199951171875 1.7915787417829657e-05
2.488199951171875 3.2301100436598065e-05
2.489199951171875 9.999999939225291e-11
2.490199951171875 1.2793416739187436e-05
2.491199951171875 1.0660406279180042e-05
2.492199951171875 1.4556036679751471e-05
2.493199951171875 3.295439062640071e-05
2.494199951171875 2.325330967372826e-06
2.495199951171875 2.28654434128354e-05
2.496199951171875 7.6200832067000824e-06
2.497199951171875 1.4199786780458486e-05
2.498199951171875 7.563097324589189e-06
2.499199951171875 2.70802038331149e-05
2.500199951171875 2.5801466351064542e-05
2.501199951171875 1.5756433131173254e-05
2.502199951171875 1.4032026908049982e-05
2.503199951171875 3.0125807970762253e-05
2.504199951171875 3.382603482145659e-06
2.505199951171875 3.962371964007616e-05
2.506199951171875 1.1256966933664476e-05
2.507199951171875 1.9343683185676733e-05
2.508199951171875 3.7894483345250285e-05
2.509199951171875 7.528632374536789e-06
2.510199951171875 1.821612037019804e-05
2.511199951171875 2.6118941605091095e-05
2.512199951171875 2.9540893156081438e-05
2.513199951171875 4.065153965105613e-05
2.514199951171875 1.8696260131771207e-07
2.515199951171875 4.7578209390242894e-05
2.516199951171875 3.1957712490111586e-05
2.517199951171875 4.1609855834394694e-05
2.518199951171875 3.8508619957913956e-05
2.519199951171875 3.6326260305941106e-05
2.520199951171875 3.1919799900303286e-05
2.521199951171875 5.8280878389875096e-05
2.522199951171875 3.0453787185251714e-05
2.523199951171875 2.935626000786821e-05
2.524199951171875 6.237282417714596e-05
2.525199951171875 5.907769935826461e-05
2.526199951171875 4.3626845969508094e-05
2.527199951171875 4.021114980181058e-05
2.528199951171875 4.4941546317810816e-05
2.529199951171875 1.954238935503542e-05
2.530199951171875 4.35971204812328e-05
2.531199951171875 7.593247573822737e-05
2.532199951171875 3.4830576429764425e-05
2.533199951171875 2.4512792782237134e-05
2.534199951171875 7.228828500956297e-05
2.535199951171875 5.914890673011541e-05
2.536199951171875 5.767632508650422e-05
2.537199951171875 3.27911328834792e-05
2.538199951171875 3.8426912700136505e-05
2.539199951171875 7.567485173543294e-05
2.540199951171875 5.06104901432991e-05
2.541199951171875 8.48346451918284e-05
2.542199951171875 8.244673566271863e-05
2.543199951171875 5.31901977956295e-05
2.544199951171875 0.00010571248208483061
2.545199951171875 6.58811628818512e-05
2.546199951171875 9.688054832319418e-05
2.547199951171875 9.633648209273815e-05
2.548199951171875 0.00010359462971488634
2.549199951171875 0.00010421010044713816
2.550199951171875 7.654138840734959e-05
2.551199951171875 0.00011474036301175752
2.552199951171875 6.518813160558541e-05
2.553199951171875 6.379899413635333e-05
2.554199951171875 6.454081740230322e-05
2.555199951171875 0.00011812423976759115
2.556199951171875 9.241099624584118e-05
2.557199951171875 0.00018163809552788736
2.558199951171875 7.532535896946986e-05
2.559199951171875 0.00010645888590564331
2.560199951171875 0.00011737841491897902
2.561199951171875 9.181198043127855e-05
2.562199951171875 0.00016234223420421283
2.563199951171875 0.00011568857046465079
2.564199951171875 0.00019693493222196895
2.565199951171875 0.00012985037484516702
2.566199951171875 0.00015222876643141111
2.567199951171875 0.00011457580141723156
2.568199951171875 0.0002269772005577882
2.569199951171875 0.00019329309463500977
2.570199951171875 0.00016546223312616348
2.571199951171875 0.00020486996819575625
2.572199951171875 0.00014837623573839663
2.573199951171875 0.00027858544141054156
2.574199951171875 0.0001939246989786625
2.575199951171875 0.00018253476979831855
2.576199951171875 0.0002606805972754955
2.577199951171875 0.00019072336455186207
2.578199951171875 0.00019052773714065552
2.579199951171875 0.00026520625998576483
2.580199951171875 0.00022566500430305797
2.581199951171875 0.00035634784027934076
2.582199951171875 0.0003013647658129533
2.583199951171875 0.0003141386744876703
2.584199951171875 0.00017670776074131327
2.585199951171875 0.0003995984296003977
2.586199951171875 0.00024657009790341063
2.587199951171875 0.00031255366280674935
2.588199951171875 0.00025482066596547765
2.589199951171875 0.00030592650175094606
2.590199951171875 0.0003254411369562149
2.591199951171875 0.00039890293031930924
2.592199951171875 0.0003960354129473368
2.593199951171875 0.0003904647380113602
2.594199951171875 0.00031489686419566474
2.595199951171875 0.0004055572673678398
2.596199951171875 0.0004190779974063238
