microns transmission
0.3968999938964844 1.3302053386787804e-07
0.3978999938964844 9.999999939225291e-11
0.3988999938964844 9.999999939225291e-11
0.3998999938964844 5.953959841894137e-08
0.4008999938964844 9.999999939225291e-11
0.4018999938964844 5.535021990669501e-08
0.4028999938964844 1.70913206372821e-08
0.4038999938964844 9.999999939225291e-11
0.4048999938964844 2.6596390550063613e-07
0.4058999938964844 3.604049874539328e-08
0.4068999938964844 1.953801468819923e-07
0.40789999389648435 1.9105699417802197e-07
0.40889999389648435 6.172876090874505e-08
0.40989999389648435 2.4018713399224606e-07
0.41089999389648435 1.5593950593029148e-07
0.41189999389648435 8.197439531916947e-08
0.41289999389648435 1.9171393129605957e-07
0.41389999389648435 3.4876233864148766e-07
0.41489999389648435 1.1141495214121259e-07
0.41589999389648435 4.458009920327299e-08
0.41689999389648436 3.1807402137928877e-07
0.41789999389648436 1.9303116255050178e-08
0.41889999389648436 6.63812681711562e-08
0.41989999389648436 1.1939149807164522e-07
0.42089999389648436 9.813602067273072e-08
0.42189999389648436 5.600120438190951e-08
0.42289999389648436 9.97388026983496e-10
0.42389999389648436 1.502531271283895e-07
0.42489999389648436 2.876357363372032e-07
0.42589999389648436 1.2700249837571676e-07
0.42689999389648436 4.057402717686879e-07
0.42789999389648437 6.299503557608925e-08
0.42889999389648437 1.632832303470148e-07
0.42989999389648437 2.634059940949858e-07
0.43089999389648437 2.515463908518238e-07
0.43189999389648437 1.745295392060105e-08
0.43289999389648437 1.4214867137892404e-07
0.43389999389648437 1.3812376927250605e-07
0.43489999389648437 1.3611397091217724e-07
0.4358999938964844 8.071376615959025e-09
0.4368999938964844 7.86119691002322e-08
0.4378999938964844 1.3908060014185727e-07
0.4388999938964844 4.3571022058467674e-08
0.4398999938964844 9.02383309113001e-08
0.4408999938964844 1.9661730220832397e-07
0.4418999938964844 4.385456799482768e-08
0.4428999938964844 5.206093262562679e-08
0.4438999938964844 3.1309634020241597e-07
0.4448999938964844 1.3576604068236502e-07
0.4458999938964844 1.2099225573732516e-07
0.4468999938964844 1.0946712861799787e-07
0.4478999938964844 9.410078990098233e-08
0.4488999938964844 6.691563076680988e-08
0.4498999938964844 6.646743177777618e-08
0.4508999938964844 9.999999939225291e-11
0.4518999938964844 9.999999939225291e-11
0.4528999938964844 5.901913366024303e-08
0.4538999938964844 2.384060351208935e-08
0.4548999938964844 9.999999939225291e-11
0.4558999938964844 2.084255356749054e-07
0.4568999938964844 2.414165990079672e-08
0.4578999938964844 1.2412804340241242e-07
0.4588999938964844 2.103295022000869e-07
0.4598999938964844 9.999999939225291e-11
0.4608999938964844 3.32262462580483e-08
0.4618999938964844 4.3418764713957593e-07
0.4628999938964844 1.988522342077914e-07
0.4638999938964844 9.999999939225291e-11
0.4648999938964844 9.999999939225291e-11
0.4658999938964844 1.2673200039022465e-08
0.4668999938964844 1.525559653122362e-08
0.4678999938964844 9.999999939225291e-11
0.4688999938964844 9.999999939225291e-11
0.4698999938964844 9.999999939225291e-11
0.47089999389648435 1.036883505130722e-07
0.47189999389648435 1.4994753450755144e-08
0.47289999389648435 2.3896946708864183e-08
0.47389999389648435 9.999999939225291e-11
0.47489999389648435 1.4777740489080316e-07
0.47589999389648435 9.999999939225291e-11
0.47689999389648435 9.999999939225291e-11
0.47789999389648435 8.82764352846029e-08
0.47889999389648436 9.999999939225291e-11
0.47989999389648436 9.999999939225291e-11
0.48089999389648436 4.9532367582353724e-08
0.48189999389648436 9.999999939225291e-11
0.48289999389648436 4.086483456807362e-08
0.48389999389648436 3.224387980912032e-08
0.48489999389648436 9.999999939225291e-11
0.48589999389648436 9.999999939225291e-11
0.48689999389648436 7.60009010392082e-09
0.48789999389648436 9.999999939225291e-11
0.48889999389648436 4.124333291481245e-08
0.48989999389648436 9.999999939225291e-11
0.49089999389648437 9.999999939225291e-11
0.49189999389648437 9.999999939225291e-11
0.49289999389648437 9.999999939225291e-11
0.49389999389648437 9.999999939225291e-11
0.49489999389648437 9.999999939225291e-11
0.49589999389648437 9.999999939225291e-11
0.49689999389648437 9.999999939225291e-11
0.49789999389648437 9.999999939225291e-11
0.4988999938964844 9.999999939225291e-11
0.4998999938964844 9.999999939225291e-11
0.5008999938964844 9.999999939225291e-11
0.5018999938964843 9.999999939225291e-11
0.5028999938964843 9.999999939225291e-11
0.5038999938964843 9.999999939225291e-11
0.5048999938964843 9.999999939225291e-11
0.5058999938964843 9.999999939225291e-11
0.5068999938964843 2.5745261253244204e-08
0.5078999938964843 2.9819215440577785e-08
0.5088999938964843 9.999999939225291e-11
0.5098999938964843 9.999999939225291e-11
0.5108999938964843 6.734990112278183e-09
0.5118999938964843 1.5012006565247778e-08
0.5129000244140625 9.999999939225291e-11
0.5139000244140625 2.3700480695036198e-08
0.5149000244140625 9.999999939225291e-11
0.5159000244140625 9.999999939225291e-11
0.5169000244140625 9.999999939225291e-11
0.5179000244140625 9.999999939225291e-11
0.5189000244140625 9.999999939225291e-11
0.5199000244140625 3.260344247616823e-08
0.5209000244140625 9.999999939225291e-11
0.5219000244140625 9.999999939225291e-11
0.5229000244140625 9.999999939225291e-11
0.5239000244140625 9.999999939225291e-11
0.5249000244140625 9.999999939225291e-11
0.5259000244140625 9.999999939225291e-11
0.5269000244140625 1.6321603144575648e-08
0.5279000244140625 9.999999939225291e-11
0.5289000244140625 9.999999939225291e-11
0.5299000244140625 9.999999939225291e-11
0.5309000244140625 9.366690159495761e-08
0.5319000244140625 9.999999939225291e-11
0.5329000244140625 9.999999939225291e-11
0.5339000244140625 9.999999939225291e-11
0.5349000244140625 9.999999939225291e-11
0.5359000244140625 1.317498946088828e-08
0.5369000244140625 9.999999939225291e-11
0.5379000244140625 9.999999939225291e-11
0.5389000244140625 9.999999939225291e-11
0.5399000244140625 9.999999939225291e-11
0.5409000244140625 9.999999939225291e-11
0.5419000244140625 9.999999939225291e-11
0.5429000244140625 9.999999939225291e-11
0.5439000244140625 9.999999939225291e-11
0.5449000244140625 9.999999939225291e-11
0.5459000244140625 9.999999939225291e-11
0.5469000244140625 9.999999939225291e-11
0.5479000244140625 9.999999939225291e-11
0.5489000244140625 9.999999939225291e-11
0.5499000244140625 9.999999939225291e-11
0.5509000244140625 2.4000153135972368e-08
0.5519000244140625 9.999999939225291e-11
0.5529000244140625 9.999999939225291e-11
0.5539000244140625 9.999999939225291e-11
0.5549000244140625 9.999999939225291e-11
0.5559000244140625 9.999999939225291e-11
0.5569000244140625 9.999999939225291e-11
0.5579000244140625 9.999999939225291e-11
0.5589000244140625 9.999999939225291e-11
0.5599000244140625 9.999999939225291e-11
0.5609000244140625 9.999999939225291e-11
0.5619000244140625 9.999999939225291e-11
0.5629000244140625 9.999999939225291e-11
0.5639000244140625 9.999999939225291e-11
0.5649000244140625 9.999999939225291e-11
0.5659000244140625 9.999999939225291e-11
0.5669000244140625 1.035265638845336e-07
0.5679000244140625 8.92754006424449e-09
0.5689000244140625 9.999999939225291e-11
0.5699000244140625 2.0036549456629395e-08
0.5709000244140625 9.999999939225291e-11
0.5719000244140625 1.9812439351341028e-08
0.5729000244140625 4.4539599404203045e-08
0.5739000244140625 9.999999939225291e-11
0.5749000244140625 1.425557289991275e-09
0.5759000244140625 9.999999939225291e-11
0.5769000244140625 9.999999939225291e-11
0.5779000244140625 1.1241969885370888e-08
0.5789000244140625 9.999999939225291e-11
0.5799000244140625 9.999999939225291e-11
0.5809000244140625 9.999999939225291e-11
0.5819000244140625 9.999999939225291e-11
0.5829000244140625 9.999999939225291e-11
0.5839000244140625 9.999999939225291e-11
0.5849000244140625 9.999999939225291e-11
0.5859000244140625 9.999999939225291e-11
0.5869000244140625 9.999999939225291e-11
0.5879000244140625 9.999999939225291e-11
0.5889000244140625 9.999999939225291e-11
0.5899000244140625 9.999999939225291e-11
0.5909000244140625 9.999999939225291e-11
0.5919000244140625 9.999999939225291e-11
0.5929000244140625 2.025737325439536e-08
0.5939000244140625 9.999999939225291e-11
0.5949000244140625 9.999999939225291e-11
0.5959000244140625 1.2901443469104379e-10
0.5969000244140625 4.088393795361374e-08
0.5979000244140625 3.860620148898874e-08
0.5989000244140625 9.999999939225291e-11
0.5999000244140625 9.999999939225291e-11
0.6009000244140625 9.999999939225291e-11
0.6019000244140625 9.999999939225291e-11
0.6029000244140625 9.999999939225291e-11
0.6039000244140625 9.999999939225291e-11
0.6049000244140625 2.038226051936931e-08
0.6059000244140625 9.999999939225291e-11
0.6069000244140625 9.999999939225291e-11
0.6079000244140625 4.750567500562871e-08
0.6089000244140625 9.999999939225291e-11
0.6099000244140625 9.999999939225291e-11
0.6109000244140625 9.999999939225291e-11
0.6119000244140625 9.999999939225291e-11
0.6129000244140625 9.999999939225291e-11
0.6139000244140626 2.6198289306833543e-08
0.6149000244140626 9.999999939225291e-11
0.6159000244140626 9.999999939225291e-11
0.6169000244140626 9.999999939225291e-11
0.6179000244140626 9.999999939225291e-11
0.6189000244140626 8.552190084998301e-09
0.6199000244140624 5.405393261881386e-08
0.6209000244140624 9.999999939225291e-11
0.6219000244140624 9.999999939225291e-11
0.6229000244140624 9.999999939225291e-11
0.6239000244140624 9.999999939225291e-11
0.6249000244140624 9.999999939225291e-11
0.6259000244140625 9.999999939225291e-11
0.6269000244140625 9.999999939225291e-11
0.6279000244140625 9.414673005636588e-09
0.6289000244140625 1.8997280371024773e-09
0.6299000244140625 1.7754203855228448e-09
0.6309000244140625 1.8576796817863322e-08
0.6319000244140625 9.999999939225291e-11
0.6329000244140625 8.403403358355396e-08
0.6339000244140625 9.999999939225291e-11
0.6349000244140625 9.999999939225291e-11
0.6359000244140625 9.999999939225291e-11
0.6369000244140625 7.481623540546896e-08
0.6379000244140625 9.999999939225291e-11
0.6389000244140625 1.6535019919198628e-07
0.6399000244140625 8.021613585521928e-08
0.6409000244140625 9.999999939225291e-11
0.6419000244140625 4.339315293755419e-08
0.6429000244140625 9.999999939225291e-11
0.6439000244140625 9.999999939225291e-11
0.6449000244140625 1.9768326334694092e-07
0.6459000244140625 1.2969784352575193e-07
0.6469000244140625 4.3159232010481216e-08
0.6479000244140625 9.999999939225291e-11
0.6489000244140625 2.2328800696413965e-07
0.6499000244140625 9.44403358893453e-08
0.6509000244140625 6.05652355941307e-08
0.6519000244140625 3.478719988810516e-08
0.6529000244140625 3.460496746635992e-08
0.6539000244140625 5.002796640359482e-08
0.6549000244140625 1.3609263416647365e-07
0.6559000244140625 1.3271565421746345e-07
0.6569000244140625 7.418823537719277e-08
0.6579000244140625 9.999999939225291e-11
0.6589000244140625 1.8850316738650008e-08
0.6599000244140625 8.59687986309865e-08
0.6609000244140625 3.250468277353017e-07
0.6619000244140625 8.547083244418255e-08
0.6629000244140625 9.999999939225291e-11
0.6639000244140625 1.222307325103126e-07
0.6649000244140625 1.32312464605396e-07
0.6659000244140625 1.0994674423336903e-07
0.6669000244140625 2.8750939842817997e-07
0.6679000244140625 5.98571471943643e-08
0.6689000244140625 2.8367233123087014e-07
0.6699000244140625 2.4579010133862765e-08
0.6709000244140625 9.999999939225291e-11
0.6719000244140625 9.999999939225291e-11
0.6729000244140625 4.542970064728517e-08
0.6739000244140625 9.171938169553565e-08
0.6749000244140625 1.7903036981200178e-07
0.6759000244140625 9.999999939225291e-11
0.6769000244140625 5.988334765246369e-08
0.6779000244140625 9.74113640417329e-08
0.6789000244140625 6.693336770761485e-09
0.6799000244140625 3.2941492561870215e-08
0.6809000244140625 1.1674949175422e-07
0.6819000244140625 9.999999939225291e-11
0.6829000244140625 9.999999939225291e-11
0.6839000244140625 6.467913203541306e-09
0.6849000244140625 1.4465145416882782e-07
0.6859000244140625 9.999999939225291e-11
0.6869000244140625 9.999999939225291e-11
0.6879000244140625 9.999999939225291e-11
0.6889000244140625 8.315633544716168e-09
0.6899000244140625 9.999999939225291e-11
0.6909000244140625 1.1195156765767914e-07
0.6919000244140625 8.915249999278766e-08
0.6929000244140625 1.3692566158537053e-07
0.6939000244140625 2.209325645896598e-07
0.6949000244140625 9.999999939225291e-11
0.6959000244140625 9.678548394731479e-08
0.6969000244140625 2.7314048664332326e-08
0.6979000244140625 1.043098355276347e-07
0.6989000244140625 9.999999939225291e-11
0.6999000244140625 7.596516636176887e-08
0.7009000244140625 4.298885904733633e-08
0.7019000244140625 3.4497336400818316e-08
0.7029000244140625 1.735283371218088e-08
0.7039000244140625 9.999999939225291e-11
0.7049000244140625 1.9924124292932295e-07
0.7059000244140625 8.129923063648902e-09
0.7069000244140625 2.910887057320603e-07
0.7079000244140625 9.999999939225291e-11
0.7089000244140625 8.621286491816704e-08
0.7099000244140625 4.5191506122440234e-08
0.7109000244140625 9.999999939225291e-11
0.7119000244140625 6.924053569316394e-08
0.7129000244140625 9.999999939225291e-11
0.7139000244140625 1.164001972823551e-07
0.7149000244140625 9.999999939225291e-11
0.7159000244140625 9.999999939225291e-11
0.7169000244140625 1.393150011796962e-07
0.7179000244140625 1.062225210753572e-07
0.7189000244140625 8.032353229954955e-09
0.7199000244140625 2.683130403487629e-08
0.7209000244140625 9.999999939225291e-11
0.7219000244140625 9.999999939225291e-11
0.7229000244140625 1.0895086332377939e-08
0.7239000244140625 8.391496556884684e-08
0.7249000244140625 1.6724639863241463e-07
0.7259000244140625 9.999999939225291e-11
0.7269000244140625 9.999999939225291e-11
0.7279000244140625 9.999999939225291e-11
0.7289000244140625 2.2046203109008882e-07
0.7299000244140625 3.163037712639038e-08
0.7309000244140625 3.4394996570578463e-07
0.7319000244140625 4.5428962088441453e-08
0.7329000244140625 2.101698980065218e-07
0.7339000244140625 5.5028268229525184e-08
0.7349000244140625 1.3421921266854041e-07
0.7359000244140625 6.536155711186116e-08
0.7369000244140625 1.8122447871249393e-08
0.7379000244140625 9.999999939225291e-11
0.7389000244140626 6.237729656947504e-08
0.7399000244140626 3.097453312269257e-07
0.7409000244140626 9.999999939225291e-11
0.7419000244140626 2.8637280289937433e-07
0.7429000244140626 9.822812024810427e-08
0.7439000244140626 9.999999939225291e-11
0.7449000244140624 1.0349818653961526e-07
0.7459000244140624 7.192783146277766e-08
0.7469000244140624 2.065490332103792e-07
0.7479000244140624 9.999999939225291e-11
0.7489000244140624 6.586491847038189e-08
0.7499000244140624 9.536779124334296e-08
0.7509000244140625 2.6640782683292245e-07
0.7519000244140625 1.617152281330192e-07
0.7529000244140625 9.999999939225291e-11
0.7539000244140625 9.999999939225291e-11
0.7549000244140625 2.1998100237397013e-07
0.7559000244140625 1.5690123594443622e-07
0.7569000244140625 1.7131883431590706e-07
0.7579000244140625 1.1224227516019406e-07
0.7589000244140625 8.355213210483234e-08
0.7599000244140625 1.241287808510331e-07
0.7609000244140625 9.999999939225291e-11
0.7619000244140625 5.168616645789825e-10
0.7629000244140625 1.9605280310012556e-07
0.7639000244140625 1.0336866347770979e-07
0.7649000244140625 6.618286907548546e-08
0.7659000244140625 1.401201343960897e-07
0.7669000244140625 1.4504329591306467e-07
0.7679000244140625 4.654419848648672e-08
0.7689000244140625 1.0303259912210669e-07
0.7699000244140625 9.999999939225291e-11
0.7709000244140625 9.999999939225291e-11
0.7719000244140625 9.999999939225291e-11
0.7729000244140625 9.21047353052984e-08
0.7739000244140625 9.999999939225291e-11
0.7749000244140625 9.999999939225291e-11
0.7759000244140625 9.999999939225291e-11
0.7769000244140625 1.024338446805236e-07
0.7779000244140625 7.308966885351726e-08
0.7789000244140625 9.999999939225291e-11
0.7799000244140625 2.2779767315720772e-07
0.7809000244140625 2.819660413303874e-08
0.7819000244140625 2.9693159474912058e-08
0.7829000244140625 9.999999939225291e-11
0.7839000244140625 2.2602003506714634e-07
0.7849000244140625 1.1199347414188784e-07
0.7859000244140625 9.999999939225291e-11
0.7869000244140625 1.1619206583546315e-07
0.7879000244140625 1.752157989750221e-07
0.7889000244140625 6.536850145621998e-08
0.7899000244140625 1.093880014716812e-09
0.7909000244140625 1.153366314987636e-07
0.7919000244140625 4.288845472425843e-07
0.7929000244140625 9.999999939225291e-11
0.7939000244140625 2.1065659385755e-08
0.7949000244140625 9.999999939225291e-11
0.7959000244140625 4.0416899332503433e-08
0.7969000244140625 1.7404235252291825e-07
0.7979000244140625 2.8820818204890237e-07
0.7989000244140625 1.0000000000000002e-10
0.7999000244140625 1.822789276683924e-07
0.8009000244140625 6.430930142768852e-08
0.8019000244140625 1.0778183345039378e-07
0.8029000244140625 1.2952349568658247e-07
0.8039000244140625 1.229915347818513e-07
0.8049000244140625 1.2208177863945316e-07
0.8059000244140625 8.340776308577623e-09
0.8069000244140625 6.153410751328312e-08
0.8079000244140625 2.2139758637955422e-09
0.8089000244140625 2.044059196834485e-08
0.8099000244140625 2.14498252809693e-07
0.8109000244140625 3.982994557730199e-08
0.8119000244140625 1.8400662089457043e-07
0.8129000244140625 2.9409151458487464e-08
0.8139000244140625 2.0311974002119162e-07
0.8149000244140625 1.0000000000000002e-10
0.8159000244140625 1.2546887818759665e-07
0.8169000244140625 1.1703506023737484e-07
0.8179000244140625 2.3320136813863567e-07
0.8189000244140625 5.968622860720881e-09
0.8199000244140625 1.1845907688626931e-07
0.8209000244140625 7.060779253027539e-08
0.8219000244140625 4.643911610095745e-08
0.8229000244140625 2.6531910278555705e-08
0.8239000244140625 1.0000000000000002e-10
0.8249000244140625 1.7078754941491485e-08
0.8259000244140625 1.811194488735017e-07
0.8269000244140625 1.0000000000000002e-10
0.8279000244140625 3.5528991982804505e-09
0.8289000244140625 9.07430271381638e-08
0.8299000244140625 1.4444159882837595e-07
0.8309000244140625 2.6757433700117758e-08
0.8319000244140625 1.0000000000000002e-10
0.8329000244140625 3.839412327693877e-08
0.8339000244140625 1.3049973987607876e-07
0.8349000244140625 9.614154788111817e-08
0.8359000244140625 1.7882217752573457e-07
0.8369000244140625 2.387922826257484e-07
0.8379000244140625 1.666047261234207e-07
0.8389000244140625 1.6622850882481214e-07
0.8399000244140625 2.2905766012990846e-07
0.8409000244140625 1.560531685013655e-07
0.8419000244140625 9.650800788004334e-08
0.8429000244140625 3.19501726272356e-07
0.8439000244140625 2.86251656790526e-07
0.8449000244140625 5.321664802212138e-07
0.8459000244140625 6.401574616861679e-07
0.8469000244140625 6.784341224081941e-07
0.8479000244140625 8.645763291393839e-07
0.8489000244140625 7.403794978122817e-07
0.8499000244140625 7.748997307657476e-07
0.8509000244140625 3.9068087074650123e-07
0.8519000244140625 2.0926626111709887e-07
0.8529000244140625 2.0991658717937563e-07
0.8539000244140625 1.2807596919003456e-08
0.8549000244140625 8.045452590297394e-08
0.8559000244140625 9.279712942190064e-08
0.8569000244140625 4.69540759381869e-08
0.8579000244140625 1.0000000000000002e-10
0.8589000244140625 2.724270841082027e-07
0.8599000244140625 4.318136284871689e-08
0.8609000244140625 1.0000000000000002e-10
0.8619000244140625 6.711512045882209e-08
0.8629000244140625 6.408832306739962e-08
0.8639000244140626 2.459334725419456e-09
0.8649000244140626 9.781835183174534e-09
0.8659000244140626 1.0000000000000002e-10
0.8669000244140626 1.0000000000000002e-10
0.8679000244140626 1.0000000000000002e-10
0.8689000244140626 1.0000000000000002e-10
0.8699000244140624 1.5465737406581386e-07
0.8709000244140624 1.0000000000000002e-10
0.8719000244140624 1.8293333923923882e-08
0.8729000244140624 5.739473195735981e-09
0.8739000244140624 9.862880541229085e-08
0.8749000244140624 1.0000000000000002e-10
0.8759000244140625 8.50385749883164e-08
0.8769000244140625 5.946304829838447e-07
0.8779000244140625 1.0000000000000002e-10
0.8789000244140625 1.399496365698459e-07
0.8799000244140625 1.0000000000000002e-10
0.8809000244140625 1.0000000000000002e-10
0.8819000244140625 7.376677448879162e-07
0.8829000244140625 4.910792896943239e-07
0.8839000244140625 1.0000000000000002e-10
0.8849000244140625 4.3466578924001196e-08
0.8859000244140625 8.209571109919708e-08
0.8869000244140625 7.710382104898899e-07
0.8879000244140625 1.657621163848687e-06
0.8889000244140625 1.0000000000000002e-10
0.8899000244140625 1.923226511175535e-06
0.8909000244140625 1.0000000000000002e-10
0.8919000244140625 3.000059968759444e-07
0.8929000244140625 1.0000000000000002e-10
0.8939000244140625 2.0766794293570034e-06
0.8949000244140625 1.3480867091892714e-06
0.8959000244140625 9.951576892453807e-07
0.8969000244140625 3.571465275993099e-07
0.8979000244140625 8.414149109428602e-08
0.8989000244140625 2.3182154184731194e-07
0.8999000244140625 1.0000000000000002e-10
0.9009000244140625 1.0000000000000002e-10
0.9019000244140625 4.827682585408139e-07
0.9029000244140625 1.0000000000000002e-10
0.9039000244140625 1.8974698200053697e-07
0.9049000244140625 9.268430698608563e-07
0.9059000244140625 1.4593093901043177e-06
0.9069000244140625 2.561300987844966e-07
0.9079000244140625 1.158892213804386e-06
0.9089000244140625 1.0000000000000002e-10
0.9099000244140625 4.528166766746286e-07
0.9109000244140625 1.0000000000000002e-10
0.9119000244140625 1.0000000000000002e-10
0.9129000244140625 1.1283503839009311e-06
0.9139000244140625 6.130980643622802e-07
0.9149000244140625 4.3827770818826025e-07
0.9159000244140625 1.0000000000000002e-10
0.9169000244140625 1.0000000000000002e-10
0.9179000244140625 8.452585160247912e-07
0.9189000244140625 1.2370430538262442e-07
0.9199000244140625 1.0000000000000002e-10
0.9209000244140625 1.0000000000000002e-10
0.9219000244140625 6.522771185102797e-07
0.9229000244140625 9.561078787809545e-07
0.9239000244140625 1.0000000000000002e-10
0.9249000244140625 9.1817392884609e-07
0.9259000244140625 1.0000000000000002e-10
0.9269000244140625 9.62967397998732e-08
0.9279000244140625 7.476728077535688e-07
0.9289000244140625 1.0000000000000002e-10
0.9299000244140625 1.0000000000000002e-10
0.9309000244140625 3.0792929239015143e-07
0.9319000244140625 2.2033180028725043e-07
0.9329000244140625 1.0291345368826697e-06
0.9339000244140625 2.7387353534446e-07
0.9349000244140625 3.8167452343658094e-08
0.9359000244140625 1.0153307352838596e-06
0.9369000244140625 4.683935489196012e-07
0.9379000244140625 1.5273246147036626e-06
0.9389000244140625 2.186583295653762e-06
0.9399000244140625 3.586389538315258e-06
0.9409000244140625 3.301393272832291e-06
0.9419000244140625 4.062762096007435e-06
0.9429000244140625 5.494712009716659e-06
0.9439000244140625 3.552657347782228e-06
0.9449000244140625 3.855955826332468e-06
0.9459000244140625 2.4084689236091932e-06
0.9469000244140625 2.0445350444531073e-06
0.9479000244140625 1.770127038776117e-06
0.9489000244140625 7.983565339198982e-07
0.9499000244140625 1.8961078053189125e-06
0.9509000244140625 1.4372906917882626e-06
0.9519000244140625 3.628691772287379e-07
0.9529000244140625 2.852104185743667e-07
0.9539000244140625 7.593902747860712e-07
0.9549000244140625 5.385333658487494e-07
0.9559000244140625 1.7996201034555441e-07
0.9569000244140625 9.768859085321974e-07
0.9579000244140625 1.281674063979489e-06
0.9589000244140625 3.537877334908767e-07
0.9599000244140625 1.6509262046124542e-07
0.9609000244140625 3.753555683922224e-07
0.9619000244140625 4.0339413531722996e-07
0.9629000244140625 1.0000000000000002e-10
0.9639000244140625 7.243884598479408e-07
0.9649000244140625 1.4021387151677382e-07
0.9659000244140625 9.420591627409726e-07
0.9669000244140625 1.0000000000000002e-10
0.9679000244140625 6.173034924014843e-07
0.9689000244140625 8.302885158248815e-07
0.9699000244140625 3.0500489685315077e-07
0.9709000244140625 1.0000000000000002e-10
0.9719000244140625 1.0000000000000002e-10
0.9729000244140625 6.012698455926511e-07
0.9739000244140625 1.0000000000000002e-10
0.9749000244140625 4.2640543440279045e-07
0.9759000244140625 4.133067032681721e-07
0.9769000244140625 3.6654592779525505e-07
0.9779000244140625 4.99961384449786e-07
0.9789000244140625 3.421127004085988e-07
0.9799000244140625 7.981978929191418e-07
0.9809000244140625 5.20061753541383e-07
0.9819000244140625 1.5681697967281747e-06
0.9829000244140625 1.8826653127421802e-07
0.9839000244140625 1.2500329014725543e-06
0.9849000244140625 2.1086160020183233e-06
0.9859000244140625 3.3142390875490662e-06
0.9869000244140625 3.4718634033381687e-06
0.9879000244140625 3.220396144295264e-06
0.9889000244140626 1.8683886009904226e-06
0.9899000244140626 2.153392553919788e-06
0.9909000244140626 2.330211820606708e-06
0.9919000244140626 1.3243552850515683e-06
0.9929000244140626 5.776152369564559e-07
0.9939000244140626 3.31690383146365e-07
0.9949000244140624 4.838507916997195e-07
0.9959000244140624 1.0000000000000002e-10
0.9969000244140624 9.29920406228246e-07
0.9979000244140624 1.740901992635102e-06
0.9989000244140624 2.5233870352773617e-06
0.9999000244140624 1.409532375922969e-06
1.0009000244140625 1.0508201376069337e-06
1.0019000244140626 2.8946256497874857e-06
1.0029000244140625 2.4150516158745936e-06
1.0039000244140626 2.147604294198876e-06
1.0049000244140625 2.3998656736997267e-06
1.0059000244140626 2.064323634840548e-06
1.0069000244140625 1.0574690531939268e-06
1.0079000244140626 1.649124339261713e-06
1.0089000244140625 1.9373659597476943e-06
1.0099000244140626 2.712392257914568e-06
1.0109000244140625 2.429996335801358e-06
1.0119000244140626 2.8536910152373213e-06
1.0129000244140625 3.846875042654574e-06
1.0139000244140626 1.6097203479148447e-06
1.0149000244140625 3.1213196537767844e-06
1.0159000244140626 2.060074718125785e-06
1.0169000244140625 4.808384595283618e-06
1.0179000244140626 1.384211548914512e-06
1.0189000244140625 5.5507919751107695e-06
1.0199000244140626 2.552323033645128e-06
1.0209000244140625 3.1107110165370005e-06
1.0219000244140626 5.493436280327538e-06
1.0229000244140625 2.2086039825808255e-06
1.0239000244140626 3.1684539862908423e-06
1.0249000244140625 1.2874529784312472e-06
1.0259000244140626 2.345856288836027e-06
1.0269000244140625 3.023532675191139e-06
1.0279000244140626 2.4696373535941046e-06
1.0289000244140625 1.7955713459135345e-06
1.0299000244140626 2.063700861375158e-06
1.0309000244140625 2.2049468255621226e-06
1.0319000244140626 4.727161501438815e-07
1.0329000244140625 2.56787995264555e-06
1.0339000244140626 9.567541659520154e-07
1.0349000244140625 1.2133160002007298e-06
1.0359000244140626 4.5694767054923114e-07
1.0369000244140625 1.4757647174216495e-06
1.0379000244140626 1.8488083151169121e-06
1.0389000244140625 1.0814574973968167e-06
1.0399000244140626 5.654054621118121e-07
1.0409000244140625 1.9420603348407894e-06
1.0419000244140626 5.457347288029269e-07
1.0429000244140625 7.384076741079326e-07
1.0439000244140626 5.861544256428412e-07
1.0449000244140625 1.2746632031242674e-06
1.0459000244140626 1.3705394424808523e-06
1.0469000244140625 1.056313849403523e-06
1.0479000244140626 1.0034809141264608e-06
1.0489000244140625 1.6782145394245162e-06
1.0499000244140626 1.2775369975503992e-06
1.0509000244140625 2.873807291810711e-06
1.0519000244140626 1.942451563081704e-06
1.0529000244140625 2.31770167980964e-06
1.0539000244140626 5.090517030718425e-06
1.0549000244140625 9.999999939225291e-11
1.0559000244140626 1.275009781238623e-06
1.0569000244140625 2.75394040121076e-06
1.0579000244140624 2.5713356929675985e-06
1.0589000244140625 1.8039639689959587e-06
1.0599000244140624 3.845991547374676e-06
1.0609000244140625 3.909087002587815e-06
1.0619000244140624 2.0187943543229873e-06
1.0629000244140625 3.453892228814463e-06
1.0639000244140624 3.5092946685229735e-06
1.0649000244140625 5.7375493148962655e-06
1.0659000244140624 4.6412223794807985e-06
1.0669000244140625 4.260333371348679e-06
1.0679000244140624 5.339914350770414e-06
1.0689000244140625 4.363820965712269e-06
1.0699000244140624 3.833995288005099e-06
1.0709000244140625 4.898193971409152e-06
1.0719000244140624 2.5997050882627565e-06
1.0729000244140625 4.216362334166964e-06
1.0739000244140624 4.14274826956292e-06
1.0749000244140625 7.138580015938108e-07
1.0759000244140624 2.8349933078667772e-06
1.0769000244140625 2.494020979308213e-06
1.0779000244140624 3.290631963560979e-06
1.0789000244140625 8.30586953573705e-07
1.0799000244140624 6.198665748039882e-07
1.0809000244140625 2.3177280187762033e-06
1.0819000244140624 1.330138741953609e-06
1.0829000244140625 7.748514569054048e-07
1.0839000244140624 2.566188001461948e-06
1.0849000244140625 2.5614092980201045e-06
1.0859000244140624 5.901364636162753e-07
1.0869000244140625 2.1943392736526825e-06
1.0879000244140624 2.7482397369264316e-06
1.0889000244140625 1.281577739670562e-06
1.0899000244140624 2.145733596989885e-06
1.0909000244140625 1.2222403044385524e-06
1.0919000244140624 1.6402640176238493e-06
1.0929000244140625 1.2020134342568173e-06
1.0939000244140624 2.318416275860121e-06
1.0949000244140625 4.901132463904409e-07
1.0959000244140624 2.5207269936800004e-06
1.0969000244140625 6.593658357208672e-07
1.0979000244140624 1.6582341292329752e-06
1.0989000244140625 6.956481687551512e-07
1.0999000244140624 9.026663462652351e-07
1.1009000244140625 1.5181120155223957e-06
1.1019000244140624 3.197951297995161e-07
1.1029000244140625 9.419170089319806e-07
1.1039000244140624 3.0485202053872245e-06
1.1049000244140625 3.7632399420672867e-07
1.1059000244140624 7.907489971821964e-07
1.1069000244140625 2.0496893557719884e-06
1.1079000244140624 2.1635910282687597e-06
1.1089000244140625 7.868288840236677e-07
1.1099000244140624 9.224629900206338e-07
1.1109000244140625 8.439294045577601e-07
1.1119000244140624 2.971356686127062e-06
1.1129000244140625 1.4864589805559566e-06
1.1139000244140624 5.222573599894531e-07
1.1149000244140626 9.597730092725243e-07
1.1159000244140624 3.0770726152695716e-06
1.1169000244140626 2.706324642834564e-06
1.1179000244140624 2.934238970434914e-06
1.1189000244140626 3.695492244636019e-06
1.1199000244140624 3.5066873533651233e-06
1.1209000244140626 3.206729985928784e-06
1.1219000244140624 3.1352456911311795e-06
1.1229000244140626 4.22566479149585e-06
1.1239000244140624 3.1912699826837826e-06
1.1249000244140626 2.4271452760634325e-06
1.1259000244140625 3.3015873244342705e-06
1.1269000244140626 2.1727699640905483e-06
1.1279000244140625 2.4390533508267254e-06
1.1289000244140626 3.7009896671709915e-06
1.1299000244140625 7.053006543541092e-08
1.1309000244140626 1.542494040525829e-06
1.1319000244140625 1.0808913403289228e-06
1.1329000244140626 7.728212164881398e-07
1.1339000244140625 9.999999939225291e-11
1.1349000244140626 9.34606990388905e-07
1.1359000244140625 1.2925611251072647e-06
1.1369000244140626 2.7492934145575042e-08
1.1379000244140625 1.0696113410328205e-06
1.1389000244140626 5.5056899122737e-08
1.1399000244140625 1.0015705966489227e-06
1.1409000244140626 3.849539617058658e-07
1.1419000244140625 6.3396068169889e-08
1.1429000244140626 8.362737908592284e-07
1.1439000244140625 1.1140857626627347e-06
1.1449000244140626 1.0848221427295357e-06
1.1459000244140625 4.841172240540222e-07
1.1469000244140626 8.258365414803848e-07
1.1479000244140625 1.1214350474020308e-07
1.1489000244140626 9.07651672097387e-07
1.1499000244140625 1.605523745335328e-06
1.1509000244140626 4.5867599884156595e-07
1.1519000244140625 5.029353279321451e-08
1.1529000244140626 1.3547801790991799e-06
1.1539000244140625 9.956754486969052e-07
1.1549000244140626 5.374384575892085e-07
1.1559000244140625 9.971802501240745e-07
1.1569000244140626 3.2314828856646235e-07
1.1579000244140625 4.701262757104511e-07
1.1589000244140626 1.0086834420993303e-06
1.1599000244140625 8.48577474243939e-07
1.1609000244140626 9.999999939225291e-11
1.1619000244140625 9.007156620288726e-07
1.1629000244140626 4.5772475762836016e-07
1.1639000244140625 4.2712093393978043e-07
1.1649000244140626 1.799453433098582e-06
1.1659000244140625 2.615903671424983e-07
1.1669000244140626 1.294798012659489e-07
1.1679000244140625 8.255087717164618e-07
1.1689000244140626 1.1142606914897139e-06
1.1699000244140625 9.999999939225291e-11
1.1709000244140626 1.6350493873081482e-06
1.1719000244140625 2.1139753127563666e-07
1.1729000244140626 9.999999939225291e-11
1.1739000244140625 2.745298940377931e-06
1.1749000244140626 1.3712899817619473e-06
1.1759000244140625 7.926657538822231e-07
1.1769000244140626 1.9868182910916707e-06
1.1779000244140625 1.5562227296565348e-06
1.1789000244140626 9.207205827503155e-07
1.1799000244140625 1.5176066153799185e-06
1.1809000244140626 7.513333184760995e-07
1.1819000244140625 1.2773327883526994e-06
1.1829000244140624 6.208134699351812e-08
1.1839000244140625 5.49862946828128e-07
1.1849000244140624 8.585046604518236e-07
1.1859000244140625 9.999999939225291e-11
1.1869000244140624 2.9036394188312424e-07
1.1879000244140625 1.4024604934093078e-06
1.1889000244140624 5.589570961698579e-07
1.1899000244140625 3.2000269806431447e-07
1.1909000244140624 9.999999939225291e-11
1.1919000244140625 1.2671819942688956e-07
1.1929000244140624 2.4349665858736105e-07
1.1939000244140625 3.5469153469117975e-07
1.1949000244140624 1.831962678503866e-06
1.1959000244140625 8.525202914218728e-07
1.1969000244140624 5.000673054874247e-07
1.1979000244140625 5.176861365422761e-07
1.1989000244140624 3.1308196750678975e-07
1.1999000244140625 1.4589369917909303e-06
1.2009000244140624 7.771210221108049e-07
1.2019000244140625 1.2386046728352085e-06
1.2029000244140624 9.999999939225291e-11
1.2039000244140625 2.2217086587931573e-07
1.2049000244140624 1.0919387932517565e-06
1.2059000244140625 7.315856610882558e-08
1.2069000244140624 7.238639530745179e-07
1.2079000244140625 1.3603343298503508e-06
1.2089000244140624 9.999999939225291e-11
1.2099000244140625 1.7777018850514046e-06
1.2109000244140624 3.515342465713426e-07
1.2119000244140625 1.3204942176040882e-06
1.2129000244140624 9.999999939225291e-11
1.2139000244140625 4.982334939995781e-07
1.2149000244140624 5.13099497512215e-07
1.2159000244140625 7.915111779954743e-07
1.2169000244140624 6.454808411830253e-07
1.2179000244140625 9.999999939225291e-11
1.2189000244140624 7.92349704473357e-07
1.2199000244140625 5.753958100473965e-07
1.2209000244140624 7.008656582681756e-07
1.2219000244140625 5.150924334884621e-07
1.2229000244140624 4.4386733932218666e-07
1.2239000244140625 5.336963025796375e-07
1.2249000244140624 9.999999939225291e-11
1.2259000244140625 1.1606029390046995e-06
1.2269000244140624 2.3115856553583095e-06
1.2279000244140625 9.999999939225291e-11
1.2289000244140624 1.1278276845890408e-06
1.2299000244140625 9.232025270951757e-07
1.2309000244140624 4.4487062379694463e-07
1.2319000244140625 1.2929236591426493e-06
1.2329000244140624 9.999999939225291e-11
1.2339000244140625 1.8484690129601707e-06
1.2349000244140624 8.309932403675428e-07
1.2359000244140625 7.939410177411806e-07
1.2369000244140624 9.421547353364682e-07
1.2379000244140625 5.34975488687787e-07
1.2389000244140624 1.3511353366387388e-06
1.2399000244140626 6.119826570660792e-07
1.2409000244140624 2.1129354051178474e-06
1.2419000244140626 1.1839627499169819e-06
1.2429000244140624 7.608946058705139e-07
1.2439000244140626 1.569228673664232e-06
1.2449000244140624 6.547476220664095e-07
1.2459000244140626 7.116423269811397e-07
1.2469000244140624 1.2802888522855937e-06
1.2479000244140626 7.598952566153135e-08
1.2489000244140624 1.1347549540611604e-06
1.2499000244140626 1.357065630145371e-06
1.2509000244140625 2.129868371412158e-06
1.2519000244140626 3.179333335120068e-07
1.2529000244140625 1.0982662327781629e-06
1.2539000244140626 2.4305460586523016e-06
1.2549000244140625 7.065805497289783e-07
1.2559000244140626 9.999999939225291e-11
1.2569000244140625 2.000365639105439e-06
1.2579000244140626 1.238667667822213e-06
1.2589000244140625 1.2574956296399856e-06
1.2599000244140626 1.0284760355716572e-06
1.2609000244140625 1.3900960281413669e-06
1.2619000244140626 1.4993659871898046e-07
1.2629000244140625 9.999999939225291e-11
1.2639000244140626 2.4734433585156993e-06
1.2649000244140625 1.308811127576822e-06
1.2659000244140626 6.490941787469969e-07
1.2669000244140625 3.300857443792419e-07
1.2679000244140626 1.734672647823269e-06
1.2689000244140625 6.664929848435956e-07
1.2699000244140626 2.142691664630547e-06
1.2709000244140625 1.9585549792585276e-06
1.2719000244140626 9.757282869523227e-07
1.2729000244140625 9.207878863056369e-07
1.2739000244140626 1.1811381652175139e-06
1.2749000244140625 1.9910269692206367e-07
1.2759000244140626 3.1136022880673408e-06
1.2769000244140625 7.747440974714692e-07
1.2779000244140626 1.3215275733576467e-06
1.2789000244140625 1.2848616703801478e-06
1.2799000244140626 1.1249306165458013e-06
1.2809000244140625 2.1356556680984797e-06
1.2819000244140626 9.231045317470432e-08
1.2829000244140625 6.078627408593699e-07
1.2839000244140626 2.1547279417670022e-06
1.2849000244140625 1.6048329659194374e-06
1.2859000244140626 1.1234257817704929e-06
1.2869000244140625 8.787637913580208e-07
1.2879000244140626 5.172883175674769e-07
1.2889000244140625 1.0497366747586056e-06
1.2899000244140626 8.493666700815084e-07
1.2909000244140625 7.909610697727961e-07
1.2919000244140626 8.297316620768196e-07
1.2929000244140625 6.989896943802403e-07
1.2939000244140626 9.207961435701389e-07
1.2949000244140625 1.0335303522879257e-06
1.2959000244140626 9.999999939225291e-11
1.2969000244140625 1.780170665976281e-06
1.2979000244140626 8.128224969065438e-07
1.2989000244140625 8.832257056686405e-07
1.2999000244140626 4.0490493120159953e-07
1.3009000244140625 1.1975926827290096e-06
1.3019000244140626 1.3479163074710717e-06
1.3029000244140625 2.941288585134316e-07
1.3039000244140626 2.026107608266159e-07
1.3049000244140625 7.74221222904122e-07
1.3059000244140626 9.999999939225291e-11
1.3069000244140625 1.829714926504522e-07
1.3079000244140624 2.036495279753581e-06
1.3089000244140625 1.8326128949475163e-07
1.3099000244140624 5.872807984511989e-07
1.3109000244140625 1.9555403074870507e-06
1.3119000244140624 7.172419645939954e-07
1.3129000244140625 8.955728359675656e-07
1.3139000244140624 9.05259378972308e-07
1.3149000244140625 3.535480910195806e-07
1.3159000244140624 3.967833072238136e-07
1.3169000244140625 2.0266173426837972e-06
1.3179000244140624 5.32649583317261e-07
1.3189000244140625 2.555201353970915e-06
1.3199000244140624 6.855335232103243e-07
1.3209000244140625 1.9725273887161164e-06
1.3219000244140624 9.067748855044281e-07
1.3229000244140625 9.999999939225291e-11
1.3239000244140624 3.7930665204299886e-08
1.3249000244140625 2.040164399659261e-06
1.3259000244140624 3.5063768131967284e-08
1.3269000244140625 1.8222780393746994e-06
1.3279000244140624 9.24500655298625e-07
1.3289000244140625 4.178186594927524e-08
1.3299000244140624 1.1116139598144059e-07
1.3309000244140625 2.055025203541542e-06
1.3319000244140624 7.526746480301938e-07
1.3329000244140625 5.669299995740099e-07
1.3339000244140624 1.4610022602331204e-06
1.3349000244140625 9.999999939225291e-11
1.3359000244140624 1.4543839592207063e-07
1.3369000244140625 9.600777263774063e-07
1.3379000244140624 1.1038872980861924e-06
1.3389000244140625 2.164816299530988e-06
1.3399000244140624 5.905693797103595e-07
1.3409000244140625 8.292830534628592e-07
1.3419000244140624 6.073299664421938e-07
1.3429000244140625 7.342116630522828e-07
1.3439000244140624 7.895699767572022e-07
1.3449000244140625 2.771692331104229e-06
1.3459000244140624 3.3035702507492696e-07
1.3469000244140625 2.5949870663074154e-06
1.3479000244140624 1.2873491383894968e-06
1.3489000244140625 9.999999939225291e-11
1.3499000244140624 1.4615866166423075e-06
1.3509000244140625 9.999999939225291e-11
1.3519000244140624 7.33206686212758e-07
1.3529000244140625 9.712293198275527e-07
1.3539000244140624 1.2137093384693525e-06
1.3549000244140625 7.347982170546885e-07
1.3559000244140624 2.749033053757917e-07
1.3569000244140625 9.999999939225291e-11
1.3579000244140624 3.802784555961836e-07
1.3589000244140625 3.4908666515676143e-07
1.3599000244140624 1.6769750264581756e-07
1.3609000244140625 6.862766538754764e-09
1.3619000244140624 9.438017487391665e-07
1.3629000244140625 1.6626856520337203e-07
1.3639000244140624 1.1364336967023547e-06
1.3649000244140626 9.999999939225291e-11
1.3659000244140624 2.8022109932320423e-07
1.3669000244140626 1.3110395836217018e-07
1.3679000244140624 9.999999939225291e-11
1.3689000244140626 2.0214663527440278e-06
1.3699000244140624 9.638479918194776e-08
1.3709000244140626 1.941449052308049e-07
1.3719000244140624 1.445396007560736e-06
1.3729000244140626 8.139585285486343e-07
1.3739000244140624 7.579946490180826e-07
1.3749000244140626 2.8287550205341463e-07
1.3759000244140625 7.325899154123998e-07
1.3769000244140626 1.6544467022564881e-06
1.3779000244140625 1.3203815857802206e-06
1.3789000244140626 6.615089848989914e-07
1.3799000244140625 1.0362760268260255e-07
1.3809000244140626 9.999999939225291e-11
1.3819000244140625 1.6526296868087561e-06
1.3829000244140626 1.5294365679322888e-06
1.3839000244140625 1.0154096379425918e-07
1.3849000244140626 5.78471002980289e-07
1.3859000244140625 1.9786859143463194e-07
1.3869000244140626 9.999999939225291e-11
1.3879000244140625 9.999999939225291e-11
1.3889000244140626 6.756955432744386e-07
1.3899000244140625 1.7587696442333824e-07
1.3909000244140626 9.999999939225291e-11
1.3919000244140625 4.067727604706306e-07
1.3929000244140626 8.238420074728007e-07
1.3939000244140625 5.651516834781489e-07
1.3949000244140626 1.3831859541824088e-06
1.3959000244140625 3.4351630382604504e-07
1.3969000244140626 1.324279389033715e-06
1.3979000244140625 9.727392838006684e-07
1.3989000244140626 4.610774919644456e-07
1.3999000244140625 4.808907578990329e-07
1.4009000244140626 1.7006646521622316e-06
1.4019000244140625 2.287441675926279e-07
1.4029000244140626 2.138760716710782e-06
1.4039000244140625 2.664365887916631e-07
1.4049000244140626 6.261003700765617e-07
1.4059000244140625 2.7650585980154575e-06
1.4069000244140626 1.6268319935382654e-06
1.4079000244140625 2.3614219874919705e-06
1.4089000244140626 2.2778784184514696e-07
1.4099000244140625 1.0539912909734994e-06
1.4109000244140626 9.93389524713469e-07
1.4119000244140625 5.625079790849696e-07
1.4129000244140626 1.6184602861546438e-06
1.4139000244140625 1.6885939597462615e-06
1.4149000244140626 1.2348923094881078e-06
1.4159000244140625 9.999999939225291e-11
1.4169000244140626 1.7737389619772635e-06
1.4179000244140625 1.754309438789884e-06
1.4189000244140626 4.483637867943221e-07
1.4199000244140625 2.0444401388886036e-06
1.4209000244140626 2.0427370180856978e-07
1.4219000244140625 1.3939270138507709e-06
1.4229000244140626 2.590529227515977e-07
1.4239000244140625 7.22558989207182e-07
1.4249000244140626 2.271688620870312e-06
1.4259000244140625 1.4579248575804136e-06
1.4269000244140626 1.1496508523123339e-06
1.4279000244140625 7.976095764394841e-07
1.4289000244140626 2.015756666272258e-06
1.4299000244140625 8.957472164183855e-07
1.4309000244140626 1.6737506181622544e-06
1.4319000244140625 1.285490240358437e-06
1.4329000244140624 7.257354055164218e-07
1.4339000244140625 7.800599875433061e-07
1.4349000244140624 5.725383326608361e-07
1.4359000244140625 2.363519985616828e-06
1.4369000244140624 3.3964293349223834e-06
1.4379000244140625 2.502372954040766e-06
1.4389000244140624 1.4890130357040712e-06
1.4399000244140625 2.7633380982846253e-07
1.4409000244140624 3.1716316880192607e-06
1.4419000244140625 1.2772453409285825e-07
1.4429000244140624 1.9693221111083404e-06
1.4439000244140625 2.0718351364242455e-06
1.4449000244140624 3.5077199521893477e-07
1.4459000244140625 8.816640668859084e-07
1.4469000244140624 2.3858513521860894e-07
1.4479000244140625 9.692563010806527e-07
1.4489000244140624 4.4020532828111434e-07
1.4499000244140625 3.676449432532536e-07
1.4509000244140624 1.1718960013240576e-06
1.4519000244140625 4.030349600725458e-07
1.4529000244140624 5.312887484176798e-07
1.4539000244140625 1.1362166696926578e-06
1.4549000244140624 5.874676389794331e-07
1.4559000244140625 8.434165647486224e-07
1.4569000244140624 9.894676717407218e-07
1.4579000244140625 2.684922025461371e-06
1.4589000244140624 7.244562342142064e-07
1.4599000244140625 4.265316116895216e-07
1.4609000244140624 2.1805596528186773e-06
1.4619000244140625 1.075767553023373e-06
1.4629000244140624 5.143469701707204e-08
1.4639000244140625 7.921592839199576e-07
1.4649000244140624 6.17605716494533e-07
1.4659000244140625 3.341469370449583e-06
1.4669000244140624 9.999999939225291e-11
1.4679000244140625 3.047946374863386e-06
1.4689000244140624 2.3644981143119044e-07
1.4699000244140625 1.2118610027034293e-06
1.4709000244140624 1.30002582106196e-06
1.4719000244140625 1.9411150424275548e-06
1.4729000244140624 6.410226039103388e-07
1.4739000244140625 2.312181022716686e-06
1.4749000244140624 1.0581805084560376e-06
1.4759000244140625 2.6408143943020453e-06
1.4769000244140624 1.1340076741550576e-06
1.4779000244140625 3.6572667376037294e-07
1.4789000244140624 1.5552726351112748e-06
1.4799000244140625 8.231070966946419e-07
1.4809000244140624 2.7988986888279517e-06
1.4819000244140625 2.101321345738446e-06
1.4829000244140624 1.936969686842834e-06
1.4839000244140625 7.811155531574816e-07
1.4849000244140624 1.8877015342392648e-06
1.4859000244140625 1.9710943352772387e-07
1.4869000244140624 9.425338309180613e-07
1.4879000244140625 6.339033226214024e-07
1.4889000244140624 1.7290400865022092e-06
1.4899000244140626 1.4206552683996657e-06
1.4909000244140624 1.9618100486695766e-06
1.4919000244140626 5.993607892869809e-07
1.4929000244140624 1.5316223531651e-06
1.4939000244140626 8.030312016860108e-07
1.4949000244140624 2.153326980381583e-06
1.4959000244140626 2.7446033562898245e-07
1.4969000244140624 9.672920714365317e-07
1.4979000244140626 6.387794625576742e-07
1.4989000244140624 1.2998434734375527e-06
1.4999000244140626 9.999999939225291e-11
1.5009000244140625 1.534878392703831e-06
1.5019000244140626 2.881921294222896e-06
1.5029000244140625 1.8623129775126776e-06
1.5039000244140626 1.186668790372399e-06
1.5049000244140625 8.217546564992518e-07
1.5059000244140626 4.929236485888092e-07
1.5069000244140625 4.289404217464229e-06
1.5079000244140626 1.3009085978410439e-06
1.5089000244140625 2.5934076984412967e-06
1.5099000244140626 2.037098311120644e-06
1.5109000244140625 1.7625158216105773e-06
1.5119000244140626 2.1241920037458801e-07
1.5129000244140625 2.39584866600732e-06
1.5139000244140626 2.766244858018278e-06
1.5149000244140625 3.0988972331040066e-07
1.5159000244140626 4.0476833736609784e-10
1.5169000244140625 1.712446707339647e-06
1.5179000244140626 1.1475033503908586e-06
1.5189000244140625 1.5645140080966513e-06
1.5199000244140626 4.3914080414412615e-07
1.5209000244140625 2.5750952772796156e-06
1.5219000244140626 4.573029771333855e-07
1.5229000244140625 1.9900450812807926e-06
1.5239000244140626 8.732999750045896e-07
1.5249000244140625 4.191736608009459e-07
1.5259000244140626 1.5160602076017919e-06
1.5269000244140625 3.269996712103781e-07
1.5279000244140626 1.3365716101058448e-06
1.5289000244140625 9.999999939225291e-11
1.5299000244140626 9.096753489945542e-07
1.5309000244140625 6.367677849272724e-07
1.5319000244140626 9.351258086098823e-07
1.5329000244140625 3.223773038444714e-07
1.5339000244140626 2.2005126485424852e-08
1.5349000244140625 9.999999939225291e-11
1.5359000244140626 1.514289906481281e-06
1.5369000244140625 2.902831302472227e-07
1.5379000244140626 1.5654997063278368e-06
1.5389000244140625 6.827095389017046e-11
1.5399000244140626 9.999999939225291e-11
1.5409000244140625 2.314195686873669e-06
1.5419000244140626 7.308726317697041e-07
1.5429000244140625 3.2993639590195303e-07
1.5439000244140626 1.7694729710152992e-06
1.5449000244140625 1.6504353647306403e-07
1.5459000244140626 9.999999939225291e-11
1.5469000244140625 9.999999939225291e-11
1.5479000244140626 2.0008654003807655e-06
1.5489000244140625 1.3337764054692038e-06
1.5499000244140626 1.1803236945221822e-06
1.5509000244140625 2.021663992006021e-06
1.5519000244140626 9.999999939225291e-11
1.5529000244140625 7.807770062336534e-07
1.5539000244140626 7.122195623991227e-07
1.5549000244140625 2.8443996633302033e-07
1.5559000244140626 5.630970015542876e-07
1.5569000244140625 9.999999939225291e-11
1.5579000244140624 3.454936760209174e-07
1.5589000244140625 9.999999939225291e-11
1.5599000244140624 1.034648254668961e-06
1.5609000244140625 1.275876949039893e-07
1.5619000244140624 9.999999939225291e-11
1.5629000244140625 1.1011767315179574e-07
1.5639000244140624 5.285880077051293e-07
1.5649000244140625 7.612571035261102e-07
1.5659000244140624 4.201556725469402e-07
1.5669000244140625 9.999999939225291e-11
1.5679000244140624 6.54610763983025e-07
1.5689000244140625 9.999999939225291e-11
1.5699000244140624 1.094026636335362e-07
1.5709000244140625 8.921290160894084e-07
1.5719000244140624 9.999999939225291e-11
1.5729000244140625 4.183391717749174e-07
1.5739000244140624 2.3700813632861656e-07
1.5749000244140625 2.2544379802032685e-06
1.5759000244140624 9.999999939225291e-11
1.5769000244140625 1.2984473333569704e-07
1.5779000244140624 9.999999939225291e-11
1.5789000244140625 7.691999875418058e-07
1.5799000244140624 9.999999939225291e-11
1.5809000244140625 1.1101923913277763e-06
1.5819000244140624 9.999999939225291e-11
1.5829000244140625 9.999999939225291e-11
1.5839000244140624 1.7847059643827378e-06
1.5849000244140625 6.352593091415077e-07
1.5859000244140624 2.117148348285506e-06
1.5869000244140625 5.484584202234781e-07
1.5879000244140624 1.5459336646017619e-06
1.5889000244140625 7.805983477737754e-07
1.5899000244140624 2.0849546369087572e-06
1.5909000244140625 9.999999939225291e-11
1.5919000244140624 1.1794476301663082e-06
1.5929000244140625 1.1247740864443283e-06
1.5939000244140624 1.8115106624527756e-07
1.5949000244140625 7.247655446196432e-07
1.5959000244140624 2.3017383258168895e-06
1.5969000244140625 1.3239560697305328e-06
1.5979000244140624 3.801370083008256e-07
1.5989000244140625 5.844916449859738e-07
1.5999000244140624 9.999999939225291e-11
1.6009000244140625 1.0719558000952627e-06
1.6019000244140624 3.086824236634792e-07
1.6029000244140625 2.3228712962009013e-06
1.6039000244140624 9.999999939225291e-11
1.6049000244140625 2.127082698279992e-06
1.6059000244140624 2.3658764232159512e-07
1.6069000244140625 7.226740075694238e-08
1.6079000244140624 1.8173226756819834e-06
1.6089000244140625 9.115116613796678e-08
1.6099000244140624 2.8991333914873964e-07
1.6109000244140625 2.254031966962463e-06
1.6119000244140624 3.09956861504664e-06
1.6129000244140625 3.6072634224855924e-08
1.6139000244140624 3.3632810421598454e-06
1.6149000244140626 2.960845352693771e-06
1.6159000244140624 9.999999939225291e-11
1.6169000244140626 2.7414813373501565e-07
1.6179000244140624 1.1324953421117575e-06
1.6189000244140626 1.4023572172542723e-06
1.6199000244140624 9.999999939225291e-11
1.6209000244140626 1.177724819475164e-06
1.6219000244140624 5.047689504748357e-07
1.6229000244140626 1.7562333475022265e-06
1.6239000244140624 6.164544451052005e-07
1.6249000244140626 4.5387450007853636e-07
1.6259000244140625 1.5525336493737996e-06
1.6269000244140626 9.092776427503204e-08
1.6279000244140625 1.668477852945216e-06
1.6289000244140626 9.236266581750623e-07
1.6299000244140625 9.974726829871845e-07
1.6309000244140626 5.251619680960809e-07
1.6319000244140625 9.999999939225291e-11
1.6329000244140626 7.455286053185499e-07
1.6339000244140625 2.0618103250550728e-06
1.6349000244140626 1.1212967729079538e-06
1.6359000244140625 1.2484146661032961e-06
1.6369000244140626 6.33427673782568e-07
1.6379000244140625 1.0605231364024803e-06
1.6389000244140626 8.409464438348853e-07
1.6399000244140625 1.637513681392496e-06
1.6409000244140626 2.883286312377701e-06
1.6419000244140625 7.211546808812604e-07
1.6429000244140626 1.4247436532362675e-06
1.6439000244140625 2.080537621319915e-06
1.6449000244140626 4.363853292677078e-07
1.6459000244140625 1.1028720715936895e-06
1.6469000244140626 6.351446669820387e-07
1.6479000244140625 1.5935120124292249e-06
1.6489000244140626 1.0695435048546642e-06
1.6499000244140625 1.463179675435337e-06
1.6509000244140626 2.3576197175619504e-06
1.6519000244140625 1.360085758885058e-06
1.6529000244140626 1.932760618122605e-06
1.6539000244140625 2.9646419958832363e-06
1.6549000244140626 9.999999939225291e-11
1.6559000244140625 1.553759017648796e-06
1.6569000244140626 9.999999939225291e-11
1.6579000244140625 1.1720576973554368e-06
1.6589000244140626 1.4403613699087714e-07
1.6599000244140625 1.2706833513220773e-06
1.6609000244140626 5.22984986771983e-07
1.6619000244140625 2.386208992296209e-06
1.6629000244140626 4.881394370877719e-07
1.6639000244140625 1.2283274312115586e-06
1.6649000244140626 2.713681991621068e-07
1.6659000244140625 2.178983704652637e-06
1.6669000244140626 1.1576256959718497e-06
1.6679000244140625 9.999999939225291e-11
1.6689000244140626 1.9317853002576157e-06
1.6699000244140625 9.999999939225291e-11
1.6709000244140626 2.2983566789965458e-06
1.6719000244140625 1.2239394951999807e-06
1.6729000244140626 1.3360167698313793e-06
1.6739000244140625 4.718502384282175e-07
1.6749000244140626 2.3464557741566712e-07
1.6759000244140625 1.5173949456463256e-06
1.6769000244140626 1.3293708010072199e-06
1.6779000244140625 2.3837509797886013e-06
1.6789000244140626 1.623178322915919e-06
1.6799000244140625 1.4446772062607729e-06
1.6809000244140626 1.3691356192187718e-06
1.6819000244140625 2.056965992475549e-06
1.6829000244140624 9.999999939225291e-11
1.6839000244140625 3.9795972381462266e-07
1.6849000244140624 1.4270065973202388e-06
1.6859000244140625 6.517292395565495e-07
1.6869000244140624 4.0129267047935475e-06
1.6879000244140625 1.986919669434428e-06
1.6889000244140624 1.9698759812551238e-06
1.6899000244140625 1.6429048749463013e-06
1.6909000244140624 2.3085256786240886e-06
1.6919000244140625 1.3016373971671177e-06
1.6929000244140624 2.0779833236398796e-06
1.6939000244140625 5.778017430202453e-07
1.6949000244140624 8.656021937477239e-07
1.6959000244140625 1.1032277303257842e-06
1.6969000244140624 1.5179899734600135e-06
1.6979000244140625 2.04853370936083e-06
1.6989000244140624 1.0066830024394828e-06
1.6999000244140625 7.907606387143791e-07
1.7009000244140624 2.1960280719213187e-06
1.7019000244140625 1.5086676285136492e-06
1.7029000244140624 1.658573546592379e-06
1.7039000244140625 5.219151932767119e-07
1.7049000244140624 3.965126934909099e-07
1.7059000244140625 2.5398720269246648e-06
1.7069000244140624 5.745810968201444e-07
1.7079000244140625 2.3382332144568824e-07
1.7089000244140624 6.335225892447245e-07
1.7099000244140625 1.427623331740809e-06
1.7109000244140624 7.40973322281846e-07
1.7119000244140625 8.303880019600029e-07
1.7129000244140624 1.042068251990713e-06
1.7139000244140625 1.4408346760319546e-06
1.7149000244140624 1.09798363190509e-06
1.7159000244140625 2.1585386275546624e-06
1.7169000244140624 1.1001197466005882e-06
1.7179000244140625 9.999999939225291e-11
1.7189000244140624 1.8898230337072163e-06
1.7199000244140625 8.46055578828479e-07
1.7209000244140624 1.2022796484719341e-06
1.7219000244140625 1.2628157855942844e-06
1.7229000244140624 8.600839343368232e-07
1.7239000244140625 1.6346331149671065e-06
1.7249000244140624 3.089524713383677e-06
1.7259000244140625 1.2492747140768755e-07
1.7269000244140624 1.0290221204437936e-06
1.7279000244140625 1.0090229564715022e-06
1.7289000244140624 3.781714595370763e-07
1.7299000244140625 1.1533853440178394e-06
1.7309000244140624 9.892443968547345e-07
1.7319000244140625 9.197801167222981e-07
1.7329000244140624 1.8027386466871557e-07
1.7339000244140625 9.172658826361868e-07
1.7349000244140624 1.6408603308567157e-06
1.7359000244140625 9.72050876650125e-07
1.7369000244140624 9.534135555326155e-07
1.7379000244140625 2.391326658350105e-06
1.7389000244140624 1.4192830227936306e-06
1.7399000244140626 1.4792901977974301e-06
1.7409000244140624 1.8311646514727424e-06
1.7419000244140626 7.405789653791572e-07
1.7429000244140624 3.086095384787768e-06
1.7439000244140626 1.5962677363923205e-07
1.7449000244140624 4.099547125709554e-06
1.7459000244140626 1.0245610219990672e-06
1.7469000244140624 1.2250104191480204e-06
1.7479000244140626 1.9194025905259576e-06
1.7489000244140624 1.0208680638849425e-06
1.7499000244140626 4.873375386408678e-07
1.7509000244140625 1.9767606863752006e-06
1.7519000244140626 1.7972330240330808e-07
1.7529000244140625 1.4403361031630388e-06
1.7539000244140626 1.529756179176426e-06
1.7549000244140625 2.1401370759122074e-06
1.7559000244140626 4.320912254722013e-07
1.7569000244140625 1.1148471336734171e-06
1.7579000244140626 3.2390506627659003e-06
1.7589000244140625 8.822448580758646e-07
1.7599000244140626 2.479105945288514e-06
1.7609000244140625 1.217786763542487e-06
1.7619000244140626 1.580951026930085e-06
1.7629000244140625 3.2321489804113905e-06
1.7639000244140626 2.0037579815834762e-06
1.7649000244140625 9.509766338548313e-07
1.7659000244140626 1.6106343052039542e-06
1.7669000244140625 7.033896785172782e-07
1.7679000244140626 1.8316739685057352e-06
1.7689000244140625 7.351182136705603e-07
1.7699000244140626 4.5747569917390745e-06
1.7709000244140625 9.999999939225291e-11
1.7719000244140626 6.838047408752601e-07
1.7729000244140625 1.4035753216982507e-06
1.7739000244140626 7.012425157881808e-07
1.7749000244140625 1.8887389645290872e-06
1.7759000244140626 1.0398719556784878e-06
1.7769000244140625 1.3349139044294135e-06
1.7779000244140626 8.253427464903023e-07
1.7789000244140625 3.587740415126698e-07
1.7799000244140626 1.5250330519241593e-06
1.7809000244140625 1.041514078679029e-06
1.7819000244140626 1.2040389844703015e-06
1.7829000244140625 1.0922162012623933e-06
1.7839000244140626 5.351725000461252e-07
1.7849000244140625 6.279603204421373e-07
1.7859000244140626 1.5212916575061776e-06
1.7869000244140625 5.384127844572836e-07
1.7879000244140626 1.9844696604801964e-06
1.7889000244140625 1.7414523608749733e-06
1.7899000244140626 4.378899793285503e-07
1.7909000244140625 2.1264219564424516e-06
1.7919000244140626 1.9380293573097638e-06
1.7929000244140625 2.173256022312368e-06
1.7939000244140626 2.2085079399403186e-06
1.7949000244140625 9.507530288714132e-07
1.7959000244140626 1.2710222017631167e-06
1.7969000244140625 1.8777410150505603e-06
1.7979000244140626 1.1108850931614473e-06
1.7989000244140625 1.5963376790750773e-06
1.7999000244140626 1.8237453574935594e-06
1.8009000244140625 2.7325259482798476e-06
1.8019000244140626 2.220756966077412e-06
1.8029000244140625 1.6538495886682845e-06
1.8039000244140626 2.3266628462200365e-06
1.8049000244140625 2.7258456490623456e-06
1.8059000244140626 4.919864586554468e-06
1.8069000244140625 7.152886645359994e-08
1.8079000244140624 3.2559712902487563e-06
1.8089000244140625 2.8015909386643516e-06
1.8099000244140624 2.1439830015879126e-06
1.8109000244140625 2.309051342308521e-06
1.8119000244140624 3.3845510430789246e-06
1.8129000244140625 1.1571686964580626e-06
1.8139000244140624 3.6683493332626922e-06
1.8149000244140625 5.228981996575991e-06
1.8159000244140624 3.1337843878039467e-06
1.8169000244140625 4.973845983234545e-06
1.8179000244140624 6.681853750099739e-06
1.8189000244140625 7.361767541927596e-06
1.8199000244140624 9.740112194170554e-06
1.8209000244140625 1.3589046817893785e-05
1.8219000244140624 1.7592363292351365e-05
1.8229000244140625 2.3342003114521503e-05
1.8239000244140624 2.8754463419318198e-05
1.8249000244140625 3.6378959969927866e-05
1.8259000244140624 4.3394986229638264e-05
1.8269000244140625 5.502934101969004e-05
1.8279000244140624 6.775156284372013e-05
1.8289000244140625 8.282394769291083e-05
1.8299000244140624 0.00010109173444410166
1.8309000244140625 0.00012309763270119825
1.8319000244140624 0.00014946776752670606
1.8329000244140625 0.00018651980285843211
1.8339000244140624 0.00022520949443181356
1.8349000244140625 0.00028016989429791766
1.8359000244140624 0.0003617831195394198
1.8369000244140625 0.0004577016333738963
1.8379000244140624 0.0005979306002457937
1.8389000244140625 0.0008161829908688862
1.8399000244140624 0.001169207642475764
1.8409000244140625 0.0017401469747225444
1.8419000244140624 0.002644106447696686
1.8429000244140625 0.0042910943428675335
1.8439000244140624 0.006859243909517924
1.8449000244140625 0.010808836619059245
1.8459000244140624 0.01648516337076823
1.8469000244140625 0.023910996119181314
1.8479000244140624 0.029498833020528158
1.8489000244140625 0.034167693456013996
1.8499000244140624 0.036517813205718994
1.8509000244140625 0.03990116675694784
1.8519000244140624 0.045534768104553223
1.8529000244140625 0.05221941312154134
1.8539000244140624 0.058751241366068525
1.8549000244140625 0.06937979221343994
1.8559000244140624 0.08240078290303549
1.8569000244140625 0.09915884335835776
1.8579000244140624 0.12138156572977701
1.8589000244140625 0.14967590014139812
1.8599000244140624 0.18956143697102865
1.8609000244140625 0.24420036951700846
1.8619000244140624 0.3220228703816732
1.8629000244140625 0.41786296844482423
1.8639000244140624 0.5416999944051107
1.8649000244140626 0.676039759318034
1.8659000244140624 0.791698735555013
1.8669000244140626 0.879779790242513
1.8679000244140624 0.9259489440917968
1.8689000244140626 0.9482699584960937
1.8699000244140624 0.9595617421468099
1.8709000244140626 0.9650757853190105
1.8719000244140624 0.9670565032958984
1.8729000244140626 0.9680001322428385
1.8739000244140624 0.9631965637207032
1.8749000244140626 0.9695083618164062
1.8759000244140625 0.9635025787353516
1.8769000244140626 0.9567916870117188
1.8779000244140625 0.9510958607991536
1.8789000244140626 0.9351514180501301
1.8799000244140625 0.9133261871337891
1.8809000244140626 0.8512178039550782
1.8819000244140625 0.7706102244059245
1.8829000244140626 0.6613902282714844
1.8839000244140625 0.5447092437744141
1.8849000244140626 0.43770311991373695
1.8859000244140625 0.3427689361572266
1.8869000244140626 0.2715475018819173
1.8879000244140625 0.21766740163167317
1.8889000244140626 0.17725119908650716
1.8899000244140625 0.14435733477274576
1.8909000244140626 0.12311360041300455
1.8919000244140625 0.10429369926452636
1.8929000244140626 0.08895577112833658
1.8939000244140625 0.07664148966471354
1.8949000244140626 0.06711669286092121
1.8959000244140625 0.058942103385925294
1.8969000244140626 0.05232304732004802
1.8979000244140625 0.046311354637145995
1.8989000244140626 0.03769101619720459
1.8999000244140625 0.028013716538747152
1.9009000244140626 0.02001329302787781
1.9019000244140625 0.013628633419672648
1.9029000244140626 0.009133241573969523
1.9039000244140625 0.005985784530639649
1.9049000244140626 0.003811502655347188
1.9059000244140625 0.0025060013433297473
1.9069000244140626 0.0017069576680660249
1.9079000244140625 0.001169292653600375
1.9089000244140626 0.0008406665672858556
1.9099000244140625 0.0006135659913221995
1.9109000244140626 0.00046399967124064763
1.9119000244140625 0.000356319434940815
1.9129000244140626 0.00027855696777502695
1.9139000244140625 0.00021991583829124767
1.9149000244140626 0.00017602063094576198
1.9159000244140625 0.0001430668650815884
1.9169000244140626 0.00011577880010008811
1.9179000244140625 9.144858767588934e-05
1.9189000244140626 7.492882665246725e-05
1.9199000244140625 5.96011197194457e-05
1.9209000244140626 4.848084722956021e-05
1.9219000244140625 3.764916987468799e-05
1.9229000244140626 3.135367607076963e-05
1.9239000244140625 2.3998909940322242e-05
1.9249000244140626 1.602046696158747e-05
1.9259000244140625 1.6020250041037797e-05
1.9269000244140626 1.2166909873485566e-05
1.9279000244140625 1.0429753456264734e-05
1.9289000244140626 8.33295693155378e-06
1.9299000244140625 4.094355972483754e-06
1.9309000244140626 6.684178564076623e-06
1.9319000244140625 4.7435475668559475e-06
1.9329000244140624 4.003953072242439e-06
1.9339000244140625 1.0461014123090233e-06
1.9349000244140624 5.754215041330705e-06
1.9359000244140625 3.7464869092218577e-06
1.9369000244140624 5.835063057020306e-06
1.9379000244140625 2.9214753885753454e-06
1.9389000244140624 3.6645986256189643e-06
1.9399000244140625 1.8498256395105273e-06
1.9409000244140624 2.2158766417608907e-06
1.9419000244140625 1.7810635229883096e-06
1.9429000244140624 9.545972958828012e-07
1.9439000244140625 1.5496496538010738e-06
1.9449000244140624 1.0854006056130553e-06
1.9459000244140625 4.150182940065861e-06
1.9469000244140624 4.284118379776676e-06
1.9479000244140625 6.743570217319454e-07
1.9489000244140624 1.2502649891151428e-06
1.9499000244140625 4.4365498858193555e-06
1.9509000244140624 3.1229350568059056e-07
1.9519000244140625 7.567569142944801e-07
1.9529000244140624 1.5471454450259139e-06
1.9539000244140625 1.2865021293576953e-06
1.9549000244140624 1.500393142729687e-06
1.9559000244140625 1.105442443076754e-06
1.9569000244140624 9.999999939225291e-11
1.9579000244140625 7.419392568408511e-07
1.9589000244140624 2.5708073129256565e-06
1.9599000244140625 1.596464008872071e-07
1.9609000244140624 7.957123135208613e-08
1.9619000244140625 1.253618208515069e-06
1.9629000244140624 1.871940006707244e-07
1.9639000244140625 2.1745919851431002e-06
1.9649000244140624 7.789467539017399e-07
1.9659000244140625 1.2142623112480305e-06
1.9669000244140624 3.236809277229469e-07
1.9679000244140625 5.3913197408661515e-08
1.9689000244140624 2.007098034179459e-06
1.9699000244140625 3.796567644294887e-07
1.9709000244140624 9.999999939225291e-11
1.9719000244140625 7.10238537419509e-07
1.9729000244140624 9.999999939225291e-11
1.9739000244140625 8.526908519949454e-07
1.9749000244140624 9.999999939225291e-11
1.9759000244140625 4.1386167817236694e-07
1.9769000244140624 1.6628838784527033e-06
1.9779000244140625 3.6099100492847924e-07
1.9789000244140624 5.821544713284036e-07
1.9799000244140625 4.483622979023494e-07
1.9809000244140624 2.8166105744039292e-08
1.9819000244140625 9.999999939225291e-11
1.9829000244140624 9.274444865277804e-07
1.9839000244140625 1.125447673870165e-07
1.9849000244140624 8.501115128941213e-07
1.9859000244140625 1.9011303569034984e-06
1.9869000244140624 2.777183372752271e-08
1.9879000244140625 9.999999939225291e-11
1.9889000244140624 2.862269752235136e-07
1.9899000244140626 9.999999939225291e-11
1.9909000244140624 1.4324419751095736e-07
1.9919000244140626 9.825293185598364e-07
1.9929000244140624 2.017335407078491e-07
1.9939000244140626 3.774536593859068e-07
1.9949000244140624 2.0121019527626537e-06
1.9959000244140626 6.849728473638332e-07
1.9969000244140624 9.999999939225291e-11
1.9979000244140626 2.6988799800164997e-06
1.9989000244140624 1.523736670302848e-06
1.9999000244140626 4.32112350707096e-07
2.0009000244140625 1.9878523501877984e-06
2.0019000244140623 7.501133169244649e-07
2.0029000244140627 4.339267104302991e-07
2.0039000244140626 5.7770697920271156e-08
2.0049000244140625 9.999999939225291e-11
2.0059000244140623 3.089740057475865e-06
2.0069000244140627 7.029866484190943e-07
2.0079000244140626 9.999999939225291e-11
2.0089000244140625 1.9147343603738894e-06
2.0099000244140623 5.289968100630204e-07
2.0109000244140627 9.999999939225291e-11
2.0119000244140626 9.999999939225291e-11
2.0129000244140625 1.8075362095260062e-06
2.0139000244140624 1.4865653159971496e-06
2.0149000244140627 2.082825176330516e-06
2.0159000244140626 1.1888163569414209e-07
2.0169000244140625 9.999999939225291e-11
2.0179000244140624 9.999999939225291e-11
2.0189000244140627 1.1706063230310093e-06
2.0199000244140626 1.2945319853200723e-06
2.0209000244140625 3.622856311267242e-06
2.0219000244140624 9.999999939225291e-11
2.0229000244140627 2.1786130188653867e-06
2.0239000244140626 1.2740116653731092e-06
2.0249000244140625 1.7697773000691086e-06
2.0259000244140624 2.6580166498509542e-06
2.0269000244140627 3.056391088721947e-07
2.0279000244140626 1.0106272141759594e-06
2.0289000244140625 7.061773404111922e-07
2.0299000244140624 4.912882650387474e-07
2.0309000244140627 1.268193215461603e-06
2.0319000244140626 9.999999939225291e-11
2.0329000244140625 1.0221350506374923e-06
2.0339000244140624 9.332953387038619e-07
2.0349000244140627 6.2040235911572e-08
2.0359000244140626 3.0297076834055285e-06
2.0369000244140625 5.944930011914095e-07
2.0379000244140624 2.386409729903486e-06
2.0389000244140627 5.347434341462787e-07
2.0399000244140626 2.5948679346280794e-06
2.0409000244140625 2.525228989913586e-07
2.0419000244140624 1.4245716495982683e-06
2.0429000244140627 1.7791973948266814e-06
2.0439000244140626 3.316567235742696e-06
2.0449000244140625 4.291567408169309e-06
2.0459000244140624 9.999999939225291e-11
2.0469000244140627 6.088110637580968e-07
2.0479000244140626 1.99750565419284e-06
2.04889990234375 1.6765175435769683e-06
2.04989990234375 1.229096657577126e-06
2.05089990234375 1.6881793271750212e-06
2.05189990234375 9.999999939225291e-11
2.05289990234375 2.343856613151729e-06
2.05389990234375 8.461303608668184e-07
2.05489990234375 4.884656610630126e-07
2.05589990234375 1.2191403072581152e-06
2.05689990234375 2.399216952693924e-06
2.05789990234375 5.597690627231108e-07
2.05889990234375 7.272252063443101e-07
2.05989990234375 1.8893823532077172e-06
2.06089990234375 5.962793457984598e-07
2.06189990234375 2.3242292566768204e-06
2.06289990234375 9.999999939225291e-11
2.06389990234375 1.3255516093953666e-07
2.06489990234375 2.745506668967816e-06
2.06589990234375 8.712302951607853e-07
2.06689990234375 2.657094009919092e-06
2.06789990234375 9.999999939225291e-11
2.06889990234375 3.3798496588133276e-06
2.06989990234375 1.825065652762229e-06
2.07089990234375 1.6248644775866219e-06
2.07189990234375 2.100525355975454e-06
2.07289990234375 1.0578136519937923e-06
2.07389990234375 1.225515671092007e-06
2.07489990234375 1.6773649353011657e-06
2.07589990234375 1.9845452576798074e-06
2.07689990234375 9.999999939225291e-11
2.07789990234375 3.6823470630527782e-06
2.07889990234375 1.1353076782446198e-06
2.07989990234375 2.001023652458874e-06
2.08089990234375 8.301683798587571e-07
2.08189990234375 2.915966712559263e-06
2.08289990234375 9.999999939225291e-11
2.08389990234375 1.2523796006765527e-06
2.08489990234375 1.047991312687439e-06
2.08589990234375 5.291731019193927e-06
2.08689990234375 2.7939967740901275e-07
2.08789990234375 2.001838365686126e-06
2.08889990234375 9.503716326205354e-07
2.08989990234375 6.344303444845896e-07
2.09089990234375 2.794950657213728e-06
2.09189990234375 9.999999939225291e-11
2.09289990234375 5.300600702563921e-06
2.09389990234375 4.6207634487297846e-07
2.09489990234375 8.556046278081671e-07
2.09589990234375 6.763408452759024e-07
2.09689990234375 1.4196636958156242e-07
2.09789990234375 1.0784430776045183e-06
2.09889990234375 7.148496852830514e-08
2.09989990234375 1.2648886763066968e-06
2.10089990234375 9.737136807489814e-07
2.10189990234375 5.068654327751906e-07
2.10289990234375 9.999999939225291e-11
2.10389990234375 4.351751919973168e-07
2.10489990234375 1.0225000436925314e-06
2.10589990234375 6.222354420248877e-07
2.10689990234375 1.5408313481390933e-06
2.10789990234375 3.316638995857583e-07
2.10889990234375 2.6848257012298166e-06
2.10989990234375 2.2044123736186806e-07
2.11089990234375 2.1121129490590343e-06
2.11189990234375 2.2179902538610464e-07
2.11289990234375 2.940534711039315e-06
2.11389990234375 1.6018136617882797e-06
2.11489990234375 6.738278265287316e-07
2.11589990234375 3.5029034431014833e-06
2.11689990234375 4.01898932371599e-06
2.11789990234375 8.266802830991793e-07
2.11889990234375 1.5900196740403772e-06
2.11989990234375 1.173026284959633e-06
2.12089990234375 1.5127733153234383e-06
2.12189990234375 1.6074801715149078e-06
2.12289990234375 1.1791221671349678e-06
2.12389990234375 4.753773294699688e-06
2.12489990234375 8.071416906278255e-07
2.12589990234375 2.775011943262721e-06
2.12689990234375 4.132546891923994e-06
2.12789990234375 3.0651030829176307e-06
2.12889990234375 3.778543129252891e-06
2.12989990234375 1.7152868773943432e-06
2.13089990234375 4.448091009786974e-06
2.13189990234375 2.7493710028162847e-06
2.13289990234375 6.014387763570994e-06
2.13389990234375 1.2202676441308568e-06
2.13489990234375 6.2826029413069285e-06
2.13589990234375 3.3303286666826655e-06
2.13689990234375 3.379489353392273e-06
2.13789990234375 4.178295203018934e-06
2.13889990234375 3.8137570663820954e-06
2.13989990234375 4.771634024412681e-06
2.14089990234375 5.381641967687756e-06
2.14189990234375 9.999999939225291e-11
2.14289990234375 1.8631741598558922e-06
2.14389990234375 4.700071682843069e-06
2.14489990234375 4.651368314322705e-06
2.14589990234375 2.7349939531025787e-06
2.14689990234375 2.913316663277025e-06
2.14789990234375 1.31670633926421e-06
2.14889990234375 3.905797008580218e-06
2.14989990234375 3.0651943328733707e-06
2.15089990234375 2.4074570198232926e-06
2.15189990234375 1.0000449981095727e-06
2.15289990234375 5.880355214079221e-06
2.15389990234375 2.509290594995643e-06
2.15489990234375 5.880740063730627e-06
2.15589990234375 4.836797112754236e-06
2.15689990234375 2.9398299227256787e-06
2.15789990234375 4.417608676400656e-06
2.15889990234375 4.863532036930944e-06
2.15989990234375 4.596352713027348e-06
2.16089990234375 3.0312759190564976e-06
2.16189990234375 1.309198715159591e-06
2.16289990234375 2.9072106796472024e-06
2.16389990234375 3.0630823069562514e-06
2.16489990234375 1.6689149899384857e-07
2.16589990234375 3.900736880545115e-06
2.16689990234375 7.74988904595375e-06
2.16789990234375 9.999999939225291e-11
2.16889990234375 2.424104144059432e-06
2.16989990234375 8.705866733974925e-07
2.17089990234375 2.3975252891735486e-06
2.17189990234375 9.999999939225291e-11
2.17289990234375 4.0414822190844765e-06
2.17389990234375 3.88800564299648e-06
2.17489990234375 4.28968109190464e-06
2.17589990234375 3.998410048626037e-07
2.17689990234375 3.2650434392659618e-06
2.17789990234375 1.5839817058083128e-06
2.17889990234375 6.505344063043595e-06
2.17989990234375 1.762694143205105e-06
2.18089990234375 1.1681209869015183e-07
2.18189990234375 1.8274979663335244e-06
2.18289990234375 1.1673306384067198e-06
2.18389990234375 2.403695762041025e-06
2.18489990234375 5.293056989709536e-06
2.18589990234375 1.2456675634779182e-06
2.18689990234375 2.0775263544425824e-06
2.18789990234375 1.972110888649089e-06
2.18889990234375 3.809379268204793e-06
2.18989990234375 2.163132618685874e-06
2.19089990234375 4.013348128258561e-06
2.19189990234375 1.2801950018796285e-06
2.19289990234375 3.729827779655655e-06
2.19389990234375 3.285980104313542e-06
2.19489990234375 2.352700030314736e-06
2.19589990234375 4.369062759603063e-06
2.19689990234375 1.3675953084391067e-06
2.19789990234375 3.785121371038258e-06
2.19889990234375 2.108281332766637e-06
2.19989990234375 2.252205643647661e-06
2.20089990234375 6.525690790907627e-07
2.20189990234375 1.6427325802699975e-06
2.20289990234375 5.425139825092629e-06
2.20389990234375 2.5187060721994688e-06
2.20489990234375 1.6373943166284969e-06
2.20589990234375 1.495127274866448e-06
2.20689990234375 5.400214538034594e-06
2.20789990234375 3.9864233500945076e-06
2.20889990234375 1.0304447008705845e-06
2.20989990234375 3.3018397031507147e-06
2.21089990234375 2.757719679114719e-06
2.21189990234375 1.3503429552426856e-06
2.21289990234375 4.735153925139457e-06
2.21389990234375 7.112139765504584e-07
2.21489990234375 1.3110256596101287e-06
2.21589990234375 4.237666144035757e-06
2.21689990234375 2.3925503868553004e-06
2.21789990234375 1.5606700132290522e-06
2.21889990234375 2.706943390270074e-06
2.21989990234375 2.414405035221871e-06
2.22089990234375 2.8987717424152256e-06
2.22189990234375 1.755567364295866e-06
2.22289990234375 4.809634529993426e-06
2.22389990234375 3.237894910599337e-06
2.22489990234375 3.927597281290218e-06
2.22589990234375 5.237960625284662e-06
2.22689990234375 2.043492723157551e-06
2.22789990234375 1.933379350752181e-06
2.22889990234375 1.3802376728448233e-06
2.22989990234375 4.1103242013681056e-06
2.23089990234375 4.721806035377085e-06
2.23189990234375 2.6386187528260052e-06
2.23289990234375 6.561787934818616e-06
2.23389990234375 9.999999939225291e-11
2.23489990234375 8.637116453010425e-07
2.23589990234375 2.548851043684408e-06
2.23689990234375 9.999999939225291e-11
2.23789990234375 3.168922751986732e-06
2.23889990234375 3.124682552879676e-06
2.23989990234375 2.249174634672002e-06
2.24089990234375 6.392670130554261e-07
2.24189990234375 3.5901543836984e-06
2.24289990234375 9.999999939225291e-11
2.24389990234375 8.800787031226776e-07
2.24489990234375 8.148003636125149e-07
2.24589990234375 1.1238659688158255e-06
2.24689990234375 3.4100840821338353e-06
2.24789990234375 4.287231325482329e-06
2.24889990234375 1.9344010070199146e-06
2.24989990234375 1.4043462188547314e-06
2.25089990234375 7.328213735794028e-06
2.25189990234375 2.1454393572639674e-06
2.25289990234375 2.4797725874196414e-06
2.25389990234375 7.720957801211626e-06
2.25489990234375 9.999999939225291e-11
2.25589990234375 3.0564827344884785e-06
2.25689990234375 2.0079116021480082e-06
2.25789990234375 1.8429270373114073e-06
2.25889990234375 5.598146378549274e-07
2.25989990234375 6.989227258600294e-06
2.26089990234375 1.334443959774371e-06
2.26189990234375 7.921909952225783e-06
2.26289990234375 9.999999939225291e-11
2.26389990234375 1.6576653770735325e-06
2.26489990234375 7.263631520849264e-06
2.26589990234375 8.710332959290431e-07
2.26689990234375 1.2758062992131633e-06
2.26789990234375 1.661070236878004e-06
2.26889990234375 8.765005717463008e-07
2.26989990234375 4.034612308411548e-06
2.27089990234375 4.354533448349685e-06
2.27189990234375 4.814724525203928e-06
2.27289990234375 1.188001328422672e-07
2.27389990234375 1.4412890353317684e-06
2.27489990234375 5.625069801074763e-06
2.27589990234375 3.952067927457392e-06
2.27689990234375 3.048941628852238e-06
2.27789990234375 2.2889145232814674e-06
2.27889990234375 4.596351451861362e-06
2.27989990234375 3.226451954105869e-06
2.28089990234375 6.9492659531533716e-06
2.28189990234375 3.681032297511895e-06
2.28289990234375 2.1949003469975047e-06
2.28389990234375 1.9574593655609838e-06
2.28489990234375 9.999999939225291e-11
2.28589990234375 2.6761392655316742e-06
2.28689990234375 5.426747860231748e-06
2.28789990234375 1.4923374692443757e-06
2.28889990234375 2.259368969437977e-06
2.28989990234375 1.6947056428762153e-06
2.29089990234375 2.4313700729787038e-06
2.29189990234375 3.3774233158941533e-07
2.29289990234375 4.368730296846479e-06
2.29389990234375 3.762455041093441e-07
2.29489990234375 3.3904192969202995e-06
2.29589990234375 1.5639850459781001e-06
2.29689990234375 6.144460594933084e-07
2.29789990234375 2.2482309820285686e-06
2.29889990234375 1.1210001503059174e-06
2.29989990234375 3.6260680159709107e-06
2.30089990234375 1.8652293847972365e-06
2.30189990234375 1.0058379942960255e-06
2.30289990234375 2.6826063064315046e-06
2.30389990234375 1.5920914302114398e-06
2.30489990234375 1.5867467785331732e-06
2.30589990234375 3.6036283321057753e-06
2.30689990234375 6.373382442574164e-07
2.30789990234375 1.242564709779496e-06
2.30889990234375 1.7362588429629492e-06
2.30989990234375 2.2062240168452263e-06
2.31089990234375 1.6383999900426716e-06
2.31189990234375 1.876218557791039e-07
2.31289990234375 2.1227289592692008e-06
2.31389990234375 2.212999970652163e-06
2.31489990234375 3.918845031876117e-06
2.31589990234375 8.689093407454606e-07
2.31689990234375 3.0575552955269814e-06
2.31789990234375 2.5147792863814783e-06
2.31889990234375 1.9626836971535035e-06
2.31989990234375 2.561928655874605e-06
2.32089990234375 2.142867985336731e-06
2.32189990234375 2.8011440008413046e-06
2.32289990234375 1.286137664514205e-06
2.32389990234375 1.1869993465740692e-06
2.32489990234375 1.3230463324968393e-06
2.32589990234375 9.171758089602615e-07
2.32689990234375 2.210590998098875e-06
2.32789990234375 2.6329626659086597e-06
2.32889990234375 2.1814302696535986e-06
2.32989990234375 1.8696184027551984e-06
2.33089990234375 1.3905043548826748e-06
2.33189990234375 2.6392506454916047e-06
2.33289990234375 2.9732070591611163e-06
2.33389990234375 1.47668300390554e-06
2.33489990234375 2.2107173572294414e-06
2.33589990234375 4.1484547182335517e-07
2.33689990234375 2.6790772972162814e-06
2.33789990234375 6.738874408747837e-07
2.33889990234375 2.547160256654024e-06
2.33989990234375 1.887782685419855e-06
2.34089990234375 8.405635256962067e-07
2.34189990234375 1.6791396774351598e-06
2.34289990234375 3.848799096886069e-06
2.34389990234375 1.7756889428710564e-06
2.34489990234375 1.6333904689721143e-06
2.34589990234375 3.1130896726002293e-06
2.34689990234375 3.3696666165875894e-06
2.34789990234375 1.1533739136633987e-06
2.34889990234375 1.354055445214423e-06
2.34989990234375 3.9815049967728556e-06
2.35089990234375 1.5933369865894775e-06
2.35189990234375 3.465452027739957e-06
2.35289990234375 7.051238632508709e-07
2.35389990234375 2.3581009979049366e-06
2.35489990234375 2.563315986966093e-06
2.35589990234375 2.16415137401782e-06
2.35689990234375 1.7760143913747584e-07
2.35789990234375 3.7519786080035073e-06
2.35889990234375 1.5850846924762388e-06
2.35989990234375 3.3317599445581434e-06
2.36089990234375 1.7033656331477687e-06
2.36189990234375 2.4177700106520208e-06
2.36289990234375 1.0865992953768e-06
2.36389990234375 4.387136815312923e-07
2.36489990234375 2.6416293595084757e-06
2.36589990234375 1.9670402616611683e-06
2.36689990234375 1.2778521583337957e-06
2.36789990234375 6.028926846320578e-07
2.36889990234375 2.756352623691782e-06
2.36989990234375 2.987225355658059e-06
2.37089990234375 3.683301038108766e-06
2.37189990234375 2.1987160046895346e-06
2.37289990234375 4.196201722758512e-06
2.37389990234375 3.3790432886841397e-06
2.37489990234375 1.1510893428331077e-06
2.37589990234375 4.0910330911477405e-06
2.37689990234375 3.0539053841494024e-06
2.37789990234375 1.8343450304995436e-06
2.37889990234375 4.00277080188971e-06
2.37989990234375 3.193219405754159e-06
2.38089990234375 3.390149261880045e-06
2.38189990234375 2.0843489713910183e-06
2.38289990234375 2.612846001284197e-06
2.38389990234375 2.302058331880019e-06
2.38489990234375 4.194170032860711e-06
2.38589990234375 6.8525587751840555e-06
2.38689990234375 6.72715570544824e-06
2.38789990234375 2.647330363337493e-06
2.38889990234375 3.6870640663740533e-06
2.38989990234375 3.420804957083116e-06
2.39089990234375 2.972848645489042e-06
2.39189990234375 4.154776979703456e-06
2.39289990234375 3.606697913104047e-06
2.39389990234375 2.7291216247249394e-06
2.39489990234375 4.8507120421466725e-06
2.39589990234375 2.192534739151597e-06
2.39689990234375 5.5038902792148295e-06
2.39789990234375 2.5195192817288144e-06
2.39889990234375 4.534914623945952e-06
2.39989990234375 1.0614687414278733e-06
2.40089990234375 6.152015703264624e-07
2.40189990234375 4.797618700346599e-06
2.40289990234375 4.9379566917195914e-06
2.40389990234375 7.673126528970897e-06
2.40489990234375 9.999999939225291e-11
2.40589990234375 3.837343780711914e-06
2.40689990234375 4.82527034667631e-06
2.40789990234375 4.527272976702079e-06
2.40889990234375 1.2983903641365183e-06
2.40989990234375 6.7407216799135005e-06
2.41089990234375 3.7964027433190494e-06
2.41189990234375 6.436530578260621e-06
2.41289990234375 5.403211204490313e-06
2.41389990234375 5.052409988263543e-06
2.41489990234375 2.907987266856556e-06
2.41589990234375 1.4446369796624245e-06
2.41689990234375 4.376169090392068e-06
2.41789990234375 5.199970813312879e-06
2.41889990234375 2.1268060273123744e-06
2.41989990234375 9.402036278819044e-06
2.42089990234375 3.883243286206076e-06
2.42189990234375 5.6307159441833695e-06
2.42289990234375 1.1302300212149657e-06
2.42389990234375 7.439638720825315e-06
2.42489990234375 3.787831374211237e-06
2.42589990234375 3.6204454954713582e-06
2.42689990234375 6.356038308391968e-06
2.42789990234375 2.546557322299729e-06
2.42889990234375 3.6162299996552366e-06
2.42989990234375 9.999999939225291e-11
2.43089990234375 4.464310574500511e-06
2.43189990234375 9.999999939225291e-11
2.43289990234375 2.2834729022610152e-07
2.43389990234375 5.4568567164163066e-08
2.43489990234375 9.999999939225291e-11
2.43589990234375 4.892448681251457e-06
2.43689990234375 7.128599773823889e-07
2.43789990234375 2.520559316557443e-06
2.43889990234375 3.6165559357629694e-07
2.43989990234375 3.1834397123020608e-06
2.44089990234375 1.4247820164274097e-06
2.44189990234375 2.5635153091455957e-06
2.44289990234375 1.2670306212155444e-06
2.44389990234375 1.1442839941574096e-06
2.44489990234375 5.771086189761595e-07
2.44589990234375 1.6854562151517408e-06
2.44689990234375 7.112552799905339e-06
2.44789990234375 5.76740101678297e-06
2.44889990234375 2.7285836983725886e-06
2.44989990234375 6.727373499112825e-06
2.45089990234375 1.0875081568162415e-06
2.45189990234375 1.6514874099697133e-06
2.45289990234375 8.957851096056401e-06
2.45389990234375 4.193620110903851e-07
2.45489990234375 9.161947134768884e-07
2.45589990234375 4.13585061323829e-06
2.45689990234375 2.4437376608451206e-06
2.45789990234375 1.301244308198335e-06
2.45889990234375 6.424250702063243e-06
2.45989990234375 3.5305178122750173e-06
2.46089990234375 4.240965063218028e-06
2.46189990234375 2.2037092467878478e-07
2.46289990234375 1.1280959707201295e-06
2.46389990234375 4.023694273200817e-06
2.46489990234375 9.099543671631239e-07
2.46589990234375 9.999999939225291e-11
2.46689990234375 2.7181509843406577e-06
2.46789990234375 1.6435502133275529e-06
2.46889990234375 9.999999939225291e-11
2.46989990234375 1.5008617629064247e-06
2.47089990234375 3.7601143412757664e-06
2.47189990234375 2.345210969349291e-06
2.47289990234375 1.4286840644975502e-05
2.47389990234375 2.790657027060088e-06
2.47489990234375 3.296166760264896e-06
2.47589990234375 9.999999939225291e-11
2.47689990234375 6.894584221299737e-06
2.47789990234375 8.143443432473418e-08
2.47889990234375 4.858732572756708e-06
2.47989990234375 7.672203161443273e-06
2.48089990234375 2.680325657517339e-06
2.48189990234375 2.9677083269537734e-06
2.48289990234375 5.653266780427657e-06
2.48389990234375 3.0238683488163313e-06
2.48489990234375 9.34701975590239e-06
2.48589990234375 4.068585655708408e-06
2.48689990234375 2.188132939761426e-06
2.48789990234375 2.0682476848984757e-05
2.48889990234375 9.999999939225291e-11
2.48989990234375 3.649510384748922e-06
2.49089990234375 1.2578157863269251e-05
2.49189990234375 8.897305136391272e-06
2.49289990234375 5.854666330075512e-06
2.49389990234375 1.1645319755189121e-05
2.49489990234375 6.362766046853116e-06
2.49589990234375 1.1575973282257716e-05
2.49689990234375 8.993407439750931e-06
2.49789990234375 1.3324566728745897e-05
2.49889990234375 5.486711549262206e-06
2.49989990234375 1.1425618431530893e-05
2.50089990234375 1.7682075655708712e-05
2.50189990234375 5.953165333873281e-06
2.50289990234375 1.1083963327109814e-05
2.50389990234375 1.0370618159261841e-05
2.50489990234375 2.316513370412091e-05
2.50589990234375 1.0937096764488768e-05
2.50689990234375 1.5158855433886249e-05
2.50789990234375 9.4325285560141e-06
2.50889990234375 1.126096583902836e-05
2.50989990234375 1.8113193024570744e-05
2.51089990234375 1.1146922479383648e-05
2.51189990234375 2.45649297721684e-05
2.51289990234375 1.365490995037059e-05
2.51389990234375 1.4392253166685502e-05
2.51489990234375 1.9880839390680192e-05
2.51589990234375 1.96861126460135e-05
2.51689990234375 1.6644999850541352e-05
2.51789990234375 2.594784639465312e-05
2.51889990234375 2.479643987802168e-05
2.51989990234375 1.9847756096472343e-05
2.52089990234375 1.9178539514541625e-05
2.52189990234375 2.265155354204277e-05
2.52289990234375 2.9789586551487447e-05
2.52389990234375 3.384684755777319e-05
2.52489990234375 3.0043603231509527e-05
2.52589990234375 3.633902951454123e-05
2.52689990234375 3.562076405311624e-05
2.52789990234375 4.0512087289243936e-05
2.52889990234375 2.833404034997026e-05
2.52989990234375 3.7869569690277184e-05
2.53089990234375 4.323555699860056e-05
2.53189990234375 3.477806923910976e-05
2.53289990234375 3.520793359105786e-05
2.53389990234375 3.1215200821558634e-05
2.53489990234375 6.718658376485109e-05
2.53589990234375 4.3151990200082466e-05
2.53689990234375 3.042116373156508e-05
2.53789990234375 5.478887197872003e-05
2.53889990234375 5.425363623847564e-05
2.53989990234375 5.836856396247943e-05
2.54089990234375 5.1991782772044344e-05
2.54189990234375 4.942107014358044e-05
2.54289990234375 5.660799021522204e-05
2.54389990234375 6.767364063610633e-05
2.54489990234375 5.64903998747468e-05
2.54589990234375 8.063800477733216e-05
2.54689990234375 3.885073432077964e-05
2.54789990234375 8.729257620871067e-05
2.54889990234375 6.9678770378232e-05
2.54989990234375 7.1464233721296e-05
2.55089990234375 8.391292455295722e-05
2.55189990234375 7.013577036559582e-05
2.55289990234375 8.329886011779308e-05
2.55389990234375 7.728992030024528e-05
2.55489990234375 9.159110486507416e-05
2.55589990234375 0.00010103983804583549
2.55689990234375 0.00010348597541451454
2.55789990234375 8.42843297868967e-05
2.55889990234375 0.00011833259835839272
2.55989990234375 0.0001273012968401114
2.56089990234375 0.00012200039811432361
2.56189990234375 0.00013241136757036052
2.56289990234375 0.00013798913297553858
2.56389990234375 0.00012340170020858445
2.56489990234375 0.00014583276274303595
2.56589990234375 0.00013754303256670634
2.56689990234375 0.00013147699957092603
2.56789990234375 0.00017137247137725354
2.56889990234375 0.00014188446725408235
2.56989990234375 0.00019591753060619038
2.57089990234375 0.00014022823423147203
2.57189990234375 0.00018848673750956852
2.57289990234375 0.00018831236908833186
2.57389990234375 0.00017682749778032302
2.57489990234375 0.00018567709873119992
2.57589990234375 0.00020540840302904446
2.57689990234375 0.00022019142905871074
2.57789990234375 0.00019593303402264911
2.57889990234375 0.00018936720366279287
2.57989990234375 0.00023608400175968808
2.58089990234375 0.00020561883226037026
2.58189990234375 0.00024672626828153925
2.58289990234375 0.0002861122290293376
2.58389990234375 0.00022244663288195927
2.58489990234375 0.0002730315613249938
2.58589990234375 0.00027956183378895124
2.58689990234375 0.00030446934203306835
2.58789990234375 0.00029738349840044973
2.58889990234375 0.0003148321683208147
2.58989990234375 0.0003321533277630806
2.59089990234375 0.0003024899711211522
2.59189990234375 0.00032576490193605425
2.59289990234375 0.00034973036497831344
2.59389990234375 0.0003650941327214241
2.59489990234375 0.0003724195435643196
2.59589990234375 0.0004001219943165779
2.59689990234375 0.0004175845657785734
