microns transmission
0.3973999938964844 9.999999939225291e-11
0.3983999938964844 2.652270439816738e-08
0.3993999938964844 2.798591325200068e-08
0.4003999938964844 2.2428594545055426e-08
0.4013999938964844 3.032812939945333e-08
0.4023999938964844 2.886492054562003e-08
0.4033999938964844 1.818288821138954e-08
0.4043999938964844 7.801891044323384e-09
0.4053999938964844 9.052229884195147e-09
0.4063999938964844 2.8440658076512986e-08
0.4073999938964844 2.073876703158185e-08
0.40839999389648435 1.948842819171009e-08
0.40939999389648435 1.543473323471921e-09
0.41039999389648435 2.6912487300418462e-08
0.41139999389648435 5.5118523731362904e-08
0.41239999389648435 5.659513587552567e-08
0.41339999389648435 4.8157933017181324e-08
0.41439999389648435 5.4533320220034264e-08
0.41539999389648435 5.4593360260134386e-08
0.41639999389648436 5.785822076948616e-08
0.41739999389648436 2.327679713568879e-08
0.41839999389648436 2.029667162734622e-08
0.41939999389648436 9.999999939225291e-11
0.42039999389648436 1.2220980163648834e-08
0.42139999389648436 1.524814802225352e-08
0.42239999389648436 1.8165975922536227e-08
0.42339999389648436 6.044995758279647e-09
0.42439999389648436 3.0178278996749617e-09
0.42539999389648436 9.999999939225291e-11
0.42639999389648436 1.842901123754675e-08
0.42739999389648436 4.544547027486425e-08
0.42839999389648437 7.038605931085505e-08
0.42939999389648437 7.081044559006007e-08
0.43039999389648437 9.330594452233103e-08
0.43139999389648437 6.836535548634023e-08
0.43239999389648437 4.961195796898071e-08
0.43339999389648437 3.348526238215281e-08
0.43439999389648437 3.348526238215281e-08
0.43539999389648437 3.348526238215281e-08
0.4363999938964844 9.999999939225291e-11
0.4373999938964844 2.8743000355133414e-09
0.4383999938964844 8.044303319169424e-08
0.4393999938964844 9.935467684130118e-08
0.4403999938964844 1.3381525527359864e-07
0.4413999938964844 1.1165390407204731e-07
0.4423999938964844 1.2631295979738232e-07
0.4433999938964844 1.0688089620557329e-07
0.4443999938964844 8.138879311935121e-08
0.4453999938964844 5.844415274304361e-08
0.4463999938964844 6.249910355274027e-08
0.4473999938964844 3.2583824684332774e-08
0.4483999938964844 7.478863112216535e-08
0.4493999938964844 5.293086543585919e-08
0.4503999938964844 7.43461216363212e-08
0.4513999938964844 2.151525619985427e-08
0.4523999938964844 3.666154529883651e-08
0.4533999938964844 9.378351082488401e-08
0.4543999938964844 1.297158479839232e-07
0.4553999938964844 1.3989760276938375e-07
0.4563999938964844 6.425372332468588e-08
0.4573999938964844 3.115921617514851e-08
0.4583999938964844 1.4627955500717208e-08
0.4593999938964844 1.4486628866371295e-08
0.4603999938964844 2.464767698384662e-08
0.4613999938964844 3.74782101678998e-08
0.4623999938964844 5.068901824500927e-08
0.4633999938964844 7.519849567631336e-08
0.4643999938964844 6.920497258218935e-08
0.4653999938964844 7.171247524399385e-08
0.4663999938964844 6.56443356887119e-08
0.4673999938964844 5.4193168948933765e-08
0.4683999938964844 3.840321579653663e-08
0.4693999938964844 6.962999793537329e-09
0.47039999389648435 2.7803732333748288e-09
0.47139999389648435 2.848248584640266e-08
0.47239999389648435 3.411458371300253e-08
0.47339999389648435 5.2450676260523075e-08
0.47439999389648435 5.944495705851377e-08
0.47539999389648435 6.660455392943415e-08
0.47639999389648435 4.8268461381913614e-08
0.47739999389648435 8.415570451268827e-08
0.47839999389648435 8.2537458653399e-08
0.47939999389648436 8.2537458653399e-08
0.48039999389648436 6.389508392996074e-08
0.48139999389648436 9.119084649869239e-08
0.48239999389648436 9.119084649869239e-08
0.48339999389648436 5.5609410973329123e-08
0.48439999389648436 1.7140199526366474e-08
0.48539999389648436 2.1358194061744166e-08
0.48639999389648436 4.134032825101978e-08
0.48739999389648436 4.134032825101978e-08
0.48839999389648436 3.712233371564208e-08
0.48939999389648436 3.852604721564667e-08
0.49039999389648437 8.678865353495269e-08
0.49139999389648437 8.950997803106967e-08
0.49239999389648437 8.642133149747463e-08
0.49339999389648437 3.815872517816861e-08
0.49439999389648437 4.5444427270169285e-08
0.49539999389648437 6.149527465323009e-08
0.49639999389648437 1.0287800526932578e-07
0.49739999389648437 1.3308782360906455e-07
0.4983999938964844 1.1718091487860565e-07
0.4993999938964844 1.5367397798825444e-07
0.5003999938964844 1.1345713306039803e-07
0.5013999938964844 7.797579372513673e-08
0.5023999938964844 9.999999939225291e-11
0.5033999938964844 5.86198128852781e-09
0.5043999938964844 6.063710475857754e-08
0.5053999938964844 6.063710475857754e-08
0.5063999938964844 6.920176218332902e-08
0.5073999938964844 6.357248312759289e-08
0.5083999938964844 9.086307700517045e-08
0.5093999938964844 8.340617491479444e-08
0.5103999938964844 7.60611255144915e-08
0.5113999938964844 4.877053163691396e-08
0.5124000244140625 9.734572798316935e-08
0.5134000244140625 5.554493296915869e-08
0.5144000244140625 9.466705993431568e-08
0.5154000244140625 9.059954912910624e-08
0.5164000244140625 1.2257267080330163e-07
0.5174000244140625 1.1129158816242719e-07
0.5184000244140625 7.025694468174335e-08
0.5194000244140625 7.207095106487316e-08
0.5204000244140625 1.1087646143239896e-07
0.5214000244140625 1.2585316121397718e-07
0.5224000244140625 1.5442427788651496e-07
0.5234000244140625 1.2183788925806344e-07
0.5244000244140625 9.651841079261203e-08
0.5254000244140625 3.4160166062749103e-08
0.5264000244140625 3.5064356389311354e-08
0.5274000244140625 1.0953256854801592e-07
0.5284000244140625 1.193085723658369e-07
0.5294000244140625 8.434421597591779e-08
0.5304000244140625 4.6735693606494675e-08
0.5314000244140625 8.693392420945478e-08
0.5324000244140625 9.95908720104034e-08
0.5334000244140625 1.0297500478293228e-07
0.5344000244140625 7.031236019392237e-08
0.5354000244140625 1.2282804906603594e-07
0.5364000244140625 8.258422650422562e-08
0.5374000244140625 8.875378773846402e-08
0.5384000244140625 3.395334685012901e-08
0.5394000244140625 3.395334685012901e-08
0.5404000244140625 1.0472195784119423e-08
0.5414000244140625 1.1038341844522076e-08
0.5424000244140625 4.1958729969988126e-08
0.5434000244140625 8.913741439877912e-08
0.5444000244140625 1.3855853795677023e-07
0.5454000244140625 1.4026802672459678e-07
0.5464000244140625 1.0865332328771317e-07
0.5474000244140625 4.829385788459225e-08
0.5484000244140625 3.726649204536001e-08
0.5494000244140625 6.344153369259371e-08
0.5504000244140625 6.478311809369568e-08
0.5514000244140626 4.590812367884685e-08
0.5524000244140626 3.975945139937191e-08
0.5534000244140626 1.1930632352274983e-07
0.5544000244140626 1.3365403559895127e-07
0.5554000244140626 1.4557146881008818e-07
0.5564000244140626 7.166216895350254e-08
0.5574000244140624 6.02801804018406e-08
0.5584000244140624 4.043567435256061e-08
0.5594000244140624 5.372318377223136e-08
0.5604000244140624 8.611948851328717e-08
0.5614000244140624 6.117396774227599e-08
0.5624000244140624 4.379882722085584e-08
0.5634000244140625 5.709282316048972e-09
0.5644000244140625 2.9915255655371056e-09
0.5654000244140625 4.5169366479235075e-09
0.5664000244140625 3.810875790932755e-08
0.5674000244140625 4.093388227784563e-08
0.5684000244140625 7.325043595487714e-08
0.5694000244140625 4.593865477551004e-08
0.5704000244140625 4.311353040699196e-08
0.5714000244140625 2.1716639936207748e-08
0.5724000244140625 6.446542463795563e-08
0.5734000244140625 1.1716627364716852e-07
0.5744000244140625 1.0473776049914185e-07
0.5754000244140625 9.925687510422184e-08
0.5764000244140625 4.655602609500893e-08
0.5774000244140625 1.3620578288649674e-07
0.5784000244140625 1.1496240968078552e-07
0.5794000244140625 1.5356030945786375e-07
0.5804000244140625 7.644731363893382e-08
0.5814000244140625 7.332210390250301e-08
0.5824000244140625 3.472420412542476e-08
0.5834000244140625 7.760074628807937e-08
0.5844000244140625 1.842548472759849e-07
0.5854000244140625 1.842548472759849e-07
0.5864000244140625 1.479792520460895e-07
0.5874000244140625 2.2145794611461156e-08
0.5884000244140625 5.019845713130324e-08
0.5894000244140625 6.583139473054841e-08
0.5904000244140625 1.281943284108738e-07
0.5914000244140625 1.236875326752577e-07
0.5924000244140625 1.4878651122411194e-07
0.5934000244140625 1.3142058716830717e-07
0.5944000244140625 1.2220743110308913e-07
0.5954000244140625 9.88639035299283e-08
0.5964000244140625 5.386689390540766e-08
0.5974000244140625 5.464104557262317e-08
0.5984000244140625 1.1599459611094038e-07
0.5994000244140625 1.733701064103125e-07
0.6004000244140625 2.4738246591166694e-07
0.6014000244140625 1.5766484553974495e-07
0.6024000244140625 1.0489062747550311e-07
0.6034000244140625 6.141399919279422e-08
0.6044000244140625 7.817427430525628e-08
0.6054000244140625 1.246785293713199e-07
0.6064000244140625 1.3302313921788786e-07
0.6074000244140625 1.5102846191439314e-07
0.6084000244140625 1.519591585709258e-07
0.6094000244140625 1.7683796827563625e-07
0.6104000244140625 1.7064529110556572e-07
0.6114000244140625 1.9576449277438872e-07
0.6124000244140625 1.4489552463340753e-07
0.6134000244140625 1.4926008258895094e-07
0.6144000244140625 1.1935061364098942e-07
0.6154000244140625 1.1387232485344296e-07
0.6164000244140625 1.0930080379938861e-07
0.6174000244140625 1.374097278963562e-07
0.6184000244140625 1.3810919514294856e-07
0.6194000244140625 1.1849283205004705e-07
0.6204000244140625 1.3737383089838947e-07
0.6214000244140625 1.7260403346498598e-07
0.6224000244140625 1.7815840412814686e-07
0.6234000244140625 1.6088139316750018e-07
0.6244000244140625 1.0974518617719772e-07
0.6254000244140625 9.869766469883245e-08
0.6264000244140625 8.002569148087466e-08
0.6274000244140625 1.0890904553405455e-07
0.6284000244140625 1.1771876023401891e-07
0.6294000244140625 7.823971093322433e-08
0.6304000244140625 1.543151839970373e-07
0.6314000244140625 2.449445351645115e-07
0.6324000244140625 3.1978321203496306e-07
0.6334000244140625 3.1443729919070994e-07
0.6344000244140625 2.827022601397605e-07
0.6354000244140625 2.802547391588127e-07
0.6364000244140625 2.6766062243647564e-07
0.6374000244140625 2.984290727504736e-07
0.6384000244140625 2.9216582800392945e-07
0.6394000244140625 2.86399561478924e-07
0.6404000244140625 2.624883081124728e-07
0.6414000244140625 2.6177748393862996e-07
0.6424000244140625 2.7178631637900553e-07
0.6434000244140625 2.5535245866237234e-07
0.6444000244140625 2.812167124450266e-07
0.6454000244140625 3.249870832632161e-07
0.6464000244140625 3.323788691873059e-07
0.6474000244140625 3.9434249652753934e-07
0.6484000244140625 4.446998963657399e-07
0.6494000244140625 4.770016357724671e-07
0.6504000244140625 3.969659313509924e-07
0.6514000244140625 3.6670645852529854e-07
0.6524000244140625 4.09184207977494e-07
0.6534000244140625 5.132444130140356e-07
0.6544000244140625 4.326013026734188e-07
0.6554000244140625 3.7046071899125995e-07
0.6564000244140625 3.202682873442657e-07
0.6574000244140625 3.9900624679548947e-07
0.6584000244140625 4.5227688638583966e-07
0.6594000244140625 4.4025028425191216e-07
0.6604000244140625 3.8094438827506056e-07
0.6614000244140625 3.9186001837758037e-07
0.6624000244140625 3.775835991998772e-07
0.6634000244140625 3.652518555302069e-07
0.6644000244140625 3.029081189096259e-07
0.6654000244140625 2.3405486394444276e-07
0.6664000244140625 2.6202539427484027e-07
0.6674000244140625 2.576489146122185e-07
0.6684000244140625 2.881885683968398e-07
0.6694000244140625 2.435066908724871e-07
0.6704000244140625 2.3666158426749462e-07
0.6714000244140625 2.813048704158266e-07
0.6724000244140625 3.2141772850182964e-07
0.6734000244140625 2.9105912099739813e-07
0.6744000244140625 3.1059934990097636e-07
0.6754000244140625 2.9027759332815134e-07
0.6764000244140626 3.2678652952928335e-07
0.6774000244140626 3.168397922169596e-07
0.6784000244140626 2.9429075320367797e-07
0.6794000244140626 3.1461338502995297e-07
0.6804000244140626 2.4726119346871494e-07
0.6814000244140626 2.9039015518921787e-07
0.6824000244140624 2.8951760012003234e-07
0.6834000244140624 2.7759971000524473e-07
0.6844000244140624 3.2331470630925853e-07
0.6854000244140624 3.404681199715832e-07
0.6864000244140624 3.651132434849084e-07
0.6874000244140624 3.8218469752690806e-07
0.6884000244140625 4.0903492137860865e-07
0.6894000244140625 4.6282935727504083e-07
0.6904000244140625 3.687771167341462e-07
0.6914000244140625 3.326729146528132e-07
0.6924000244140625 2.8759547817694096e-07
0.6934000244140625 2.7954926837183945e-07
0.6944000244140625 1.629438665467436e-07
0.6954000244140625 1.384824770145343e-07
0.6964000244140625 9.223362588054821e-08
0.6974000244140625 1.902409716484736e-07
0.6984000244140625 2.0646852122021798e-07
0.6994000244140625 3.187790151868184e-07
0.7004000244140625 3.810800490100519e-07
0.7014000244140625 3.444082799091635e-07
0.7024000244140625 3.2621019233699165e-07
0.7034000244140625 2.8139708230629566e-07
0.7044000244140625 3.9170468072471623e-07
0.7054000244140625 4.155545381460494e-07
0.7064000244140625 3.940464618305366e-07
0.7074000244140625 3.7920675216203866e-07
0.7084000244140625 4.11544656849906e-07
0.7094000244140625 4.7129780594130154e-07
0.7104000244140625 4.394557597859401e-07
0.7114000244140625 3.1497429821077583e-07
0.7124000244140625 2.709843496025617e-07
0.7134000244140625 2.801500290337976e-07
0.7144000244140625 3.2840974805973626e-07
0.7154000244140625 3.074043425094825e-07
0.7164000244140625 2.671692751151274e-07
0.7174000244140625 2.9273480233133536e-07
0.7184000244140625 2.824782475525151e-07
0.7194000244140625 3.1059367958934867e-07
0.7204000244140625 2.3269252450417193e-07
0.7214000244140625 2.825483117400533e-07
0.7224000244140625 2.8954270192116383e-07
0.7234000244140625 2.7210750000290003e-07
0.7244000244140625 2.0026759188378976e-07
0.7254000244140625 1.5399626789363515e-07
0.7264000244140625 2.3362612433470216e-07
0.7274000244140625 2.5019046535253626e-07
0.7284000244140625 2.7680662860419935e-07
0.7294000244140625 2.8458013438993467e-07
0.7304000244140625 3.3121686000312266e-07
0.7314000244140625 3.608665907803597e-07
0.7324000244140625 3.991281779589271e-07
0.7334000244140625 4.343320116125445e-07
0.7344000244140625 5.107723316339414e-07
0.7354000244140625 5.012049991314093e-07
0.7364000244140625 5.570943843243489e-07
0.7374000244140625 4.749956820483527e-07
0.7384000244140625 4.7032599468366245e-07
0.7394000244140625 4.1669175819455027e-07
0.7404000244140625 4.391345545526646e-07
0.7414000244140625 3.230260023744256e-07
0.7424000244140625 1.9458943545479379e-07
0.7434000244140625 1.4088874926167077e-07
0.7444000244140625 1.4116715367428074e-07
0.7454000244140625 2.724295731809039e-07
0.7464000244140625 2.3600447812614315e-07
0.7474000244140625 3.6839569576032874e-07
0.7484000244140625 3.0030809284653514e-07
0.7494000244140625 3.041805014921314e-07
0.7504000244140625 2.256590449986915e-07
0.7514000244140625 2.1010428402708688e-07
0.7524000244140625 2.218450941250517e-07
0.7534000244140625 2.2396482614163281e-07
0.7544000244140625 2.1373440581050493e-07
0.7554000244140625 2.0545180554757775e-07
0.7564000244140625 3.2557533332027644e-07
0.7574000244140625 3.889619784204335e-07
0.7584000244140625 4.197006233476309e-07
0.7594000244140625 3.234208189597767e-07
0.7604000244140625 3.27256055041087e-07
0.7614000244140625 2.905076401778691e-07
0.7624000244140625 2.9851232031635134e-07
0.7634000244140625 2.58827377971708e-07
0.7644000244140625 2.828934045990334e-07
0.7654000244140625 2.8881909303082565e-07
0.7664000244140625 3.4180313175764046e-07
0.7674000244140625 3.959236457578502e-07
0.7684000244140625 4.0429271090639906e-07
0.7694000244140625 4.0089579063836333e-07
0.7704000244140625 3.611282510165539e-07
0.7714000244140625 4.512804197373852e-07
0.7724000244140625 4.532393439957459e-07
0.7734000244140625 5.378815472391175e-07
0.7744000244140625 4.496898226433485e-07
0.7754000244140625 4.904601175642002e-07
0.7764000244140625 4.466106171700327e-07
0.7774000244140625 4.741219870791409e-07
0.7784000244140625 4.06576647138637e-07
0.7794000244140625 4.0272955528861433e-07
0.7804000244140625 3.359169640197261e-07
0.7814000244140625 3.337401308941187e-07
0.7824000244140625 2.825147694402514e-07
0.7834000244140625 2.954922340197501e-07
0.7844000244140625 2.8025981161287445e-07
0.7854000244140625 2.627323316042565e-07
0.7864000244140625 2.51750748482888e-07
0.7874000244140625 2.983916316148497e-07
0.7884000244140625 4.1437275639408554e-07
0.7894000244140625 4.4359046316660365e-07
0.7904000244140625 3.946175144707729e-07
0.7914000244140625 3.350074450647611e-07
0.7924000244140625 3.0875895705544873e-07
0.7934000244140625 2.5414345573398434e-07
0.7944000244140625 2.568452451592564e-07
0.7954000244140625 2.759717560390445e-07
0.7964000244140625 4.419585214191418e-07
0.7974000244140625 6.045516363884307e-07
0.7984000244140625 7.779297131279032e-07
0.7994000244140625 8.643185003889615e-07
0.8004000244140625 8.582625370365162e-07
0.8014000244140626 9.022001086893104e-07
0.8024000244140626 8.641337849828131e-07
0.8034000244140626 9.593955087709168e-07
0.8044000244140626 1.0034927778232156e-06
0.8054000244140626 1.1439908649214572e-06
0.8064000244140626 1.148341569271446e-06
0.8074000244140624 1.1035161189585945e-06
0.8084000244140624 1.0604977869923544e-06
0.8094000244140624 1.1094060442780492e-06
0.8104000244140624 1.0960816847456618e-06
0.8114000244140624 1.0207406897902596e-06
0.8124000244140624 9.585324975266612e-07
0.8134000244140625 8.045562571359198e-07
0.8144000244140625 6.811336340492511e-07
0.8154000244140625 4.7550495498213795e-07
0.8164000244140625 4.384126785826183e-07
0.8174000244140625 3.9038111766048083e-07
0.8184000244140625 3.2936828952882753e-07
0.8194000244140625 3.0377333593346763e-07
0.8204000244140625 2.4787515204164094e-07
0.8214000244140625 2.595766844266867e-07
0.8224000244140625 1.8996559273746045e-07
0.8234000244140625 2.3184710666437478e-07
0.8244000244140625 2.0379120301242616e-07
0.8254000244140625 2.2923096782558243e-07
0.8264000244140625 2.126407098186518e-07
0.8274000244140625 2.2932925014596742e-07
0.8284000244140625 2.9193871994044386e-07
0.8294000244140625 2.8442565221819957e-07
0.8304000244140625 2.813596840337543e-07
0.8314000244140625 1.9652177121687104e-07
0.8324000244140625 1.6738498105904513e-07
0.8334000244140625 1.3216813311816605e-07
0.8344000244140625 1.1899294407365647e-07
0.8354000244140625 1.2729774920563035e-07
0.8364000244140625 1.4326195580546364e-07
0.8374000244140625 1.966556261174239e-07
0.8384000244140625 2.1140990187351482e-07
0.8394000244140625 2.2150675303655996e-07
0.8404000244140625 1.6837361040106352e-07
0.8414000244140625 1.584411086819629e-07
0.8424000244140625 1.537975211511748e-07
0.8434000244140625 2.4692717260737436e-07
0.8444000244140625 2.938948975677478e-07
0.8454000244140625 2.8219257570973186e-07
0.8464000244140625 1.9164683425742644e-07
0.8474000244140625 2.6872168504486973e-07
0.8484000244140625 3.185231893976651e-07
0.8494000244140625 3.93870189879552e-07
0.8504000244140625 3.051483314492812e-07
0.8514000244140625 3.4670916881182413e-07
0.8524000244140625 3.1366297291539835e-07
0.8534000244140625 2.456735717929462e-07
0.8544000244140625 1.9423416262536048e-07
0.8554000244140625 1.621963477274006e-07
0.8564000244140625 3.4964178971279604e-07
0.8574000244140625 3.3059664937241453e-07
0.8584000244140625 4.2107887290636273e-07
0.8594000244140625 3.693396052586482e-07
0.8604000244140625 4.523447232487763e-07
0.8614000244140625 4.2895525656521153e-07
0.8624000244140625 2.9417829577438967e-07
0.8634000244140625 3.3596393719252893e-07
0.8644000244140625 4.508487229486946e-07
0.8654000244140625 4.980142548111153e-07
0.8664000244140625 3.990299187433171e-07
0.8674000244140625 2.1657536729366706e-07
0.8684000244140625 2.5171293893242444e-07
0.8694000244140625 1.5397616701215175e-07
0.8704000244140625 1.5316277309952394e-07
0.8714000244140625 1.651004041487805e-07
0.8724000244140625 2.8046369951056037e-07
0.8734000244140625 3.155573825110488e-07
0.8744000244140625 3.171917807861542e-07
0.8754000244140625 2.0858838679500346e-07
0.8764000244140625 3.42498014426742e-07
0.8774000244140625 2.2343020944869342e-07
0.8784000244140625 4.779201885249861e-07
0.8794000244140625 4.911109667931669e-07
0.8804000244140625 4.920116040443e-07
0.8814000244140625 4.271083452301593e-07
0.8824000244140625 5.911408633096838e-07
0.8834000244140625 6.501399166049468e-07
0.8844000244140625 7.229931491415551e-07
0.8854000244140625 1.5340802619958203e-06
0.8864000244140625 2.6884229416032552e-06
0.8874000244140625 3.145307050339664e-06
0.8884000244140625 3.0573782198348755e-06
0.8894000244140625 1.8431358496810449e-06
0.8904000244140625 1.5677086363346265e-06
0.8914000244140625 2.3330235804238234e-06
0.8924000244140625 2.3330235804238234e-06
0.8934000244140625 3.3801169166606713e-06
0.8944000244140625 2.3611496157265686e-06
0.8954000244140625 4.067996736754466e-06
0.8964000244140625 2.695319278651724e-06
0.8974000244140625 2.111430621851009e-06
0.8984000244140625 7.302971664069394e-07
0.8994000244140625 8.365059488171348e-07
0.9004000244140625 8.492535439109568e-07
0.9014000244140625 8.217024727260544e-07
0.9024000244140625 8.33589774616082e-07
0.9034000244140625 8.959042944036952e-07
0.9044000244140625 9.037660068000497e-07
0.9054000244140625 9.085030325766206e-07
0.9064000244140625 8.187173661745188e-07
0.9074000244140625 7.300190768466698e-07
0.9084000244140625 6.892240657528819e-07
0.9094000244140625 6.660215428078451e-07
0.9104000244140625 7.231402645192693e-07
0.9114000244140625 6.011154276536489e-07
0.9124000244140625 6.119858239731996e-07
0.9134000244140625 5.983896361484972e-07
0.9144000244140625 6.531831657779291e-07
0.9154000244140625 6.860134748422747e-07
0.9164000244140625 6.222726174328303e-07
0.9174000244140625 6.805273879165675e-07
0.9184000244140625 5.692606628985874e-07
0.9194000244140625 5.199944856818274e-07
0.9204000244140625 5.368980653625527e-07
0.9214000244140625 6.803621171758141e-07
0.9224000244140625 7.407148641142297e-07
0.9234000244140625 7.687440209186651e-07
0.9244000244140625 8.172564467074863e-07
0.9254000244140625 9.356396601454094e-07
0.9264000244140626 9.942366416891225e-07
0.9274000244140626 9.806014121464575e-07
0.9284000244140626 9.044512130374014e-07
0.9294000244140626 8.996534989472501e-07
0.9304000244140626 9.195615719000669e-07
0.9314000244140626 1.0533568868914707e-06
0.9324000244140624 1.0733828757620404e-06
0.9334000244140624 1.1225103353606316e-06
0.9344000244140624 1.1240842725196137e-06
0.9354000244140624 1.2437300208486746e-06
0.9364000244140624 1.2382704114392778e-06
0.9374000244140624 1.2992847418679703e-06
0.9384000244140625 1.299199366873828e-06
0.9394000244140625 1.3023054308275262e-06
0.9404000244140625 1.2644946699858739e-06
0.9414000244140625 1.258247998508308e-06
0.9424000244140625 1.3110813695479851e-06
0.9434000244140625 1.3010053110837087e-06
0.9444000244140625 1.2411850702540437e-06
0.9454000244140625 1.1245662802803369e-06
0.9464000244140625 1.1695605074750497e-06
0.9474000244140625 1.2981244800826217e-06
0.9484000244140625 1.2989533201927591e-06
0.9494000244140625 1.1975268061633889e-06
0.9504000244140625 1.1110222952122683e-06
0.9514000244140625 1.1493380787320321e-06
0.9524000244140625 1.1695539837458568e-06
0.9534000244140625 1.227553564480103e-06
0.9544000244140625 1.2228657346655055e-06
0.9554000244140625 1.272550758200938e-06
0.9564000244140625 1.2077051396256444e-06
0.9574000244140625 1.1745057474624636e-06
0.9584000244140625 1.0970309768368044e-06
0.9594000244140625 1.052271780621193e-06
0.9604000244140625 1.1103144807902794e-06
0.9614000244140625 9.967183359903217e-07
0.9624000244140625 9.069798215568726e-07
0.9634000244140625 8.496858409996187e-07
0.9644000244140625 9.196242250216889e-07
0.9654000244140625 9.583032610851756e-07
0.9664000244140625 9.315113371448943e-07
0.9674000244140625 9.504105759906481e-07
0.9684000244140625 9.477472072848519e-07
0.9694000244140625 9.143944191377901e-07
0.9704000244140625 9.587684189983946e-07
0.9714000244140625 9.420173492115558e-07
0.9724000244140625 9.390708265822181e-07
0.9734000244140625 9.16511550839472e-07
0.9744000244140625 9.769473380852508e-07
0.9754000244140625 1.0252700701254985e-06
0.9764000244140625 1.0080068725878109e-06
0.9774000244140625 1.0422862567704896e-06
0.9784000244140625 1.0957155414895885e-06
0.9794000244140625 1.1561934400075259e-06
0.9804000244140625 1.0442463906205815e-06
0.9814000244140625 1.0158321272970138e-06
0.9824000244140625 9.605790331639439e-07
0.9834000244140625 1.083152800263418e-06
0.9844000244140625 1.0501274305950058e-06
0.9854000244140625 1.0747218314702542e-06
0.9864000244140625 9.514784910328492e-07
0.9874000244140625 9.063093352085927e-07
0.9884000244140625 8.186923103680378e-07
0.9894000244140625 8.895385687940624e-07
0.9904000244140625 9.590059981540139e-07
0.9914000244140625 1.0363010486360215e-06
0.9924000244140625 9.752439643959252e-07
0.9934000244140625 9.25372726653411e-07
0.9944000244140625 9.109629658867141e-07
0.9954000244140625 8.836178417813695e-07
0.9964000244140625 8.545445686280503e-07
0.9974000244140625 3.661112801900622e-06
0.9984000244140625 6.117996258176609e-06
0.9994000244140625 8.918750035162601e-06
1.0004000244140625 8.918027419389952e-06
1.0014000244140624 9.44420572422031e-06
1.0024000244140625 9.184207754313118e-06
1.0034000244140624 9.01593438660105e-06
1.0044000244140625 7.90233180547754e-06
1.0054000244140624 8.277785964310169e-06
1.0064000244140625 7.952507973338167e-06
1.0074000244140624 8.491758360630936e-06
1.0084000244140625 8.157614825500382e-06
1.0094000244140624 8.496528866493867e-06
1.0104000244140625 8.759221527725458e-06
1.0114000244140624 8.641978104909262e-06
1.0124000244140625 8.6546414402417e-06
1.0134000244140624 8.816015906631947e-06
1.0144000244140625 9.197311139562064e-06
1.0154000244140624 8.573744562454522e-06
1.0164000244140625 7.897592925777038e-06
1.0174000244140624 7.699446804407571e-06
1.0184000244140625 7.522050873376429e-06
1.0194000244140624 7.813150037287009e-06
1.0204000244140625 7.447381633230382e-06
1.0214000244140624 7.83445022534579e-06
1.0224000244140625 7.945115923778051e-06
1.0234000244140624 7.981658111222917e-06
1.0244000244140625 7.973376713279221e-06
1.0254000244140624 7.225747427178755e-06
1.0264000244140625 6.665309095599999e-06
1.0274000244140624 6.386332582527151e-06
1.0284000244140625 6.986817235075351e-06
1.0294000244140624 7.544306184475621e-06
1.0304000244140625 7.898771501560179e-06
1.0314000244140624 8.162495861243871e-06
1.0324000244140625 7.837896442247761e-06
1.0334000244140624 7.374373575051626e-06
1.0344000244140625 6.8653131731682355e-06
1.0354000244140624 7.070077052857312e-06
1.0364000244140625 6.980812629788286e-06
1.0374000244140624 6.744515913952556e-06
1.0384000244140625 6.74211407183773e-06
1.0394000244140624 7.0025856580792195e-06
1.0404000244140625 7.075068553806179e-06
1.0414000244140624 7.0742539699292845e-06
1.0424000244140625 7.220230440402198e-06
1.0434000244140624 6.832821818534285e-06
1.0444000244140625 6.6926500100331995e-06
1.0454000244140624 6.312284353447872e-06
1.0464000244140625 6.7361310357227925e-06
1.0474000244140624 6.722446091266141e-06
1.0484000244140625 6.931771770016187e-06
1.0494000244140624 6.7461827226604025e-06
1.0504000244140625 6.743589053965277e-06
1.0514000244140624 6.519774453611009e-06
1.0524000244140626 6.878038143946064e-06
1.0534000244140624 6.552985869348049e-06
1.0544000244140626 6.953313519867758e-06
1.0554000244140624 6.407052149168319e-06
1.0564000244140626 6.165973156587117e-06
1.0574000244140624 5.2498700097203256e-06
1.0584000244140626 5.922828180094561e-06
1.0594000244140624 6.080830741363267e-06
1.0604000244140626 6.202734883926394e-06
1.0614000244140624 5.952614624725861e-06
1.0624000244140626 6.125053720703969e-06
1.0634000244140625 6.450506755047375e-06
1.0644000244140626 5.852372980573112e-06
1.0654000244140625 5.9733706681678685e-06
1.0664000244140626 5.924262093483574e-06
1.0674000244140625 6.421558662421173e-06
1.0684000244140626 6.314896292881005e-06
1.0694000244140625 6.442610239092675e-06
1.0704000244140626 5.944262633824515e-06
1.0714000244140625 6.105588723181023e-06
1.0724000244140626 5.980962370004919e-06
1.0734000244140625 6.047460580399881e-06
1.0744000244140626 5.5214414411845304e-06
1.0754000244140625 5.419197550509125e-06
1.0764000244140626 5.720380189207694e-06
1.0774000244140625 6.4788387519203955e-06
1.0784000244140626 6.649407959129247e-06
1.0794000244140625 6.088192555277297e-06
1.0804000244140626 5.567593454745495e-06
1.0814000244140625 5.4542124982819786e-06
1.0824000244140626 5.628672790610129e-06
1.0834000244140625 5.946484226216045e-06
1.0844000244140626 5.876754940901366e-06
1.0854000244140625 5.927508140707183e-06
1.0864000244140626 5.743286261955897e-06
1.0874000244140625 5.375489450266792e-06
1.0884000244140626 5.9613267916979055e-06
1.0894000244140625 5.314293117003722e-06
1.0904000244140626 5.721163696661177e-06
1.0914000244140625 5.107618247469266e-06
1.0924000244140626 5.617989194838124e-06
1.0934000244140625 5.794803566661559e-06
1.0944000244140626 6.138685663851599e-06
1.0954000244140625 5.914710345678031e-06
1.0964000244140626 5.3248010549901265e-06
1.0974000244140625 4.83047055442714e-06
1.0984000244140626 5.045377377731105e-06
1.0994000244140625 5.527617112319502e-06
1.1004000244140626 5.90555822580225e-06
1.1014000244140625 5.750207282188867e-06
1.1024000244140626 5.813432055422002e-06
1.1034000244140625 5.464725351581971e-06
1.1044000244140626 5.390573383515907e-06
1.1054000244140625 5.318764532502326e-06
1.1064000244140626 5.342831880423344e-06
1.1074000244140625 5.436172003909532e-06
1.1084000244140626 5.1763768553630355e-06
1.1094000244140625 5.244227811797625e-06
1.1104000244140626 5.06675123081853e-06
1.1114000244140625 5.510728806257248e-06
1.1124000244140626 5.2563582883319925e-06
1.1134000244140625 5.278207471645955e-06
1.1144000244140626 4.926261446800911e-06
1.1154000244140625 5.564314423180703e-06
1.1164000244140626 5.5965236970223485e-06
1.1174000244140625 5.313494443220812e-06
1.1184000244140626 4.892946550777802e-06
1.1194000244140625 4.710348859791541e-06
1.1204000244140624 5.01607806654647e-06
1.1214000244140625 5.061566965499272e-06
1.1224000244140624 5.102183850896027e-06
1.1234000244140625 4.9856151842201746e-06
1.1244000244140624 5.029635697913667e-06
1.1254000244140625 5.080961046688672e-06
1.1264000244140624 5.315025886779445e-06
1.1274000244140625 5.5035901863852305e-06
1.1284000244140624 5.245672299578372e-06
1.1294000244140625 4.871024640225288e-06
1.1304000244140624 4.703143139421526e-06
1.1314000244140625 5.104972838631107e-06
1.1324000244140624 5.112461545245929e-06
1.1334000244140625 5.072495906562026e-06
1.1344000244140624 4.813783743884415e-06
1.1354000244140625 5.027633807104495e-06
1.1364000244140624 4.805945920654468e-06
1.1374000244140625 5.108213711840412e-06
1.1384000244140624 4.982233028082798e-06
1.1394000244140625 4.91438459398018e-06
1.1404000244140624 4.654899562915994e-06
1.1414000244140625 4.7557163310961595e-06
1.1424000244140624 5.111732073904326e-06
1.1434000244140625 5.140000430401415e-06
1.1444000244140624 4.89766269715296e-06
1.1454000244140625 4.843594603395711e-06
1.1464000244140624 5.039701387027486e-06
1.1474000244140625 5.269652109644892e-06
1.1484000244140624 4.953178997513734e-06
1.1494000244140625 5.065625591669232e-06
1.1504000244140624 4.9494912511565625e-06
1.1514000244140625 4.827608613090383e-06
1.1524000244140624 4.432351593600793e-06
1.1534000244140625 4.270368242739804e-06
1.1544000244140624 4.370926439555155e-06
1.1554000244140625 4.350408109732801e-06
1.1564000244140624 4.311651799879555e-06
1.1574000244140625 4.795749814042615e-06
1.1584000244140624 5.246130523220119e-06
1.1594000244140625 5.266870721243323e-06
1.1604000244140624 5.063605300771693e-06
1.1614000244140625 5.06350641242332e-06
1.1624000244140624 5.349395926006966e-06
1.1634000244140625 5.099897583325704e-06
1.1644000244140624 4.706363963325405e-06
1.1654000244140625 4.337015141370811e-06
1.1664000244140624 4.940481837062786e-06
1.1674000244140625 5.112146318424493e-06
1.1684000244140624 5.393205178228932e-06
1.1694000244140625 4.91421747331818e-06
1.1704000244140624 4.618090331657893e-06
1.1714000244140625 4.619867217520045e-06
1.1724000244140624 4.541731840516957e-06
1.1734000244140625 4.691192847935276e-06
1.1744000244140624 4.324536486011412e-06
1.1754000244140625 4.424131604739362e-06
1.1764000244140624 4.575436727868186e-06
1.1774000244140626 4.8228328685379684e-06
1.1784000244140624 4.73672126342232e-06
1.1794000244140626 4.834151768591255e-06
1.1804000244140624 4.846575547061447e-06
1.1814000244140626 4.803365381020638e-06
1.1824000244140624 4.672527041596671e-06
1.1834000244140626 5.053664370077766e-06
1.1844000244140624 5.116616763795415e-06
1.1854000244140626 5.035245008507951e-06
1.1864000244140624 4.634481705983894e-06
1.1874000244140626 4.921366958620234e-06
1.1884000244140625 4.988287530270301e-06
1.1894000244140626 4.6219429350458086e-06
1.1904000244140625 4.4550151991037025e-06
1.1914000244140626 4.601561587252137e-06
1.1924000244140625 5.002470311915709e-06
1.1934000244140626 5.055410114841328e-06
1.1944000244140625 4.876391645262224e-06
1.1954000244140626 4.855978606630944e-06
1.1964000244140625 4.60004104146113e-06
1.1974000244140626 4.63647748498867e-06
1.1984000244140625 4.625136013297985e-06
1.1994000244140626 4.711475307380574e-06
1.2004000244140625 4.596894594012863e-06
1.2014000244140626 4.747787962615905e-06
1.2024000244140625 4.946609131164021e-06
1.2034000244140626 4.608053584686584e-06
1.2044000244140625 4.525139391060091e-06
1.2054000244140626 4.214113287162035e-06
1.2064000244140625 4.6826148496216365e-06
1.2074000244140626 4.83442469784576e-06
1.2084000244140625 5.191667749184288e-06
1.2094000244140626 4.770486169339469e-06
1.2104000244140625 4.2138541660582026e-06
1.2114000244140626 3.94740565550617e-06
1.2124000244140625 4.197856016819261e-06
1.2134000244140626 4.516837006020876e-06
1.2144000244140625 4.552000253978702e-06
1.2154000244140626 4.378219115703057e-06
1.2164000244140625 4.322744886546085e-06
1.2174000244140626 4.18733407665665e-06
1.2184000244140625 4.392148435322774e-06
1.2194000244140626 4.500698770344672e-06
1.2204000244140625 4.749446137187381e-06
1.2214000244140626 4.903833873363006e-06
1.2224000244140625 4.989705145514259e-06
1.2234000244140626 4.695560104058435e-06
1.2244000244140625 4.686534456494781e-06
1.2254000244140626 4.6873206156305965e-06
1.2264000244140625 4.911950123237653e-06
1.2274000244140626 4.9972054613236754e-06
1.2284000244140625 5.046040912727929e-06
1.2294000244140626 4.863958294865571e-06
1.2304000244140625 4.691514283573876e-06
1.2314000244140626 4.575636768196192e-06
1.2324000244140625 4.558401544474892e-06
1.2334000244140626 4.462533009548982e-06
1.2344000244140625 4.7566313555257185e-06
1.2354000244140626 4.939309567109578e-06
1.2364000244140625 5.070077766302145e-06
1.2374000244140626 4.7815102799278174e-06
1.2384000244140625 4.718632521366494e-06
1.2394000244140626 4.65017158098312e-06
1.2404000244140625 4.683982503289978e-06
1.2414000244140626 4.665335161714918e-06
1.2424000244140625 4.4633271237317885e-06
1.2434000244140626 4.487745496185703e-06
1.2444000244140625 4.575496358383033e-06
1.2454000244140624 4.894484106140832e-06
1.2464000244140625 5.021149473678735e-06
1.2474000244140624 5.091396677825187e-06
1.2484000244140625 4.988537014772495e-06
1.2494000244140624 4.9916486669745715e-06
1.2504000244140625 4.975639716980773e-06
1.2514000244140624 4.930670418414391e-06
1.2524000244140625 5.231180467591104e-06
1.2534000244140624 4.933193558827042e-06
1.2544000244140625 4.767627655787187e-06
1.2554000244140624 4.642589127696636e-06
1.2564000244140625 4.8251798661011785e-06
1.2574000244140624 4.924034745070255e-06
1.2584000244140625 4.687015866188126e-06
1.2594000244140624 4.830827044012646e-06
1.2604000244140625 5.073703456825266e-06
1.2614000244140624 5.026405269745737e-06
1.2624000244140625 5.109500101146599e-06
1.2634000244140624 5.363107937025941e-06
1.2644000244140625 5.145151517353951e-06
1.2654000244140624 4.954942883664948e-06
1.2664000244140625 4.818332931285517e-06
1.2674000244140624 4.553030820615176e-06
1.2684000244140625 4.74006251250911e-06
1.2694000244140624 4.554430294471482e-06
1.2704000244140625 4.83481637072853e-06
1.2714000244140624 4.748218828657021e-06
1.2724000244140625 4.847108761573004e-06
1.2734000244140624 5.00337615246988e-06
1.2744000244140625 5.14766149636772e-06
1.2754000244140624 5.128243873413237e-06
1.2764000244140625 5.397381545561882e-06
1.2774000244140624 5.264486018050875e-06
1.2784000244140625 4.9723416709134145e-06
1.2794000244140624 4.696617607906874e-06
1.2804000244140625 4.470660060178488e-06
1.2814000244140624 4.572206914114456e-06
1.2824000244140625 4.776596712569396e-06
1.2834000244140624 5.139036543874277e-06
1.2844000244140625 5.114340488540216e-06
1.2854000244140624 4.478763633718093e-06
1.2864000244140625 4.169873977338688e-06
1.2874000244140624 4.4640231256683665e-06
1.2884000244140625 5.125472768365095e-06
1.2894000244140624 5.062993408905136e-06
1.2904000244140625 4.6290424587722456e-06
1.2914000244140624 4.613767475044976e-06
1.2924000244140625 4.778892131677518e-06
1.2934000244140624 5.133205979493343e-06
1.2944000244140625 5.137859487957838e-06
1.2954000244140624 5.116392955339203e-06
1.2964000244140625 5.313606104916996e-06
1.2974000244140624 5.204064558104923e-06
1.2984000244140625 5.392345386402061e-06
1.2994000244140624 5.253322694140176e-06
1.3004000244140625 5.1408914603396426e-06
1.3014000244140624 5.33840007847175e-06
1.3024000244140626 5.001499860857924e-06
1.3034000244140624 5.3344914663789995e-06
1.3044000244140626 5.069020812192726e-06
1.3054000244140624 5.386455611894942e-06
1.3064000244140626 5.315951517938325e-06
1.3074000244140624 5.627156901431993e-06
1.3084000244140626 5.56030149002456e-06
1.3094000244140624 5.8103039110493325e-06
1.3104000244140626 5.639417827801985e-06
1.3114000244140624 5.789108335092249e-06
1.3124000244140626 5.287959001078788e-06
1.3134000244140625 5.17167720115847e-06
1.3144000244140626 5.043408341912759e-06
1.3154000244140625 5.156648403499275e-06
1.3164000244140626 5.313986686006603e-06
1.3174000244140625 5.695619976096269e-06
1.3184000244140626 5.5908352563468124e-06
1.3194000244140625 5.425776633071817e-06
1.3204000244140626 5.193987324471689e-06
1.3214000244140625 5.339933235922622e-06
1.3224000244140626 4.885877521398167e-06
1.3234000244140625 4.9812062772818736e-06
1.3244000244140626 4.802444697512935e-06
1.3254000244140625 5.592496373638925e-06
1.3264000244140626 5.436903092130605e-06
1.3274000244140625 5.298731880935116e-06
1.3284000244140626 5.056378366943036e-06
1.3294000244140625 5.221478382332458e-06
1.3304000244140626 5.431112561685344e-06
1.3314000244140625 5.611966189462692e-06
1.3324000244140626 5.162637777781735e-06
1.3334000244140625 5.309747842450937e-06
1.3344000244140626 5.04800267258866e-06
1.3354000244140625 5.392903177481559e-06
1.3364000244140626 5.197978009366327e-06
1.3374000244140625 5.156683166407876e-06
1.3384000244140626 5.265422514639795e-06
1.3394000244140625 5.4219272634428416e-06
1.3404000244140626 5.751828915284326e-06
1.3414000244140625 5.644309211574081e-06
1.3424000244140626 5.858755353579503e-06
1.3434000244140625 5.924370359732873e-06
1.3444000244140626 6.1422567038486396e-06
1.3454000244140625 6.030860951998168e-06
1.3464000244140626 5.71329916258239e-06
1.3474000244140625 5.943750600434012e-06
1.3484000244140626 6.044524682996174e-06
1.3494000244140625 6.198760206138509e-06
1.3504000244140626 5.747930036805985e-06
1.3514000244140625 5.898628377407375e-06
1.3524000244140626 5.976116905609766e-06
1.3534000244140625 6.2899946674911505e-06
1.3544000244140626 5.9900286982560334e-06
1.3554000244140625 6.060426789594608e-06
1.3564000244140626 6.080573301814083e-06
1.3574000244140625 6.2568571754834715e-06
1.3584000244140626 6.755417820790576e-06
1.3594000244140625 7.082913394293022e-06
1.3604000244140626 7.499302608064478e-06
1.3614000244140625 7.380499931362769e-06
1.3624000244140626 7.382246613916423e-06
1.3634000244140625 6.724740701934529e-06
1.3644000244140626 6.543599560649859e-06
1.3654000244140625 6.198091497127381e-06
1.3664000244140626 6.487990419069926e-06
1.3674000244140625 6.054655079626375e-06
1.3684000244140626 6.242444117863973e-06
1.3694000244140625 6.583895883522928e-06
1.3704000244140624 7.018779352721241e-06
1.3714000244140625 7.045362468084526e-06
1.3724000244140624 6.82437960575852e-06
1.3734000244140625 6.993712870300644e-06
1.3744000244140624 6.673060512791077e-06
1.3754000244140625 7.328250212594867e-06
1.3764000244140624 7.093311740188962e-06
1.3774000244140625 7.378793670795858e-06
1.3784000244140624 6.672591941120723e-06
1.3794000244140625 7.1557794257791496e-06
1.3804000244140624 7.17605748731229e-06
1.3814000244140625 7.1901700640511185e-06
1.3824000244140624 7.027321585661009e-06
1.3834000244140625 7.034142682742742e-06
1.3844000244140624 7.556659790376822e-06
1.3854000244140625 7.407646108832623e-06
1.3864000244140624 7.256419048644602e-06
1.3874000244140625 6.4000214074945274e-06
1.3884000244140624 6.5109335830331674e-06
1.3894000244140625 6.141567298780299e-06
1.3904000244140624 6.536534702819254e-06
1.3914000244140625 6.438170158718195e-06
1.3924000244140624 7.142581032692558e-06
1.3934000244140625 7.202031039115455e-06
1.3944000244140624 6.664162307667235e-06
1.3954000244140625 6.136532303773695e-06
1.3964000244140624 6.00662916743507e-06
1.3974000244140625 6.35957500586907e-06
1.3984000244140624 6.5021106274798514e-06
1.3994000244140625 6.605412992131379e-06
1.4004000244140624 6.6392950247973204e-06
1.4014000244140625 7.061841121564308e-06
1.4024000244140624 7.33385198853082e-06
1.4034000244140625 7.293305114015108e-06
1.4044000244140624 6.522941209065417e-06
1.4054000244140625 6.102350113602976e-06
1.4064000244140624 5.941106485099428e-06
1.4074000244140625 6.243006856594648e-06
1.4084000244140624 6.27311787361072e-06
1.4094000244140625 6.1181470906982815e-06
1.4104000244140624 5.9759244969528584e-06
1.4114000244140625 5.550612113438546e-06
1.4124000244140624 5.370011494960636e-06
1.4134000244140625 5.70986209721822e-06
1.4144000244140624 5.918945599761274e-06
1.4154000244140625 6.416671967599541e-06
1.4164000244140624 6.055114499758929e-06
1.4174000244140625 6.224391011831662e-06
1.4184000244140624 5.9785664133313625e-06
1.4194000244140625 6.241146669102212e-06
1.4204000244140624 6.003870577034023e-06
1.4214000244140625 5.9886014787480235e-06
1.4224000244140624 5.868566998591026e-06
1.4234000244140625 5.986735470489495e-06
1.4244000244140624 5.710436380468309e-06
1.4254000244140625 5.535781318839225e-06
1.4264000244140624 5.441884600764347e-06
1.4274000244140626 5.740164391075572e-06
1.4284000244140624 5.837692491089304e-06
1.4294000244140626 6.332891126577225e-06
1.4304000244140624 6.468818755820394e-06
1.4314000244140626 6.64427831199848e-06
1.4324000244140624 6.3425964779324e-06
1.4334000244140626 6.271043158550229e-06
1.4344000244140624 5.902152754262918e-06
1.4354000244140626 5.89024243203716e-06
1.4364000244140624 6.064704567607905e-06
1.4374000244140626 6.616030198832353e-06
1.4384000244140625 6.306291389692988e-06
1.4394000244140626 5.943613327367023e-06
1.4404000244140625 5.665626732580777e-06
1.4414000244140626 6.057422110138254e-06
1.4424000244140625 5.961213674810197e-06
1.4434000244140626 5.745279744991824e-06
1.4444000244140625 5.842870515253808e-06
1.4454000244140626 5.838733276404026e-06
1.4464000244140625 5.960877590243601e-06
1.4474000244140626 5.802684560573349e-06
1.4484000244140625 6.0399762070220385e-06
1.4494000244140626 5.672380826177283e-06
1.4504000244140625 5.4921562615264625e-06
1.4514000244140626 5.527719848841014e-06
1.4524000244140625 6.0085003497079015e-06
1.4534000244140626 6.320079232359099e-06
1.4544000244140625 6.393846253760987e-06
1.4554000244140626 6.140024149014304e-06
1.4564000244140625 5.875846545677632e-06
1.4574000244140626 5.735694139730186e-06
1.4584000244140625 6.00640739624699e-06
1.4594000244140626 6.3891762531258995e-06
1.4604000244140625 6.19612220260832e-06
1.4614000244140626 5.739464540965855e-06
1.4624000244140625 4.992015633939041e-06
1.4634000244140626 5.355378509395652e-06
1.4644000244140625 6.053451733249758e-06
1.4654000244140626 6.635396922421125e-06
1.4664000244140625 6.2734055164684025e-06
1.4674000244140626 6.4348817815900684e-06
1.4684000244140625 6.513613269716088e-06
1.4694000244140626 6.972377886995673e-06
1.4704000244140625 6.559995947302217e-06
1.4714000244140626 6.670045355955759e-06
1.4724000244140625 6.723173040275773e-06
1.4734000244140626 6.533680587179131e-06
1.4744000244140625 6.392807247013681e-06
1.4754000244140626 6.391755499256155e-06
1.4764000244140625 6.59939787712776e-06
1.4774000244140626 6.385178227598468e-06
1.4784000244140625 6.335298336731891e-06
1.4794000244140626 5.989909016837676e-06
1.4804000244140625 6.595852254475984e-06
1.4814000244140626 6.168509329048296e-06
1.4824000244140625 6.1196917279933894e-06
1.4834000244140626 5.7303223810676066e-06
1.4844000244140625 6.2563879570613305e-06
1.4854000244140626 6.698790627221266e-06
1.4864000244140625 7.250093363432422e-06
1.4874000244140626 7.284691415002778e-06
1.4884000244140625 7.606445126132006e-06
1.4894000244140626 7.238193518585629e-06
1.4904000244140625 7.100295042619109e-06
1.4914000244140626 6.617852680695554e-06
1.4924000244140625 6.591606975740028e-06
1.4934000244140626 7.111145597365167e-06
1.4944000244140625 7.206551898788247e-06
1.4954000244140624 7.254010933037433e-06
1.4964000244140625 7.178652902237243e-06
1.4974000244140624 7.319706621476346e-06
1.4984000244140625 7.487959163780841e-06
1.4994000244140624 7.173321662574178e-06
1.5004000244140625 7.401458505127165e-06
1.5014000244140624 6.9467288752396906e-06
1.5024000244140625 6.896660068175859e-06
1.5034000244140624 6.846391156108844e-06
1.5044000244140625 7.0629471317968434e-06
1.5054000244140624 7.2002690285444256e-06
1.5064000244140625 7.2648304436976704e-06
1.5074000244140624 7.121053382029963e-06
1.5084000244140625 6.986701498842901e-06
1.5094000244140624 6.996819348488416e-06
1.5104000244140625 7.339305011555553e-06
1.5114000244140624 7.298518644852772e-06
1.5124000244140625 7.361189475179547e-06
1.5134000244140624 7.233675181244811e-06
1.5144000244140625 7.868388848793174e-06
1.5154000244140624 7.850361548157201e-06
1.5164000244140625 8.019646565015944e-06
1.5174000244140624 7.582242251373827e-06
1.5184000244140625 7.3820078331563205e-06
1.5194000244140624 7.4493553256615995e-06
1.5204000244140625 7.021215666706363e-06
1.5214000244140624 7.230550982058048e-06
1.5224000244140625 6.9379256132783144e-06
1.5234000244140624 7.916347046072285e-06
1.5244000244140625 7.889192848880257e-06
1.5254000244140624 7.658653776161373e-06
1.5264000244140625 7.11275368101067e-06
1.5274000244140624 7.541017516309189e-06
1.5284000244140625 8.121139576865566e-06
1.5294000244140624 8.809597024487122e-06
1.5304000244140625 8.558135725454323e-06
1.5314000244140624 8.223723012229635e-06
1.5324000244140625 7.584888824365205e-06
1.5334000244140624 7.904802203281886e-06
1.5344000244140625 8.068077343826493e-06
1.5354000244140624 8.228897802635199e-06
1.5364000244140625 7.5652392762195736e-06
1.5374000244140624 7.688842209366461e-06
1.5384000244140625 7.4220208787462775e-06
1.5394000244140624 7.751091292852329e-06
1.5404000244140625 7.3064555827942165e-06
1.5414000244140624 7.015192014579145e-06
1.5424000244140625 6.873709822280538e-06
1.5434000244140624 7.311695501104825e-06
1.5444000244140625 7.666024094861413e-06
1.5454000244140624 7.3659365686277545e-06
1.5464000244140625 6.940043402007884e-06
1.5474000244140624 6.923038939324518e-06
1.5484000244140625 7.588121548501983e-06
1.5494000244140624 7.664498278043336e-06
1.5504000244140625 7.84486137692713e-06
1.5514000244140624 7.271614869953029e-06
1.5524000244140626 7.573501530310345e-06
1.5534000244140624 7.89853789481438e-06
1.5544000244140626 8.651316101248894e-06
1.5554000244140624 8.920263046295279e-06
1.5564000244140626 8.70704133477476e-06
1.5574000244140624 8.203558390960097e-06
1.5584000244140626 7.994920791437228e-06
1.5594000244140624 8.02407610333628e-06
1.5604000244140626 8.00919389196982e-06
1.5614000244140624 8.556770691130725e-06
1.5624000244140626 8.17147018905315e-06
1.5634000244140625 8.693917964895567e-06
1.5644000244140626 8.808506148246428e-06
1.5654000244140625 9.616521096581384e-06
1.5664000244140626 9.332391135911974e-06
1.5674000244140625 8.99980763076908e-06
1.5684000244140626 8.879828835941023e-06
1.5694000244140625 9.108785953786638e-06
1.5704000244140626 9.398200135264132e-06
1.5714000244140625 9.071666605046226e-06
1.5724000244140626 8.969567716121674e-06
1.5734000244140625 8.880625246092678e-06
1.5744000244140626 9.133217455301848e-06
1.5754000244140625 9.146368118106491e-06
1.5764000244140626 8.85433252228217e-06
1.5774000244140625 8.83971224538982e-06
1.5784000244140626 9.187047382713193e-06
1.5794000244140625 8.807700036817953e-06
1.5804000244140626 8.797619375400246e-06
1.5814000244140625 8.490309636625979e-06
1.5824000244140626 8.983787459631761e-06
1.5834000244140625 9.280682683715391e-06
1.5844000244140626 9.545400066094267e-06
1.5854000244140625 9.912836766387855e-06
1.5864000244140626 9.817035752348604e-06
1.5874000244140625 9.376512672234741e-06
1.5884000244140626 8.758155551428597e-06
1.5894000244140625 8.93992229571773e-06
1.5904000244140626 9.619563675692513e-06
1.5914000244140625 1.045544618844158e-05
1.5924000244140626 9.87961920650883e-06
1.5934000244140625 9.194544012037417e-06
1.5944000244140626 8.686643947536746e-06
1.5954000244140625 8.615771528436905e-06
1.5964000244140626 8.746244970502124e-06
1.5974000244140625 8.476942117946843e-06
1.5984000244140626 8.763084511479568e-06
1.5994000244140625 9.212413181861242e-06
1.6004000244140626 9.451427160658772e-06
1.6014000244140625 9.893530255390538e-06
1.6024000244140626 9.651132277213037e-06
1.6034000244140625 1.0425479138373499e-05
1.6044000244140626 1.0451286474967169e-05
1.6054000244140625 1.0369276472677787e-05
1.6064000244140626 9.643457144395345e-06
1.6074000244140625 9.885446310767697e-06
1.6084000244140626 1.018094099385457e-05
1.6094000244140625 9.812694624997675e-06
1.6104000244140626 8.850717179787655e-06
1.6114000244140625 9.34192076480637e-06
1.6124000244140626 9.758709671182765e-06
1.6134000244140625 1.0292038334430091e-05
1.6144000244140626 9.750988295612236e-06
1.6154000244140625 9.825191745120617e-06
1.6164000244140626 9.650153030330936e-06
1.6174000244140625 1.0426778656740983e-05
1.6184000244140626 1.1304218593674402e-05
1.6194000244140625 1.1477665781664353e-05
1.6204000244140624 1.0722100269049406e-05
1.6214000244140625 9.822567485065924e-06
1.6224000244140624 1.0137861245311797e-05
1.6234000244140625 1.0682424504516854e-05
1.6244000244140624 1.0692821815609932e-05
1.6254000244140625 1.070658391755488e-05
1.6264000244140624 1.0958695008109014e-05
1.6274000244140625 1.1181835369724368e-05
1.6284000244140624 1.1364510412224466e-05
1.6294000244140625 1.0914988169032669e-05
1.6304000244140624 1.111994989009367e-05
1.6314000244140625 1.1632841132167315e-05
1.6324000244140624 1.189474223388566e-05
1.6334000244140625 1.2218582236932384e-05
1.6344000244140624 1.254069657685856e-05
1.6354000244140625 1.1993697327044273e-05
1.6364000244140624 1.2086358490503495e-05
1.6374000244140625 1.2013531781526075e-05
1.6384000244140624 1.3064905457819502e-05
1.6394000244140625 1.3346264345778359e-05
1.6404000244140624 1.3204667743088473e-05
1.6414000244140625 1.4072343344903656e-05
1.6424000244140624 1.4622396556660532e-05
1.6434000244140625 1.556484662513766e-05
1.6444000244140624 1.6244108814539182e-05
1.6454000244140625 1.7027915584751304e-05
1.6464000244140624 1.793801655165023e-05
1.6474000244140625 1.7598604317754505e-05
1.6484000244140624 1.8553053442802694e-05
1.6494000244140625 1.9029783240209025e-05
1.6504000244140624 1.942868654926618e-05
1.6514000244140625 1.8999634000162285e-05
1.6524000244140624 1.8813164335572058e-05
1.6534000244140625 2.0040765456441377e-05
1.6544000244140624 2.0731539051565858e-05
1.6554000244140625 2.1668243635859754e-05
1.6564000244140624 2.1814565795163313e-05
1.6574000244140625 2.3438066709786653e-05
1.6584000244140624 2.487342080308331e-05
1.6594000244140625 2.6073259715404777e-05
1.6604000244140624 2.7093730815168886e-05
1.6614000244140625 2.8137891139421202e-05
1.6624000244140624 3.0322826674415007e-05
1.6634000244140625 3.257596891166435e-05
1.6644000244140624 3.516841084799833e-05
1.6654000244140625 3.7549692982186875e-05
1.6664000244140624 3.937209102635582e-05
1.6674000244140625 4.150596136848132e-05
1.6684000244140624 4.4780158334308204e-05
1.6694000244140625 4.776995836032762e-05
1.6704000244140624 5.146191351943546e-05
1.6714000244140625 5.463944644563728e-05
1.6724000244140624 5.931720396296845e-05
1.6734000244140625 6.321173316488663e-05
1.6744000244140624 6.853082579457097e-05
1.6754000244140625 7.3917453798155e-05
1.6764000244140624 7.960286664052142e-05
1.6774000244140626 8.527338090870114e-05
1.6784000244140624 9.135092298189798e-05
1.6794000244140626 9.830212530990442e-05
1.6804000244140624 0.00010516491408149401
1.6814000244140626 0.00011379369948473242
1.6824000244140624 0.00012284272246890598
1.6834000244140626 0.0001328138882915179
1.6844000244140624 0.00014257059949967596
1.6854000244140626 0.0001541783112204737
1.6864000244140624 0.0001660745352920559
1.6874000244140626 0.0001796850251654784
1.6884000244140625 0.0001937409014337593
1.6894000244140626 0.00020913422107696534
1.6904000244140625 0.00022634785415397748
1.6914000244140626 0.00024584488736258613
1.6924000244140625 0.0002697975333366129
1.6934000244140626 0.0002959582313067383
1.6944000244140625 0.00032602812267012066
1.6954000244140626 0.0003587021678686142
1.6964000244140625 0.00039579721788565313
1.6974000244140626 0.0004390809850560293
1.6984000244140625 0.0004879570835166507
1.6994000244140626 0.0005436812341213227
1.7004000244140625 0.0006089788013034398
1.7014000244140626 0.0006827930154071914
1.7024000244140625 0.0007685623731878068
1.7034000244140626 0.0008666849550273682
1.7044000244140625 0.0009790224995878006
1.7054000244140626 0.001106248382065031
1.7064000244140625 0.0012499291035864086
1.7074000244140626 0.0014144759956333372
1.7084000244140625 0.0016003185676203835
1.7094000244140626 0.0018108395900991228
1.7104000244140625 0.0020509356922573515
1.7114000244140626 0.0023186375697453816
1.7124000244140625 0.0026221020188596515
1.7134000244140626 0.0029641868008507626
1.7144000244140625 0.0033484111229578656
1.7154000244140626 0.0037826467553774517
1.7164000244140625 0.004278793864780002
1.7174000244140626 0.00484180725283093
1.7184000244140625 0.005477344228161706
1.7194000244140626 0.006205958194202847
1.7204000244140625 0.007042696475982666
1.7214000244140626 0.008011405269304911
1.7224000244140625 0.009132367372512818
1.7234000244140626 0.01044536822372013
1.7244000244140625 0.011970337629318237
1.7254000244140626 0.013780517710579764
1.7264000244140625 0.015919196605682372
1.7274000244140626 0.018478065729141235
1.7284000244140625 0.021549377971225313
1.7294000244140626 0.025218019220564103
1.7304000244140625 0.029580750200483535
1.7314000244140626 0.034718955887688537
1.7324000244140625 0.04090322812398275
1.7334000244140626 0.0476338193151686
1.7344000244140625 0.0545240068435669
1.7354000244140626 0.060488833851284445
1.7364000244140625 0.06642434597015381
1.7374000244140626 0.07216311666700576
1.7384000244140625 0.0790588649113973
1.7394000244140626 0.08662642690870498
1.7404000244140625 0.09575981034172906
1.7414000244140626 0.10677504221598307
1.7424000244140625 0.1191368442111545
1.7434000244140626 0.13345988909403483
1.7444000244140625 0.1487889024946425
1.7454000244140624 0.16727388911777072
1.7464000244140625 0.18787460962931316
1.7474000244140624 0.21294997533162432
1.7484000244140625 0.24250824398464627
1.7494000244140624 0.27756905873616533
1.7504000244140625 0.3170469792683919
1.7514000244140624 0.3606045574612088
1.7524000244140625 0.4058075544569227
1.7534000244140624 0.4529734336005316
1.7544000244140625 0.5000288899739583
1.7554000244140624 0.547214567396376
1.7564000244140625 0.5911118359035916
1.7574000244140624 0.6317602157592773
1.7584000244140625 0.6678999074300129
1.7594000244140624 0.7002509901258679
1.7604000244140625 0.7278674485948351
1.7614000244140624 0.7539532470703125
1.7624000244140625 0.7789571380615234
1.7634000244140624 0.8021635267469617
1.7644000244140625 0.8248054165310329
1.7654000244140624 0.8464503987630208
1.7664000244140625 0.8677110205756294
1.7674000244140624 0.8863306596544055
1.7684000244140625 0.9035857306586372
1.7694000244140624 0.9200540754530165
1.7704000244140625 0.9355179511176215
1.7714000244140624 0.9484999084472656
1.7724000244140625 0.9604614851209853
1.7734000244140624 0.968615493774414
1.7744000244140625 0.9749932607014974
1.7754000244140624 0.9791921912299263
1.7764000244140625 0.982106925116645
1.7774000244140624 0.9840222761366103
1.7784000244140625 0.9838860575358074
1.7794000244140624 0.984987284342448
1.7804000244140625 0.9853272925482855
1.7814000244140624 0.985481940375434
1.7824000244140625 0.9841233486599391
1.7834000244140624 0.9840467156304255
1.7844000244140625 0.983795360989041
1.7854000244140624 0.984094941880968
1.7864000244140625 0.9833383433024089
1.7874000244140624 0.9837459479437933
1.7884000244140625 0.9860335964626735
1.7894000244140624 0.9864553409152562
1.7904000244140625 0.987694829305013
1.7914000244140624 0.9869063737657336
1.7924000244140625 0.986884256998698
1.7934000244140624 0.9851091935899522
1.7944000244140625 0.9833875105116101
1.7954000244140624 0.9816993882921007
1.7964000244140625 0.9788781399197047
1.7974000244140624 0.9756782955593531
1.7984000244140625 0.9726203240288628
1.7994000244140624 0.969720933702257
1.8004000244140625 0.9663889821370443
1.8014000244140624 0.9641132863362629
1.8024000244140626 0.9615069749620225
1.8034000244140624 0.9592436218261718
1.8044000244140626 0.954694078233507
1.8054000244140624 0.9522867329915364
1.8064000244140626 0.9502342987060547
1.8074000244140624 0.9497173987494576
1.8084000244140626 0.9490416039360895
1.8094000244140624 0.9474600897894965
1.8104000244140626 0.946134033203125
1.8114000244140624 0.945460671318902
1.8124000244140626 0.9475143093532988
1.8134000244140625 0.9484906344943578
1.8144000244140626 0.9504444715711806
1.8154000244140625 0.9505204349093969
1.8164000244140626 0.9530013699001738
1.8174000244140625 0.954970898098416
1.8184000244140626 0.9574599032931859
1.8194000244140625 0.9585409969753688
1.8204000244140626 0.9599736107720268
1.8214000244140625 0.9621327633327907
1.8224000244140626 0.9652001444498698
1.8234000244140625 0.9661867607964411
1.8244000244140626 0.968308588663737
1.8254000244140625 0.9710556454128688
1.8264000244140626 0.9737595621744792
1.8274000244140625 0.9749423133002386
1.8284000244140626 0.9754001786973742
1.8294000244140625 0.9766571299235026
1.8304000244140626 0.9782913462320963
1.8314000244140625 0.979959445529514
1.8324000244140626 0.9818578253851997
1.8334000244140625 0.9819224972195097
1.8344000244140626 0.981473812527127
1.8354000244140625 0.9810933346218534
1.8364000244140626 0.9829606458875868
1.8374000244140625 0.9837710656060114
1.8384000244140626 0.9843376922607422
1.8394000244140625 0.9834748840332032
1.8404000244140626 0.9843596394856771
1.8414000244140625 0.9832972378200954
1.8424000244140626 0.9824237484402125
1.8434000244140625 0.9825819312201606
1.8444000244140626 0.9821933831108942
1.8454000244140625 0.9811686791314019
1.8464000244140626 0.9786451975504558
1.8474000244140625 0.977817899915907
1.8484000244140626 0.9767453511555989
1.8494000244140625 0.9747294277615016
1.8504000244140626 0.9735224490695531
1.8514000244140625 0.9725473192003039
1.8524000244140626 0.9723092227511937
1.8534000244140625 0.971091071234809
1.8544000244140626 0.9686350928412543
1.8554000244140625 0.9665607452392578
1.8564000244140626 0.9656490580240886
1.8574000244140625 0.966645516289605
1.8584000244140626 0.9662561628553603
1.8594000244140625 0.9642543623182509
1.8604000244140626 0.9631823560926649
1.8614000244140625 0.9619647725423177
1.8624000244140626 0.9602787695990669
1.8634000244140625 0.9582901509602864
1.8644000244140626 0.9584031762017144
1.8654000244140625 0.9586082373725042
1.8664000244140626 0.9589678107367621
1.8674000244140625 0.9585466088189019
1.8684000244140626 0.9602334594726563
1.8694000244140625 0.9615055847167969
1.8704000244140624 0.9632975090874567
1.8714000244140625 0.9658668348524305
1.8724000244140624 0.9674638960096571
1.8734000244140625 0.9699510108100042
1.8744000244140624 0.9715115949842663
1.8754000244140625 0.9731556193033855
1.8764000244140624 0.9746817864312066
1.8774000244140625 0.9738856082492405
1.8784000244140624 0.974991955227322
1.8794000244140625 0.9759235721164278
1.8804000244140624 0.9777451154920789
1.8814000244140625 0.9795430670844183
1.8824000244140624 0.9797961849636501
1.8834000244140625 0.981738552517361
1.8844000244140624 0.9821501074896918
1.8854000244140625 0.9834093221028646
1.8864000244140624 0.9849253336588543
1.8874000244140625 0.9857144927978516
1.8884000244140624 0.9869226837158203
1.8894000244140625 0.9878470950656468
1.8904000244140624 0.9881824239095052
1.8914000244140625 0.9871436309814453
1.8924000244140624 0.986051279703776
1.8934000244140625 0.9861009640163847
1.8944000244140624 0.9867329745822484
1.8954000244140625 0.987750006781684
1.8964000244140624 0.9888822258843315
1.8974000244140625 0.9899284447564018
1.8984000244140624 0.9902079688178168
1.8994000244140625 0.9912749565972221
1.9004000244140624 0.9907335578070746
1.9014000244140625 0.991795688205295
1.9024000244140624 0.9919208526611328
1.9034000244140625 0.9937693193223741
1.9044000244140624 0.9930537499321832
1.9054000244140625 0.9937285274929469
1.9064000244140624 0.9932416703965928
1.9074000244140625 0.9937321387396918
1.9084000244140624 0.9945176696777344
1.9094000244140625 0.993469704522027
1.9104000244140624 0.993394020928277
1.9114000244140625 0.992732645670573
1.9124000244140624 0.9946663241916234
1.9134000244140625 0.9962091912163629
1.9144000244140624 0.9965587192111546
1.9154000244140625 0.9957607608371312
1.9164000244140624 0.9941407436794704
1.9174000244140625 0.9954234483506944
1.9184000244140624 0.995375756157769
1.9194000244140625 0.9949751620822481
1.9204000244140624 0.9924989912245007
1.9214000244140625 0.9927449459499782
1.9224000244140624 0.9925440639919704
1.9234000244140625 0.9908075714111328
1.9244000244140624 0.9902181159125434
1.9254000244140625 0.9886905331081813
1.9264000244140624 0.9875877126057943
1.9274000244140626 0.9857776387532552
1.9284000244140624 0.9856033918592665
1.9294000244140626 0.984955579969618
1.9304000244140624 0.9843499247233073
1.9314000244140626 0.9831725056966145
1.9324000244140624 0.9832752905951605
1.9334000244140626 0.9819010416666667
1.9344000244140624 0.9808819495307074
1.9354000244140626 0.9795590464274089
1.9364000244140624 0.9793622080485026
1.9374000244140626 0.9775977664523655
1.9384000244140625 0.9769406127929687
1.9394000244140626 0.9757399156358507
1.9404000244140625 0.975731472439236
1.9414000244140626 0.9749506208631726
1.9424000244140625 0.9747000376383465
1.9434000244140626 0.9761672973632812
1.9444000244140625 0.9771306694878473
1.9454000244140626 0.9783881462944879
1.9464000244140625 0.9781156412760417
1.9474000244140626 0.9789307827419704
1.9484000244140625 0.9795793830023871
1.9494000244140626 0.9796302964952257
1.9504000244140625 0.9802145216200087
1.9514000244140626 0.980464604695638
1.9524000244140625 0.9821938069661458
1.9534000244140626 0.9828488328721788
1.9544000244140625 0.9827255164252386
1.9554000244140626 0.9833494567871094
1.9564000244140625 0.9836773427327473
1.9574000244140626 0.9848475901285808
1.9584000244140625 0.9850318908691407
1.9594000244140626 0.9839857398139106
1.9604000244140625 0.9844587283664278
1.9614000244140626 0.9840917544894746
1.9624000244140625 0.9857392459445528
1.9634000244140626 0.9843223910861544
1.9644000244140625 0.9846394687228731
1.9654000244140626 0.9837376403808594
1.9664000244140625 0.9828737216525609
1.9674000244140626 0.9820727878146702
1.9684000244140625 0.9820384894476996
1.9694000244140626 0.982058147854275
1.9704000244140625 0.9811963992648652
1.9714000244140626 0.9810970306396485
1.9724000244140625 0.98155884636773
1.9734000244140626 0.980644768608941
1.9744000244140625 0.9790957387288411
1.9754000244140626 0.9790399000379773
1.9764000244140625 0.9802983262803819
1.9774000244140626 0.9812523990207247
1.9784000244140625 0.9810846710205078
1.9794000244140626 0.9808612993028428
1.9804000244140625 0.9812261115180121
1.9814000244140626 0.9819342634412976
1.9824000244140625 0.982403344048394
1.9834000244140626 0.9816080305311413
1.9844000244140625 0.9822120751274955
1.9854000244140626 0.9821293216281465
1.9864000244140625 0.9822872500949434
1.9874000244140626 0.9835002644856771
1.9884000244140625 0.9845577239990234
1.9894000244140626 0.9864569939507377
1.9904000244140625 0.986340832180447
1.9914000244140626 0.9874492221408421
1.9924000244140625 0.9878033108181425
1.9934000244140626 0.9883241780598958
1.9944000244140625 0.9874798414442274
1.9954000244140624 0.9878674655490453
1.9964000244140625 0.9869488440619574
1.9974000244140624 0.9874786885579426
1.9984000244140625 0.9879502105712891
1.9994000244140624 0.9875710635715061
2.0004000244140623 0.9866052924262153
2.0014000244140626 0.9859602186414931
2.0024000244140625 0.9873773193359375
2.0034000244140624 0.9896293640136719
2.0044000244140623 0.9892588043212891
2.0054000244140626 0.9884056854248047
2.0064000244140625 0.9866821967230902
2.0074000244140624 0.9861581251356335
2.0084000244140623 0.9846928236219616
2.0094000244140626 0.9845851474338105
2.0104000244140625 0.9855345831976996
2.0114000244140624 0.9857244788275824
2.0124000244140623 0.9852112579345703
2.0134000244140626 0.98489013671875
2.0144000244140625 0.98649287753635
2.0154000244140624 0.9876794857449
2.0164000244140623 0.9881042989095051
2.0174000244140626 0.9886479102240667
2.0184000244140625 0.9910181003146703
2.0194000244140624 0.9893614451090496
2.0204000244140623 0.9891980489095051
2.0214000244140626 0.9873450978597005
2.0224000244140625 0.9893369971381293
2.0234000244140624 0.9909876759847005
2.0244000244140623 0.9933961571587456
2.0254000244140626 0.9959390343560112
2.0264000244140625 0.9961920420328777
2.0274000244140624 0.9951863521999782
2.0284000244140623 0.9949973975287543
2.0294000244140626 0.996061062282986
2.0304000244140625 0.9970516374376085
2.0314000244140624 0.9971281263563369
2.0324000244140623 0.9974424574110243
2.0334000244140626 0.9982481299506293
2.0344000244140625 0.9981131490071614
2.0354000244140624 0.997572962443034
2.0364000244140623 0.9970466613769531
2.0374000244140626 0.9981161499023438
2.0384000244140625 0.9982696448432073
2.0394000244140624 0.9979305097791884
2.0404000244140623 0.9967299652099609
2.0414000244140627 0.994675047132704
2.0424000244140625 0.9938552432590062
2.0434000244140624 0.9912932756212023
2.0444000244140623 0.9903292677137587
2.0454000244140627 0.9883196936713324
2.0464000244140625 0.9870917934841579
2.0474000244140624 0.9865453253851996
2.04839990234375 0.9845309872097439
2.04939990234375 0.98402217441135
2.05039990234375 0.9833709547254774
2.05139990234375 0.9833167436387805
2.05239990234375 0.9826202562120226
2.05339990234375 0.9812575954861112
2.05439990234375 0.9811081865098743
2.05539990234375 0.9805578698052301
2.05639990234375 0.9797452460394964
2.05739990234375 0.9787139723036024
2.05839990234375 0.9785002644856771
2.05939990234375 0.9786832427978516
2.06039990234375 0.9790151045057507
2.06139990234375 0.9800850084092881
2.06239990234375 0.9808778211805556
2.06339990234375 0.9816174909803602
2.06439990234375 0.9827980380588108
2.06539990234375 0.9826019032796224
2.06639990234375 0.9834680769178603
2.06739990234375 0.9846339501274958
2.06839990234375 0.9869223700629342
2.06939990234375 0.9881766849093968
2.07039990234375 0.9891356743706597
2.07139990234375 0.9910356394449871
2.07239990234375 0.9931931644015843
2.07339990234375 0.9953133222791883
2.07439990234375 0.9964967600504557
2.07539990234375 0.9975988345675997
2.07639990234375 0.9972755940755208
2.07739990234375 0.9974350399441189
2.07839990234375 0.9974701775444879
2.07939990234375 0.9980359056260852
2.08039990234375 0.9981915283203125
2.08139990234375 0.9975903489854601
2.08239990234375 0.9973584493001302
2.08339990234375 0.9968180253770618
2.08439990234375 0.9980925665961372
2.08539990234375 0.9980488925509984
2.08639990234375 0.9986645423041449
2.08739990234375 0.9971751573350695
2.08839990234375 0.9969864993625215
2.08939990234375 0.995730022854275
2.09039990234375 0.9947539944118923
2.09139990234375 0.9919171735975477
2.09239990234375 0.989736039903429
2.09339990234375 0.9895908525254993
2.09439990234375 0.9899610307481556
2.09539990234375 0.9901320902506511
2.09639990234375 0.9890025075276693
2.09739990234375 0.9880152214898003
2.09839990234375 0.9875743187798394
2.09939990234375 0.9868347930908203
2.10039990234375 0.9862313249376085
2.10139990234375 0.985992931789822
2.10239990234375 0.9848986053466797
2.10339990234375 0.9854948594835069
2.10439990234375 0.9867736392551
2.10539990234375 0.9870609283447266
2.10639990234375 0.9862484825981989
2.10739990234375 0.9838608635796442
2.10839990234375 0.9834581502278645
2.10939990234375 0.9823428683810765
2.11039990234375 0.9830391523573134
2.11139990234375 0.9808006540934245
2.11239990234375 0.9821919928656685
2.11339990234375 0.9805318705240886
2.11439990234375 0.9808946058485243
2.11539990234375 0.9785642920600043
2.11639990234375 0.978254148695204
2.11739990234375 0.9799265374077691
2.11839990234375 0.9804692925347223
2.11939990234375 0.9798727840847438
2.12039990234375 0.9776813507080078
2.12139990234375 0.9773414018419053
2.12239990234375 0.9766330803765192
2.12339990234375 0.975763134426541
2.12439990234375 0.9740709940592448
2.12539990234375 0.9730904897054036
2.12639990234375 0.972404742770725
2.12739990234375 0.9719024234347874
2.12839990234375 0.971179445054796
2.12939990234375 0.971094504462348
2.13039990234375 0.9709837341308594
2.13139990234375 0.9709596845838759
2.13239990234375 0.9719454786512587
2.13339990234375 0.9722141859266493
2.13439990234375 0.9718189324273004
2.13539990234375 0.9712407684326172
2.13639990234375 0.9697123887803819
2.13739990234375 0.9703228844536674
2.13839990234375 0.9700834655761719
2.13939990234375 0.9717252688937715
2.14039990234375 0.9729097323947481
2.14139990234375 0.9739216105143229
2.14239990234375 0.9743299187554254
2.14339990234375 0.9752406819661458
2.14439990234375 0.9776999833848743
2.14539990234375 0.9797812737358942
2.14639990234375 0.9807065836588542
2.14739990234375 0.9798281436496312
2.14839990234375 0.9803863864474828
2.14939990234375 0.9812168460422093
2.15039990234375 0.9825142415364583
2.15139990234375 0.9815776231553819
2.15239990234375 0.9813764105902777
2.15339990234375 0.9815785047743054
2.15439990234375 0.9817181650797526
2.15539990234375 0.980456585354275
2.15639990234375 0.9797579193115235
2.15739990234375 0.9813986968994141
2.15839990234375 0.9810860782199436
2.15939990234375 0.9808309512668187
2.16039990234375 0.978718744913737
2.16139990234375 0.9776530032687718
2.16239990234375 0.9750005510118274
2.16339990234375 0.9731656731499566
2.16439990234375 0.9729211510552301
2.16539990234375 0.9717840830485026
2.16639990234375 0.9710589938693578
2.16739990234375 0.9694488016764323
2.16839990234375 0.9692579989963108
2.16939990234375 0.9670460255940755
2.17039990234375 0.9650836690266926
2.17139990234375 0.9635545688205294
2.17239990234375 0.9631593661838106
2.17339990234375 0.9627924516465929
2.17439990234375 0.963826904296875
2.17539990234375 0.963552466498481
2.17639990234375 0.9653885057237415
2.17739990234375 0.9645531972249348
2.17839990234375 0.965373764038086
2.17939990234375 0.9645447201199003
2.18039990234375 0.9642926025390625
2.18139990234375 0.9636369408501518
2.18239990234375 0.9627607642279731
2.18339990234375 0.9636199781629774
2.18439990234375 0.9649945068359375
2.18539990234375 0.9678178405761719
2.18639990234375 0.9687884606255426
2.18739990234375 0.9685111660427517
2.18839990234375 0.9679147338867188
2.18939990234375 0.9685552046034069
2.19039990234375 0.9693482123480902
2.19139990234375 0.9702723015679254
2.19239990234375 0.9701673210991754
2.19339990234375 0.9702638329399957
2.19439990234375 0.9710910966661241
2.19539990234375 0.9713389756944444
2.19639990234375 0.9720667860243054
2.19739990234375 0.9729511854383679
2.19839990234375 0.9749830796983506
2.19939990234375 0.9765383487277561
2.20039990234375 0.9771637810601129
2.20139990234375 0.976868387858073
2.20239990234375 0.9787811703152126
2.20339990234375 0.9795069376627604
2.20439990234375 0.9803760359022352
2.20539990234375 0.9794270918104384
2.20639990234375 0.9772610897488065
2.20739990234375 0.9738773854573567
2.20839990234375 0.9693182627360026
2.20939990234375 0.9645988040500215
2.21039990234375 0.9577914598253038
2.21139990234375 0.9496307712131075
2.21239990234375 0.939151857164171
2.21339990234375 0.9249940405951605
2.21439990234375 0.908040033976237
2.21539990234375 0.8871750810411241
2.21639990234375 0.8644083234998914
2.21739990234375 0.8371697998046875
2.21839990234375 0.8071960618760851
2.21939990234375 0.7740828535291884
2.22039990234375 0.7382568952772353
2.22139990234375 0.6999866485595703
2.22239990234375 0.6595252524481878
2.22339990234375 0.6162467575073243
2.22439990234375 0.5715494367811415
2.22539990234375 0.527364773220486
2.22639990234375 0.48518063863118494
2.22739990234375 0.445274658203125
2.22839990234375 0.40773788028293184
2.22939990234375 0.3731574376424154
2.23039990234375 0.3408625581529406
2.23139990234375 0.31128459082709414
2.23239990234375 0.28417596605088974
2.23339990234375 0.2587536451551649
2.23439990234375 0.23514724307590057
2.23539990234375 0.2128895780775282
2.23639990234375 0.19203983306884764
2.23739990234375 0.17231544388665096
2.23839990234375 0.1538822767469618
2.23939990234375 0.1371798653072781
2.24039990234375 0.12174863391452367
2.24139990234375 0.10776384565565322
2.24239990234375 0.09526139630211725
2.24339990234375 0.08395162105560304
2.24439990234375 0.07368587811787923
2.24539990234375 0.06454284244113499
2.24639990234375 0.05643545627593994
2.24739990234375 0.0493762927585178
2.24839990234375 0.04315721856223212
2.24939990234375 0.03772674719492594
2.25039990234375 0.03294633229573568
2.25139990234375 0.02876394351323446
2.25239990234375 0.025143622292412647
2.25339990234375 0.02198715885480245
2.25439990234375 0.019234001106686063
2.25539990234375 0.0168315855662028
2.25639990234375 0.01469917893409729
2.25739990234375 0.01287620226542155
2.25839990234375 0.011276928848690457
2.25939990234375 0.009899406168195938
2.26039990234375 0.008677044577068754
2.26139990234375 0.007627816796302795
2.26239990234375 0.00670939200454288
2.26339990234375 0.0059185973140928475
2.26439990234375 0.005221312509642707
2.26539990234375 0.004612144662274254
2.26639990234375 0.004068367878595988
2.26739990234375 0.003605244788858625
2.26839990234375 0.0031978956527180143
2.26939990234375 0.0028466528819666966
2.27039990234375 0.002534412112500933
2.27139990234375 0.0022704806923866273
2.27239990234375 0.0020321948991881477
2.27339990234375 0.0018295883304542968
2.27439990234375 0.0016442472239335379
2.27539990234375 0.001486693885591295
2.27639990234375 0.0013415922224521636
2.27739990234375 0.001219946104619238
2.27839990234375 0.0011098637017938828
2.27939990234375 0.0010138267030318578
2.28039990234375 0.0009238227291239633
2.28139990234375 0.0008447128534317017
2.28239990234375 0.0007719557649559446
2.28339990234375 0.0007118718408875996
2.28439990234375 0.000654985225862927
2.28539990234375 0.0006049301144149568
2.28639990234375 0.0005535666313436296
2.28739990234375 0.0005127511752976311
2.28839990234375 0.0004715671887000402
2.28939990234375 0.00043692972511053083
2.29039990234375 0.00040372706949710847
2.29139990234375 0.00037342059115568794
2.29239990234375 0.00034536982369091777
2.29339990234375 0.0003175571229722765
2.29439990234375 0.00029507326583067575
2.29539990234375 0.00027393847703933717
2.29639990234375 0.00025751082226634027
2.29739990234375 0.00023837603421674833
2.29839990234375 0.00022462722327974108
2.29939990234375 0.00020855232245392267
2.30039990234375 0.00019563708868291642
2.30139990234375 0.00018047399818897248
2.30239990234375 0.00017036814449561969
2.30339990234375 0.0001596041892965635
2.30439990234375 0.0001495157347785102
2.30539990234375 0.00013995817862451078
2.30639990234375 0.00013268820010125637
2.30739990234375 0.00012508160020742153
2.30839990234375 0.00011631283288200697
2.30939990234375 0.00011057176627218723
2.31039990234375 0.00010445508588519363
2.31139990234375 9.911305788490508e-05
2.31239990234375 9.123002178967e-05
2.31339990234375 8.496492945899564e-05
2.31439990234375 7.959756172365612e-05
2.31539990234375 7.576502704372008e-05
2.31639990234375 7.180267789711555e-05
2.31739990234375 6.907880927125613e-05
2.31839990234375 6.50043273344636e-05
2.31939990234375 6.197626599007182e-05
2.32039990234375 5.8399279498391677e-05
2.32139990234375 5.803464394476678e-05
2.32239990234375 5.7218134299748467e-05
2.32339990234375 5.542490165680647e-05
2.32439990234375 5.1202294416725634e-05
2.32539990234375 4.8795268974370435e-05
2.32639990234375 4.579713775051965e-05
2.32739990234375 4.483527452167538e-05
2.32839990234375 4.274241419302094e-05
2.32939990234375 4.242129986070925e-05
2.33039990234375 4.007573472335935e-05
2.33139990234375 3.885697909734315e-05
2.33239990234375 3.70113300676975e-05
2.33339990234375 3.5483683200760016e-05
2.33439990234375 3.434570299254523e-05
2.33539990234375 3.369903088443809e-05
2.33639990234375 3.3010028613110386e-05
2.33739990234375 3.2363201025873426e-05
2.33839990234375 3.1251971247709465e-05
2.33939990234375 3.018700931635168e-05
2.34039990234375 2.8715948832945694e-05
2.34139990234375 2.7677066520684292e-05
2.34239990234375 2.8652368734280268e-05
2.34339990234375 2.839535655867722e-05
2.34439990234375 2.875224635418918e-05
2.34539990234375 2.7269129641354085e-05
2.34639990234375 2.6757764474799238e-05
2.34739990234375 2.5472023472603824e-05
2.34839990234375 2.475710327012671e-05
2.34939990234375 2.5089503162437012e-05
2.35039990234375 2.5199964228603575e-05
2.35139990234375 2.407135752340158e-05
2.35239990234375 2.2986297650883595e-05
2.35339990234375 2.2468649937460817e-05
2.35439990234375 2.2653395879185866e-05
2.35539990234375 2.2517064741502203e-05
2.35639990234375 2.137231045506067e-05
2.35739990234375 2.174056445558866e-05
2.35839990234375 2.137473551556468e-05
2.35939990234375 2.238982771005895e-05
2.36039990234375 2.3288082383159134e-05
2.36139990234375 2.3125395592716004e-05
2.36239990234375 2.2967431125127608e-05
2.36339990234375 2.2329937718394734e-05
2.36439990234375 2.2933161300089624e-05
2.36539990234375 2.3783955774787405e-05
2.36639990234375 2.339269681316283e-05
2.36739990234375 2.2725956773178446e-05
2.36839990234375 2.155552902776334e-05
2.36939990234375 2.2240582491374674e-05
2.37039990234375 2.179020899347961e-05
2.37139990234375 2.1966278889319963e-05
2.37239990234375 2.1733349163292185e-05
2.37339990234375 2.256516910468539e-05
2.37439990234375 2.2909563655654588e-05
2.37539990234375 2.3023331175661753e-05
2.37639990234375 2.3505933479302465e-05
2.37739990234375 2.5147964608752068e-05
2.37839990234375 2.4083301218019592e-05
2.37939990234375 2.3756425620781052e-05
2.38039990234375 2.132449544862741e-05
2.38139990234375 2.3132970996408002e-05
2.38239990234375 2.2235073330294754e-05
2.38339990234375 2.235696573431293e-05
2.38439990234375 2.0540572392443813e-05
2.38539990234375 2.2549871355295183e-05
2.38639990234375 2.3099856916815044e-05
2.38739990234375 2.4805386912905503e-05
2.38839990234375 2.5102300310714374e-05
2.38939990234375 2.4649564745939436e-05
2.39039990234375 2.360469816873471e-05
2.39139990234375 2.1830626711663274e-05
2.39239990234375 2.3459896652234927e-05
2.39339990234375 2.4708014292021594e-05
2.39439990234375 2.598482339332501e-05
2.39539990234375 2.489217763973607e-05
2.39639990234375 2.395943635039859e-05
2.39739990234375 2.2217706363234256e-05
2.39839990234375 2.2787010918060937e-05
2.39939990234375 2.4065842282854853e-05
2.40039990234375 2.5748005395548213e-05
2.40139990234375 2.588413655757904e-05
2.40239990234375 2.541587093017167e-05
2.40339990234375 2.4718806509756375e-05
2.40439990234375 2.4043526500463487e-05
2.40539990234375 2.4187401092300812e-05
2.40639990234375 2.647720251439346e-05
2.40739990234375 2.7013926818552945e-05
2.40839990234375 2.8567086750020585e-05
2.40939990234375 2.805945308258136e-05
2.41039990234375 2.8226077815310826e-05
2.41139990234375 2.597328663493196e-05
2.41239990234375 2.42290733796027e-05
2.41339990234375 2.388187321937747e-05
2.41439990234375 2.3504264342288175e-05
2.41539990234375 2.565531318800317e-05
2.41639990234375 2.5225027671290765e-05
2.41739990234375 2.5471014539814655e-05
2.41839990234375 2.5461608957913184e-05
2.41939990234375 2.665886551969581e-05
2.42039990234375 2.8273805510252716e-05
2.42139990234375 2.9456084594130516e-05
2.42239990234375 3.1366707084493507e-05
2.42339990234375 3.0293527007516887e-05
2.42439990234375 3.075443570398623e-05
2.42539990234375 2.9625195440732776e-05
2.42639990234375 3.159660535554091e-05
2.42739990234375 2.946834881893463e-05
2.42839990234375 2.967228880152106e-05
2.42939990234375 2.951457009961208e-05
2.43039990234375 2.8865552093419764e-05
2.43139990234375 3.0813110060989854e-05
2.43239990234375 3.070242444260253e-05
2.43339990234375 3.398172919534975e-05
2.43439990234375 3.3435727624843516e-05
2.43539990234375 3.580281510949135e-05
2.43639990234375 3.3127182784179844e-05
2.43739990234375 3.4330115498354036e-05
2.43839990234375 3.25308458155228e-05
2.43939990234375 3.3633237083752954e-05
2.44039990234375 3.5726562814993994e-05
2.44139990234375 3.664039282335175e-05
2.44239990234375 3.973453046960962e-05
2.44339990234375 3.8672694160292546e-05
2.44439990234375 3.8545715312163036e-05
2.44539990234375 3.677527446092831e-05
2.44639990234375 3.529332604052292e-05
2.44739990234375 3.4826113583727013e-05
2.44839990234375 3.502647211361262e-05
2.44939990234375 3.5974712162796e-05
2.45039990234375 3.713792008865211e-05
2.45139990234375 3.759602239976326e-05
2.45239990234375 3.703132478727235e-05
2.45339990234375 3.733207497538792e-05
2.45439990234375 3.543710154998634e-05
2.45539990234375 3.756049218484098e-05
2.45639990234375 3.731345318050848e-05
2.45739990234375 4.300885730319553e-05
2.45839990234375 4.35980207597216e-05
2.45939990234375 4.480176915725072e-05
2.46039990234375 4.3305383167333074e-05
2.46139990234375 4.5577139697141124e-05
2.46239990234375 4.477048965377941e-05
2.46339990234375 4.417570488941339e-05
2.46439990234375 3.839232312101457e-05
2.46539990234375 3.9983720052987335e-05
2.46639990234375 3.779439772996638e-05
2.46739990234375 4.162577136109273e-05
2.46839990234375 4.237939500146442e-05
2.46939990234375 4.450965103589826e-05
2.47039990234375 4.353305376652214e-05
2.47139990234375 4.6249930229451916e-05
2.47239990234375 4.653353062975738e-05
2.47339990234375 4.967222740459774e-05
2.47439990234375 4.613893054839637e-05
2.47539990234375 4.960501644139488e-05
2.47639990234375 4.797078074059552e-05
2.47739990234375 4.780250860171185e-05
2.47839990234375 4.6598594118323586e-05
2.47939990234375 4.730640289684136e-05
2.48039990234375 5.195013713091612e-05
2.48139990234375 5.3082789397901956e-05
2.48239990234375 5.163001620935069e-05
2.48339990234375 4.838768444541428e-05
2.48439990234375 4.486014885413978e-05
2.48539990234375 4.421089543029666e-05
2.48639990234375 4.513214057725337e-05
2.48739990234375 4.713240493502882e-05
2.48839990234375 5.136866846846211e-05
2.48939990234375 5.5372634281714754e-05
2.49039990234375 5.9434538189735684e-05
2.49139990234375 5.8869403890437556e-05
2.49239990234375 5.794274258530803e-05
2.49339990234375 5.83088103060921e-05
2.49439990234375 5.526466812524531e-05
2.49539990234375 5.419866285390324e-05
2.49639990234375 5.161034719397624e-05
2.49739990234375 5.79259234170119e-05
2.49839990234375 5.750025105145242e-05
2.49939990234375 5.889708279735512e-05
2.50039990234375 5.51900231382913e-05
2.50139990234375 5.333009331176679e-05
2.50239990234375 5.800874127695958e-05
2.50339990234375 6.059475553532441e-05
2.50439990234375 6.471731855223576e-05
2.50539990234375 6.073033437132835e-05
2.50639990234375 6.249678217702441e-05
2.50739990234375 6.517994890196455e-05
2.50839990234375 6.430202422456609e-05
2.50939990234375 6.511699718733628e-05
2.51039990234375 7.058654032233689e-05
2.51139990234375 7.399155603100855e-05
2.51239990234375 7.489725740419493e-05
2.51339990234375 6.964808226459555e-05
2.51439990234375 6.837802214754952e-05
2.51539990234375 7.098378975772194e-05
2.51639990234375 6.789132642249266e-05
2.51739990234375 7.222768178002703e-05
2.51839990234375 7.136435403178135e-05
2.51939990234375 7.719216971761651e-05
2.52039990234375 8.014683301250139e-05
2.52139990234375 7.697895893620122e-05
2.52239990234375 7.704460320787299e-05
2.52339990234375 7.375779820399152e-05
2.52439990234375 8.062314086904129e-05
2.52539990234375 7.856151865174374e-05
2.52639990234375 8.291325066238642e-05
2.52739990234375 8.300720972733366e-05
2.52839990234375 8.92619209157096e-05
2.52939990234375 8.674386630041731e-05
2.53039990234375 8.577077597793603e-05
2.53139990234375 8.745219713697831e-05
2.53239990234375 9.217622069021066e-05
2.53339990234375 9.646190951267878e-05
2.53439990234375 0.00010327133039633432
2.53539990234375 0.00010090713078776995
2.53639990234375 0.0001007999986824062
2.53739990234375 9.912279848423266e-05
2.53839990234375 0.00010819235092235936
2.53939990234375 0.00011077072988781663
2.54039990234375 0.00011391100784142812
2.54139990234375 0.00011560260939101377
2.54239990234375 0.0001233477983623743
2.54339990234375 0.00012121458020475177
2.54439990234375 0.00012889554827577539
2.54539990234375 0.00011807512595421739
2.54639990234375 0.00012908901087939738
2.54739990234375 0.00012356753254102337
2.54839990234375 0.00013074526666767067
2.54939990234375 0.00012107605528500347
2.55039990234375 0.00011816177827616534
2.55139990234375 0.00012128176685008737
2.55239990234375 0.00013702571185098754
2.55339990234375 0.0001454774880160888
2.55439990234375 0.00013823972187108465
2.55539990234375 0.00013158286507758827
2.55639990234375 0.00013468957816561064
2.55739990234375 0.00015003974445992045
2.55839990234375 0.0001470761342595021
2.55939990234375 0.00015180407816337214
2.56039990234375 0.00015244224419196448
2.56139990234375 0.00015600307741098934
2.56239990234375 0.00016393024370902118
2.56339990234375 0.00017160888761281968
2.56439990234375 0.00017971538628141085
2.56539990234375 0.00017370674345228406
2.56639990234375 0.00017975842166278097
2.56739990234375 0.00019209596845838758
2.56839990234375 0.00020412712047497434
2.56939990234375 0.0001992095448076725
2.57039990234375 0.00019106812361213897
2.57139990234375 0.0001839836459192965
2.57239990234375 0.00020229019017683133
2.57339990234375 0.00021218642178508966
2.57439990234375 0.00021971306867069667
2.57539990234375 0.000233424577034182
2.57639990234375 0.00023713724273774356
2.57739990234375 0.00024338776452673805
2.57839990234375 0.0002159372779230277
2.57939990234375 0.00023654144257307053
2.58039990234375 0.00023122263037496146
2.58139990234375 0.00024811181964145765
2.58239990234375 0.00025508824528919325
2.58339990234375 0.00026818621489736765
2.58439990234375 0.00028224946931004524
2.58539990234375 0.0002798807579610083
2.58639990234375 0.00028091117946638
2.58739990234375 0.0002802628464996815
2.58839990234375 0.0002838030912809902
2.58939990234375 0.00028602525591850283
2.59039990234375 0.00028326653358009125
2.59139990234375 0.00028364626897705924
2.59239990234375 0.0002759834234085348
2.59339990234375 0.00027357978953255547
2.59439990234375 0.00027600725284881067
2.59539990234375 0.0002665294665429327
2.59639990234375 0.0002682225675218635
2.59739990234375 0.00024275768548250197
