microns transmission
0.3948999938964844 1.346634774535005e-08
0.3958999938964844 8.582855046590509e-08
0.3968999938964844 5.704031070408178e-08
0.3978999938964844 6.368119947808282e-09
0.3988999938964844 4.501394296063666e-08
0.3998999938964844 1.603079785716943e-07
0.4008999938964844 1.1916140738321701e-07
0.4018999938964844 4.8494676500254735e-08
0.4028999938964844 1.2954195944736569e-07
0.4038999938964844 1.6329234249212732e-08
0.4048999938964844 9.999999939225291e-11
0.4058999938964844 8.835917375549229e-08
0.4068999938964844 9.999999939225291e-11
0.40789999389648435 9.999999939225291e-11
0.40889999389648435 9.266911954242118e-09
0.40989999389648435 2.171403951223283e-08
0.41089999389648435 1.183899209511452e-07
0.41189999389648435 9.999999939225291e-11
0.41289999389648435 9.999999939225291e-11
0.41389999389648435 1.0868072282832485e-07
0.41489999389648435 9.999999939225291e-11
0.41589999389648435 8.145631845479784e-09
0.41689999389648436 9.999999939225291e-11
0.41789999389648436 1.459186219108233e-07
0.41889999389648436 5.441750026591307e-09
0.41989999389648436 9.999999939225291e-11
0.42089999389648436 2.2148197058413641e-07
0.42189999389648436 4.6794438212316434e-08
0.42289999389648436 2.4869340386146632e-08
0.42389999389648436 9.999999939225291e-11
0.42489999389648436 1.056984176983633e-08
0.42589999389648436 7.833597507200807e-08
0.42689999389648436 3.101840132302413e-08
0.42789999389648437 6.777566519744482e-08
0.42889999389648437 2.652302036665333e-09
0.42989999389648437 9.755255856802592e-08
0.43089999389648437 1.868912413272028e-09
0.43189999389648437 2.4753643353747634e-08
0.43289999389648437 9.771321422924472e-08
0.43389999389648437 6.418858670009797e-08
0.43489999389648437 1.9825602108980433e-07
0.4358999938964844 9.999999939225291e-11
0.4368999938964844 9.999999939225291e-11
0.4378999938964844 1.7863321952305e-08
0.4388999938964844 3.627370251457762e-08
0.4398999938964844 9.999999939225291e-11
0.4408999938964844 9.999999939225291e-11
0.4418999938964844 1.7981462063509924e-07
0.4428999938964844 5.434311032992412e-08
0.4438999938964844 9.999999939225291e-11
0.4448999938964844 2.231262005807366e-07
0.4458999938964844 6.045569443813292e-08
0.4468999938964844 2.9364483404847873e-08
0.4478999938964844 1.1608693687747974e-07
0.4488999938964844 1.355530207067801e-07
0.4498999938964844 2.497169382262854e-07
0.4508999938964844 3.6978660133968333e-09
0.4518999938964844 1.5573253767797724e-07
0.4528999938964844 2.3369381233351304e-07
0.4538999938964844 2.4525253772722523e-08
0.4548999938964844 2.206075959954035e-08
0.4558999938964844 9.999999939225291e-11
0.4568999938964844 2.5202684534875176e-08
0.4578999938964844 9.999999939225291e-11
0.4588999938964844 1.6096386113773063e-08
0.4598999938964844 9.999999939225291e-11
0.4608999938964844 9.269983659798697e-08
0.4618999938964844 2.3117856315479912e-08
0.4628999938964844 9.999999939225291e-11
0.4638999938964844 2.8587238100286073e-08
0.4648999938964844 1.1143326012863497e-07
0.4658999938964844 9.999999939225291e-11
0.4668999938964844 9.999999939225291e-11
0.4678999938964844 3.487994120376925e-08
0.4688999938964844 9.999999939225291e-11
0.4698999938964844 3.5626903322594216e-08
0.47089999389648435 2.223452565885964e-07
0.47189999389648435 2.775613817878053e-07
0.47289999389648435 9.538935749553445e-08
0.47389999389648435 1.5809941878330846e-08
0.47489999389648435 2.22347597897965e-08
0.47589999389648435 7.456736141620013e-08
0.47689999389648435 1.9416024096940986e-08
0.47789999389648435 2.694339202413687e-08
0.47889999389648436 1.4435554412273176e-08
0.47989999389648436 2.2319340402532364e-09
0.48089999389648436 3.4796163797423675e-08
0.48189999389648436 1.525920372813516e-08
0.48289999389648436 9.999999939225291e-11
0.48389999389648436 3.673199983467157e-08
0.48489999389648436 3.6267402233391973e-08
0.48589999389648436 1.3905600280850193e-07
0.48689999389648436 7.470650843721671e-08
0.48789999389648436 8.086051757061341e-09
0.48889999389648436 1.2962010211836627e-08
0.48989999389648436 4.158116034602699e-09
0.49089999389648437 9.999999939225291e-11
0.49189999389648437 9.999999939225291e-11
0.49289999389648437 9.999999939225291e-11
0.49389999389648437 7.607900577788485e-08
0.49489999389648437 8.807743583005845e-08
0.49589999389648437 5.285381548425505e-08
0.49689999389648437 3.5411004043695015e-08
0.49789999389648437 5.434489985134405e-09
0.4988999938964844 2.9731077754391324e-08
0.4998999938964844 9.999999939225291e-11
0.5008999938964844 9.999999939225291e-11
0.5018999938964843 1.2939352585128463e-07
0.5028999938964843 6.03896148252403e-08
0.5038999938964843 1.0543016945341322e-07
0.5048999938964843 6.557088181224912e-08
0.5058999938964843 5.7786971817463954e-08
0.5068999938964843 2.7874134000072105e-08
0.5078999938964843 9.999999939225291e-11
0.5088999938964843 1.931159019363804e-07
0.5098999938964843 1.1325047971411094e-08
0.5108999938964843 4.5162883949600995e-07
0.5118999938964843 5.024557985677802e-09
0.5129000244140625 1.4402153780679329e-09
0.5139000244140625 5.222451349240487e-08
0.5149000244140625 3.984920994959396e-08
0.5159000244140625 4.613765913497048e-08
0.5169000244140625 9.999999939225291e-11
0.5179000244140625 6.163022071348223e-09
0.5189000244140625 1.4029573636875624e-07
0.5199000244140625 1.0129740255493402e-08
0.5209000244140625 2.2331296984035022e-08
0.5219000244140625 4.77480513811912e-08
0.5229000244140625 9.999999939225291e-11
0.5239000244140625 3.8820603274203335e-08
0.5249000244140625 9.999999939225291e-11
0.5259000244140625 5.845280744765091e-08
0.5269000244140625 4.409122238691055e-08
0.5279000244140625 1.1383201972137157e-08
0.5289000244140625 1.1346070031947874e-08
0.5299000244140625 9.451689423478625e-08
0.5309000244140625 9.999999939225291e-11
0.5319000244140625 1.0929013960492285e-08
0.5329000244140625 2.5390037970751678e-08
0.5339000244140625 4.675995960212731e-09
0.5349000244140625 2.2145178988353107e-09
0.5359000244140625 9.553225888581096e-09
0.5369000244140625 5.6542866088804545e-08
0.5379000244140625 1.9536548004239764e-08
0.5389000244140625 2.7549591957054534e-08
0.5399000244140625 2.2245881845961435e-08
0.5409000244140625 5.580553924744435e-09
0.5419000244140625 1.408202836472583e-08
0.5429000244140625 7.857784906484255e-08
0.5439000244140625 3.4221301316250675e-08
0.5449000244140625 4.1431479710141166e-08
0.5459000244140625 2.2016310108341486e-08
0.5469000244140625 9.999999939225291e-11
0.5479000244140625 6.18075403480134e-09
0.5489000244140625 1.7085224541801835e-09
0.5499000244140625 1.606823473565555e-08
0.5509000244140625 4.055551919890377e-08
0.5519000244140625 9.999999939225291e-11
0.5529000244140625 1.0278913053518579e-07
0.5539000244140625 1.4512024060664429e-08
0.5549000244140625 9.52643033969025e-09
0.5559000244140625 1.2534764230842652e-07
0.5569000244140625 4.6964320697284734e-08
0.5579000244140625 7.456617991685732e-08
0.5589000244140625 2.5960526906843027e-08
0.5599000244140625 5.7985886510181216e-08
0.5609000244140625 7.057986088732094e-08
0.5619000244140625 6.513395213225692e-08
0.5629000244140625 9.999999939225291e-11
0.5639000244140625 9.999999939225291e-11
0.5649000244140625 1.5772811678971265e-10
0.5659000244140625 1.5087635738098017e-08
0.5669000244140625 2.3824997876786825e-08
0.5679000244140625 9.999999939225291e-11
0.5689000244140625 7.627062068138458e-09
0.5699000244140625 2.7901389412221532e-08
0.5709000244140625 9.999999939225291e-11
0.5719000244140625 2.4645121552424597e-08
0.5729000244140625 1.9786236132190994e-08
0.5739000244140625 1.1992042281860903e-08
0.5749000244140625 3.0943459673693496e-08
0.5759000244140625 1.5698390534168995e-08
0.5769000244140625 1.3019212404508095e-07
0.5779000244140625 8.164445652880658e-09
0.5789000244140625 2.1605510889699533e-08
0.5799000244140625 9.999999939225291e-11
0.5809000244140625 9.023949063013958e-08
0.5819000244140625 3.431202479298179e-08
0.5829000244140625 2.505565925936537e-08
0.5839000244140625 6.039820615555414e-08
0.5849000244140625 9.937571912566057e-08
0.5859000244140625 1.6440729902811312e-08
0.5869000244140625 3.4687113563691696e-08
0.5879000244140625 7.94412474487416e-08
0.5889000244140625 9.999999939225291e-11
0.5899000244140625 2.368338009262061e-09
0.5909000244140625 5.641056004357381e-08
0.5919000244140625 7.105983904409641e-09
0.5929000244140625 6.516407141354819e-08
0.5939000244140625 9.999999939225291e-11
0.5949000244140625 6.132713105877485e-08
0.5959000244140625 3.944518560494714e-08
0.5969000244140625 8.677831781156441e-09
0.5979000244140625 1.423327026657262e-07
0.5989000244140625 9.999999939225291e-11
0.5999000244140625 4.493011392447954e-08
0.6009000244140625 9.577297575091849e-08
0.6019000244140625 6.601952778950705e-08
0.6029000244140625 5.522611963648671e-08
0.6039000244140625 1.433108363926294e-07
0.6049000244140625 2.280617021810372e-08
0.6059000244140625 2.2855125207499324e-08
0.6069000244140625 9.999999939225291e-11
0.6079000244140625 3.083847215279434e-08
0.6089000244140625 2.5073311885392967e-08
0.6099000244140625 6.198084018471661e-08
0.6109000244140625 1.1628032049415538e-07
0.6119000244140625 9.999999939225291e-11
0.6129000244140625 4.700665335910515e-08
0.6139000244140626 1.0176354344082483e-08
0.6149000244140626 2.5901463427402406e-08
0.6159000244140626 1.0097505582962186e-07
0.6169000244140626 9.999999939225291e-11
0.6179000244140626 5.643032769953038e-08
0.6189000244140626 1.4305450285689859e-08
0.6199000244140624 5.579744019712508e-09
0.6209000244140624 8.080895847584203e-09
0.6219000244140624 2.2452501704961493e-08
0.6229000244140624 9.569907750339724e-08
0.6239000244140624 3.2561639208950056e-08
0.6249000244140624 1.2871740118214348e-08
0.6259000244140625 2.1593060345992398e-08
0.6269000244140625 1.1948790586302495e-07
0.6279000244140625 2.1977780242821154e-08
0.6289000244140625 5.472029833697434e-09
0.6299000244140625 9.999999939225291e-11
0.6309000244140625 1.08469239844311e-07
0.6319000244140625 2.5599460904857098e-08
0.6329000244140625 6.133002907304786e-09
0.6339000244140625 9.999999939225291e-11
0.6349000244140625 1.3587927354130615e-07
0.6359000244140625 5.336598126604031e-08
0.6369000244140625 9.190448005469421e-08
0.6379000244140625 1.197586743728607e-07
0.6389000244140625 2.8643439627273893e-08
0.6399000244140625 2.667682466039878e-10
0.6409000244140625 9.999999939225291e-11
0.6419000244140625 4.174227111874984e-08
0.6429000244140625 9.891297710495905e-08
0.6439000244140625 2.4477943677325695e-08
0.6449000244140625 1.1545749498509394e-07
0.6459000244140625 1.2808458177460124e-07
0.6469000244140625 8.012918872957187e-08
0.6479000244140625 1.322911793977255e-07
0.6489000244140625 9.999999939225291e-11
0.6499000244140625 1.5891507880283483e-08
0.6509000244140625 1.2612350040619445e-07
0.6519000244140625 9.999999939225291e-11
0.6529000244140625 9.108291414783309e-08
0.6539000244140625 9.999999939225291e-11
0.6549000244140625 2.1288360466975574e-07
0.6559000244140625 1.5571343219278332e-08
0.6569000244140625 2.33807795027019e-08
0.6579000244140625 4.0712046452284765e-08
0.6589000244140625 1.375280953652691e-07
0.6599000244140625 9.999999939225291e-11
0.6609000244140625 9.999999939225291e-11
0.6619000244140625 1.6317802552734407e-07
0.6629000244140625 9.999999939225291e-11
0.6639000244140625 6.319818520061915e-08
0.6649000244140625 4.077741750485586e-08
0.6659000244140625 1.4842381128588044e-08
0.6669000244140625 6.247233407741248e-08
0.6679000244140625 1.4746317944513976e-09
0.6689000244140625 9.999999939225291e-11
0.6699000244140625 3.6859959706703194e-09
0.6709000244140625 1.5603722474111238e-09
0.6719000244140625 1.9708659735329094e-09
0.6729000244140625 9.999999939225291e-11
0.6739000244140625 6.291044743633734e-08
0.6749000244140625 4.270066683353946e-08
0.6759000244140625 1.0373712778566358e-07
0.6769000244140625 2.0673470402243763e-10
0.6779000244140625 9.999999939225291e-11
0.6789000244140625 1.3533002129406668e-07
0.6799000244140625 2.4684815523201567e-08
0.6809000244140625 3.295969483119166e-08
0.6819000244140625 9.999999939225291e-11
0.6829000244140625 1.1282878340068692e-08
0.6839000244140625 1.441731821909542e-07
0.6849000244140625 9.999999939225291e-11
0.6859000244140625 1.0395146385455689e-07
0.6869000244140625 3.488113655514269e-08
0.6879000244140625 4.41201909460176e-08
0.6889000244140625 1.4061755973671097e-07
0.6899000244140625 7.601258627332185e-08
0.6909000244140625 1.4209886039395768e-08
0.6919000244140625 2.4177473344266785e-08
0.6929000244140625 8.425577716231202e-08
0.6939000244140625 7.558400623786099e-08
0.6949000244140625 5.676745828964158e-10
0.6959000244140625 9.274861685959479e-08
0.6969000244140625 2.066287649071796e-08
0.6979000244140625 6.825666465815061e-08
0.6989000244140625 1.770211147231748e-07
0.6999000244140625 6.95022995067518e-08
0.7009000244140625 2.962365143943657e-08
0.7019000244140625 2.1039031889813485e-07
0.7029000244140625 9.999999939225291e-11
0.7039000244140625 9.999999939225291e-11
0.7049000244140625 9.999999939225291e-11
0.7059000244140625 1.526315366362496e-08
0.7069000244140625 5.592075600802104e-08
0.7079000244140625 2.9698044679449255e-08
0.7089000244140625 1.2718186371785122e-07
0.7099000244140625 1.4105724060975434e-07
0.7109000244140625 1.1942198334224941e-08
0.7119000244140625 1.9989754573401796e-08
0.7129000244140625 3.2396678216173314e-07
0.7139000244140625 9.999999939225291e-11
0.7149000244140625 1.2755350262239063e-08
0.7159000244140625 1.5898981655482203e-07
0.7169000244140625 9.364089804186905e-08
0.7179000244140625 3.515239377271939e-08
0.7189000244140625 2.4364475816440743e-08
0.7199000244140625 4.8335164771984295e-08
0.7209000244140625 2.9130896516349483e-08
0.7219000244140625 2.20476203409703e-08
0.7229000244140625 2.9434413315598818e-08
0.7239000244140625 9.999999939225291e-11
0.7249000244140625 9.19612005390036e-09
0.7259000244140625 9.999999939225291e-11
0.7269000244140625 6.459610112585778e-09
0.7279000244140625 9.999999939225291e-11
0.7289000244140625 4.304966611456962e-08
0.7299000244140625 4.1472318962121337e-08
0.7309000244140625 7.853675533375792e-08
0.7319000244140625 9.999999939225291e-11
0.7329000244140625 9.999999939225291e-11
0.7339000244140625 9.999999939225291e-11
0.7349000244140625 3.7759518997759754e-08
0.7359000244140625 5.984288733529298e-08
0.7369000244140625 1.2669262284603633e-08
0.7379000244140625 4.6738264879664365e-08
0.7389000244140626 2.6173439373167184e-08
0.7399000244140626 1.4462557553329702e-08
0.7409000244140626 2.3122499378303017e-08
0.7419000244140626 2.786090071538183e-09
0.7429000244140626 1.4604544228191684e-08
0.7439000244140626 1.1741200005133124e-08
0.7449000244140624 1.6246875865988386e-08
0.7459000244140624 9.999999939225291e-11
0.7469000244140624 4.895341980670764e-09
0.7479000244140624 2.0386319128817833e-08
0.7489000244140624 2.4403056551491887e-08
0.7499000244140624 8.043672032442828e-09
0.7509000244140625 3.8620657246468686e-08
0.7519000244140625 1.24712241174052e-08
0.7529000244140625 9.999999939225291e-11
0.7539000244140625 1.68293492013305e-08
0.7549000244140625 9.999999939225291e-11
0.7559000244140625 9.999999939225291e-11
0.7569000244140625 9.999999939225291e-11
0.7579000244140625 9.999999939225291e-11
0.7589000244140625 4.75580611372095e-08
0.7599000244140625 3.0655338314034e-08
0.7609000244140625 1.5881189874278334e-08
0.7619000244140625 9.999999939225291e-11
0.7629000244140625 9.999999939225291e-11
0.7639000244140625 2.4150462147431993e-08
0.7649000244140625 2.8447240580931063e-09
0.7659000244140625 9.999999939225291e-11
0.7669000244140625 9.999999939225291e-11
0.7679000244140625 9.749672286929468e-08
0.7689000244140625 1.3424439993947602e-07
0.7699000244140625 9.999999939225291e-11
0.7709000244140625 1.0109424530568845e-07
0.7719000244140625 3.593188096573385e-08
0.7729000244140625 9.999999939225291e-11
0.7739000244140625 4.062378043023784e-08
0.7749000244140625 1.2109259696302388e-08
0.7759000244140625 9.999999939225291e-11
0.7769000244140625 9.999999939225291e-11
0.7779000244140625 9.999999939225291e-11
0.7789000244140625 9.999999939225291e-11
0.7799000244140625 4.259692077290822e-08
0.7809000244140625 1.1062678340501008e-07
0.7819000244140625 3.6221527532021013e-08
0.7829000244140625 3.6687153349035386e-08
0.7839000244140625 2.4619500372580204e-08
0.7849000244140625 5.696762327467298e-08
0.7859000244140625 1.1113480404389976e-08
0.7869000244140625 4.261378439629482e-08
0.7879000244140625 5.0545719838979154e-08
0.7889000244140625 7.249902179395918e-08
0.7899000244140625 7.674525519618669e-08
0.7909000244140625 2.5232343611847338e-08
0.7919000244140625 1.624655572385336e-08
0.7929000244140625 2.6166301447361206e-08
0.7939000244140625 7.938588940525904e-08
0.7949000244140625 6.302659281134501e-07
0.7959000244140625 8.35928647740572e-07
0.7969000244140625 8.675945635296876e-07
0.7979000244140625 8.894322898966255e-07
0.7989000244140625 8.177607576832358e-07
0.7999000244140625 9.9940727848807e-07
0.8009000244140625 7.752333187771343e-07
0.8019000244140625 1.1035459290475467e-06
0.8029000244140625 1.1316990856449663e-06
0.8039000244140625 1.1967275800718583e-06
0.8049000244140625 1.1165980420975133e-06
0.8059000244140625 9.972227347064113e-07
0.8069000244140625 1.0676725841731389e-06
0.8079000244140625 1.2633228139545976e-06
0.8089000244140625 9.572496561092485e-07
0.8099000244140625 8.416495993069334e-07
0.8109000244140625 1.0766982371638016e-06
0.8119000244140625 4.953209349370246e-07
0.8129000244140625 4.713817300469266e-07
0.8139000244140625 4.5981219996246254e-07
0.8149000244140625 3.8404410573846593e-07
0.8159000244140625 3.2728704728051423e-07
0.8169000244140625 2.767737155675026e-07
0.8179000244140625 3.0725924495238613e-07
0.8189000244140625 1.5959249560503422e-07
0.8199000244140625 3.118783127226396e-07
0.8209000244140625 9.842596988470748e-08
0.8219000244140625 2.852370373857774e-07
0.8229000244140625 2.2771060176679368e-07
0.8239000244140625 1.747452643241763e-07
0.8249000244140625 2.3546626336498539e-07
0.8259000244140625 2.7777622274874065e-07
0.8269000244140625 3.625736737076055e-07
0.8279000244140625 2.129270601982525e-07
0.8289000244140625 2.685783181954048e-07
0.8299000244140625 1.0805993525695577e-07
0.8309000244140625 1.2551668972477484e-07
0.8319000244140625 1.6292777437276757e-07
0.8329000244140625 6.853436812342704e-08
0.8339000244140625 1.504311051206965e-07
0.8349000244140625 2.1082039417226737e-07
0.8359000244140625 2.287153790593078e-07
0.8369000244140625 1.9469393238896934e-07
0.8379000244140625 2.411109476614028e-07
0.8389000244140625 6.93159511528185e-08
0.8399000244140625 1.6489642723166739e-07
0.8409000244140625 2.271801850690385e-07
0.8419000244140625 3.487049055214171e-07
0.8429000244140625 3.0579960211278766e-07
0.8439000244140625 1.920732194949907e-07
0.8449000244140625 7.706768116450104e-08
0.8459000244140625 5.370241544751173e-07
0.8469000244140625 3.414777325533768e-07
0.8479000244140625 3.031086826101618e-07
0.8489000244140625 2.7085857918430496e-07
0.8499000244140625 4.661602446410055e-07
0.8509000244140625 2.0397009492088463e-07
0.8519000244140625 6.689037581694828e-08
0.8529000244140625 3.118420171382486e-07
0.8539000244140625 1.0785665022700492e-07
0.8549000244140625 6.292267017731347e-07
0.8559000244140625 2.54706596117104e-07
0.8569000244140625 3.7930332082884926e-07
0.8579000244140625 4.740088988299913e-07
0.8589000244140625 5.037219500874883e-07
0.8599000244140625 3.0913492077815516e-07
0.8609000244140625 6.967801645752554e-08
0.8619000244140625 6.290788743419063e-07
0.8629000244140625 6.537892780466521e-07
0.8639000244140626 2.111746120447877e-07
0.8649000244140626 3.321258661385114e-07
0.8659000244140626 1.0642562369770207e-07
0.8669000244140626 3.1658732696105993e-07
0.8679000244140626 3.891555037769326e-08
0.8689000244140626 1.039854419598186e-07
0.8699000244140624 3.5240022010882966e-07
0.8709000244140624 3.8500543646303283e-07
0.8719000244140624 2.0926649096128397e-07
0.8729000244140624 3.573034149341457e-07
0.8739000244140624 5.9195254489580706e-08
0.8749000244140624 6.109953738564996e-07
0.8759000244140625 1e-10
0.8769000244140625 8.226651917184589e-07
0.8779000244140625 6.505677086610418e-07
0.8789000244140625 2.8019117533993778e-09
0.8799000244140625 6.279554152760365e-07
0.8809000244140625 1.1426652628996153e-06
0.8819000244140625 1.797990716391886e-07
0.8829000244140625 8.465151128858614e-07
0.8839000244140625 3.5759266014624107e-06
0.8849000244140625 3.6428271104614936e-06
0.8859000244140625 2.2171674390950886e-06
0.8869000244140625 3.312140109948046e-06
0.8879000244140625 1e-10
0.8889000244140625 1.3908857990558344e-06
0.8899000244140625 5.608084942215636e-06
0.8909000244140625 1e-10
0.8919000244140625 4.5321658077663765e-06
0.8929000244140625 2.5511830394133294e-06
0.8939000244140625 5.120641363083689e-06
0.8949000244140625 4.1413343345815433e-07
0.8959000244140625 7.995170690111844e-07
0.8969000244140625 9.772409967514792e-07
0.8979000244140625 7.327597806887407e-07
0.8989000244140625 8.377598542926504e-07
0.8999000244140625 8.945877831967718e-07
0.9009000244140625 7.684216863588245e-07
0.9019000244140625 1.0247034136554895e-06
0.9029000244140625 9.181729203858352e-07
0.9039000244140625 7.826327636885374e-07
0.9049000244140625 7.553464144491837e-07
0.9059000244140625 6.520780524022886e-07
0.9069000244140625 6.602477304071736e-07
0.9079000244140625 6.857388456140733e-07
0.9089000244140625 8.234342175365607e-07
0.9099000244140625 2.941732198103126e-07
0.9109000244140625 7.183500345727256e-07
0.9119000244140625 7.826456540624536e-07
0.9129000244140625 4.585538086986081e-07
0.9139000244140625 8.168409617657622e-07
0.9149000244140625 5.914230818341201e-07
0.9159000244140625 6.333181201498202e-07
0.9169000244140625 4.830407867118219e-07
0.9179000244140625 4.436245501838403e-07
0.9189000244140625 6.840288591919959e-07
0.9199000244140625 9.134329421516065e-07
0.9209000244140625 6.24682790999087e-07
0.9219000244140625 7.681163296053017e-07
0.9229000244140625 1.0589702195180701e-06
0.9239000244140625 9.798324313128568e-07
0.9249000244140625 9.439072742364407e-07
0.9259000244140625 1.0180645308900755e-06
0.9269000244140625 7.513818339856884e-07
0.9279000244140625 9.295141319659865e-07
0.9289000244140625 1.077788749748526e-06
0.9299000244140625 1.1527677789598995e-06
0.9309000244140625 9.895920985776957e-07
0.9319000244140625 1.2251711285443002e-06
0.9329000244140625 1.1574895904368455e-06
0.9339000244140625 1.348529343564878e-06
0.9349000244140625 1.2087923003161097e-06
0.9359000244140625 1.3405325817229228e-06
0.9369000244140625 1.3482732185824515e-06
0.9379000244140625 1.2181104921772046e-06
0.9389000244140625 1.2271002991979651e-06
0.9399000244140625 1.3295332041497534e-06
0.9409000244140625 1.3766106052962363e-06
0.9419000244140625 1.1968721238051359e-06
0.9429000244140625 1.1500724816607596e-06
0.9439000244140625 1.026754235375115e-06
0.9449000244140625 1.3318548053892743e-06
0.9459000244140625 1.5357643994834757e-06
0.9469000244140625 1.0292407557055276e-06
0.9479000244140625 1.0275752633011633e-06
0.9489000244140625 1.2762508666301142e-06
0.9499000244140625 1.1441881062648192e-06
0.9509000244140625 1.0882229783426368e-06
0.9519000244140625 1.4502496088328528e-06
0.9529000244140625 1.1301246168210266e-06
0.9539000244140625 1.2372780489489344e-06
0.9549000244140625 1.2557127531069717e-06
0.9559000244140625 1.0305264403314848e-06
0.9569000244140625 1.0048537370719568e-06
0.9579000244140625 1.121435164460137e-06
0.9589000244140625 1.2046545408387442e-06
0.9599000244140625 6.640653026720836e-07
0.9609000244140625 8.5221962115979e-07
0.9619000244140625 1.032772599166983e-06
0.9629000244140625 8.738804547382936e-07
0.9639000244140625 9.682567293502502e-07
0.9649000244140625 9.52396827346139e-07
0.9659000244140625 9.305781712755553e-07
0.9669000244140625 9.602666232328613e-07
0.9679000244140625 8.523384629049534e-07
0.9689000244140625 1.0637001708573696e-06
0.9699000244140625 9.100134138723442e-07
0.9709000244140625 8.434988950169407e-07
0.9719000244140625 9.960223436291309e-07
0.9729000244140625 1.0913207756096805e-06
0.9739000244140625 9.884670911376838e-07
0.9749000244140625 9.44232751016068e-07
0.9759000244140625 1.1941589281577165e-06
0.9769000244140625 1.1487549452949812e-06
0.9779000244140625 1.1256664465698799e-06
0.9789000244140625 8.583177799968839e-07
0.9799000244140625 1.0635121553242779e-06
0.9809000244140625 9.599071641706702e-07
0.9819000244140625 1.2260390812953064e-06
0.9829000244140625 9.644360463190402e-07
0.9839000244140625 1.0336903667964163e-06
0.9849000244140625 8.563090599830908e-07
0.9859000244140625 8.289285788462709e-07
0.9869000244140625 7.708392922747519e-07
0.9879000244140625 1.0688478352611644e-06
0.9889000244140626 1.037330866926125e-06
0.9899000244140626 1.002724443720775e-06
0.9909000244140626 8.856765825408757e-07
0.9919000244140626 8.877171536985818e-07
0.9929000244140626 9.594951614206848e-07
0.9939000244140626 8.036412102248419e-07
0.9949000244140624 8.004973342386243e-07
0.9959000244140624 8.557352120988071e-06
0.9969000244140624 8.465195540338754e-06
0.9979000244140624 7.525037392042578e-06
0.9989000244140624 6.044342415407299e-06
0.9999000244140624 7.425483898259699e-06
1.0009000244140625 7.2162760188803085e-06
1.0019000244140626 7.51774397213012e-06
1.0029000244140625 6.091582356020808e-06
1.0039000244140626 6.729932734742761e-06
1.0049000244140625 7.078813854604959e-06
1.0059000244140626 6.056634709239006e-06
1.0069000244140625 6.670054281130433e-06
1.0079000244140626 6.55417493544519e-06
1.0089000244140625 7.637173868715764e-06
1.0099000244140626 5.03018667222932e-06
1.0109000244140625 6.0451605822891005e-06
1.0119000244140626 7.1767854969948524e-06
1.0129000244140625 7.186096394434571e-06
1.0139000244140626 6.232991581782698e-06
1.0149000244140625 6.812083418481051e-06
1.0159000244140626 6.474507506936788e-06
1.0169000244140625 5.854841438122094e-06
1.0179000244140626 6.673198076896369e-06
1.0189000244140625 6.602480541914701e-06
1.0199000244140626 6.9797625765204436e-06
1.0209000244140625 6.152810179628432e-06
1.0219000244140626 5.684155388735235e-06
1.0229000244140625 5.626472644507885e-06
1.0239000244140626 5.7594484533183274e-06
1.0249000244140625 6.519929855130612e-06
1.0259000244140626 5.474786274135112e-06
1.0269000244140625 4.920715815387666e-06
1.0279000244140626 5.3809740929864345e-06
1.0289000244140625 7.8074864577502e-06
1.0299000244140626 5.945013137534261e-06
1.0309000244140625 6.827711360529066e-06
1.0319000244140626 5.612198612652719e-06
1.0329000244140625 5.152503843419253e-06
1.0339000244140626 5.665560602210462e-06
1.0349000244140625 4.789738624822348e-06
1.0359000244140626 5.615661910269409e-06
1.0369000244140625 5.825706757605076e-06
1.0379000244140626 6.201737094670534e-06
1.0389000244140625 5.987914628349244e-06
1.0399000244140626 5.57267724070698e-06
1.0409000244140625 4.772409913130104e-06
1.0419000244140626 5.1671828259713944e-06
1.0429000244140625 4.389536334201694e-06
1.0439000244140626 5.399040062911808e-06
1.0449000244140625 4.342751519288867e-06
1.0459000244140626 5.063886987045407e-06
1.0469000244140625 5.470744741614908e-06
1.0479000244140626 5.958837922662496e-06
1.0489000244140625 5.55162614909932e-06
1.0499000244140626 4.719259333796799e-06
1.0509000244140625 6.7216033348813655e-06
1.0519000244140626 4.76414430886507e-06
1.0529000244140625 5.512046453077346e-06
1.0539000244140626 4.820222267881036e-06
1.0549000244140625 4.91892104037106e-06
1.0559000244140626 4.2259380570612845e-06
1.0569000244140625 5.274874216411263e-06
1.0579000244140624 4.444464575499297e-06
1.0589000244140625 5.976417218334972e-06
1.0599000244140624 5.214274453464896e-06
1.0609000244140625 4.65867534512654e-06
1.0619000244140624 4.956620163284242e-06
1.0629000244140625 5.677690263837576e-06
1.0639000244140624 3.986533964052796e-06
1.0649000244140625 5.173344747163355e-06
1.0659000244140624 4.640715196728707e-06
1.0669000244140625 3.273408336099237e-06
1.0679000244140624 4.684429557528347e-06
1.0689000244140625 5.309769243467599e-06
1.0699000244140624 4.175352631136775e-06
1.0709000244140625 5.219209764618427e-06
1.0719000244140624 4.3338562245480715e-06
1.0729000244140625 5.5455348920077085e-06
1.0739000244140624 4.872661258559674e-06
1.0749000244140625 4.662602033931762e-06
1.0759000244140624 5.539002595469355e-06
1.0769000244140625 4.490935243666172e-06
1.0779000244140624 4.235949192661792e-06
1.0789000244140625 4.598414991050959e-06
1.0799000244140624 3.085747011937201e-06
1.0809000244140625 5.0693147350102666e-06
1.0819000244140624 4.572433594148606e-06
1.0829000244140625 4.637086181901395e-06
1.0839000244140624 4.676133743487298e-06
1.0849000244140625 5.41437667561695e-06
1.0859000244140624 4.083744948729873e-06
1.0869000244140625 4.990640270989388e-06
1.0879000244140624 4.368090420030058e-06
1.0889000244140625 5.4056944791227585e-06
1.0899000244140624 4.324495850596577e-06
1.0909000244140625 4.472602100577205e-06
1.0919000244140624 4.912583157420158e-06
1.0929000244140625 4.605628724675626e-06
1.0939000244140624 4.62675339076668e-06
1.0949000244140625 5.11184148490429e-06
1.0959000244140624 3.6052190698683263e-06
1.0969000244140625 4.893286968581378e-06
1.0979000244140624 3.6750254221260547e-06
1.0989000244140625 5.299360898789018e-06
1.0999000244140624 4.617766477167607e-06
1.1009000244140625 3.7783458828926085e-06
1.1019000244140624 4.06527699669823e-06
1.1029000244140625 5.160233122296632e-06
1.1039000244140624 4.5282861683517695e-06
1.1049000244140625 4.360507358796894e-06
1.1059000244140624 4.43403294775635e-06
1.1069000244140625 4.6840391005389395e-06
1.1079000244140624 4.151557048317045e-06
1.1089000244140625 4.6781438286416235e-06
1.1099000244140624 5.5485455086454745e-06
1.1109000244140625 5.364740965887905e-06
1.1119000244140624 3.727464994881302e-06
1.1129000244140625 3.867658553645015e-06
1.1139000244140624 4.327309783548116e-06
1.1149000244140626 5.107288074214011e-06
1.1159000244140624 5.237817880697548e-06
1.1169000244140626 3.3424704452045263e-06
1.1179000244140624 4.3181864311918615e-06
1.1189000244140626 5.354736582376063e-06
1.1199000244140624 3.6598799051716925e-06
1.1209000244140626 3.6632822011597456e-06
1.1219000244140624 3.733683028258383e-06
1.1229000244140626 4.499800328630954e-06
1.1239000244140624 4.147981409914791e-06
1.1249000244140626 4.007947281934321e-06
1.1259000244140625 4.611196811310947e-06
1.1269000244140626 3.945539996493607e-06
1.1279000244140625 3.9602101896889506e-06
1.1289000244140626 4.397846409119665e-06
1.1299000244140625 4.803197691217065e-06
1.1309000244140626 4.437061841599644e-06
1.1319000244140625 4.3993267463520165e-06
1.1329000244140626 4.747246683109552e-06
1.1339000244140625 4.054028366226703e-06
1.1349000244140626 4.383393388707191e-06
1.1359000244140625 3.9905273588374256e-06
1.1369000244140626 3.928060817997902e-06
1.1379000244140625 4.996999865397811e-06
1.1389000244140626 3.877496987115592e-06
1.1399000244140625 3.572453104425222e-06
1.1409000244140626 4.1577963856980205e-06
1.1419000244140625 3.5183090367354457e-06
1.1429000244140626 4.3414091924205425e-06
1.1439000244140625 4.701879224739969e-06
1.1449000244140626 3.929511178284883e-06
1.1459000244140625 4.410303372424096e-06
1.1469000244140626 4.110106383450329e-06
1.1479000244140625 4.712476686108857e-06
1.1489000244140626 4.779538372531533e-06
1.1499000244140625 5.117067019455134e-06
1.1509000244140626 3.802170802373439e-06
1.1519000244140625 3.5997714148834347e-06
1.1529000244140626 3.7903704214841127e-06
1.1539000244140625 5.0328372162766755e-06
1.1549000244140626 3.7758132093586027e-06
1.1559000244140625 5.022280733101069e-06
1.1569000244140626 4.9350730259902775e-06
1.1579000244140625 4.427924635820091e-06
1.1589000244140626 4.85564093105495e-06
1.1599000244140625 3.3772115712054074e-06
1.1609000244140626 5.0522398669272665e-06
1.1619000244140625 4.885402275249361e-06
1.1629000244140626 2.8360972355585548e-06
1.1639000244140625 4.381875565741211e-06
1.1649000244140626 5.2076054271310565e-06
1.1659000244140625 4.7210941556841134e-06
1.1669000244140626 4.450862237717956e-06
1.1679000244140625 4.384430358186364e-06
1.1689000244140626 5.147448508068919e-06
1.1699000244140625 3.949532983824611e-06
1.1709000244140626 4.804011026863009e-06
1.1719000244140625 4.13988996297121e-06
1.1729000244140626 3.995178209152073e-06
1.1739000244140625 4.766796831972897e-06
1.1749000244140626 4.727881751023233e-06
1.1759000244140625 4.3191779986955226e-06
1.1769000244140626 4.214742046315223e-06
1.1779000244140625 4.286724317353219e-06
1.1789000244140626 4.249052028171718e-06
1.1799000244140625 4.836278851144015e-06
1.1809000244140626 4.331481177359819e-06
1.1819000244140625 4.772975633386523e-06
1.1829000244140624 4.215810855384916e-06
1.1839000244140625 3.613044216763228e-06
1.1849000244140624 4.907143767923117e-06
1.1859000244140625 3.3529944485053417e-06
1.1869000244140624 4.665336338803172e-06
1.1879000244140625 4.3513483251445e-06
1.1889000244140624 4.859696666244417e-06
1.1899000244140625 4.519331094343216e-06
1.1909000244140624 3.925521392375231e-06
1.1919000244140625 4.903323308099062e-06
1.1929000244140624 6.116829579696059e-06
1.1939000244140625 4.4002893846482035e-06
1.1949000244140624 4.747090861201286e-06
1.1959000244140625 4.359217418823391e-06
1.1969000244140624 4.949038673657924e-06
1.1979000244140625 5.014015536289662e-06
1.1989000244140624 5.34190225880593e-06
1.1999000244140625 4.6445346088148655e-06
1.2009000244140624 4.797117318958044e-06
1.2019000244140625 3.702388552483171e-06
1.2029000244140624 4.926228022668511e-06
1.2039000244140625 5.479615298099816e-06
1.2049000244140624 4.096925025805831e-06
1.2059000244140625 3.5480590304359795e-06
1.2069000244140624 4.899772873613983e-06
1.2079000244140625 4.122369573451579e-06
1.2089000244140624 4.593339399434626e-06
1.2099000244140625 4.344004672020674e-06
1.2109000244140624 4.548950120806694e-06
1.2119000244140625 4.820077097974718e-06
1.2129000244140624 3.2865408575162294e-06
1.2139000244140625 4.349834052845836e-06
1.2149000244140624 4.273691971320659e-06
1.2159000244140625 3.4035706194117666e-06
1.2169000244140624 3.5094449995085595e-06
1.2179000244140625 5.357813963200897e-06
1.2189000244140624 4.453334782738239e-06
1.2199000244140625 4.352417017798871e-06
1.2209000244140624 4.445792990736664e-06
1.2219000244140625 4.2539225541986524e-06
1.2229000244140624 4.49613924138248e-06
1.2239000244140625 3.768818569369614e-06
1.2249000244140624 5.1354199531488125e-06
1.2259000244140625 5.1214045379310845e-06
1.2269000244140624 5.024638026952744e-06
1.2279000244140625 4.207975813187659e-06
1.2289000244140624 5.140521563589574e-06
1.2299000244140625 4.457828414160758e-06
1.2309000244140624 4.548441967926919e-06
1.2319000244140625 4.473957000300288e-06
1.2329000244140624 3.860948781948537e-06
1.2339000244140625 4.675401432905346e-06
1.2349000244140624 4.691580310463905e-06
1.2359000244140625 5.049657600466162e-06
1.2369000244140624 4.298726795241237e-06
1.2379000244140625 4.588589596096427e-06
1.2389000244140624 4.3469069642014804e-06
1.2399000244140626 4.86959278350696e-06
1.2409000244140624 4.796865861862897e-06
1.2419000244140626 4.4341282336972655e-06
1.2429000244140624 5.249827867373824e-06
1.2439000244140626 4.325990041252226e-06
1.2449000244140624 5.010717432014644e-06
1.2459000244140626 3.998333762865513e-06
1.2469000244140624 4.6101008192636075e-06
1.2479000244140626 5.566656938754023e-06
1.2489000244140624 5.271736765280366e-06
1.2499000244140626 5.127081298269331e-06
1.2509000244140625 3.695324179716408e-06
1.2519000244140626 5.420182715170085e-06
1.2529000244140625 4.169658524915576e-06
1.2539000244140626 4.907816997729242e-06
1.2549000244140625 5.073172738775611e-06
1.2559000244140626 4.764987621456385e-06
1.2569000244140625 4.506428958848119e-06
1.2579000244140626 4.293724778108299e-06
1.2589000244140625 4.825843323487789e-06
1.2599000244140626 4.731534980237484e-06
1.2609000244140625 3.5895208711735906e-06
1.2619000244140626 4.517070599831641e-06
1.2629000244140625 4.724676953628659e-06
1.2639000244140626 5.986764212138951e-06
1.2649000244140625 5.2790392073802655e-06
1.2659000244140626 4.212699655909091e-06
1.2669000244140625 4.728896834421903e-06
1.2679000244140626 4.994980758056044e-06
1.2689000244140625 4.560786357615143e-06
1.2699000244140626 5.01531723421067e-06
1.2709000244140625 4.5752760488539934e-06
1.2719000244140626 5.317469243891537e-06
1.2729000244140625 4.353038326371461e-06
1.2739000244140626 5.812060320749879e-06
1.2749000244140625 3.813055285718292e-06
1.2759000244140626 3.4964352380484344e-06
1.2769000244140625 4.908811999484897e-06
1.2779000244140626 4.959909245371818e-06
1.2789000244140625 4.3683795374818145e-06
1.2799000244140626 4.374991869553924e-06
1.2809000244140625 5.221543717198074e-06
1.2819000244140626 4.94479457847774e-06
1.2829000244140625 4.968751920387149e-06
1.2839000244140626 4.31215122807771e-06
1.2849000244140625 4.231864470057189e-06
1.2859000244140626 5.0688948831520975e-06
1.2869000244140625 4.94003581115976e-06
1.2879000244140626 5.023273872211576e-06
1.2889000244140625 5.1491552148945635e-06
1.2899000244140626 5.516375182196498e-06
1.2909000244140625 5.03892608685419e-06
1.2919000244140626 5.856242380104959e-06
1.2929000244140625 5.0378747982904314e-06
1.2939000244140626 5.355651956051588e-06
1.2949000244140625 5.312865367159247e-06
1.2959000244140626 4.222974181175232e-06
1.2969000244140625 4.728497413452715e-06
1.2979000244140626 5.290021072141826e-06
1.2989000244140625 4.743979836348444e-06
1.2999000244140626 4.415349452756345e-06
1.3009000244140625 4.972327675204724e-06
1.3019000244140626 4.809911537449807e-06
1.3029000244140625 5.069744249340147e-06
1.3039000244140626 5.271392234135419e-06
1.3049000244140625 4.628373426385224e-06
1.3059000244140626 4.79904335225001e-06
1.3069000244140625 4.830190329812467e-06
1.3079000244140624 4.209475358948111e-06
1.3089000244140625 4.273421189282089e-06
1.3099000244140624 4.386580141726881e-06
1.3109000244140625 5.39555971045047e-06
1.3119000244140624 4.943986772559583e-06
1.3129000244140625 5.1362257800064976e-06
1.3139000244140624 6.18882809067145e-06
1.3149000244140625 4.6447159838862716e-06
1.3159000244140624 4.910643910989165e-06
1.3169000244140625 4.525746393483132e-06
1.3179000244140624 4.707105923444033e-06
1.3189000244140625 5.191171367187053e-06
1.3199000244140624 4.210455052088946e-06
1.3209000244140625 5.092006875202059e-06
1.3219000244140624 4.802950657904148e-06
1.3229000244140625 5.221188650466502e-06
1.3239000244140624 4.813700914382935e-06
1.3249000244140625 3.536612843163311e-06
1.3259000244140624 4.168779938481748e-06
1.3269000244140625 4.615272744558752e-06
1.3279000244140624 4.403023980557918e-06
1.3289000244140625 4.908747039735317e-06
1.3299000244140624 5.223454732913524e-06
1.3309000244140625 5.155926861334592e-06
1.3319000244140624 5.045457393862308e-06
1.3329000244140625 3.6974516115151346e-06
1.3339000244140624 4.911676805932075e-06
1.3349000244140625 4.4090346200391645e-06
1.3359000244140624 4.288778582122177e-06
1.3369000244140625 5.905923550017178e-06
1.3379000244140624 4.164031532127411e-06
1.3389000244140625 5.286355735734105e-06
1.3399000244140624 4.352582909632474e-06
1.3409000244140625 4.831488127820194e-06
1.3419000244140624 4.459535528440029e-06
1.3429000244140625 5.513993557542563e-06
1.3439000244140624 6.175862450618297e-06
1.3449000244140625 4.057403595652431e-06
1.3459000244140624 4.762131429743022e-06
1.3469000244140625 5.436728999484331e-06
1.3479000244140624 5.119318782817572e-06
1.3489000244140625 6.321944762021304e-06
1.3499000244140624 6.2858882592991e-06
1.3509000244140625 5.6060649221763015e-06
1.3519000244140624 4.35479759471491e-06
1.3529000244140625 6.497512455098331e-06
1.3539000244140624 6.203196477144957e-06
1.3549000244140625 4.3808693881146605e-06
1.3559000244140624 5.696611595340072e-06
1.3569000244140625 5.944223492406308e-06
1.3579000244140624 4.247479024343193e-06
1.3589000244140625 5.458117695525289e-06
1.3599000244140624 7.318275282159447e-06
1.3609000244140625 5.602089571766555e-06
1.3619000244140624 4.128583008423448e-06
1.3629000244140625 5.408325931057334e-06
1.3639000244140624 4.923140339087694e-06
1.3649000244140626 5.013251386117191e-06
1.3659000244140624 6.287636118941009e-06
1.3669000244140626 5.644837277941405e-06
1.3679000244140624 5.033180175814777e-06
1.3689000244140626 5.177313229069114e-06
1.3699000244140624 5.615602072793991e-06
1.3709000244140626 5.783329019322991e-06
1.3719000244140624 5.2163971704430874e-06
1.3729000244140626 5.813198164105415e-06
1.3739000244140624 6.24227721709758e-06
1.3749000244140626 5.757490522228182e-06
1.3759000244140625 5.504617467522622e-06
1.3769000244140626 6.327637354843318e-06
1.3779000244140625 6.116059026680887e-06
1.3789000244140626 6.166803184896707e-06
1.3799000244140625 6.222701049409807e-06
1.3809000244140626 5.1593478419817985e-06
1.3819000244140625 6.0938730603083966e-06
1.3829000244140626 6.384722539223731e-06
1.3839000244140625 5.589118460193277e-06
1.3849000244140626 5.321351229213178e-06
1.3859000244140625 5.837594741024077e-06
1.3869000244140626 5.65730145899579e-06
1.3879000244140625 5.421968176960945e-06
1.3889000244140626 5.728066200390459e-06
1.3899000244140625 5.63590379897505e-06
1.3909000244140626 4.488748323637992e-06
1.3919000244140625 5.401833215728402e-06
1.3929000244140626 4.331187927164137e-06
1.3939000244140625 5.298504373058676e-06
1.3949000244140626 5.174944584723562e-06
1.3959000244140625 4.788335994817316e-06
1.3969000244140626 5.8627714170143004e-06
1.3979000244140625 5.176556471269578e-06
1.3989000244140626 5.056931055150926e-06
1.3999000244140625 4.683797131292522e-06
1.4009000244140626 5.200070212595165e-06
1.4019000244140625 5.752543453127146e-06
1.4029000244140626 5.014591210056096e-06
1.4039000244140625 5.8863005833700305e-06
1.4049000244140626 6.102782324887812e-06
1.4059000244140625 4.033637815155089e-06
1.4069000244140626 5.050302599556744e-06
1.4079000244140625 4.667402594350278e-06
1.4089000244140626 5.127677868586034e-06
1.4099000244140625 5.9410776011645795e-06
1.4109000244140626 4.615122859831899e-06
1.4119000244140625 4.395371594000608e-06
1.4129000244140626 5.635730922222137e-06
1.4139000244140625 5.603525321930647e-06
1.4149000244140626 5.192178301513195e-06
1.4159000244140625 5.605980637483299e-06
1.4169000244140626 5.0526547711342575e-06
1.4179000244140625 6.451323279179633e-06
1.4189000244140626 5.6914304150268435e-06
1.4199000244140625 5.887640872970223e-06
1.4209000244140626 4.3779218103736645e-06
1.4219000244140625 4.512038081884384e-06
1.4229000244140626 4.881067667156458e-06
1.4239000244140625 5.915566347539425e-06
1.4249000244140626 6.398244644515216e-06
1.4259000244140625 4.789051134139299e-06
1.4269000244140626 4.780274059157818e-06
1.4279000244140625 5.3199934191070496e-06
1.4289000244140626 4.933805204927922e-06
1.4299000244140625 5.073598178569228e-06
1.4309000244140626 4.230469232425093e-06
1.4319000244140625 4.91503404919058e-06
1.4329000244140624 5.353925749659539e-06
1.4339000244140625 6.220196140930057e-06
1.4349000244140624 5.440750799607485e-06
1.4359000244140625 4.441904544364661e-06
1.4369000244140624 4.928051377646625e-06
1.4379000244140625 6.338284816592932e-06
1.4389000244140624 4.838543361984193e-06
1.4399000244140625 4.7895064926706255e-06
1.4409000244140624 5.851549678482116e-06
1.4419000244140625 4.072589392308146e-06
1.4429000244140624 6.08980969991535e-06
1.4439000244140625 5.084371543489397e-06
1.4449000244140624 5.2043061587028205e-06
1.4459000244140625 5.739999818615615e-06
1.4469000244140624 4.357051569968462e-06
1.4479000244140625 4.463642835617066e-06
1.4489000244140624 4.960773163475097e-06
1.4499000244140625 5.540691665373743e-06
1.4509000244140624 5.646448174957186e-06
1.4519000244140625 6.046497263014316e-06
1.4529000244140624 5.294101079925895e-06
1.4539000244140625 5.144093360286206e-06
1.4549000244140624 4.996685369405895e-06
1.4559000244140625 5.148080934304743e-06
1.4569000244140624 4.470034793484956e-06
1.4579000244140625 5.23105903994292e-06
1.4589000244140624 5.7865880662575365e-06
1.4599000244140625 5.229514790698886e-06
1.4609000244140624 6.09895377419889e-06
1.4619000244140625 5.308391759172082e-06
1.4629000244140624 5.268067412544042e-06
1.4639000244140625 4.7071214648894966e-06
1.4649000244140624 4.185108409728855e-06
1.4659000244140625 5.082121700979769e-06
1.4669000244140624 5.953673971816897e-06
1.4679000244140625 6.145186256617308e-06
1.4689000244140624 5.7969035115093e-06
1.4699000244140625 6.8957221228629355e-06
1.4709000244140624 6.001532776281238e-06
1.4719000244140625 6.82064623106271e-06
1.4729000244140624 6.458855350501835e-06
1.4739000244140625 6.622868706472219e-06
1.4749000244140624 5.565997154917568e-06
1.4759000244140625 6.589333293959499e-06
1.4769000244140624 5.333520995918662e-06
1.4779000244140625 5.680486152414233e-06
1.4789000244140624 5.879638018086552e-06
1.4799000244140625 5.764945526607334e-06
1.4809000244140624 5.030675849411637e-06
1.4819000244140625 4.671497852541507e-06
1.4829000244140624 4.933453688863665e-06
1.4839000244140625 5.790905328467488e-06
1.4849000244140624 5.248633213341236e-06
1.4859000244140625 6.793044041842223e-06
1.4869000244140624 4.659230762626976e-06
1.4879000244140625 4.768707207404077e-06
1.4889000244140624 5.976840737275779e-06
1.4899000244140626 6.257964414544403e-06
1.4909000244140624 4.826713993679732e-06
1.4919000244140626 4.9810550408437854e-06
1.4929000244140624 6.09470927156508e-06
1.4939000244140626 5.763250752352178e-06
1.4949000244140624 5.725181079469621e-06
1.4959000244140626 6.366105051711202e-06
1.4969000244140624 5.734313162975013e-06
1.4979000244140626 6.2773114186711615e-06
1.4989000244140624 5.94303384423256e-06
1.4999000244140626 6.396618555299938e-06
1.5009000244140625 6.544456933625043e-06
1.5019000244140626 6.192543660290539e-06
1.5029000244140625 5.997615167871118e-06
1.5039000244140626 5.09576837066561e-06
1.5049000244140625 4.883732472080737e-06
1.5059000244140626 6.310945376753807e-06
1.5069000244140625 5.872669746167958e-06
1.5079000244140626 5.681573180481792e-06
1.5089000244140625 6.8961599608883255e-06
1.5099000244140626 5.16194262309e-06
1.5109000244140625 4.906100453808904e-06
1.5119000244140626 5.8934717671945696e-06
1.5129000244140625 5.5929223308339714e-06
1.5139000244140626 7.344764075241983e-06
1.5149000244140625 6.001315428875387e-06
1.5159000244140626 6.8677451927214865e-06
1.5169000244140625 7.000242825597524e-06
1.5179000244140626 5.984205054119229e-06
1.5189000244140625 6.362280109897256e-06
1.5199000244140626 5.529763991944491e-06
1.5209000244140625 5.953075306024402e-06
1.5219000244140626 6.077707512304187e-06
1.5229000244140625 6.880071479827166e-06
1.5239000244140626 7.015179377049208e-06
1.5249000244140625 8.283035247586668e-06
1.5259000244140626 6.348860799334944e-06
1.5269000244140625 7.038473384454846e-06
1.5279000244140626 6.534212850965559e-06
1.5289000244140625 6.505011231638491e-06
1.5299000244140626 4.599200969096273e-06
1.5309000244140625 6.529957521706819e-06
1.5319000244140626 6.147830514237285e-06
1.5329000244140625 5.9898117324337355e-06
1.5339000244140626 6.124336854554713e-06
1.5349000244140625 6.107622990384698e-06
1.5359000244140626 4.657829646021128e-06
1.5369000244140625 6.379899685271084e-06
1.5379000244140626 5.925087898503989e-06
1.5389000244140625 6.601530709303916e-06
1.5399000244140626 6.466708495281636e-06
1.5409000244140625 5.987894139252604e-06
1.5419000244140626 6.701649283058942e-06
1.5429000244140625 7.356198038905859e-06
1.5439000244140626 6.831007427535951e-06
1.5449000244140625 6.236627930775284e-06
1.5459000244140626 4.51536918990314e-06
1.5469000244140625 7.577640237286687e-06
1.5479000244140626 7.690521888434887e-06
1.5489000244140625 6.7759071243926885e-06
1.5499000244140626 6.324947811663151e-06
1.5509000244140625 6.961076986044645e-06
1.5519000244140626 6.2469847034662965e-06
1.5529000244140625 8.338133222423494e-06
1.5539000244140626 6.914645317010581e-06
1.5549000244140625 6.721092155203223e-06
1.5559000244140626 7.41175061557442e-06
1.5569000244140625 7.880522403866053e-06
1.5579000244140624 7.847022148780525e-06
1.5589000244140625 6.896091857925057e-06
1.5599000244140624 7.551647839136421e-06
1.5609000244140625 6.3475840725004676e-06
1.5619000244140624 7.004549028351902e-06
1.5629000244140625 7.815450895577669e-06
1.5639000244140624 4.8723379150032995e-06
1.5649000244140625 7.557154283858835e-06
1.5659000244140624 5.739451153203845e-06
1.5669000244140625 6.218916852958501e-06
1.5679000244140624 6.127678556367755e-06
1.5689000244140625 8.343156659975648e-06
1.5699000244140624 7.095079869031907e-06
1.5709000244140625 7.220549159683287e-06
1.5719000244140624 6.064236280508339e-06
1.5729000244140625 6.944004795514047e-06
1.5739000244140624 7.0613541174679994e-06
1.5749000244140625 5.366035678889602e-06
1.5759000244140624 7.971428101882339e-06
1.5769000244140625 7.735376595519483e-06
1.5779000244140624 7.422267459332943e-06
1.5789000244140625 5.8134659193456174e-06
1.5799000244140624 6.329016643576325e-06
1.5809000244140625 8.864260511472822e-06
1.5819000244140624 7.866450119763613e-06
1.5829000244140625 5.723840557038784e-06
1.5839000244140624 7.808637456037104e-06
1.5849000244140625 5.67388569470495e-06
1.5859000244140624 7.755324128083885e-06
1.5869000244140625 6.257345667108894e-06
1.5879000244140624 7.587590953335166e-06
1.5889000244140625 8.667012210935354e-06
1.5899000244140624 6.818013964220882e-06
1.5909000244140625 5.008616251870989e-06
1.5919000244140624 8.85064376052469e-06
1.5929000244140625 6.324329879134894e-06
1.5939000244140624 7.436571759171784e-06
1.5949000244140625 9.018415817990899e-06
1.5959000244140624 8.044047513976694e-06
1.5969000244140625 6.173389963805675e-06
1.5979000244140624 6.2110677245073015e-06
1.5989000244140625 5.908597609959543e-06
1.5999000244140624 6.91363716032356e-06
1.6009000244140625 9.037399082444608e-06
1.6019000244140624 7.565520238131285e-06
1.6029000244140625 8.505981299094856e-06
1.6039000244140624 7.032263441942632e-06
1.6049000244140625 8.004703791812062e-06
1.6059000244140624 7.07093847449869e-06
1.6069000244140625 6.485620047897101e-06
1.6079000244140624 7.784495130181313e-06
1.6089000244140625 8.239356335252524e-06
1.6099000244140624 8.34166060667485e-06
1.6109000244140625 7.683941745199263e-06
1.6119000244140624 7.658900809474289e-06
1.6129000244140625 7.840007310733198e-06
1.6139000244140624 7.448223535902798e-06
1.6149000244140626 7.464694674126804e-06
1.6159000244140624 9.284417610615491e-06
1.6169000244140626 7.61105166748166e-06
1.6179000244140624 9.562446386553348e-06
1.6189000244140626 7.712509599514305e-06
1.6199000244140624 9.04219422955066e-06
1.6209000244140626 8.774945046752691e-06
1.6219000244140624 7.876431685872375e-06
1.6229000244140626 8.271603612229228e-06
1.6239000244140624 7.356116897426545e-06
1.6249000244140626 9.822325664572417e-06
1.6259000244140625 8.919256972149015e-06
1.6269000244140626 1.099171640817076e-05
1.6279000244140625 7.5527511071413754e-06
1.6289000244140626 7.846574066206813e-06
1.6299000244140625 7.976749446243047e-06
1.6309000244140626 8.22353968396783e-06
1.6319000244140625 9.374525398015976e-06
1.6329000244140626 7.973085506819188e-06
1.6339000244140625 7.898774463683366e-06
1.6349000244140626 8.908238494768739e-06
1.6359000244140625 8.928431430831552e-06
1.6369000244140626 9.193356963805855e-06
1.6379000244140625 1.0475670685991645e-05
1.6389000244140626 8.893220452591777e-06
1.6399000244140625 1.1156255844980478e-05
1.6409000244140626 1.1818648083135486e-05
1.6419000244140625 1.1687406105920673e-05
1.6429000244140626 1.1544918175786732e-05
1.6439000244140625 1.0888232965953648e-05
1.6449000244140626 1.0329747456125915e-05
1.6459000244140625 9.690813953056931e-06
1.6469000244140626 1.1668174061924219e-05
1.6479000244140625 1.4150400180369614e-05
1.6489000244140626 1.1262947227805852e-05
1.6499000244140625 1.3778225984424352e-05
1.6509000244140626 1.4414219884201883e-05
1.6519000244140625 1.4954870101064444e-05
1.6529000244140626 1.4207079773768782e-05
1.6539000244140625 1.3019758043810725e-05
1.6549000244140626 1.746329618617892e-05
1.6559000244140625 1.671567396260798e-05
1.6569000244140626 1.8444376066327095e-05
1.6579000244140625 1.7661398043856027e-05
1.6589000244140626 2.0451432326808574e-05
1.6599000244140625 2.180219441652298e-05
1.6609000244140626 2.1468522027134897e-05
1.6619000244140625 2.45578121393919e-05
1.6629000244140626 2.5229713879525662e-05
1.6639000244140625 2.8239100240170953e-05
1.6649000244140626 3.0014614574611187e-05
1.6659000244140625 3.203542809933424e-05
1.6669000244140626 3.4641685895621776e-05
1.6679000244140625 3.480255231261253e-05
1.6689000244140626 3.807007987052203e-05
1.6699000244140625 4.237845679745078e-05
1.6709000244140626 4.5599704142659905e-05
1.6719000244140625 5.108399409800767e-05
1.6729000244140626 5.590770859271288e-05
1.6739000244140625 5.7458141818642615e-05
1.6749000244140626 6.337518990039826e-05
1.6759000244140625 6.959277018904686e-05
1.6769000244140626 7.50771202147007e-05
1.6779000244140625 7.969664968550204e-05
1.6789000244140626 8.655865117907524e-05
1.6799000244140625 9.31852897629142e-05
1.6809000244140626 9.941740334033967e-05
1.6819000244140625 0.00010709317028522491
1.6829000244140624 0.0001180170215666294
1.6839000244140625 0.00012542359903454782
1.6849000244140624 0.0001347743794322014
1.6859000244140625 0.00014732617884874344
1.6869000244140624 0.00016249669715762138
1.6879000244140625 0.00017253903858363627
1.6889000244140624 0.00018891580030322075
1.6899000244140625 0.0002057196609675884
1.6909000244140624 0.000224572379142046
1.6919000244140625 0.00024512577801942824
1.6929000244140624 0.0002675693854689598
1.6939000244140625 0.00029325088113546375
1.6949000244140624 0.0003252462819218636
1.6959000244140625 0.00035463346540927886
1.6969000244140624 0.0003988860212266445
1.6979000244140625 0.00044407977908849717
1.6989000244140624 0.0004917634204030037
1.6999000244140625 0.000557690642774105
1.7009000244140624 0.0006230980232357978
1.7019000244140625 0.0006994914636015892
1.7029000244140624 0.0007907077074050903
1.7039000244140625 0.0008957506865262984
1.7049000244140624 0.0010136275887489318
1.7059000244140625 0.0011444888561964036
1.7069000244140624 0.0012998907417058943
1.7079000244140625 0.0014785315841436386
1.7089000244140624 0.0016707953959703445
1.7099000244140625 0.001904915988445282
1.7109000244140624 0.002169361025094986
1.7119000244140625 0.0024507898092269898
1.7129000244140624 0.002775135666131973
1.7139000244140625 0.0031629030406475065
1.7149000244140624 0.003568637877702713
1.7159000244140625 0.004065273225307465
1.7169000244140624 0.00465508246421814
1.7179000244140625 0.005270654201507569
1.7189000244140624 0.005988274097442628
1.7199000244140625 0.006832771956920624
1.7209000244140624 0.007783467411994934
1.7219000244140625 0.008917643547058105
1.7229000244140624 0.01029158902168274
1.7239000244140625 0.011848793506622315
1.7249000244140624 0.01365051770210266
1.7259000244140625 0.015765048027038576
1.7269000244140624 0.01842594623565674
1.7279000244140625 0.021398069858551024
1.7289000244140624 0.02515828824043274
1.7299000244140625 0.029690896272659303
1.7309000244140624 0.03464262819290161
1.7319000244140625 0.040668047904968266
1.7329000244140624 0.04779230785369873
1.7339000244140625 0.055723352432250975
1.7349000244140624 0.06435828018188476
1.7359000244140625 0.07430954456329346
1.7369000244140624 0.08406792736053466
1.7379000244140625 0.09447854042053222
1.7389000244140624 0.10542141914367675
1.7399000244140626 0.11626338386535645
1.7409000244140624 0.1279127197265625
1.7419000244140626 0.14169367790222168
1.7429000244140624 0.15737658119201658
1.7439000244140626 0.17503442192077634
1.7449000244140624 0.19562034034729003
1.7459000244140626 0.21962715911865235
1.7469000244140624 0.2462772560119629
1.7479000244140626 0.27845575714111326
1.7489000244140624 0.31420088195800777
1.7499000244140626 0.35068770217895506
1.7509000244140625 0.39215724563598636
1.7519000244140626 0.4339935836791992
1.7529000244140625 0.47654893493652345
1.7539000244140626 0.5204603042602539
1.7549000244140625 0.5641593475341797
1.7559000244140626 0.6025443725585937
1.7569000244140625 0.6395546569824219
1.7579000244140626 0.6737837295532226
1.7589000244140625 0.704072769165039
1.7599000244140626 0.7316326751708985
1.7609000244140625 0.759574462890625
1.7619000244140626 0.7825420989990235
1.7629000244140625 0.8051441497802735
1.7639000244140626 0.8255540618896484
1.7649000244140625 0.8450437011718751
1.7659000244140626 0.8655915679931642
1.7669000244140625 0.8842518463134766
1.7679000244140626 0.9017535705566406
1.7689000244140625 0.9158040618896485
1.7699000244140626 0.9279057769775391
1.7709000244140625 0.9396585540771484
1.7719000244140626 0.9489164886474609
1.7729000244140625 0.9582427825927735
1.7739000244140626 0.9611556091308594
1.7749000244140625 0.9670366821289061
1.7759000244140626 0.9675886840820312
1.7769000244140625 0.9707020721435546
1.7779000244140626 0.9722593688964843
1.7789000244140625 0.9711437072753907
1.7799000244140626 0.9727876739501953
1.7809000244140625 0.97044580078125
1.7819000244140626 0.9696239318847657
1.7829000244140625 0.9702042083740234
1.7839000244140626 0.9701782989501954
1.7849000244140625 0.9705667877197266
1.7859000244140626 0.9717392578125
1.7869000244140625 0.9716529693603516
1.7879000244140626 0.9710545043945312
1.7889000244140625 0.9721233520507812
1.7899000244140626 0.9716958465576172
1.7909000244140625 0.9714622344970704
1.7919000244140626 0.9726956481933594
1.7929000244140625 0.9690332946777344
1.7939000244140626 0.9681485900878906
1.7949000244140625 0.9650553588867187
1.7959000244140626 0.9619371032714844
1.7969000244140625 0.9605111389160156
1.7979000244140626 0.9570895690917969
1.7989000244140625 0.9547029724121094
1.7999000244140626 0.9501624908447266
1.8009000244140625 0.9461306152343749
1.8019000244140626 0.9430825958251953
1.8029000244140625 0.9384588165283203
1.8039000244140626 0.935890380859375
1.8049000244140625 0.9340789642333985
1.8059000244140626 0.9316932678222656
1.8069000244140625 0.9308057098388671
1.8079000244140624 0.9309774017333985
1.8089000244140625 0.9278240203857422
1.8099000244140624 0.9285236206054688
1.8109000244140625 0.9278765411376954
1.8119000244140624 0.9290752258300782
1.8129000244140625 0.9319068145751953
1.8139000244140624 0.9308126983642577
1.8149000244140625 0.9320501251220703
1.8159000244140624 0.9351929626464843
1.8169000244140625 0.93792041015625
1.8179000244140624 0.9388304290771484
1.8189000244140625 0.9421419830322266
1.8199000244140624 0.9445544891357421
1.8209000244140625 0.9447753143310547
1.8219000244140624 0.9514135437011718
1.8229000244140625 0.9533622741699219
1.8239000244140624 0.9547858428955078
1.8249000244140625 0.9562667083740234
1.8259000244140624 0.9576789855957031
1.8269000244140625 0.9591751403808594
1.8279000244140624 0.9634265899658203
1.8289000244140625 0.9625489654541016
1.8299000244140624 0.9657474975585937
1.8309000244140625 0.9674836578369141
1.8319000244140624 0.9679065399169922
1.8329000244140625 0.9685724487304688
1.8339000244140624 0.9719739990234375
1.8349000244140625 0.9708784637451171
1.8359000244140624 0.9714313964843749
1.8369000244140625 0.9717231597900391
1.8379000244140624 0.9721956024169921
1.8389000244140625 0.9710032348632812
1.8399000244140624 0.9728476257324219
1.8409000244140625 0.9719913330078126
1.8419000244140624 0.9711654205322265
1.8429000244140625 0.9722291107177735
1.8439000244140624 0.9703494567871094
1.8449000244140625 0.9682129364013672
1.8459000244140624 0.9695854339599609
1.8469000244140625 0.967202880859375
1.8479000244140624 0.9641494293212891
1.8489000244140625 0.963066162109375
1.8499000244140624 0.9625820770263672
1.8509000244140625 0.9611932373046875
1.8519000244140624 0.9570907745361328
1.8529000244140625 0.957217529296875
1.8539000244140624 0.9547907409667968
1.8549000244140625 0.9552748413085937
1.8559000244140624 0.95306689453125
1.8569000244140625 0.9526092376708984
1.8579000244140624 0.9516497039794922
1.8589000244140625 0.9504833374023437
1.8599000244140624 0.949299591064453
1.8609000244140625 0.9499012908935547
1.8619000244140624 0.9468516540527344
1.8629000244140625 0.9485093231201173
1.8639000244140624 0.9494207458496093
1.8649000244140626 0.9485364990234375
1.8659000244140624 0.9483598480224609
1.8669000244140626 0.9485418548583985
1.8679000244140624 0.9495445709228515
1.8689000244140626 0.9495712280273437
1.8699000244140624 0.9507056579589843
1.8709000244140626 0.9516259460449219
1.8719000244140624 0.9530730438232422
1.8729000244140626 0.9535402984619141
1.8739000244140624 0.9562715301513671
1.8749000244140626 0.9573734283447266
1.8759000244140625 0.9579029541015625
1.8769000244140626 0.9583059387207031
1.8779000244140625 0.9608029327392578
1.8789000244140626 0.9611431121826172
1.8799000244140625 0.9630997314453126
1.8809000244140626 0.9631576995849609
1.8819000244140625 0.9663289794921874
1.8829000244140626 0.9677684173583984
1.8839000244140625 0.9691846466064453
1.8849000244140626 0.9699761352539062
1.8859000244140625 0.9689009246826171
1.8869000244140626 0.9721276092529297
1.8879000244140625 0.9727280426025391
1.8889000244140626 0.9736609802246093
1.8899000244140625 0.9733302459716796
1.8909000244140626 0.9734485778808594
1.8919000244140625 0.9750268249511719
1.8929000244140626 0.9763369293212891
1.8939000244140625 0.977140380859375
1.8949000244140626 0.9775498199462891
1.8959000244140625 0.9782041473388672
1.8969000244140626 0.978433853149414
1.8979000244140625 0.9789498748779297
1.8989000244140626 0.9781851654052734
1.8999000244140625 0.9820215454101563
1.9009000244140626 0.9807078094482422
1.9019000244140625 0.9810706634521484
1.9029000244140626 0.9826705932617188
1.9039000244140625 0.9836557006835938
1.9049000244140626 0.9829269561767577
1.9059000244140625 0.9831168212890625
1.9069000244140626 0.9847862701416016
1.9079000244140625 0.9870380401611328
1.9089000244140626 0.9875187072753906
1.9099000244140625 0.9868260498046876
1.9109000244140626 0.9868951263427735
1.9119000244140625 0.9903407135009766
1.9129000244140626 0.9882839508056641
1.9139000244140625 0.9881489715576172
1.9149000244140626 0.9881153717041016
1.9159000244140625 0.9881530303955078
1.9169000244140626 0.9881332702636719
1.9179000244140625 0.9877444152832031
1.9189000244140626 0.9862716522216798
1.9199000244140625 0.9891523437499999
1.9209000244140626 0.9864195404052734
1.9219000244140625 0.9858310852050781
1.9229000244140626 0.9857087707519532
1.9239000244140625 0.9841013183593751
1.9249000244140626 0.9827724914550781
1.9259000244140625 0.979521499633789
1.9269000244140626 0.9802513732910156
1.9279000244140625 0.9799932861328124
1.9289000244140626 0.9781246337890624
1.9299000244140625 0.9769703979492188
1.9309000244140626 0.9763402404785156
1.9319000244140625 0.9731222991943359
1.9329000244140624 0.9740141143798828
1.9339000244140625 0.9722214965820313
1.9349000244140624 0.9718537139892578
1.9359000244140625 0.9709115142822266
1.9369000244140624 0.9700765991210938
1.9379000244140625 0.9690504302978517
1.9389000244140624 0.9684927825927734
1.9399000244140625 0.9684789428710937
1.9409000244140624 0.969490753173828
1.9419000244140625 0.9695190124511719
1.9429000244140624 0.968717056274414
1.9439000244140625 0.9689638519287109
1.9449000244140624 0.9687791595458983
1.9459000244140625 0.9701307525634766
1.9469000244140624 0.9706810760498047
1.9479000244140625 0.9722742614746093
1.9489000244140624 0.9725105133056641
1.9499000244140625 0.9715252227783203
1.9509000244140624 0.973861801147461
1.9519000244140625 0.9740791473388671
1.9529000244140624 0.9742201690673827
1.9539000244140625 0.9756296081542969
1.9549000244140624 0.9762777099609374
1.9559000244140625 0.9760785064697265
1.9569000244140624 0.9752939910888672
1.9579000244140625 0.9770938415527344
1.9589000244140624 0.9776559600830077
1.9599000244140625 0.975438491821289
1.9609000244140624 0.9755157775878907
1.9619000244140625 0.9764735107421875
1.9629000244140624 0.9762103881835938
1.9639000244140625 0.9758169403076172
1.9649000244140624 0.9757903747558594
1.9659000244140625 0.9747722015380859
1.9669000244140624 0.9740967864990234
1.9679000244140625 0.9711063842773437
1.9689000244140624 0.9747858276367188
1.9699000244140625 0.9742831268310548
1.9709000244140624 0.971024185180664
1.9719000244140625 0.9720519561767579
1.9729000244140624 0.9713465270996093
1.9739000244140625 0.9702518768310547
1.9749000244140624 0.97027099609375
1.9759000244140625 0.9703276062011719
1.9769000244140624 0.9695706939697266
1.9779000244140625 0.9700162048339844
1.9789000244140624 0.968002670288086
1.9799000244140625 0.9684024658203125
1.9809000244140624 0.9701864929199219
1.9819000244140625 0.970671371459961
1.9829000244140624 0.9688249664306641
1.9839000244140625 0.970947280883789
1.9849000244140624 0.9714031219482422
1.9859000244140625 0.9725043792724609
1.9869000244140624 0.971833999633789
1.9879000244140625 0.9740278930664062
1.9889000244140624 0.972943328857422
1.9899000244140626 0.9725465698242188
1.9909000244140624 0.9753638916015624
1.9919000244140626 0.9747942657470703
1.9929000244140624 0.9764190979003906
1.9939000244140626 0.9758885955810547
1.9949000244140624 0.9764918212890624
1.9959000244140626 0.9761803894042969
1.9969000244140624 0.9758131256103516
1.9979000244140626 0.9775265350341797
1.9989000244140624 0.9752456970214844
1.9999000244140626 0.977343521118164
2.0009000244140625 0.9784188385009766
2.0019000244140623 0.9782083282470703
2.0029000244140627 0.9762778015136719
2.0039000244140626 0.9768459777832031
2.0049000244140625 0.9752665100097656
2.0059000244140623 0.9753055114746094
2.0069000244140627 0.9751725616455079
2.0079000244140626 0.9749558563232422
2.0089000244140625 0.973464859008789
2.0099000244140623 0.9763841247558593
2.0109000244140627 0.973681427001953
2.0119000244140626 0.973955062866211
2.0129000244140625 0.9757950897216797
2.0139000244140624 0.9763831481933594
2.0149000244140627 0.9762096252441407
2.0159000244140626 0.9767181549072265
2.0169000244140625 0.9784300537109375
2.0179000244140624 0.9795132904052735
2.0189000244140627 0.9774806518554687
2.0199000244140626 0.9801093139648438
2.0209000244140625 0.9809465789794922
2.0219000244140624 0.9806805572509765
2.0229000244140627 0.9832237548828126
2.0239000244140626 0.984658920288086
2.0249000244140625 0.9844388427734375
2.0259000244140624 0.9877801971435547
2.0269000244140627 0.9871241912841796
2.0279000244140626 0.9882046661376953
2.0289000244140625 0.9893283996582031
2.0299000244140624 0.9895760803222656
2.0309000244140627 0.9898041229248047
2.0319000244140626 0.989666030883789
2.0329000244140625 0.991381820678711
2.0339000244140624 0.9902414398193359
2.0349000244140627 0.9901453399658203
2.0359000244140626 0.9895540771484375
2.0369000244140625 0.9904841766357422
2.0379000244140624 0.9904182891845703
2.0389000244140627 0.9880778503417968
2.0399000244140626 0.9897723083496094
2.0409000244140625 0.989059326171875
2.0419000244140624 0.9859133453369141
2.0429000244140627 0.9872462463378906
2.0439000244140626 0.9822979431152343
2.0449000244140625 0.9814806823730469
2.0459000244140624 0.9806071319580079
2.0469000244140627 0.9793294219970703
2.0479000244140626 0.978108627319336
2.04889990234375 0.9770367126464844
2.04989990234375 0.9737137145996094
2.05089990234375 0.9734265747070313
2.05189990234375 0.9734968109130859
2.05289990234375 0.9728903503417969
2.05389990234375 0.9704513854980469
2.05489990234375 0.9710738677978515
2.05589990234375 0.9713330993652343
2.05689990234375 0.9706355590820313
2.05789990234375 0.9699810638427735
2.05889990234375 0.9693379974365235
2.05989990234375 0.9700343170166016
2.06089990234375 0.9724894866943359
2.06189990234375 0.9720437774658203
2.06289990234375 0.9732149963378905
2.06389990234375 0.9747047271728516
2.06489990234375 0.9771745147705079
2.06589990234375 0.9784866485595702
2.06689990234375 0.9786434020996094
2.06789990234375 0.9807514801025391
2.06889990234375 0.9826466064453124
2.06989990234375 0.9825730743408204
2.07089990234375 0.9874649505615234
2.07189990234375 0.9876262817382812
2.07289990234375 0.9877674407958985
2.07389990234375 0.9898344268798829
2.07489990234375 0.9915769805908203
2.07589990234375 0.9925550994873046
2.07689990234375 0.9936439819335938
2.07789990234375 0.9928155364990235
2.07889990234375 0.9923994140625
2.07989990234375 0.9955619812011719
2.08089990234375 0.9939408569335937
2.08189990234375 0.9949806365966797
2.08289990234375 0.9937274017333985
2.08389990234375 0.9948237457275391
2.08489990234375 0.9957418975830078
2.08589990234375 0.9947266082763672
2.08689990234375 0.9916258087158204
2.08789990234375 0.9917925262451172
2.08889990234375 0.9891173095703125
2.08989990234375 0.9895514373779296
2.09089990234375 0.9904607238769532
2.09189990234375 0.9884564819335938
2.09289990234375 0.9872271575927735
2.09389990234375 0.9855461883544921
2.09489990234375 0.9860555725097656
2.09589990234375 0.9859318237304687
2.09689990234375 0.9865937194824218
2.09789990234375 0.9812994995117188
2.09889990234375 0.983324966430664
2.09989990234375 0.9810984649658203
2.10089990234375 0.9827482604980469
2.10189990234375 0.981737045288086
2.10289990234375 0.9800304718017578
2.10389990234375 0.9797119140625
2.10489990234375 0.9800078430175782
2.10589990234375 0.9795445861816406
2.10689990234375 0.9772622680664063
2.10789990234375 0.978892547607422
2.10889990234375 0.9784890441894531
2.10989990234375 0.9772566986083985
2.11089990234375 0.9767479858398437
2.11189990234375 0.9779485626220703
2.11289990234375 0.9773868865966797
2.11389990234375 0.9769084167480468
2.11489990234375 0.9745611877441407
2.11589990234375 0.9741689910888672
2.11689990234375 0.972989990234375
2.11789990234375 0.9730534362792969
2.11889990234375 0.9716668243408203
2.11989990234375 0.9700276336669922
2.12089990234375 0.970593276977539
2.12189990234375 0.9691870880126953
2.12289990234375 0.9687718505859375
2.12389990234375 0.9673051757812501
2.12489990234375 0.9684451904296876
2.12589990234375 0.9652672576904296
2.12689990234375 0.9681192321777344
2.12789990234375 0.9640926361083985
2.12889990234375 0.9623680114746094
2.12989990234375 0.9634943237304688
2.13089990234375 0.961891860961914
2.13189990234375 0.9637059631347656
2.13289990234375 0.9616608123779297
2.13389990234375 0.9646529693603516
2.13489990234375 0.9632671508789062
2.13589990234375 0.9635544281005859
2.13689990234375 0.9634805450439452
2.13789990234375 0.9643447113037109
2.13889990234375 0.9628782348632812
2.13989990234375 0.9684939575195313
2.14089990234375 0.9672759246826171
2.14189990234375 0.9680765075683594
2.14289990234375 0.9692179260253906
2.14389990234375 0.9690667724609375
2.14489990234375 0.9715334777832031
2.14589990234375 0.9729419860839843
2.14689990234375 0.9704402313232421
2.14789990234375 0.973641342163086
2.14889990234375 0.9728824157714844
2.14989990234375 0.9753731842041016
2.15089990234375 0.9724999694824219
2.15189990234375 0.9746908416748048
2.15289990234375 0.973819564819336
2.15389990234375 0.9751286926269532
2.15489990234375 0.9722370910644531
2.15589990234375 0.9729735717773437
2.15689990234375 0.9738294982910156
2.15789990234375 0.971782958984375
2.15889990234375 0.9717835388183593
2.15989990234375 0.9688673095703124
2.16089990234375 0.9685284118652343
2.16189990234375 0.9659791412353517
2.16289990234375 0.9646797332763671
2.16389990234375 0.9639072265625
2.16489990234375 0.9608822784423827
2.16589990234375 0.9614439544677734
2.16689990234375 0.9580042724609374
2.16789990234375 0.9579138641357422
2.16889990234375 0.954312759399414
2.16989990234375 0.956396484375
2.17089990234375 0.9536967010498048
2.17189990234375 0.9517066955566407
2.17289990234375 0.9515947723388671
2.17389990234375 0.9495554351806641
2.17489990234375 0.9499949798583984
2.17589990234375 0.9464562683105469
2.17689990234375 0.9479677429199219
2.17789990234375 0.9495179595947266
2.17889990234375 0.948821075439453
2.17989990234375 0.9481369323730469
2.18089990234375 0.9475940246582032
2.18189990234375 0.947302474975586
2.18289990234375 0.9506805114746093
2.18389990234375 0.9508309326171874
2.18489990234375 0.9496425933837891
2.18589990234375 0.9537757873535156
2.18689990234375 0.9518526458740234
2.18789990234375 0.9532211914062501
2.18889990234375 0.9555460052490234
2.18989990234375 0.9561295318603515
2.19089990234375 0.9573202667236328
2.19189990234375 0.9592934570312499
2.19289990234375 0.9590838470458984
2.19389990234375 0.9599591064453125
2.19489990234375 0.9630156097412109
2.19589990234375 0.9645440368652344
2.19689990234375 0.9650565948486328
2.19789990234375 0.9695382080078124
2.19889990234375 0.9691286163330077
2.19989990234375 0.9711942291259765
2.20089990234375 0.9713981018066405
2.20189990234375 0.9739588317871093
2.20289990234375 0.9746084136962891
2.20389990234375 0.9745254058837891
2.20489990234375 0.9740224609374999
2.20589990234375 0.9732247467041016
2.20689990234375 0.9718000183105469
2.20789990234375 0.9710247344970704
2.20889990234375 0.9670826568603517
2.20989990234375 0.9621740417480469
2.21089990234375 0.9560348205566406
2.21189990234375 0.9442491760253907
2.21289990234375 0.9379944610595703
2.21389990234375 0.9196515045166015
2.21489990234375 0.9052635040283203
2.21589990234375 0.8851504058837891
2.21689990234375 0.8599760437011719
2.21789990234375 0.8328019561767579
2.21889990234375 0.8024618530273437
2.21989990234375 0.7693560943603515
2.22089990234375 0.7329883728027343
2.22189990234375 0.6938454742431641
2.22289990234375 0.6523021926879884
2.22389990234375 0.6114936065673828
2.22489990234375 0.5715042190551758
2.22589990234375 0.5304975814819336
2.22689990234375 0.49074145507812506
2.22789990234375 0.45334307861328127
2.22889990234375 0.4158729858398438
2.22989990234375 0.38204481506347654
2.23089990234375 0.35152254867553706
2.23189990234375 0.32279196166992186
2.23289990234375 0.2947673797607422
2.23389990234375 0.2693099365234375
2.23489990234375 0.24341298294067382
2.23589990234375 0.2189425621032715
2.23689990234375 0.19765880203247072
2.23789990234375 0.1770528793334961
2.23889990234375 0.15760610008239748
2.23989990234375 0.14006314086914062
2.24089990234375 0.12385496711730956
2.24189990234375 0.10847710227966308
2.24289990234375 0.09564303207397462
2.24389990234375 0.08416183376312256
2.24489990234375 0.07347753524780273
2.24589990234375 0.06426180744171144
2.24689990234375 0.055971786499023436
2.24789990234375 0.04851133871078491
2.24889990234375 0.04217975997924805
2.24989990234375 0.03694868087768555
2.25089990234375 0.032242955684661866
2.25189990234375 0.028043367862701417
2.25289990234375 0.024519043684005738
2.25389990234375 0.021294625997543334
2.25489990234375 0.01848626184463501
2.25589990234375 0.01622427558898926
2.25689990234375 0.014196449995040893
2.25789990234375 0.01240710186958313
2.25889990234375 0.010880437254905702
2.25989990234375 0.00949059224128723
2.26089990234375 0.008268338441848756
2.26189990234375 0.007279085397720337
2.26289990234375 0.006417851448059082
2.26389990234375 0.0056353600025176994
2.26489990234375 0.00497294944524765
2.26589990234375 0.004381753981113434
2.26689990234375 0.0038496935963630674
2.26789990234375 0.003410102427005768
2.26889990234375 0.0030172100067138675
2.26989990234375 0.0026770137548446653
2.27089990234375 0.0023956519961357116
2.27189990234375 0.002127721399068832
2.27289990234375 0.0018962600231170654
2.27389990234375 0.001693616181612015
2.27489990234375 0.0015290994048118593
2.27589990234375 0.0013779013603925706
2.27689990234375 0.001240055412054062
2.27789990234375 0.0011384948045015334
2.27889990234375 0.0010254480391740798
2.27989990234375 0.0009255275130271911
2.28089990234375 0.0008490651398897171
2.28189990234375 0.0007813017517328262
2.28289990234375 0.0007171650826931001
2.28389990234375 0.0006552930548787118
2.28489990234375 0.0005978422164916993
2.28589990234375 0.0005607239082455636
2.28689990234375 0.00050431028008461
2.28789990234375 0.0004720018059015274
2.28889990234375 0.00043830993771553045
2.28989990234375 0.00040208975970745087
2.29089990234375 0.00036777442693710326
2.29189990234375 0.00034260389208793637
2.29289990234375 0.00032009394094347957
2.29389990234375 0.00028946544229984284
2.29489990234375 0.0002796447612345219
2.29589990234375 0.0002516057640314102
2.29689990234375 0.0002389635406434536
2.29789990234375 0.00022197119891643525
2.29889990234375 0.00020729440078139306
2.29989990234375 0.0001911114566028118
2.30089990234375 0.00017797498404979704
2.30189990234375 0.00017180683836340904
2.30289990234375 0.0001541731171309948
2.30389990234375 0.00014252421818673611
2.30489990234375 0.00013233221881091595
2.30589990234375 0.00012768995948135852
2.30689990234375 0.00011515007726848125
2.30789990234375 0.00011145203933119774
2.30889990234375 0.00010470266081392764
2.30989990234375 9.55843422561884e-05
2.31089990234375 9.75607093423605e-05
2.31189990234375 8.796232007443904e-05
2.31289990234375 8.082788437604904e-05
2.31389990234375 7.518025953322649e-05
2.31489990234375 7.409083563834429e-05
2.31589990234375 7.009913213551044e-05
2.31689990234375 6.773916725069285e-05
2.31789990234375 6.259528733789921e-05
2.31889990234375 5.740643665194512e-05
2.31989990234375 5.7653021067380904e-05
2.32089990234375 5.5889304727315904e-05
2.32189990234375 5.356706399470568e-05
2.32289990234375 5.2716850303113464e-05
2.32389990234375 4.635970294475555e-05
2.32489990234375 4.634304717183113e-05
2.32589990234375 4.3291826732456687e-05
2.32689990234375 4.347645957022905e-05
2.32789990234375 3.861807798966765e-05
2.32889990234375 3.778988169506192e-05
2.32989990234375 3.913717111572623e-05
2.33089990234375 3.5811069887131455e-05
2.33189990234375 3.5257496405392884e-05
2.33289990234375 3.222577972337604e-05
2.33389990234375 3.232024237513542e-05
2.33489990234375 3.064161399379373e-05
2.33589990234375 3.1149433460086586e-05
2.33689990234375 2.977960603311658e-05
2.33789990234375 3.0983469914644954e-05
2.33889990234375 2.861415734514594e-05
2.33989990234375 2.5824999902397394e-05
2.34089990234375 2.6722950395196677e-05
2.34189990234375 2.6105782482773063e-05
2.34289990234375 2.7073763776570557e-05
2.34389990234375 2.4710639845579862e-05
2.34489990234375 2.325845183804631e-05
2.34589990234375 2.575817983597517e-05
2.34689990234375 2.4570875801146032e-05
2.34789990234375 2.191850170493126e-05
2.34889990234375 2.1469581872224805e-05
2.34989990234375 2.5669185910373926e-05
2.35089990234375 2.222439809702337e-05
2.35189990234375 2.426073420792818e-05
2.35289990234375 2.1016502287238837e-05
2.35389990234375 2.1298550534993412e-05
2.35489990234375 1.8452845280990004e-05
2.35589990234375 2.034977194853127e-05
2.35689990234375 2.299742167815566e-05
2.35789990234375 1.910720788873732e-05
2.35889990234375 2.1403613965958353e-05
2.35989990234375 1.905772415921092e-05
2.36089990234375 1.895045000128448e-05
2.36189990234375 1.919836993329227e-05
2.36289990234375 1.8517348216846585e-05
2.36389990234375 2.276749536395073e-05
2.36489990234375 2.3440108634531498e-05
2.36589990234375 1.8182788277044892e-05
2.36689990234375 2.321113413199782e-05
2.36789990234375 2.465360378846526e-05
2.36889990234375 1.864656014367938e-05
2.36989990234375 1.8280850024893878e-05
2.37089990234375 1.756897382438183e-05
2.37189990234375 2.0734402118250727e-05
2.37289990234375 2.240524347871542e-05
2.37389990234375 1.8188959686085584e-05
2.37489990234375 2.2483315784484148e-05
2.37589990234375 2.3225337732583282e-05
2.37689990234375 1.7583740176633002e-05
2.37789990234375 1.64263560436666e-05
2.37889990234375 1.970036164857447e-05
2.37989990234375 2.4784510023891927e-05
2.38089990234375 1.9746140111237764e-05
2.38189990234375 1.818101992830634e-05
2.38289990234375 1.641445979475975e-05
2.38389990234375 1.907599624246359e-05
2.38489990234375 2.1158212330192328e-05
2.38589990234375 2.2590471897274257e-05
2.38689990234375 2.2233427967876194e-05
2.38789990234375 2.1261510206386446e-05
2.38889990234375 2.0073411986231804e-05
2.38989990234375 2.1738287759944797e-05
2.39089990234375 1.9916733726859093e-05
2.39189990234375 2.453996567055583e-05
2.39289990234375 1.926634809933603e-05
2.39389990234375 2.5088429916650054e-05
2.39489990234375 2.4859598372131585e-05
2.39589990234375 2.5634580291807653e-05
2.39689990234375 2.4135643616318703e-05
2.39789990234375 2.397332154214382e-05
2.39889990234375 2.374559547752142e-05
2.39989990234375 2.385820401832461e-05
2.40089990234375 2.0408709533512594e-05
2.40189990234375 2.8522362001240252e-05
2.40289990234375 2.638188609853387e-05
2.40389990234375 2.6220711879432203e-05
2.40489990234375 2.340449020266533e-05
2.40589990234375 2.180143794976175e-05
2.40689990234375 2.199699985794723e-05
2.40789990234375 2.6563949882984162e-05
2.40889990234375 1.850892975926399e-05
2.40989990234375 2.999492222443223e-05
2.41089990234375 3.077907394617796e-05
2.41189990234375 2.6002539787441493e-05
2.41289990234375 2.4153567850589752e-05
2.41389990234375 2.7677499689161775e-05
2.41489990234375 2.3149904329329728e-05
2.41589990234375 3.0929834116250274e-05
2.41689990234375 2.4446344003081323e-05
2.41789990234375 2.2323023760691283e-05
2.41889990234375 2.8612282592803243e-05
2.41989990234375 2.5523909367620945e-05
2.42089990234375 2.759631210938096e-05
2.42189990234375 2.0612447755411268e-05
2.42289990234375 3.2084705773741004e-05
2.42389990234375 3.121798625215888e-05
2.42489990234375 2.817482594400644e-05
2.42589990234375 2.679339749738574e-05
2.42689990234375 3.373688971623779e-05
2.42789990234375 2.655922807753086e-05
2.42889990234375 2.8244483750313522e-05
2.42989990234375 2.754401182755828e-05
2.43089990234375 2.8938424307852982e-05
2.43189990234375 3.708100179210305e-05
2.43289990234375 3.016264783218503e-05
2.43389990234375 3.611922962591052e-05
2.43489990234375 3.1066580209881066e-05
2.43589990234375 3.865559166297316e-05
2.43689990234375 2.76309079490602e-05
2.43789990234375 2.939613163471222e-05
2.43889990234375 3.233543550595641e-05
2.43989990234375 2.9656563885509966e-05
2.44089990234375 3.491992177441716e-05
2.44189990234375 2.7913330122828483e-05
2.44289990234375 3.009068593382835e-05
2.44389990234375 2.8936991468071934e-05
2.44489990234375 3.1612951774150136e-05
2.44589990234375 3.194520995020866e-05
2.44689990234375 3.177366824820638e-05
2.44789990234375 3.211348643526435e-05
2.44889990234375 3.578909998759627e-05
2.44989990234375 3.0902023892849684e-05
2.45089990234375 3.8950460031628606e-05
2.45189990234375 3.0203632079064845e-05
2.45289990234375 2.522443002089858e-05
2.45389990234375 4.6937461942434304e-05
2.45489990234375 3.584168571978808e-05
2.45589990234375 3.516422770917416e-05
2.45689990234375 3.69182494468987e-05
2.45789990234375 3.7858773022890086e-05
2.45889990234375 3.193603130057454e-05
2.45989990234375 2.612727601081133e-05
2.46089990234375 3.997887764126062e-05
2.46189990234375 3.0484983697533608e-05
2.46289990234375 4.377984814345837e-05
2.46389990234375 4.402317060157657e-05
2.46489990234375 3.600130183622241e-05
2.46589990234375 3.8931034039705994e-05
2.46689990234375 4.2738762218505147e-05
2.46789990234375 3.6549933720380065e-05
2.46889990234375 4.203936085104942e-05
2.46989990234375 3.91602679155767e-05
2.47089990234375 3.361585782840848e-05
2.47189990234375 4.3665442150086166e-05
2.47289990234375 4.52885078266263e-05
2.47389990234375 4.980517271906138e-05
2.47489990234375 3.85218420997262e-05
2.47589990234375 4.149483283981681e-05
2.47689990234375 3.972000954672694e-05
2.47789990234375 3.7427598144859075e-05
2.47889990234375 3.780252393335104e-05
2.47989990234375 4.487413540482521e-05
2.48089990234375 3.620253410190344e-05
2.48189990234375 4.642229247838259e-05
2.48289990234375 3.652759362012148e-05
2.48389990234375 3.455549431964755e-05
2.48489990234375 4.51088035479188e-05
2.48589990234375 2.844176860526204e-05
2.48689990234375 4.653241299092769e-05
2.48789990234375 4.599620029330254e-05
2.48889990234375 3.53008178062737e-05
2.48989990234375 4.787571169435978e-05
2.49089990234375 3.8982206024229524e-05
2.49189990234375 4.336299700662493e-05
2.49289990234375 5.238564405590296e-05
2.49389990234375 4.2377530131489045e-05
2.49489990234375 5.273687653243542e-05
2.49589990234375 4.434948600828648e-05
2.49689990234375 4.967633821070195e-05
2.49789990234375 4.705821163952351e-05
2.49889990234375 4.6469354070723064e-05
2.49989990234375 5.197219597175717e-05
2.50089990234375 3.799523785710335e-05
2.50189990234375 3.990365564823151e-05
2.50289990234375 5.9792554937303066e-05
2.50389990234375 4.379993956536055e-05
2.50489990234375 4.202290158718825e-05
2.50589990234375 6.278099026530981e-05
2.50689990234375 4.9347417429089545e-05
2.50789990234375 4.366081953048706e-05
2.50889990234375 5.2786173298954965e-05
2.50989990234375 5.6476032361388206e-05
2.51089990234375 5.744003597646952e-05
2.51189990234375 6.380315497517585e-05
2.51289990234375 4.834772739559412e-05
2.51389990234375 4.817793983966112e-05
2.51489990234375 5.7017482817173e-05
2.51589990234375 5.689368955790997e-05
2.51689990234375 6.216167379170657e-05
2.51789990234375 5.7500814087688925e-05
2.51889990234375 4.5256489422172306e-05
2.51989990234375 5.0739480182528495e-05
2.52089990234375 5.71200056001544e-05
2.52189990234375 6.371595151722432e-05
2.52289990234375 3.926701564341784e-05
2.52389990234375 6.366406101733446e-05
2.52489990234375 6.396711152046919e-05
2.52589990234375 6.662690639495849e-05
2.52689990234375 5.238357093185186e-05
2.52789990234375 6.208585761487484e-05
2.52889990234375 7.024990487843752e-05
2.52989990234375 6.245046202093362e-05
2.53089990234375 5.7640734128654e-05
2.53189990234375 6.533777061849832e-05
2.53289990234375 6.991660967469215e-05
2.53389990234375 6.648158375173807e-05
2.53489990234375 6.434131227433681e-05
2.53589990234375 5.777765158563852e-05
2.53689990234375 7.79653089120984e-05
2.53789990234375 6.059373542666435e-05
2.53889990234375 7.352172210812568e-05
2.53989990234375 7.575449347496032e-05
2.54089990234375 7.188229821622372e-05
2.54189990234375 6.023081950843334e-05
2.54289990234375 7.026603538542985e-05
2.54389990234375 6.67101787403226e-05
2.54489990234375 7.485496625304222e-05
2.54589990234375 8.38631261140108e-05
2.54689990234375 9.598592296242714e-05
2.54789990234375 6.583998166024686e-05
2.54889990234375 7.978677563369274e-05
2.54989990234375 7.450114004313946e-05
2.55089990234375 7.882446609437465e-05
2.55189990234375 8.402401208877563e-05
2.55289990234375 8.630703203380108e-05
2.55389990234375 9.307239390909671e-05
2.55489990234375 9.222357533872127e-05
2.55589990234375 7.471570372581481e-05
2.55689990234375 0.0001028336100280285
2.55789990234375 0.00010551692359149457
2.55889990234375 9.08793043345213e-05
2.55989990234375 9.48709286749363e-05
2.56089990234375 0.00011144734360277653
2.56189990234375 0.0001016615442931652
2.56289990234375 8.218878787010909e-05
2.56389990234375 0.00011127331666648388
2.56489990234375 9.807735867798327e-05
2.56589990234375 0.00012729588150978087
2.56689990234375 0.0001131423395127058
2.56789990234375 8.420530054718257e-05
2.56889990234375 9.935911744832992e-05
2.56989990234375 0.00010548738576471806
2.57089990234375 0.00012741107866168021
2.57189990234375 9.205585159361363e-05
2.57289990234375 0.00010050990246236324
2.57389990234375 0.00012114287912845611
2.57489990234375 0.00012892852164804935
2.57589990234375 0.00010364173352718354
2.57689990234375 0.00013206381909549236
2.57789990234375 0.00013269158080220222
2.57889990234375 9.92202926427126e-05
2.57989990234375 0.00011150875873863697
2.58089990234375 0.00010285486094653606
2.58189990234375 0.00012777778320014477
2.58289990234375 0.00011484610289335251
2.58389990234375 0.00014038929902017116
2.58489990234375 0.00011398272216320038
2.58589990234375 0.0001339392811059952
2.58689990234375 0.00013428935967385767
2.58789990234375 0.00011174477450549603
2.58889990234375 0.00011487854272127151
2.58989990234375 0.00012909687869250774
2.59089990234375 0.00016935496032238005
2.59189990234375 0.00012131698615849017
2.59289990234375 0.00011943026445806027
2.59389990234375 0.00014166139997541903
2.59489990234375 0.00015010927990078926
