microns transmission
0.40060000610351565 4.3280566686121345e-10
0.40160000610351565 3.213367646045148e-10
0.40260000610351565 9.999999939225291e-11
0.40360000610351565 1.1309606821422827e-09
0.40460000610351565 9.218470203483284e-09
0.4056000061035156 9.182459708156898e-09
0.4066000061035156 9.999999939225291e-11
0.4076000061035156 1.805080268368897e-08
0.4086000061035156 1.1379717432073259e-08
0.4096000061035156 9.999999939225291e-11
0.4106000061035156 9.999999939225291e-11
0.4116000061035156 1.741134302217044e-08
0.4126000061035156 8.994397235895235e-09
0.4136000061035156 3.4145009874346026e-08
0.4146000061035156 1.2234906394681389e-08
0.4156000061035156 9.999999939225291e-11
0.4166000061035156 9.999999939225291e-11
0.4176000061035156 9.999999939225291e-11
0.4186000061035156 9.315153469321066e-09
0.4196000061035156 9.999999939225291e-11
0.4206000061035156 9.999999939225291e-11
0.4216000061035156 9.748836922914467e-09
0.4226000061035156 1.575094703554214e-09
0.4236000061035156 9.999999939225291e-11
0.4246000061035156 9.999999939225291e-11
0.4256000061035156 1.0161727648968129e-08
0.4266000061035156 9.999999939225291e-11
0.4276000061035156 3.823883260404652e-09
0.4286000061035156 9.999999939225291e-11
0.4296000061035156 7.372587023842433e-09
0.4306000061035156 3.0439019305106284e-09
0.4316000061035156 1.030794517002202e-08
0.4326000061035156 1.3585933740974572e-09
0.4336000061035156 3.745886510605108e-09
0.4346000061035156 3.5328672461550544e-09
0.4356000061035156 1.1101372858017083e-08
0.4366000061035156 9.999999939225291e-11
0.4376000061035156 2.42214065693247e-09
0.4386000061035156 9.999999939225291e-11
0.43960000610351563 8.456916752071682e-09
0.44060000610351563 9.999999939225291e-11
0.44160000610351563 7.864490155403321e-10
0.44260000610351563 9.999999939225291e-11
0.44360000610351563 9.999999939225291e-11
0.44460000610351563 1.0668802966999162e-08
0.44560000610351563 9.999999939225291e-11
0.44660000610351563 5.3062934313174994e-09
0.44760000610351564 1.5167786434252168e-10
0.44860000610351564 2.0699546965374793e-10
0.44960000610351564 9.999999939225291e-11
0.45060000610351564 5.9179573212257234e-09
0.45160000610351564 9.999999939225291e-11
0.45260000610351564 1.1061156680961896e-08
0.45360000610351564 9.999999939225291e-11
0.45460000610351564 1.2313210315066197e-08
0.45560000610351564 4.6726134842837536e-09
0.45660000610351564 1.581946704002727e-09
0.45760000610351564 9.999999939225291e-11
0.45860000610351564 4.5913133739361454e-09
0.45960000610351565 2.708894726310973e-08
0.46060000610351565 1.7962786783935295e-09
0.46160000610351565 8.042119690188088e-09
0.46260000610351565 5.91606668246906e-09
0.46360000610351565 9.999999939225291e-11
0.46460000610351565 4.485366715082743e-09
0.46560000610351565 3.9959655732483645e-10
0.46660000610351565 1.755639447154067e-09
0.4676000061035156 9.999999939225291e-11
0.4686000061035156 8.184545781849314e-09
0.4696000061035156 4.327588453515811e-09
0.4706000061035156 9.999999939225291e-11
0.4716000061035156 7.398827669054716e-09
0.4726000061035156 9.999999939225291e-11
0.4736000061035156 9.999999939225291e-11
0.4746000061035156 9.999999939225291e-11
0.4756000061035156 9.999999939225291e-11
0.4766000061035156 9.999999939225291e-11
0.4776000061035156 1.4210399967851118e-10
0.4786000061035156 9.999999939225291e-11
0.4796000061035156 8.40471327201442e-09
0.4806000061035156 9.999999939225291e-11
0.4816000061035156 1.2003812344119069e-08
0.4826000061035156 9.999999939225291e-11
0.4836000061035156 9.999999939225291e-11
0.4846000061035156 3.534353905839301e-10
0.4856000061035156 5.624776751034233e-09
0.4866000061035156 1.3594597968828264e-08
0.4876000061035156 9.884263777829954e-10
0.4886000061035156 7.257277134797846e-09
0.4896000061035156 9.999999939225291e-11
0.4906000061035156 1.096861294236362e-08
0.4916000061035156 5.152168277196742e-09
0.4926000061035156 2.7996086219654143e-09
0.4936000061035156 3.30107238433186e-09
0.4946000061035156 1.0311910081384213e-09
0.4956000061035156 4.04960317131516e-09
0.4966000061035156 9.999999939225291e-11
0.4976000061035156 9.999999939225291e-11
0.4986000061035156 1.1018639725079992e-08
0.4996000061035156 6.205418232596571e-09
0.5006000061035156 1.0231236953946639e-09
0.5016000061035156 1.1895806413993646e-10
0.5026000061035156 1.1114983304120565e-10
0.5036000061035156 2.632964749930504e-09
0.5046000061035156 9.999999939225291e-11
0.5056000061035156 7.39352016646914e-10
0.5066000061035156 9.999999939225291e-11
0.5076000061035156 1.5593793326236967e-08
0.5086000061035156 9.999999939225291e-11
0.5096000061035156 1.5839755936516062e-08
0.5106000061035156 9.999999939225291e-11
0.5116000061035156 8.127539861864837e-09
0.5125999755859375 3.2236910326351636e-09
0.5135999755859375 1.3752478669933528e-08
0.5145999755859375 1.1501756841762282e-08
0.5155999755859375 6.27288440746554e-09
0.5165999755859375 9.999999939225291e-11
0.5175999755859375 3.800305705681239e-09
0.5185999755859375 2.2325242904723078e-08
0.5195999755859375 9.652830073036967e-09
0.5205999755859375 5.42166134209765e-09
0.5215999755859375 9.999999939225291e-11
0.5225999755859375 1.5868287164266803e-08
0.5235999755859375 1.494848334004928e-08
0.5245999755859375 9.999999939225291e-11
0.5255999755859375 2.986928696676235e-08
0.5265999755859375 9.999999939225291e-11
0.5275999755859375 5.35332668860633e-09
0.5285999755859375 1.335218286158124e-08
0.5295999755859375 9.999999939225291e-11
0.5305999755859375 9.999999939225291e-11
0.5315999755859375 3.7165905908409515e-10
0.5325999755859375 3.22744139857889e-09
0.5335999755859375 8.285353487735848e-09
0.5345999755859375 1.119100280296455e-08
0.5355999755859375 1.140285346146186e-08
0.5365999755859375 4.698967398889901e-09
0.5375999755859375 2.438959064339959e-09
0.5385999755859375 1.3372222724683525e-08
0.5395999755859375 1.1246481411338512e-08
0.5405999755859375 2.988378063524995e-09
0.5415999755859375 5.3620489589197485e-09
0.5425999755859375 3.6661200356983654e-09
0.5435999755859375 2.7869793939316877e-08
0.5445999755859375 1.453287069352882e-08
0.5455999755859375 1.055937237500378e-08
0.5465999755859375 9.999999939225291e-11
0.5475999755859375 1.3441980020919193e-08
0.5485999755859375 4.207626780328155e-10
0.5495999755859375 9.999999939225291e-11
0.5505999755859375 2.1404946437542093e-08
0.5515999755859375 9.999999939225291e-11
0.5525999755859375 1.0778653229219041e-10
0.5535999755859375 9.999999939225291e-11
0.5545999755859375 4.224483465264939e-09
0.5555999755859375 2.9070653605837528e-08
0.5565999755859375 1.0146694719992411e-08
0.5575999755859375 9.999999939225291e-11
0.5585999755859375 1.025628001786553e-08
0.5595999755859375 9.999999939225291e-11
0.5605999755859375 9.999999939225291e-11
0.5615999755859375 2.6195846961248513e-08
0.5625999755859376 9.999999939225291e-11
0.5635999755859376 4.66872826324997e-09
0.5645999755859376 1.1485725508464383e-08
0.5655999755859376 1.5533106948832178e-09
0.5665999755859376 2.1205036470443398e-08
0.5675999755859376 1.1057970012255208e-08
0.5685999755859374 9.999999939225291e-11
0.5695999755859374 9.999999939225291e-11
0.5705999755859374 9.999999939225291e-11
0.5715999755859374 2.92701474021347e-09
0.5725999755859374 9.999999939225291e-11
0.5735999755859374 9.999999939225291e-11
0.5745999755859375 1.3146126557709672e-10
0.5755999755859375 5.951276632979822e-09
0.5765999755859375 1.3986760194484306e-10
0.5775999755859375 3.3814306614014335e-10
0.5785999755859375 3.5699310974024455e-09
0.5795999755859375 3.0482877585077025e-09
0.5805999755859375 9.999999939225291e-11
0.5815999755859375 9.999999939225291e-11
0.5825999755859375 5.0039901526114736e-09
0.5835999755859375 1.2336059699672812e-09
0.5845999755859375 9.999999939225291e-11
0.5855999755859375 2.423972720322354e-09
0.5865999755859375 9.999999939225291e-11
0.5875999755859375 9.999999939225291e-11
0.5885999755859375 1.593564983674393e-10
0.5895999755859375 3.3611979155523385e-09
0.5905999755859375 9.999999939225291e-11
0.5915999755859375 3.437123291168594e-09
0.5925999755859375 1.6138636205198508e-09
0.5935999755859375 9.999999939225291e-11
0.5945999755859375 3.885556854044125e-09
0.5955999755859375 9.999999939225291e-11
0.5965999755859375 9.999999939225291e-11
0.5975999755859375 7.643327156377684e-10
0.5985999755859375 9.999999939225291e-11
0.5995999755859375 8.682700010827678e-10
0.6005999755859375 9.999999939225291e-11
0.6015999755859375 1.755320688801021e-10
0.6025999755859375 5.163219836864149e-10
0.6035999755859375 1.699797416894929e-09
0.6045999755859375 1.335248350405512e-09
0.6055999755859375 9.999999939225291e-11
0.6065999755859375 9.999999939225291e-11
0.6075999755859375 1.6521435923048481e-09
0.6085999755859375 9.999999939225291e-11
0.6095999755859375 1.2758166612059086e-09
0.6105999755859375 7.49111984295799e-10
0.6115999755859375 1.134534880857056e-09
0.6125999755859375 1.118729304749877e-09
0.6135999755859375 2.4560786412071892e-09
0.6145999755859375 9.999999939225291e-11
0.6155999755859375 9.999999939225291e-11
0.6165999755859375 3.5067299523442823e-09
0.6175999755859375 9.999999939225291e-11
0.6185999755859375 9.999999939225291e-11
0.6195999755859375 1.4100379945129284e-09
0.6205999755859375 9.999999939225291e-11
0.6215999755859375 3.426888343464422e-10
0.6225999755859375 4.497233347204125e-09
0.6235999755859375 9.999999939225291e-11
0.6245999755859375 8.173953377858348e-09
0.6255999755859375 9.999999939225291e-11
0.6265999755859375 9.999999939225291e-11
0.6275999755859375 1.934084957374201e-09
0.6285999755859375 3.0999264666320413e-09
0.6295999755859375 9.999999939225291e-11
0.6305999755859375 9.999999939225291e-11
0.6315999755859375 7.77851325869013e-09
0.6325999755859375 1.0369793293681558e-08
0.6335999755859375 1.1612122866229886e-08
0.6345999755859375 4.598006497028943e-09
0.6355999755859375 9.999999939225291e-11
0.6365999755859375 1.2486876380298402e-08
0.6375999755859375 4.2244699590317703e-10
0.6385999755859375 6.72038362736771e-09
0.6395999755859375 9.999999939225291e-11
0.6405999755859375 1.1671006605595835e-08
0.6415999755859375 1.2498346032193316e-09
0.6425999755859375 4.807663215681638e-09
0.6435999755859375 3.869745235363098e-10
0.6445999755859375 1.1835636488655154e-08
0.6455999755859375 1.1756767219021451e-08
0.6465999755859375 5.310481983045179e-09
0.6475999755859375 6.045290558513253e-09
0.6485999755859375 3.58258838891364e-10
0.6495999755859375 1.0103956302742746e-08
0.6505999755859375 3.0256260134346274e-09
0.6515999755859375 3.574469253919688e-10
0.6525999755859375 4.776473231752713e-09
0.6535999755859375 5.241293236461312e-09
0.6545999755859375 3.2417310761682454e-09
0.6555999755859375 1.7500206365520893e-08
0.6565999755859375 5.046292198921757e-09
0.6575999755859375 8.386856832724258e-09
0.6585999755859375 1.2521186336655887e-08
0.6595999755859375 2.5033100540620504e-09
0.6605999755859375 3.4962067196886436e-09
0.6615999755859375 9.999999939225291e-11
0.6625999755859375 1.9642226713282677e-08
0.6635999755859375 6.151256706961779e-09
0.6645999755859375 6.554687740726687e-09
0.6655999755859375 7.917453928030227e-09
0.6665999755859375 9.999999939225291e-11
0.6675999755859375 1.5615283143570005e-08
0.6685999755859375 1.459982359304964e-08
0.6695999755859375 1.4102233040584148e-09
0.6705999755859375 3.7318457065301426e-10
0.6715999755859375 4.247013164852357e-09
0.6725999755859375 5.254249820415188e-09
0.6735999755859375 3.8599500307157085e-09
0.6745999755859375 1.5634696500418006e-10
0.6755999755859375 4.29372768155171e-09
0.6765999755859375 1.9284833543409262e-08
0.6775999755859375 7.998427777877737e-09
0.6785999755859375 8.805174968410748e-09
0.6795999755859375 1.2678567600232782e-08
0.6805999755859375 5.420834906881093e-09
0.6815999755859375 9.999999939225291e-11
0.6825999755859375 1.745779662757722e-08
0.6835999755859375 1.946917374577121e-08
0.6845999755859375 7.780649813327046e-09
0.6855999755859375 9.71158660452905e-09
0.6865999755859375 1.878010834843735e-08
0.6875999755859376 9.381264760577323e-09
0.6885999755859376 9.999999939225291e-11
0.6895999755859376 1.2280499553559328e-08
0.6905999755859376 1.3314782449924678e-08
0.6915999755859376 4.221510791306097e-09
0.6925999755859376 1.4000483637606938e-08
0.6935999755859374 1.0989503825461117e-08
0.6945999755859374 6.759106527809422e-09
0.6955999755859374 7.302639855784794e-10
0.6965999755859374 2.0221245146482637e-08
0.6975999755859374 5.42192165831068e-09
0.6985999755859374 4.2245299140356946e-09
0.6995999755859375 5.977794114523741e-09
0.7005999755859375 6.326112895749247e-09
0.7015999755859375 7.098913048508848e-09
0.7025999755859375 3.4045342219476044e-09
0.7035999755859375 3.894915738082242e-10
0.7045999755859375 8.01421622694439e-09
0.7055999755859375 9.999999939225291e-11
0.7065999755859375 3.907942150623474e-09
0.7075999755859375 2.6865115613598316e-09
0.7085999755859375 1.156991323784477e-08
0.7095999755859375 8.796486451837873e-09
0.7105999755859375 1.0997657226378504e-08
0.7115999755859375 8.734781431485316e-09
0.7125999755859375 7.262660017085901e-09
0.7135999755859375 1.1129316866605638e-08
0.7145999755859375 4.1286700932137896e-09
0.7155999755859375 9.794077984182082e-09
0.7165999755859375 4.272120145050924e-09
0.7175999755859375 9.999999939225291e-11
0.7185999755859375 3.995137918266778e-09
0.7195999755859375 1.8091763346698524e-08
0.7205999755859375 8.604930166929611e-09
0.7215999755859375 3.0212549706476465e-09
0.7225999755859375 1.557066677075151e-08
0.7235999755859375 7.543573528797272e-10
0.7245999755859375 8.310396459876301e-10
0.7255999755859375 7.78440415831009e-09
0.7265999755859375 4.800959860773446e-09
0.7275999755859375 1.8297408358828685e-09
0.7285999755859375 9.999999939225291e-11
0.7295999755859375 9.999999939225291e-11
0.7305999755859375 1.06529591636928e-08
0.7315999755859375 2.4556222892139583e-09
0.7325999755859375 1.7167853153902493e-08
0.7335999755859375 2.5958746997882067e-08
0.7345999755859375 1.2247996486654717e-08
0.7355999755859375 1.789964898080143e-08
0.7365999755859375 1.5673012541128628e-08
0.7375999755859375 1.745524627949635e-08
0.7385999755859375 1.4864025956740079e-08
0.7395999755859375 2.7681021966448802e-08
0.7405999755859375 1.1270436717225607e-08
0.7415999755859375 1.4663906711120944e-08
0.7425999755859375 5.9824044947494795e-09
0.7435999755859375 1.999578618239184e-09
0.7445999755859375 4.45239253762016e-09
0.7455999755859375 8.59083084669976e-09
0.7465999755859375 1.7520682880819056e-08
0.7475999755859375 9.999999939225291e-11
0.7485999755859375 9.4100121827978e-09
0.7495999755859375 7.082688163369729e-09
0.7505999755859375 1.3826899210774475e-08
0.7515999755859375 3.8936009971735075e-10
0.7525999755859375 1.0993966623000045e-08
0.7535999755859375 9.999999939225291e-11
0.7545999755859375 3.058287404655857e-08
0.7555999755859375 8.620899845842208e-10
0.7565999755859375 1.1235836379815586e-09
0.7575999755859375 7.896585024388022e-09
0.7585999755859375 8.324278913581414e-09
0.7595999755859375 9.999999939225291e-11
0.7605999755859375 2.3872200169231897e-08
0.7615999755859375 9.999999939225291e-11
0.7625999755859375 2.1528441417710077e-08
0.7635999755859375 9.999999939225291e-11
0.7645999755859375 2.607478033193426e-08
0.7655999755859375 6.919742050470745e-09
0.7665999755859375 1.839474009557307e-08
0.7675999755859375 9.999999939225291e-11
0.7685999755859375 1.7786024907688142e-08
0.7695999755859375 4.130266635371527e-09
0.7705999755859375 1.3262611154492749e-08
0.7715999755859375 4.421203373775976e-10
0.7725999755859375 1.8603208786771574e-08
0.7735999755859375 8.149065632660305e-09
0.7745999755859375 1.183792351551934e-08
0.7755999755859375 4.503679368402421e-08
0.7765999755859375 2.927608647951274e-08
0.7775999755859375 1.158145833753584e-08
0.7785999755859375 1.1569653146636937e-09
0.7795999755859375 1.6570959523084145e-08
0.7805999755859375 1.2776361018040916e-08
0.7815999755859375 1.8181683193082185e-08
0.7825999755859375 8.499979620898065e-09
0.7835999755859375 1.5038226566232993e-08
0.7845999755859375 5.740373148673447e-09
0.7855999755859375 1.2883376658834322e-08
0.7865999755859375 2.624015637960516e-08
0.7875999755859375 1.336861330377322e-08
0.7885999755859375 3.0277514605122255e-08
0.7895999755859375 7.1519199155526766e-09
0.7905999755859375 3.927156762747094e-09
0.7915999755859375 9.999999939225291e-11
0.7925999755859375 9.176980354889489e-09
0.7935999755859375 4.450041690991687e-08
0.7945999755859375 6.492324067982243e-09
0.7955999755859375 3.4505231797747156e-09
0.7965999755859375 3.058365483236495e-08
0.7975999755859375 2.5192809438578935e-09
0.7985999755859375 1.2576500288593213e-08
0.7995999755859375 9.999999939225291e-11
0.8005999755859375 2.7623430239505824e-09
0.8015999755859375 9.999999939225291e-11
0.8025999755859375 9.999999939225291e-11
0.8035999755859375 5.291646652712719e-09
0.8045999755859375 8.521266596043612e-10
0.8055999755859375 6.764816741148631e-08
0.8065999755859375 3.149260348500604e-08
0.8075999755859375 3.046272654868195e-08
0.8085999755859375 7.304462087631692e-08
0.8095999755859375 8.789449869558061e-08
0.8105999755859375 9.131791709175256e-08
0.8115999755859375 1.809497648904331e-08
0.8125999755859376 9.999999939225291e-11
0.8135999755859376 1.1071679869208614e-10
0.8145999755859376 1.741064993806181e-08
0.8155999755859376 9.999999939225291e-11
0.8165999755859376 2.995147307653193e-08
0.8175999755859376 3.313030295733673e-08
0.8185999755859374 1.580182751759196e-08
0.8195999755859374 3.91473796904999e-08
0.8205999755859374 4.098847244134636e-08
0.8215999755859374 3.159703621413712e-08
0.8225999755859374 6.156950838646462e-08
0.8235999755859374 1.4731963382530467e-09
0.8245999755859375 1.038897678403335e-08
0.8255999755859375 9.999999939225291e-11
0.8265999755859375 5.301843225187971e-09
0.8275999755859375 3.429817939289611e-08
0.8285999755859375 9.999999939225291e-11
0.8295999755859375 9.999999939225291e-11
0.8305999755859375 9.945283065526666e-08
0.8315999755859375 9.999999939225291e-11
0.8325999755859375 6.263740674879633e-08
0.8335999755859375 3.763989974814308e-08
0.8345999755859375 9.097539532376687e-08
0.8355999755859375 9.999999939225291e-11
0.8365999755859375 6.012587213296191e-09
0.8375999755859375 4.616266545909298e-08
0.8385999755859375 3.667336760197296e-08
0.8395999755859375 9.999999939225291e-11
0.8405999755859375 9.373033306540416e-09
0.8415999755859375 9.999999939225291e-11
0.8425999755859375 1.3856246467251292e-08
0.8435999755859375 2.787782929836169e-08
0.8445999755859375 9.999999939225291e-11
0.8455999755859375 9.999999939225291e-11
0.8465999755859375 1.3683903827832465e-07
0.8475999755859375 5.539153254000932e-08
0.8485999755859375 7.169796612416234e-08
0.8495999755859375 2.1358227437910198e-07
0.8505999755859375 3.9251400062075465e-08
0.8515999755859375 6.0641165037604115e-09
0.8525999755859375 9.999999939225291e-11
0.8535999755859375 9.999999939225291e-11
0.8545999755859375 9.999999939225291e-11
0.8555999755859375 3.6338388933169576e-07
0.8565999755859375 6.467433265674079e-08
0.8575999755859375 2.8494145903223967e-07
0.8585999755859375 2.849320635996596e-07
0.8595999755859375 9.999999939225291e-11
0.8605999755859375 9.999999939225291e-11
0.8615999755859375 4.462993092602119e-07
0.8625999755859375 3.706610948217559e-07
0.8635999755859375 1.0897588409116329e-06
0.8645999755859375 9.999999939225291e-11
0.8655999755859375 1.8683893429146297e-07
0.8665999755859375 2.3724100850941454e-07
0.8675999755859375 1.1664752865551501e-07
0.8685999755859375 7.073628754975895e-07
0.8695999755859375 1.1873667457014865e-06
0.8705999755859375 9.999999939225291e-11
0.8715999755859375 4.1749631003895614e-07
0.8725999755859375 1.2053628233843483e-06
0.8735999755859375 1.2920763836040313e-07
0.8745999755859375 9.999999939225291e-11
0.8755999755859375 8.311389535453628e-07
0.8765999755859375 1.3854436299650294e-06
0.8775999755859375 9.999999939225291e-11
0.8785999755859375 9.999999939225291e-11
0.8795999755859375 9.999999939225291e-11
0.8805999755859375 3.642909733014103e-06
0.8815999755859375 2.6186239362383883e-06
0.8825999755859375 3.7874448995959638e-06
0.8835999755859375 1.1091463772269587e-05
0.8845999755859375 9.999999939225291e-11
0.8855999755859375 2.951056379855525e-07
0.8865999755859375 2.5095989689738475e-06
0.8875999755859375 6.910834102503335e-06
0.8885999755859375 2.632107080694131e-06
0.8895999755859375 2.632189968657291e-06
0.8905999755859375 1.9581539473693492e-06
0.8915999755859375 9.999999939225291e-11
0.8925999755859375 2.015770306013446e-06
0.8935999755859375 1.818609656512038e-06
0.8945999755859375 1.8793083142742973e-06
0.8955999755859375 3.6661473954039776e-06
0.8965999755859375 6.224757138018807e-06
0.8975999755859375 1.971187312289994e-06
0.8985999755859375 3.196658721306515e-06
0.8995999755859375 1.3522832254124021e-06
0.9005999755859375 1.8520011265839761e-06
0.9015999755859375 7.094425285079827e-06
0.9025999755859375 9.946685713657643e-07
0.9035999755859375 2.819659382161295e-06
0.9045999755859375 1.8871784050134011e-06
0.9055999755859375 3.444020379295883e-06
0.9065999755859375 1.3089823672392717e-06
0.9075999755859375 4.301507045359661e-06
0.9085999755859375 5.199371662456542e-06
0.9095999755859375 3.6016677525670577e-06
0.9105999755859375 1.6651403078752717e-06
0.9115999755859375 2.175257584665265e-07
0.9125999755859375 7.384433799112836e-06
0.9135999755859375 3.633940189805192e-06
0.9145999755859375 4.535766953874069e-06
0.9155999755859375 9.899361733308372e-07
0.9165999755859375 1.9555786275304853e-06
0.9175999755859375 2.9357816189682734e-06
0.9185999755859375 9.786424777491476e-07
0.9195999755859375 2.781068372617786e-06
0.9205999755859375 2.2927081590751184e-06
0.9215999755859375 2.3589090172511838e-06
0.9225999755859375 1.096089060107867e-06
0.9235999755859375 3.481252012231077e-06
0.9245999755859375 3.1950319923150043e-06
0.9255999755859375 6.734769859158736e-07
0.9265999755859375 1.930030654572571e-06
0.9275999755859375 3.123969945590943e-06
0.9285999755859375 1.2699089563472655e-06
0.9295999755859375 2.0276590172822275e-06
0.9305999755859375 1.1162108785356396e-06
0.9315999755859375 2.1507862402359024e-06
0.9325999755859375 5.119096961910448e-07
0.9335999755859375 1.446367399087952e-06
0.9345999755859375 8.880476525519043e-07
0.9355999755859375 2.115669728179152e-06
0.9365999755859375 1.7722969641909004e-06
0.9375999755859376 1.3162021544606737e-06
0.9385999755859376 3.45431132397304e-06
0.9395999755859376 2.388604625593871e-06
0.9405999755859376 1.4451268968211176e-06
0.9415999755859376 1.3337181007955224e-06
0.9425999755859376 1.0960160489048575e-06
0.9435999755859374 2.8634673799388112e-06
0.9445999755859374 1.0192774182845217e-06
0.9455999755859374 1.2931605124322232e-06
0.9465999755859374 5.384211396819438e-07
0.9475999755859374 1.1210061792314244e-07
0.9485999755859374 5.10487356223166e-06
0.9495999755859375 4.777970559377564e-07
0.9505999755859375 3.48916092965131e-06
0.9515999755859375 9.999999939225291e-11
0.9525999755859375 1.4964373352880736e-06
0.9535999755859375 8.880560441563528e-07
0.9545999755859375 1.6166138811968267e-06
0.9555999755859375 1.962594008849313e-06
0.9565999755859375 1.6384303307859227e-06
0.9575999755859375 1.4652518439106643e-06
0.9585999755859375 4.165432289671145e-07
0.9595999755859375 2.075952991920834e-06
0.9605999755859375 4.2801853583481394e-07
0.9615999755859375 7.9103501507601e-07
0.9625999755859375 1.922676698692764e-06
0.9635999755859375 3.5506184152230467e-07
0.9645999755859375 6.052363460185006e-07
0.9655999755859375 2.508068719180301e-06
0.9665999755859375 6.530435772826119e-07
0.9675999755859375 1.7784928907834306e-06
0.9685999755859375 1.2033456732751802e-06
0.9695999755859375 1.2631210423326897e-06
0.9705999755859375 2.500739059918544e-07
0.9715999755859375 2.040871695498936e-06
0.9725999755859375 5.417658576334361e-07
0.9735999755859375 1.4526886540503862e-06
0.9745999755859375 3.789430017301735e-07
0.9755999755859375 2.482848018795873e-06
0.9765999755859375 6.416521318897139e-07
0.9775999755859375 1.152843251475133e-06
0.9785999755859375 2.2461353607165318e-06
0.9795999755859375 7.581778360569539e-07
0.9805999755859375 2.7015769349721567e-06
0.9815999755859375 3.59012338850088e-08
0.9825999755859375 1.4326914000169686e-06
0.9835999755859375 2.1845133111734564e-06
0.9845999755859375 2.2641166080639153e-07
0.9855999755859375 8.980860548035708e-07
0.9865999755859375 1.03798831939154e-06
0.9875999755859375 5.354715055242801e-07
0.9885999755859375 1.6072076687123627e-06
0.9895999755859375 3.6545484059994726e-07
0.9905999755859375 5.628405146011298e-07
0.9915999755859375 1.5275998748620623e-07
0.9925999755859375 1.283460320943656e-06
0.9935999755859375 9.63376526973055e-07
0.9945999755859375 1.5041844017105177e-06
0.9955999755859375 3.0061662714982636e-07
0.9965999755859375 4.827190180852388e-07
0.9975999755859375 1.2455333004860828e-06
0.9985999755859375 1.1947413387503047e-08
0.9995999755859375 1.13028868023927e-06
1.0005999755859376 1.573395032513266e-06
1.0015999755859375 1.0190933338775447e-06
1.0025999755859376 7.361286285837802e-07
1.0035999755859375 3.8985513432029016e-07
1.0045999755859376 9.082280788182591e-07
1.0055999755859375 3.3627916612507154e-07
1.0065999755859374 6.752645519251625e-07
1.0075999755859375 5.072029443908832e-07
1.0085999755859374 1.5640830558065014e-06
1.0095999755859375 1.7343753673533985e-07
1.0105999755859374 1.0654242699577783e-06
1.0115999755859375 9.784135666753475e-07
1.0125999755859374 6.957157893339172e-07
1.0135999755859375 6.906550819015441e-07
1.0145999755859374 1.6052490294290086e-06
1.0155999755859375 1.4084449988634636e-06
1.0165999755859374 1.0684798083578547e-06
1.0175999755859375 6.987525193835609e-07
1.0185999755859374 4.0005117625696583e-07
1.0195999755859375 5.338387442558693e-07
1.0205999755859374 1.1473620058192561e-06
1.0215999755859375 1.0075975781849895e-06
1.0225999755859374 1.5246883170523992e-06
1.0235999755859375 9.999999939225291e-11
1.0245999755859374 3.459326338391596e-07
1.0255999755859375 6.846075242113632e-07
1.0265999755859374 1.5993916410176703e-06
1.0275999755859375 2.8894937562048045e-07
1.0285999755859374 4.697249581416448e-07
1.0295999755859375 1.1716190783772618e-06
1.0305999755859374 1.306938271833739e-06
1.0315999755859375 4.011181287448077e-07
1.0325999755859374 4.767187056131661e-07
1.0335999755859375 1.1980346607742831e-06
1.0345999755859374 6.360866730877508e-07
1.0355999755859375 8.122384557888533e-07
1.0365999755859374 8.645565321785397e-07
1.0375999755859375 1.2199442426208406e-06
1.0385999755859374 5.317421285629583e-07
1.0395999755859375 7.711051027096498e-07
1.0405999755859374 7.027480144946215e-07
1.0415999755859375 5.838193101226352e-07
1.0425999755859374 8.566644343469913e-07
1.0435999755859375 6.528469202748966e-07
1.0445999755859374 9.845188469626009e-07
1.0455999755859375 9.184065856970846e-07
1.0465999755859374 2.38743169017989e-07
1.0475999755859375 6.644278164458228e-07
1.0485999755859374 5.947079747177971e-07
1.0495999755859375 1.0016520536737517e-06
1.0505999755859374 5.087657579376052e-07
1.0515999755859375 7.13677472958807e-07
1.0525999755859374 4.2904090150841514e-07
1.0535999755859375 7.596643627039157e-07
1.0545999755859374 7.97553972612756e-07
1.0555999755859375 8.948502969966892e-07
1.0565999755859374 1.0223387410709013e-06
1.0575999755859375 1.1595515146230658e-06
1.0585999755859374 7.855340178745489e-07
1.0595999755859375 7.341485373520602e-07
1.0605999755859374 4.5337853710710386e-07
1.0615999755859375 9.092162508750334e-07
1.0625999755859374 1.7721022989765817e-07
1.0635999755859376 6.384233893186319e-07
1.0645999755859374 2.606209367398786e-07
1.0655999755859376 7.425954875846703e-07
1.0665999755859374 5.360327243882542e-07
1.0675999755859376 7.963854538199182e-07
1.0685999755859374 4.603745704419756e-07
1.0695999755859376 5.501773678891671e-07
1.0705999755859374 4.6500254029524514e-07
1.0715999755859376 2.836557450791588e-07
1.0725999755859374 7.396497191318e-07
1.0735999755859376 5.393973818475691e-07
1.0745999755859375 1.0796547091255586e-06
1.0755999755859376 6.44657253966822e-07
1.0765999755859375 2.8705306587717416e-07
1.0775999755859376 2.6910267211318245e-07
1.0785999755859375 5.403441537055187e-07
1.0795999755859376 5.687539184388394e-07
1.0805999755859375 3.5768940657969017e-07
1.0815999755859376 3.0913106456864626e-07
1.0825999755859375 6.995877508112851e-07
1.0835999755859376 3.404260678507853e-07
1.0845999755859375 1.3972052177753844e-07
1.0855999755859376 1.1185125670939062e-06
1.0865999755859375 3.041745700708513e-07
1.0875999755859376 3.6320883737062106e-07
1.0885999755859375 8.232063798156257e-07
1.0895999755859376 4.0205193120831007e-07
1.0905999755859375 3.0152342939497127e-07
1.0915999755859376 6.354619836201891e-07
1.0925999755859375 4.907816874795875e-07
1.0935999755859376 5.399511064752005e-07
1.0945999755859375 4.999424102910174e-07
1.0955999755859376 1.4273806452062368e-07
1.0965999755859375 2.724302885326324e-07
1.0975999755859376 6.413267328753136e-07
1.0985999755859375 1.8378848039901641e-07
1.0995999755859376 6.782219497836195e-07
1.1005999755859375 5.799130303785205e-07
1.1015999755859376 3.889630412838111e-07
1.1025999755859375 6.516494977404363e-07
1.1035999755859376 4.4922722736373544e-07
1.1045999755859375 6.670596728023763e-07
1.1055999755859376 4.6135110702986514e-07
1.1065999755859375 3.382331306056585e-07
1.1075999755859376 6.692857580977336e-07
1.1085999755859375 4.875162752189984e-07
1.1095999755859376 9.701225402144093e-07
1.1105999755859375 6.345078024120691e-07
1.1115999755859376 2.827276606579924e-07
1.1125999755859375 6.002976563953174e-07
1.1135999755859376 4.48696070331304e-07
1.1145999755859375 2.44337456933863e-07
1.1155999755859376 3.585556745141124e-07
1.1165999755859375 2.3751129144026587e-07
1.1175999755859376 4.7283806452469436e-07
1.1185999755859375 3.627800545776457e-07
1.1195999755859376 2.170144731887073e-07
1.1205999755859375 6.178164646068278e-07
1.1215999755859376 1.9971263706490087e-07
1.1225999755859375 5.9140684849505e-07
1.1235999755859376 3.2937012899007334e-07
1.1245999755859375 2.015817335632164e-07
1.1255999755859376 6.501978835634266e-07
1.1265999755859375 3.854201516636143e-07
1.1275999755859376 4.5532132692945505e-07
1.1285999755859375 5.06958919383275e-07
1.1295999755859376 2.753632634266978e-07
1.1305999755859375 4.010982108108389e-07
1.1315999755859374 6.292830948950722e-07
1.1325999755859375 3.232819290133193e-07
1.1335999755859374 6.918380677234381e-07
1.1345999755859375 7.583593590728317e-07
1.1355999755859374 1.5504061593674123e-07
1.1365999755859375 2.3604026913777905e-08
1.1375999755859374 1.043625573705261e-06
1.1385999755859375 6.984062146090746e-08
1.1395999755859374 6.507261423394084e-07
1.1405999755859375 3.650220969575457e-07
1.1415999755859374 4.799903520809797e-07
1.1425999755859375 7.643844825603689e-07
1.1435999755859374 1.7682737052382436e-07
1.1445999755859375 2.9755941894175442e-08
1.1455999755859374 6.242914363004577e-07
1.1465999755859375 3.229547958956876e-07
1.1475999755859374 4.855329704393322e-07
1.1485999755859375 6.181313195459854e-07
1.1495999755859374 9.999999939225291e-11
1.1505999755859375 2.850585648654184e-07
1.1515999755859374 2.1220706609407597e-07
1.1525999755859375 7.872374716259382e-08
1.1535999755859374 1.78371789540203e-07
1.1545999755859375 7.85133949345133e-07
1.1555999755859374 3.664448255828271e-07
1.1565999755859375 2.8091293188481356e-07
1.1575999755859374 4.155129257317943e-07
1.1585999755859375 1.0367221759288725e-07
1.1595999755859374 2.905536954737424e-07
1.1605999755859375 6.722587568219751e-07
1.1615999755859374 4.677384640672244e-07
1.1625999755859375 2.396805333167625e-07
1.1635999755859374 4.698113904548033e-07
1.1645999755859375 5.441391719311165e-07
1.1655999755859374 3.717128674907144e-07
1.1665999755859375 4.6486891733366067e-07
1.1675999755859374 3.0753586543141865e-07
1.1685999755859375 2.129427654532871e-07
1.1695999755859374 2.998724388210879e-07
1.1705999755859375 6.557409506058321e-07
1.1715999755859374 1.27518814728352e-07
1.1725999755859375 3.047139368087907e-07
1.1735999755859374 1.908618711847036e-07
1.1745999755859375 6.308393252159779e-07
1.1755999755859374 5.087873311519312e-07
1.1765999755859375 2.3400798151366568e-07
1.1775999755859374 5.470107134897262e-07
1.1785999755859375 8.066563506936575e-08
1.1795999755859374 4.506368228855232e-07
1.1805999755859375 2.767257986609669e-07
1.1815999755859374 8.346792553008224e-07
1.1825999755859375 6.950568058528006e-07
1.1835999755859374 6.736523088572237e-07
1.1845999755859375 3.4599772940661443e-07
1.1855999755859374 4.816359190347915e-07
1.1865999755859375 4.977746357326396e-07
1.1875999755859374 6.487232773603562e-07
1.1885999755859376 5.127537103059391e-07
1.1895999755859374 1.1048753776776721e-07
1.1905999755859376 3.310991329878258e-07
1.1915999755859374 2.1174032927599268e-07
1.1925999755859376 5.686220295804863e-07
1.1935999755859374 4.4112322939326986e-07
1.1945999755859376 6.942530914481419e-07
1.1955999755859374 9.999999939225291e-11
1.1965999755859376 3.237601716440016e-07
1.1975999755859374 2.0949181816831697e-07
1.1985999755859376 7.569951655265565e-07
1.1995999755859375 1.993496607610723e-07
1.2005999755859376 6.791795143120301e-07
1.2015999755859375 5.715853573443988e-07
1.2025999755859376 2.256131150109771e-07
1.2035999755859375 6.000715378225626e-07
1.2045999755859376 5.438412820997959e-07
1.2055999755859375 5.752800401144972e-07
1.2065999755859376 4.98148316789108e-07
1.2075999755859375 1.8433468843189378e-07
1.2085999755859376 6.963295527384616e-07
1.2095999755859375 9.065237100003287e-07
1.2105999755859376 4.917420725784419e-07
1.2115999755859375 2.3240930507502827e-07
1.2125999755859376 3.5159736758790437e-07
1.2135999755859375 7.856555748730897e-07
1.2145999755859376 4.171170318538012e-07
1.2155999755859375 2.9295430067577397e-07
1.2165999755859376 7.440492481691763e-07
1.2175999755859375 6.332537426108804e-07
1.2185999755859376 4.43940625700634e-07
1.2195999755859375 5.559403022440771e-07
1.2205999755859376 3.96620368216342e-07
1.2215999755859375 3.823610434968335e-07
1.2225999755859376 1.2245576762085855e-07
1.2235999755859375 9.942252897114182e-07
1.2245999755859376 4.6307432762423175e-08
1.2255999755859375 6.561660605560367e-07
1.2265999755859376 9.040758353269969e-07
1.2275999755859375 6.291235816509773e-07
1.2285999755859376 1.959714624414725e-07
1.2295999755859375 6.888007192173973e-07
1.2305999755859376 5.593823273860229e-07
1.2315999755859375 3.3185990105266683e-07
1.2325999755859376 1.313058267745267e-07
1.2335999755859375 6.571472234403093e-07
1.2345999755859376 4.422105303092394e-07
1.2355999755859375 5.633284793778633e-07
1.2365999755859376 3.136203034840671e-07
1.2375999755859375 6.220916960349616e-07
1.2385999755859376 7.349613103239487e-07
1.2395999755859375 4.321406292244016e-07
1.2405999755859376 7.596524422600244e-07
1.2415999755859375 3.17580403740673e-07
1.2425999755859376 1.7479026761672382e-07
1.2435999755859375 4.7180453596714266e-07
1.2445999755859376 1.0705890149805461e-07
1.2455999755859375 7.375965166526537e-07
1.2465999755859376 4.361636698983299e-07
1.2475999755859375 3.0664757711444205e-07
1.2485999755859376 4.2943884182022884e-07
1.2495999755859375 8.558381766003247e-07
1.2505999755859376 6.76934068906121e-07
1.2515999755859375 4.5131193473935125e-07
1.2525999755859376 5.44080406446786e-07
1.2535999755859375 7.066768982137243e-07
1.2545999755859376 7.75466321289997e-08
1.2555999755859375 4.113689404524242e-07
1.2565999755859374 8.385837766885136e-07
1.2575999755859375 8.931880680999409e-07
1.2585999755859374 5.352999384437377e-07
1.2595999755859375 7.48256085595737e-07
1.2605999755859374 5.160122600500472e-07
1.2615999755859375 8.885526525167127e-07
1.2625999755859374 6.208768172655255e-07
1.2635999755859375 3.680421044312728e-07
1.2645999755859374 7.151480773851897e-07
1.2655999755859375 6.452041877006802e-07
1.2665999755859374 7.945753895910457e-07
1.2675999755859375 8.433666031730051e-07
1.2685999755859374 4.801144314114936e-07
1.2695999755859375 7.200597368258361e-07
1.2705999755859374 2.0757609793993953e-07
1.2715999755859375 6.497184707162281e-07
1.2725999755859374 8.707239855236064e-07
1.2735999755859375 3.033892001743273e-07
1.2745999755859374 8.31517002855738e-07
1.2755999755859375 4.301178584379765e-07
1.2765999755859374 9.495122503722087e-07
1.2775999755859375 6.406673977229123e-07
1.2785999755859374 7.875075607444159e-07
1.2795999755859375 5.640950985252857e-07
1.2805999755859374 2.828042336962729e-07
1.2815999755859375 4.887184695689939e-07
1.2825999755859374 3.1765666866097796e-07
1.2835999755859375 8.200706361094489e-07
1.2845999755859374 9.233464030936981e-07
1.2855999755859375 4.787292709806934e-07
1.2865999755859374 5.133952921217618e-07
1.2875999755859375 5.580497660654752e-07
1.2885999755859374 8.358857303392142e-07
1.2895999755859375 2.5259908549439083e-07
1.2905999755859374 3.8160215505437614e-07
1.2915999755859375 6.787456247063043e-07
1.2925999755859374 3.422845657041762e-07
1.2935999755859375 4.962036291544792e-07
1.2945999755859374 1.1066092702094466e-06
1.2955999755859375 6.078164369682781e-07
1.2965999755859374 1.1151834769407287e-06
1.2975999755859375 3.452715645835269e-07
1.2985999755859374 3.846818678236256e-07
1.2995999755859375 3.52279542615482e-07
1.3005999755859374 1.2864829911881278e-07
1.3015999755859375 1.1225299279734221e-07
1.3025999755859374 7.234651734873883e-08
1.3035999755859375 8.972619859074864e-07
1.3045999755859374 5.075737014218854e-07
1.3055999755859375 5.241903818387073e-07
1.3065999755859374 5.366847472032532e-07
1.3075999755859375 4.809374604519689e-07
1.3085999755859374 1.5611697259979943e-07
1.3095999755859375 5.276015387304748e-07
1.3105999755859374 4.3590537340302636e-07
1.3115999755859375 4.097794438469767e-07
1.3125999755859374 8.22646373611254e-07
1.3135999755859376 5.415835767053067e-07
1.3145999755859374 4.454511326912325e-07
1.3155999755859376 1.3918543968038932e-07
1.3165999755859374 3.390527914840883e-07
1.3175999755859376 2.605448692823605e-07
1.3185999755859374 3.7540913278159375e-07
1.3195999755859376 2.7351145980662277e-07
1.3205999755859374 3.531574930093484e-07
1.3215999755859376 4.177341725153383e-07
1.3225999755859374 3.153795963347269e-07
1.3235999755859376 2.081251295749098e-07
1.3245999755859375 5.21278040347776e-07
1.3255999755859376 3.12052551786716e-07
1.3265999755859375 2.7117641214620866e-07
1.3275999755859376 5.783847397348532e-07
1.3285999755859375 1.6183809748326893e-07
1.3295999755859376 5.071626098166841e-07
1.3305999755859375 8.012550218457666e-07
1.3315999755859376 1.0765459930617283e-07
1.3325999755859375 8.081927080638707e-07
1.3335999755859376 1.7758858120942022e-07
1.3345999755859375 6.442558151320554e-07
1.3355999755859376 4.789088112981214e-07
1.3365999755859375 5.993337981635704e-07
1.3375999755859376 7.643808567081578e-07
1.3385999755859375 7.17521324986592e-07
1.3395999755859376 4.760561326596265e-07
1.3405999755859375 5.170680378796532e-07
1.3415999755859376 3.8319349525473e-07
1.3425999755859375 7.221123693549696e-07
1.3435999755859376 8.079994889461279e-07
1.3445999755859375 2.1908320074241298e-07
1.3455999755859376 6.098861437446127e-07
1.3465999755859375 5.331363718141802e-07
1.3475999755859376 6.703952021780423e-07
1.3485999755859375 5.859584416612051e-07
1.3495999755859376 4.0531706569405893e-07
1.3505999755859375 9.006843902170658e-07
1.3515999755859376 5.554382369155065e-07
1.3525999755859375 5.840485421989191e-07
1.3535999755859376 6.738777422773031e-07
1.3545999755859375 8.056674657079081e-07
1.3555999755859376 1.9738038377366724e-07
1.3565999755859375 5.364304039782534e-07
1.3575999755859376 1.5460092981811612e-07
1.3585999755859375 8.122393521325933e-08
1.3595999755859376 5.133594337773199e-07
1.3605999755859375 7.654195602905626e-07
1.3615999755859376 3.6893818443850535e-07
1.3625999755859375 5.332327903791641e-07
1.3635999755859376 4.422991393463841e-07
1.3645999755859375 6.214413830700021e-07
1.3655999755859376 2.707440429124593e-07
1.3665999755859375 7.987123414447221e-07
1.3675999755859376 1.0887868692558791e-07
1.3685999755859375 8.053565640390541e-07
1.3695999755859376 1.8717428550492815e-07
1.3705999755859375 1.0950383390688027e-06
1.3715999755859376 4.6879972311823316e-07
1.3725999755859375 4.950818098829283e-07
1.3735999755859376 6.754988498869352e-07
1.3745999755859375 3.8710602893843317e-07
1.3755999755859376 5.772412138564201e-07
1.3765999755859375 2.2797636726560694e-07
1.3775999755859376 6.522391049657017e-07
1.3785999755859375 6.835768605621221e-07
1.3795999755859376 1.2408583643264138e-07
1.3805999755859375 4.843413383544733e-07
1.3815999755859374 2.755189598246943e-07
1.3825999755859375 4.661481337583003e-07
1.3835999755859374 1.3063200215886659e-06
1.3845999755859375 6.15992903476581e-07
1.3855999755859374 6.580074477824382e-07
1.3865999755859375 4.870291619833249e-07
1.3875999755859374 6.096509362881382e-07
1.3885999755859375 2.4620532864598017e-07
1.3895999755859374 7.378598335587109e-07
1.3905999755859375 6.627617949561682e-07
1.3915999755859374 1.9608243211048187e-07
1.3925999755859375 4.0565249946666883e-07
1.3935999755859374 1.6799503287442025e-07
1.3945999755859375 4.4276436710788403e-07
1.3955999755859374 8.1906363144905e-07
1.3965999755859375 2.5062649910978507e-07
1.3975999755859374 4.434471823818361e-07
1.3985999755859375 2.927585001089028e-07
1.3995999755859374 7.35258011748859e-07
1.4005999755859375 7.34792229195591e-07
1.4015999755859374 8.717328213000049e-07
1.4025999755859375 5.528535378592399e-07
1.4035999755859374 5.45494246277182e-07
1.4045999755859375 1.0970811126753687e-06
1.4055999755859374 3.4885819938305455e-07
1.4065999755859375 3.7162307004715936e-07
1.4075999755859374 4.4608077966283113e-07
1.4085999755859375 3.776221395431397e-07
1.4095999755859374 9.713270992506295e-07
1.4105999755859375 6.511879594957766e-07
1.4115999755859374 4.6971779132339483e-07
1.4125999755859375 2.404723045401624e-07
1.4135999755859374 1.0696350606546428e-06
1.4145999755859375 3.648485289886594e-07
1.4155999755859374 2.645208375421741e-07
1.4165999755859375 8.784288608391459e-07
1.4175999755859374 2.0149507084473345e-07
1.4185999755859375 8.598677959525958e-07
1.4195999755859374 4.6006840420886874e-07
1.4205999755859375 4.810114357193621e-07
1.4215999755859374 8.485582899690295e-07
1.4225999755859375 5.059748734007977e-07
1.4235999755859374 7.349302541115321e-07
1.4245999755859375 2.3996222807909363e-07
1.4255999755859374 4.734792310046032e-07
1.4265999755859375 6.944840788492001e-07
1.4275999755859374 2.6536656757040574e-07
1.4285999755859375 3.0564989856429747e-07
1.4295999755859374 5.642129326588475e-07
1.4305999755859375 5.294376630142021e-07
1.4315999755859374 4.582019391818903e-07
1.4325999755859375 1.2031823376131475e-07
1.4335999755859374 5.498441654102256e-07
1.4345999755859375 3.598408602556447e-07
1.4355999755859374 4.836386930643736e-07
1.4365999755859375 7.714573595940522e-08
1.4375999755859374 5.817569641900869e-07
1.4385999755859376 5.612148864505192e-07
1.4395999755859374 3.5898836965012984e-07
1.4405999755859376 2.2624647651052026e-07
1.4415999755859374 3.7623160096700305e-07
1.4425999755859376 5.163721895466248e-07
1.4435999755859374 5.618372354850484e-07
1.4445999755859376 2.523986013821163e-07
1.4455999755859374 4.43201934103854e-07
1.4465999755859376 1.0539033680719476e-07
1.4475999755859374 9.202033470501192e-07
1.4485999755859376 4.667015537052066e-07
1.4495999755859375 6.656866510941957e-07
1.4505999755859376 8.188003751759728e-07
1.4515999755859375 1.5740589974851577e-07
1.4525999755859376 4.860788946340714e-07
1.4535999755859375 7.850237792202582e-07
1.4545999755859376 6.806388895104949e-07
1.4555999755859375 7.088937612328057e-07
1.4565999755859376 7.695710761860634e-07
1.4575999755859375 3.994542582101227e-07
1.4585999755859376 5.584851169260219e-07
1.4595999755859375 6.184342661678481e-07
1.4605999755859376 5.307158971845638e-07
1.4615999755859375 1.0108041897183284e-06
1.4625999755859376 8.073655044427142e-07
1.4635999755859375 4.419321279177287e-07
1.4645999755859376 4.2961249315946283e-07
1.4655999755859375 6.778125680284575e-07
1.4665999755859376 4.421705064790634e-07
1.4675999755859375 6.489190006201777e-07
1.4685999755859376 5.016959039494395e-07
1.4695999755859375 4.1193334557950344e-07
1.4705999755859376 1.0753850074252114e-06
1.4715999755859375 8.73354923290511e-07
1.4725999755859376 6.185260493415019e-07
1.4735999755859375 4.4488294709784294e-07
1.4745999755859376 9.409025127145772e-07
1.4755999755859375 1.2256777578537972e-06
1.4765999755859376 4.729471947939601e-07
1.4775999755859375 6.781896445318125e-07
1.4785999755859376 1.1000762606272473e-06
1.4795999755859375 1.0849350170853238e-06
1.4805999755859376 4.4133436555663744e-07
1.4815999755859375 1.204046347993426e-06
1.4825999755859376 7.079870435215223e-07
1.4835999755859375 8.694451268335494e-07
1.4845999755859376 3.20633805180511e-07
1.4855999755859375 7.966391422087327e-07
1.4865999755859376 6.064638243212054e-07
1.4875999755859375 1.1884413591663663e-06
1.4885999755859376 7.377520281200607e-07
1.4895999755859375 2.8454006193593767e-07
1.4905999755859376 1.6220503797133764e-06
1.4915999755859375 1.1635783206050594e-06
1.4925999755859376 7.29127241356764e-07
1.4935999755859375 7.717589202608603e-07
1.4945999755859376 6.609135743929074e-07
1.4955999755859375 1.052221802334922e-06
1.4965999755859376 1.2384506165593243e-06
1.4975999755859375 7.86278433224652e-07
1.4985999755859376 7.19014666780519e-07
1.4995999755859375 7.02764185310419e-07
1.5005999755859376 4.79162572446512e-07
1.5015999755859375 1.4198720115624989e-06
1.5025999755859376 5.245960104124e-07
1.5035999755859375 1.038879927364178e-06
1.5045999755859376 1.3790396769763901e-06
1.5055999755859375 3.5445373214315623e-07
1.5065999755859374 1.2065413708720977e-06
1.5075999755859375 1.0615631617838517e-06
1.5085999755859374 3.4204459855876245e-07
1.5095999755859375 5.083143999703074e-07
1.5105999755859374 7.657331298105419e-07
1.5115999755859375 5.960767036109852e-07
1.5125999755859374 1.177470912807621e-06
1.5135999755859375 2.554258829453223e-07
1.5145999755859374 1.2034856869528692e-06
1.5155999755859375 6.36311936735486e-07
1.5165999755859374 9.491491073276847e-07
1.5175999755859375 8.742743981808114e-07
1.5185999755859374 7.86350271179496e-07
1.5195999755859375 8.424344317366679e-07
1.5205999755859374 9.807158009304355e-07
1.5215999755859375 1.4260639727581292e-06
1.5225999755859374 7.028747980560486e-07
1.5235999755859375 7.701865736938392e-07
1.5245999755859374 4.1974707831589816e-07
1.5255999755859375 1.0793762703542598e-06
1.5265999755859374 5.7423500038567e-07
1.5275999755859375 1.0910815763054415e-06
1.5285999755859374 1.0175263256921122e-06
1.5295999755859375 5.878589702964139e-07
1.5305999755859374 1.0136478279794876e-06
1.5315999755859375 9.597798756052119e-07
1.5325999755859374 8.516958769178018e-07
1.5335999755859375 1.0467620207540069e-06
1.5345999755859374 8.281209253861258e-07
1.5355999755859375 6.100281583106456e-07
1.5365999755859374 4.5124842169267746e-07
1.5375999755859375 5.806332531695564e-07
1.5385999755859374 1.073087672314917e-06
1.5395999755859375 8.619397097694066e-07
1.5405999755859374 5.370993070149173e-07
1.5415999755859375 1.260762001038529e-06
1.5425999755859374 3.980181675918478e-07
1.5435999755859375 6.392549948941451e-07
1.5445999755859374 7.637648135035609e-07
1.5455999755859375 1.028471839769433e-06
1.5465999755859374 6.058913614233792e-07
1.5475999755859375 5.46247829333879e-07
1.5485999755859374 8.140847482233464e-07
1.5495999755859375 7.910845549001049e-07
1.5505999755859374 1.2022342222432297e-06
1.5515999755859375 1.0554425049728403e-06
1.5525999755859374 2.7059990619212235e-07
1.5535999755859375 3.4627689915763445e-07
1.5545999755859374 1.1441405998387684e-06
1.5555999755859375 9.637625892840636e-07
1.5565999755859374 8.556380392595504e-07
1.5575999755859375 5.131697313724241e-07
1.5585999755859374 6.741517487777553e-07
1.5595999755859375 1.8323123125204196e-06
1.5605999755859374 1.1423319908014188e-06
1.5615999755859375 6.346369385331247e-07
1.5625999755859374 5.585274326828463e-07
1.5635999755859376 7.834993690873186e-07
1.5645999755859374 1.8325170579676828e-06
1.5655999755859376 9.999999939225291e-11
1.5665999755859374 4.604221400465273e-07
1.5675999755859376 6.808643350571704e-07
1.5685999755859374 1.412666703496749e-06
1.5695999755859376 5.107711331220344e-07
1.5705999755859374 8.715028404064166e-07
1.5715999755859376 5.506277954925309e-07
1.5725999755859374 5.9215377405053e-07
1.5735999755859376 6.296185771740664e-07
1.5745999755859375 6.788505197619088e-07
1.5755999755859376 8.777364807125802e-07
1.5765999755859375 6.957846754455469e-08
1.5775999755859376 8.18154670317502e-07
1.5785999755859375 8.156857681266653e-07
1.5795999755859376 8.635235887292462e-07
1.5805999755859375 7.319360399075474e-07
1.5815999755859376 1.558262350348135e-06
1.5825999755859375 4.0496421545022087e-07
1.5835999755859376 1.015588119723058e-06
1.5845999755859375 8.577732902873928e-07
1.5855999755859376 1.0315889570241172e-06
1.5865999755859375 6.980969677291189e-07
1.5875999755859376 1.0017162518731009e-06
1.5885999755859375 5.418471058267945e-07
1.5895999755859376 1.1818547742829348e-06
1.5905999755859375 6.505805625541446e-07
1.5915999755859376 5.956299840666665e-07
1.5925999755859375 9.356045848107897e-07
1.5935999755859376 4.370146598375868e-07
1.5945999755859375 5.243129756612083e-07
1.5955999755859376 8.89480779733276e-07
1.5965999755859375 2.0373679581098256e-06
1.5975999755859376 5.008041716791922e-07
1.5985999755859375 2.597423122097098e-07
1.5995999755859376 1.4943673158995807e-06
1.6005999755859375 1.0155474349933987e-06
1.6015999755859376 1.2539093101319545e-06
1.6025999755859375 2.40455790390115e-07
1.6035999755859376 5.950129586077916e-07
1.6045999755859375 1.5746013377793133e-06
1.6055999755859376 3.7701776212391754e-07
1.6065999755859375 7.347820731714212e-07
1.6075999755859376 9.343718556920066e-07
1.6085999755859375 5.587675089676244e-07
1.6095999755859376 1.0936391481664031e-06
1.6105999755859375 2.866433715098537e-07
1.6115999755859376 4.7203392265752575e-07
1.6125999755859375 9.56897468616565e-07
1.6135999755859376 8.023390303909157e-07
1.6145999755859375 8.606978857036058e-07
1.6155999755859376 7.736163873535891e-07
1.6165999755859375 9.096537784595664e-07
1.6175999755859376 4.7366873635231367e-07
1.6185999755859375 1.4825371423891435e-06
1.6195999755859376 4.992769390810281e-07
1.6205999755859375 4.205471971848359e-07
1.6215999755859376 9.209109218015026e-07
1.6225999755859375 1.0170782479690389e-06
1.6235999755859376 3.162322180590612e-07
1.6245999755859375 6.907031153483937e-07
1.6255999755859376 1.225981347185249e-06
1.6265999755859375 4.947388273042938e-07
1.6275999755859376 1.0970810399157927e-06
1.6285999755859375 6.460958199265103e-07
1.6295999755859376 1.3348317831211413e-06
1.6305999755859375 1.678563610537272e-07
1.6315999755859374 1.215296676188397e-06
1.6325999755859375 7.819239544915035e-07
1.6335999755859374 9.78434363787528e-07
1.6345999755859375 1.262324658455327e-06
1.6355999755859374 6.749830208718777e-07
1.6365999755859375 4.796214610299407e-07
1.6375999755859374 7.435324490264368e-07
1.6385999755859375 1.257975988361674e-06
1.6395999755859374 1.0583193458539124e-06
1.6405999755859375 9.962497400313926e-07
1.6415999755859374 1.4569083335421358e-06
1.6425999755859375 1.7569503203655282e-06
1.6435999755859374 9.232660280152534e-07
1.6445999755859375 1.3272436626721174e-06
1.6455999755859374 1.500772214058088e-07
1.6465999755859375 5.690714351658244e-07
1.6475999755859374 1.6972983333592614e-06
1.6485999755859375 1.2123343670585504e-06
1.6495999755859374 9.577175175460676e-07
1.6505999755859375 6.313598836034847e-07
1.6515999755859374 1.7039227047159026e-06
1.6525999755859375 1.547922681008155e-06
1.6535999755859374 7.331809198755461e-07
1.6545999755859375 1.0325738306467732e-06
1.6555999755859374 7.653029024368152e-07
1.6565999755859375 1.1476876291756828e-06
1.6575999755859374 1.0038158992150176e-06
1.6585999755859375 1.083226879927679e-06
1.6595999755859374 5.465904420513349e-07
1.6605999755859375 1.641328344703652e-06
1.6615999755859374 1.0318371641915291e-06
1.6625999755859375 2.129651305343335e-06
1.6635999755859374 2.0935761802990765e-07
1.6645999755859375 1.3002766839539013e-06
1.6655999755859374 8.987066333550804e-07
1.6665999755859375 3.1116670505741217e-07
1.6675999755859374 1.7234056819385539e-06
1.6685999755859375 4.6117682359181347e-07
1.6695999755859374 1.1293932523888845e-06
1.6705999755859375 5.283189238980413e-07
1.6715999755859374 1.0756019037216902e-06
1.6725999755859375 1.0716082761064172e-06
1.6735999755859374 7.960752676202294e-07
1.6745999755859375 1.3200960044438639e-06
1.6755999755859374 6.549293539137579e-07
1.6765999755859375 1.123955225921236e-06
1.6775999755859374 7.117329854130123e-07
1.6785999755859375 1.5691493172198533e-06
1.6795999755859374 1.1281559272902087e-06
1.6805999755859375 8.113399572303355e-07
1.6815999755859374 1.5907748214279612e-06
1.6825999755859375 7.737242534252193e-07
1.6835999755859374 1.7884863079113226e-07
1.6845999755859375 2.674540931669374e-06
1.6855999755859374 1.1628908507255175e-07
1.6865999755859375 1.2916720637197917e-06
1.6875999755859374 1.4514791837427765e-06
1.6885999755859376 7.99826981771427e-07
1.6895999755859374 1.1820649766984086e-06
1.6905999755859376 1.1014243743071954e-06
1.6915999755859374 3.709192969836295e-07
1.6925999755859376 1.0779064177768304e-06
1.6935999755859374 9.539460764547887e-07
1.6945999755859376 6.180311902426183e-07
1.6955999755859374 1.9885706327234704e-07
1.6965999755859376 2.4201379953107486e-06
1.6975999755859374 1.117424326366745e-06
1.6985999755859376 9.537018559058197e-07
1.6995999755859375 1.1997768160654232e-06
1.7005999755859376 1.0697004472604022e-06
1.7015999755859375 1.2764673495742803e-06
1.7025999755859376 1.1433537292759865e-06
1.7035999755859375 1.1709989242566129e-06
1.7045999755859376 1.164043351309374e-06
1.7055999755859375 8.141968525402869e-07
1.7065999755859376 1.5224561260159438e-06
1.7075999755859375 9.110534483625088e-07
1.7085999755859376 1.7736977800571672e-06
1.7095999755859375 1.0741694738195899e-06
1.7105999755859376 7.881927376729436e-07
1.7115999755859375 3.8680782719957564e-07
1.7125999755859376 2.07093403635857e-06
1.7135999755859375 8.754634230475251e-07
1.7145999755859376 1.4920653848093934e-06
1.7155999755859375 1.1132546690835928e-06
1.7165999755859376 1.5469410088068493e-06
1.7175999755859375 1.2176196954290692e-06
1.7185999755859376 1.3450942545508346e-06
1.7195999755859375 1.2209152676708376e-06
1.7205999755859376 2.482669272770484e-06
1.7215999755859375 6.795862403426629e-07
1.7225999755859376 1.23204945945569e-06
1.7235999755859375 6.194969349356445e-07
1.7245999755859376 9.540125514225413e-07
1.7255999755859375 1.9797399969926723e-06
1.7265999755859376 4.284524705629641e-07
1.7275999755859375 1.28380605019629e-06
1.7285999755859376 1.1707745215971954e-06
1.7295999755859375 1.0091028040430198e-06
1.7305999755859376 1.8286750128027051e-06
1.7315999755859375 1.4217974239727483e-06
1.7325999755859376 7.645219617794889e-07
1.7335999755859375 1.6208039839208747e-06
1.7345999755859376 9.44551390652156e-07
1.7355999755859375 1.5127743245102465e-06
1.7365999755859376 3.8950907158626556e-07
1.7375999755859375 2.310789035012325e-06
1.7385999755859376 8.86926551781168e-07
1.7395999755859375 1.1270482476296214e-06
1.7405999755859376 8.708936703024269e-07
1.7415999755859375 8.662990633941566e-07
1.7425999755859376 1.8949569736529762e-06
1.7435999755859375 1.925312050540621e-06
1.7445999755859376 2.0103239512536675e-06
1.7455999755859375 2.5840346158171696e-06
1.7465999755859376 2.1792720265996955e-06
1.7475999755859375 3.2335496143787166e-07
1.7485999755859376 2.3081320008107774e-06
1.7495999755859375 3.1526705884428926e-07
1.7505999755859376 2.05792865017429e-06
1.7515999755859375 1.3522536513240389e-06
1.7525999755859376 1.8205799763867012e-06
1.7535999755859375 1.3715789827983827e-06
1.7545999755859376 2.0799639848216124e-06
1.7555999755859375 1.005535523290746e-06
1.7565999755859374 2.5003356859087945e-06
1.7575999755859375 1.682063351230075e-06
1.7585999755859374 2.0118383205650993e-06
1.7595999755859375 6.643090697859104e-07
1.7605999755859374 1.8275696008155743e-06
1.7615999755859375 2.2599090395184854e-06
1.7625999755859374 9.999999939225291e-11
1.7635999755859375 1.9394389770847434e-06
1.7645999755859374 1.8369293441840758e-06
1.7655999755859375 2.6392950288330514e-06
1.7665999755859374 1.7619910310410582e-06
1.7675999755859375 1.302106999598133e-06
1.7685999755859374 1.3074027083348483e-06
1.7695999755859375 2.03911098651588e-06
1.7705999755859374 1.9171977085837474e-06
1.7715999755859375 1.1211857054149732e-06
1.7725999755859374 1.5672359586460515e-06
1.7735999755859375 9.633204293398496e-07
1.7745999755859374 2.5178386325327056e-06
1.7755999755859375 2.286493011827891e-06
1.7765999755859374 1.3434533078301078e-06
1.7775999755859375 4.295623784855707e-07
1.7785999755859374 2.7129013809220244e-06
1.7795999755859375 2.2082416398916392e-06
1.7805999755859374 1.8985383697630217e-06
1.7815999755859375 1.4721527016566446e-06
1.7825999755859374 6.800860266054088e-09
1.7835999755859375 2.037907009556269e-06
1.7845999755859374 2.196502609876916e-06
1.7855999755859375 8.769396390562178e-07
1.7865999755859374 1.1814683143995807e-06
1.7875999755859375 1.3703573252617693e-06
1.7885999755859374 1.606810328667052e-06
1.7895999755859375 2.0272583545496066e-06
1.7905999755859374 2.0979456652033453e-06
1.7915999755859375 3.461864253040403e-07
1.7925999755859374 3.297635703347623e-06
1.7935999755859375 1.1315337421062093e-06
1.7945999755859374 3.161977607912074e-06
1.7955999755859375 3.4260776010341944e-06
1.7965999755859374 3.9542647184198643e-07
1.7975999755859375 1.1293049465166404e-06
1.7985999755859374 9.04203595079404e-07
1.7995999755859375 1.0908040834086325e-06
1.8005999755859374 7.189908380193326e-07
1.8015999755859375 2.439489665751656e-06
1.8025999755859374 9.088152243445318e-07
1.8035999755859375 3.6388844212827586e-07
1.8045999755859374 1.7163816664833576e-06
1.8055999755859375 3.0660896057573458e-06
1.8065999755859374 1.8813086596007148e-06
1.8075999755859375 2.5203746918123214e-06
1.8085999755859374 1.6119770104220757e-06
1.8095999755859375 1.4312763111471818e-06
1.8105999755859374 1.9781723191651206e-06
1.8115999755859375 1.043709305171466e-06
1.8125999755859374 1.5869969987155249e-06
1.8135999755859376 1.7263629706576466e-06
1.8145999755859374 1.5755920442946567e-06
1.8155999755859376 3.8337190441476805e-06
1.8165999755859374 2.484984336964165e-06
1.8175999755859376 1.0023732560397274e-06
1.8185999755859374 1.7140356552166245e-06
1.8195999755859376 1.3807661768320636e-06
1.8205999755859374 3.5822099501577515e-06
1.8215999755859376 2.7258523429433505e-06
1.8225999755859374 1.8801993671028564e-06
1.8235999755859376 3.4364513218558086e-06
1.8245999755859375 1.2325802132788036e-06
1.8255999755859376 1.2668587199489898e-06
1.8265999755859375 2.7764893214528756e-06
1.8275999755859376 1.3083106993387143e-06
1.8285999755859375 6.16764043164982e-07
1.8295999755859376 2.5415086323240148e-06
1.8305999755859375 1.982578705792548e-06
1.8315999755859376 2.4277679767692463e-06
1.8325999755859375 2.1052559895906597e-06
1.8335999755859376 1.24116328152013e-06
1.8345999755859375 3.7577809416688977e-06
1.8355999755859376 6.424615127986754e-07
1.8365999755859375 2.2568423689032595e-06
1.8375999755859376 2.694506983971223e-06
1.8385999755859375 3.4259233992391576e-06
1.8395999755859376 2.2970873396843674e-06
1.8405999755859375 5.190282924255976e-06
1.8415999755859376 2.2950786418126275e-06
1.8425999755859375 1.383237928772966e-06
1.8435999755859376 5.307772395705493e-07
1.8445999755859375 1.9887162488885225e-06
1.8455999755859376 3.2494070183020083e-06
1.8465999755859375 9.616228514156927e-07
1.8475999755859376 3.2690326528002816e-06
1.8485999755859375 4.2911070825842515e-06
1.8495999755859376 1.9131745890869448e-06
1.8505999755859375 1.1943824210902677e-06
1.8515999755859376 2.2058829684586577e-06
1.8525999755859375 1.4936411844246323e-06
1.8535999755859376 3.2336546185736852e-06
1.8545999755859375 4.64723688007022e-06
1.8555999755859376 1.3542917198113477e-06
1.8565999755859375 1.3528613393039754e-06
1.8575999755859376 1.7394346408157922e-06
1.8585999755859375 2.6795884089854856e-06
1.8595999755859376 4.453604148390393e-06
1.8605999755859375 4.122141205395261e-06
1.8615999755859376 8.423966331368622e-07
1.8625999755859375 1.7740576489207646e-06
1.8635999755859376 2.185940296233942e-06
1.8645999755859375 4.473438311833889e-06
1.8655999755859376 3.3760643176113564e-06
1.8665999755859375 1.850754973323395e-06
1.8675999755859376 2.5075776890541116e-06
1.8685999755859375 5.34643322074165e-06
1.8695999755859376 4.8320427110108235e-06
1.8705999755859375 4.085204370009403e-06
1.8715999755859376 8.35943717042061e-07
1.8725999755859375 3.5973411286249756e-06
1.8735999755859376 3.04315389560846e-06
1.8745999755859375 3.5391046549193563e-06
1.8755999755859376 6.106118283544978e-06
1.8765999755859375 2.294441364938393e-06
1.8775999755859376 4.3254822958260775e-06
1.8785999755859375 2.15160563432922e-06
1.8795999755859376 3.958135008967171e-06
1.8805999755859375 5.936926754657179e-06
1.8815999755859374 4.961454639366517e-06
1.8825999755859375 4.90541075123474e-06
1.8835999755859374 4.717569099739194e-06
1.8845999755859375 4.1595077103314296e-06
1.8855999755859374 3.7780345883220434e-06
1.8865999755859375 5.0697357316191e-06
1.8875999755859374 5.116557877045125e-06
1.8885999755859375 5.039066600147635e-06
1.8895999755859374 4.498617296727996e-06
1.8905999755859375 7.385688950307667e-06
1.8915999755859374 6.877132691442967e-06
1.8925999755859375 7.307147219156226e-06
1.8935999755859374 1.0336048241394261e-05
1.8945999755859375 7.004972042826315e-06
1.8955999755859374 8.706617712353667e-06
1.8965999755859375 7.362207979895175e-06
1.8975999755859374 1.0920389904640615e-05
1.8985999755859375 9.203587930339077e-06
1.8995999755859374 1.0659996187314391e-05
1.9005999755859375 1.2325376737862825e-05
1.9015999755859374 1.205294664638738e-05
1.9025999755859375 1.3517990009859204e-05
1.9035999755859374 1.3948746879274646e-05
1.9045999755859375 1.6304299933835864e-05
1.9055999755859374 1.741792696217696e-05
1.9065999755859375 1.7783949927737316e-05
1.9075999755859374 1.8627226430301863e-05
1.9085999755859375 2.244978677481413e-05
1.9095999755859374 2.0913020319615803e-05
1.9105999755859375 2.4962042613575855e-05
1.9115999755859374 2.7062706649303437e-05
1.9125999755859375 2.8389059783269964e-05
1.9135999755859374 3.416965017095208e-05
1.9145999755859375 3.5643142958482106e-05
1.9155999755859374 4.014750011265278e-05
1.9165999755859375 3.992276343827446e-05
1.9175999755859374 4.443964610497157e-05
1.9185999755859375 5.018978534887235e-05
1.9195999755859374 5.612230859696865e-05
1.9205999755859375 6.253618281334638e-05
1.9215999755859374 6.667702614019314e-05
1.9225999755859375 7.727217860519886e-05
1.9235999755859374 8.489182063688836e-05
1.9245999755859375 9.179121969888607e-05
1.9255999755859374 0.00010669178329408168
1.9265999755859375 0.00011781694057087102
1.9275999755859374 0.00013031790032982826
1.9285999755859375 0.0001420989322165648
1.9295999755859374 0.00016595376965900262
1.9305999755859375 0.0001782834716141224
1.9315999755859374 0.00020239170019825298
1.9325999755859375 0.0002306083341439565
1.9335999755859374 0.00025256627549727757
1.9345999755859375 0.00028759786238272985
1.9355999755859374 0.00031817990665634476
1.9365999755859375 0.00036654640610019366
1.9375999755859374 0.00041292907049258554
1.9385999755859376 0.00046063542366027834
1.9395999755859374 0.0005135662232836087
1.9405999755859376 0.0005779181917508443
1.9415999755859374 0.000672654223938783
1.9425999755859376 0.0007319601128498714
1.9435999755859374 0.0008449790130058925
1.9445999755859376 0.0009461886684099833
1.9455999755859374 0.0010859620571136474
1.9465999755859376 0.001225020612279574
1.9475999755859374 0.0013637388994296392
1.9485999755859376 0.001588617687424024
1.9495999755859375 0.0017231690138578414
1.9505999755859376 0.0020179076989491783
1.9515999755859375 0.002252133289972941
1.9525999755859376 0.002621841331322988
1.9535999755859375 0.0029018476605415346
1.9545999755859376 0.003356132706006368
1.9555999755859375 0.003965543905893962
1.9565999755859376 0.00439601053794225
1.9575999755859375 0.004982337752978007
1.9585999755859376 0.005871747235457102
1.9595999755859375 0.00670030802488327
1.9605999755859376 0.007784770528475443
1.9615999755859375 0.008797622720400492
1.9625999755859376 0.010106066664059957
1.9635999755859375 0.011730729738871258
1.9645999755859376 0.013583115935325622
1.9655999755859375 0.01578509012858073
1.9665999755859376 0.01812421639760335
1.9675999755859375 0.021061439911524454
1.9685999755859376 0.02445237954457601
1.9695999755859375 0.028476529916127525
1.9705999755859376 0.03405636072158814
1.9715999755859375 0.03866522709528605
1.9725999755859376 0.044826697508494065
1.9735999755859375 0.05118057568868001
1.9745999755859376 0.05957231839497884
1.9755999755859375 0.06565107981363932
1.9765999755859376 0.07494627475738526
1.9775999755859375 0.08524771531422934
1.9785999755859376 0.09054062366485596
1.9795999755859375 0.10448758443196615
1.9805999755859376 0.11529274304707846
1.9815999755859375 0.12975926399230958
1.9825999755859376 0.14391706784566244
1.9835999755859375 0.16078203201293945
1.9845999755859376 0.18506182988484698
1.9855999755859375 0.20417720158894856
1.9865999755859376 0.23151100158691407
1.9875999755859375 0.26246023178100586
1.9885999755859376 0.30148653030395506
1.9895999755859375 0.342301025390625
1.9905999755859376 0.3735383605957031
1.9915999755859375 0.4216057014465332
1.9925999755859376 0.4728525034586588
1.9935999755859375 0.5234460703531901
1.9945999755859376 0.5806130727132162
1.9955999755859375 0.6289185333251953
1.9965999755859376 0.6818343098958333
1.9975999755859375 0.7189691416422527
1.9985999755859376 0.7657979075113933
1.9995999755859375 0.8075905100504558
2.0005999755859376 0.8567630767822265
2.0015999755859375 0.8683544413248698
2.0025999755859374 0.905424092610677
2.0035999755859377 0.9110110727945964
2.0045999755859376 0.935277099609375
2.0055999755859375 0.9366553243001302
2.0065999755859374 0.9579010518391926
2.0075999755859373 0.971351547241211
2.0085999755859376 0.9710541280110676
2.0095999755859375 0.9673568216959636
2.0105999755859374 0.9661875152587891
2.0115999755859373 0.9810935211181641
2.0125999755859376 0.9750322723388671
2.0135999755859375 0.9677061716715495
2.0145999755859374 0.9834752146402995
2.0155999755859373 0.9794196065266927
2.0165999755859376 0.9797391255696614
2.0175999755859375 0.9735696411132813
2.0185999755859374 0.9782070922851562
2.0195999755859373 0.9862876129150391
2.0205999755859376 0.9717826080322266
2.0215999755859375 0.9801906331380208
2.0225999755859374 0.9620072428385417
2.0235999755859373 0.9838690185546874
2.0245999755859376 0.9641493733723958
2.0255999755859375 0.9831806182861328
2.0265999755859374 0.9711737823486328
2.0275999755859373 0.9716874694824219
2.0285999755859376 0.9661403656005859
2.0295999755859375 0.966467768351237
2.0305999755859374 0.9795137278238932
2.0315999755859373 0.9704570007324219
2.0325999755859376 0.9745244852701823
2.0335999755859375 0.9777766418457031
2.0345999755859374 0.9628647613525391
2.0355999755859373 0.9583196258544922
2.0365999755859376 0.9786980692545574
2.0375999755859375 0.9670531717936198
2.0385999755859374 0.9692908732096355
2.0395999755859373 0.9619718678792317
2.0405999755859376 0.9563088989257813
2.0415999755859375 0.9806692250569661
2.0425999755859374 0.9617955525716145
2.0435999755859373 0.9624314371744792
2.0445999755859376 0.9559031168619793
2.0455999755859375 0.9589765930175781
2.0465999755859374 0.962334721883138
2.0475999755859373 0.9582698313395183
2.04860009765625 0.961483154296875
2.04960009765625 0.9446094004313151
2.05060009765625 0.9686736043294271
2.05160009765625 0.9535880533854167
2.05260009765625 0.951432622273763
2.05360009765625 0.9613254038492839
2.05460009765625 0.9495312754313151
2.05560009765625 0.9352665456136067
2.05660009765625 0.9647822825113933
2.05760009765625 0.9469317118326823
2.05860009765625 0.9569189707438152
2.05960009765625 0.9505476379394531
2.06060009765625 0.958952153523763
2.06160009765625 0.9460136159261068
2.06260009765625 0.9668644460042317
2.06360009765625 0.9562186177571614
2.06460009765625 0.9571124013264973
2.06560009765625 0.9495025380452473
2.06660009765625 0.9630554962158203
2.06760009765625 0.9587919616699219
2.06860009765625 0.9604436747233074
2.06960009765625 0.9489471435546875
2.07060009765625 0.9745572408040364
2.07160009765625 0.9758870188395182
2.07260009765625 0.9621776326497395
2.07360009765625 0.9801847585042317
2.07460009765625 0.9652739206949871
2.07560009765625 0.9601642862955729
2.07660009765625 0.9612840779622396
2.07760009765625 0.9671715291341145
2.07860009765625 0.9665531667073567
2.07960009765625 0.9680238596598307
2.08060009765625 0.9646654510498047
2.08160009765625 0.9776427968343099
2.08260009765625 0.935935567220052
2.08360009765625 0.9906799062093099
2.08460009765625 0.9660681915283204
2.08560009765625 0.9699357096354168
2.08660009765625 0.9685406239827473
2.08760009765625 0.9692445119222005
2.08860009765625 0.9776945241292317
2.08960009765625 0.9649100240071614
2.09060009765625 0.962466557820638
2.09160009765625 0.9475103759765625
2.09260009765625 0.9539936319986979
2.09360009765625 0.9831438700358074
2.09460009765625 0.9756441243489583
2.09560009765625 0.9533941141764324
2.09660009765625 0.9770404307047527
2.09760009765625 0.9595041910807293
2.09860009765625 0.9514987945556641
2.09960009765625 0.9888383483886719
2.10060009765625 0.9402250671386718
2.10160009765625 0.9594792175292969
2.10260009765625 0.9397586059570312
2.10360009765625 0.9611187489827473
2.10460009765625 0.9372317250569661
2.10560009765625 0.9721531677246094
2.10660009765625 0.9586336008707683
2.10760009765625 0.937798589070638
2.10860009765625 0.937221171061198
2.10960009765625 0.9519834899902344
2.11060009765625 0.9484595235188802
2.11160009765625 0.9468969217936198
2.11260009765625 0.9291660817464192
2.11360009765625 0.9781400299072266
2.11460009765625 0.9418395741780599
2.11560009765625 0.945344467163086
2.11660009765625 0.9318166859944661
2.11760009765625 0.9734668986002605
2.11860009765625 0.9442667388916015
2.11960009765625 0.9523687489827474
2.12060009765625 0.9402079010009765
2.12160009765625 0.9323516591389973
2.12260009765625 0.9474474589029949
2.12360009765625 0.9456704457600911
2.12460009765625 0.9433477528889973
2.12560009765625 0.9474033101399739
2.12660009765625 0.9482006581624348
2.12760009765625 0.9419902038574218
2.12860009765625 0.9550484720865886
2.12960009765625 0.9540112050374349
2.13060009765625 0.9654019673665364
2.13160009765625 0.9352189636230469
2.13260009765625 0.9449791463216145
2.13360009765625 0.9455495198567708
2.13460009765625 0.945856221516927
2.13560009765625 0.9564257049560547
2.13660009765625 0.9436012776692708
2.13760009765625 0.942115478515625
2.13860009765625 0.9470393117268879
2.13960009765625 0.9644913736979167
2.14060009765625 0.9431675211588542
2.14160009765625 0.9385902404785156
2.14260009765625 0.9549713643391926
2.14360009765625 0.9509104665120443
2.14460009765625 0.9409205118815105
2.14560009765625 0.946143086751302
2.14660009765625 0.9529394022623698
2.14760009765625 0.9480677795410156
2.14860009765625 0.9382789103190105
2.14960009765625 0.9473099517822265
2.15060009765625 0.9435467274983723
2.15160009765625 0.9387266794840495
2.15260009765625 0.9319137318929036
2.15360009765625 0.9366164906819661
2.15460009765625 0.9438671620686848
2.15560009765625 0.942737757364909
2.15660009765625 0.9456705474853515
2.15760009765625 0.940851567586263
2.15860009765625 0.9449247487386068
2.15960009765625 0.9335776774088542
2.16060009765625 0.9292067209879558
2.16160009765625 0.9250689951578777
2.16260009765625 0.9350194295247395
2.16360009765625 0.9300408681233724
2.16460009765625 0.9279633331298828
2.16560009765625 0.9373553721110026
2.16660009765625 0.9322698720296223
2.16760009765625 0.9179612477620442
2.16860009765625 0.9257199096679688
2.16960009765625 0.9379013824462891
2.17060009765625 0.9264189910888672
2.17160009765625 0.9261541239420573
2.17260009765625 0.9343151092529297
2.17360009765625 0.9225103505452473
2.17460009765625 0.9341674550374348
2.17560009765625 0.9357450103759766
2.17660009765625 0.9298745727539063
2.17760009765625 0.924850336710612
2.17860009765625 0.927657470703125
2.17960009765625 0.9032463073730469
2.18060009765625 0.9510813140869141
2.18160009765625 0.9325945790608724
2.18260009765625 0.922881596883138
2.18360009765625 0.9190276845296224
2.18460009765625 0.9149695332845051
2.18560009765625 0.9105240885416667
2.18660009765625 0.9020581309000651
2.18760009765625 0.8950002034505208
2.18860009765625 0.8717432149251302
2.18960009765625 0.8656896718343099
2.19060009765625 0.8419278462727864
2.19160009765625 0.8173439534505208
2.19260009765625 0.7873457845052083
2.19360009765625 0.744799296061198
2.19460009765625 0.7239989471435547
2.19560009765625 0.6792303212483723
2.19660009765625 0.6348108800252279
2.19760009765625 0.5961692682902018
2.19860009765625 0.5474398676554362
2.19960009765625 0.5054723358154297
2.20060009765625 0.4692592748006185
2.20160009765625 0.44267930348714196
2.20260009765625 0.4003401311238607
2.20360009765625 0.3657261975606283
2.20460009765625 0.34294890721639
2.20560009765625 0.31197240193684894
2.20660009765625 0.2888242657979329
2.20760009765625 0.26031686782836916
2.20860009765625 0.23975152969360353
2.20960009765625 0.2186051305135091
2.21060009765625 0.19705186208089193
2.21160009765625 0.17792660077412922
2.21260009765625 0.15571750005086263
2.21360009765625 0.14165590286254884
2.21460009765625 0.12336856524149577
2.21560009765625 0.10669291178385416
2.21660009765625 0.09272939999898275
2.21760009765625 0.07972349007924398
2.21860009765625 0.06703726450602214
2.21960009765625 0.06093631585439046
2.22060009765625 0.05216371774673462
2.22160009765625 0.04357239961624146
2.22260009765625 0.03853427251180013
2.22360009765625 0.03263175249099731
2.22460009765625 0.02803252379099528
2.22560009765625 0.024647483825683592
2.22660009765625 0.020859429836273192
2.22760009765625 0.018148992856343586
2.22860009765625 0.015818396806716917
2.22960009765625 0.013938616911570232
2.23060009765625 0.012067705790201824
2.23160009765625 0.010488898952802021
2.23260009765625 0.009141055941581726
2.23360009765625 0.007900356650352477
2.23460009765625 0.0069150139888127645
2.23560009765625 0.006189489165941874
2.23660009765625 0.0053652561704317725
2.23760009765625 0.004730498294035594
2.23860009765625 0.004144547681013743
2.23960009765625 0.0036243849992752073
2.24060009765625 0.0031921649475892384
2.24160009765625 0.0027775636812051134
2.24260009765625 0.0025381473700205486
2.24360009765625 0.0021925376852353416
2.24460009765625 0.0019751676420370736
2.24560009765625 0.0017229296763737996
2.24660009765625 0.0015123736858367919
2.24760009765625 0.001358431652188301
2.24860009765625 0.0011867739756902058
2.24960009765625 0.0011095806956291198
2.25060009765625 0.0009575089315573375
2.25160009765625 0.0008358389635880788
2.25260009765625 0.0007547494893272717
2.25360009765625 0.0006788011143604915
2.25460009765625 0.0005836002777020136
2.25560009765625 0.0005355757226546606
2.25660009765625 0.00048817016184329984
2.25760009765625 0.00043519156674544016
2.25860009765625 0.00038510769605636596
2.25960009765625 0.00035757976273695624
2.26060009765625 0.0003150762990117073
2.26160009765625 0.00029424386098980904
2.26260009765625 0.0002596805617213249
2.26360009765625 0.0002375754031042258
2.26460009765625 0.00020874240746100741
2.26560009765625 0.00018927516415715218
2.26660009765625 0.00017223306931555272
2.26760009765625 0.0001620109658688307
2.26860009765625 0.00014541856634120147
2.26960009765625 0.00013154713436961174
2.27060009765625 0.00011865680105984211
2.27160009765625 0.00010987106089790662
2.27260009765625 0.00010872279293835164
2.27360009765625 0.00010059639190634093
2.27460009765625 8.700708393007517e-05
2.27560009765625 8.422454198201498e-05
2.27660009765625 7.29014507184426e-05
2.27760009765625 7.102109647045533e-05
2.27860009765625 5.8998687503238516e-05
2.27960009765625 5.99896302446723e-05
2.28060009765625 5.598317366093397e-05
2.28160009765625 5.3812935948371884e-05
2.28260009765625 5.041808976481359e-05
2.28360009765625 4.5653630513697864e-05
2.28460009765625 3.795737711091836e-05
2.28560009765625 4.371233905355136e-05
2.28660009765625 3.312045397857825e-05
2.28760009765625 3.626946592703462e-05
2.28860009765625 3.48251328493158e-05
2.28960009765625 3.450926936541995e-05
2.29060009765625 3.110138621802131e-05
2.29160009765625 3.216425344968835e-05
2.29260009765625 2.8550572848568358e-05
2.29360009765625 2.7424453292042018e-05
2.29460009765625 2.7607012695322433e-05
2.29560009765625 2.6955549449970326e-05
2.29660009765625 2.1491596708074212e-05
2.29760009765625 2.3805816502620778e-05
2.29860009765625 2.100598687926928e-05
2.29960009765625 1.9183420032883684e-05
2.30060009765625 2.0807203836739062e-05
2.30160009765625 2.1866614309449992e-05
2.30260009765625 2.1786336631824573e-05
2.30360009765625 1.5206806904946763e-05
2.30460009765625 1.7999850291137892e-05
2.30560009765625 1.7108003376051784e-05
2.30660009765625 1.673267688602209e-05
2.30760009765625 1.4542127028107643e-05
2.30860009765625 1.4246990128109852e-05
2.30960009765625 1.2135140132158994e-05
2.31060009765625 1.4263089979067444e-05
2.31160009765625 1.454219998170932e-05
2.31260009765625 1.2938993362088997e-05
2.31360009765625 1.2535353501637775e-05
2.31460009765625 1.2185759842395783e-05
2.31560009765625 9.605106509601076e-06
2.31660009765625 1.2477770214900374e-05
2.31760009765625 9.588283913520476e-06
2.31860009765625 1.0969444022824366e-05
2.31960009765625 1.0887866762156288e-05
2.32060009765625 7.358336782393356e-06
2.32160009765625 9.321133838966488e-06
2.32260009765625 8.833683677949011e-06
2.32360009765625 7.996577575492361e-06
2.32460009765625 7.773629234482846e-06
2.32560009765625 8.00250971224159e-06
2.32660009765625 7.846103981137276e-06
2.32760009765625 6.192619330249727e-06
2.32860009765625 5.673118284903466e-06
2.32960009765625 7.854982977733015e-06
2.33060009765625 1.0640200731965404e-05
2.33160009765625 2.8850907013596343e-06
2.33260009765625 7.165926702631017e-06
2.33360009765625 6.174778973218054e-06
2.33460009765625 4.557921589973073e-06
2.33560009765625 6.591371105362972e-06
2.33660009765625 5.306424961114923e-06
2.33760009765625 5.458379358363649e-06
2.33860009765625 6.49420292271922e-06
2.33960009765625 6.047197384759784e-06
2.34060009765625 5.727243454506e-06
2.34160009765625 3.5423379934703307e-06
2.34260009765625 4.757481898802022e-06
2.34360009765625 6.005858303979039e-06
2.34460009765625 6.204879415842394e-06
2.34560009765625 5.029930034652352e-06
2.34660009765625 4.617641679942608e-06
2.34760009765625 4.541247326415032e-06
2.34860009765625 4.820241980875532e-06
2.34960009765625 3.60103789716959e-06
2.35060009765625 3.565598259835194e-06
2.35160009765625 4.261849971953779e-06
2.35260009765625 5.674190858068565e-06
2.35360009765625 2.942003678375234e-06
2.35460009765625 6.059720083915939e-06
2.35560009765625 5.458619464964917e-06
2.35660009765625 2.339094013829405e-06
2.35760009765625 5.240200650102148e-06
2.35860009765625 3.4569409520675735e-06
2.35960009765625 3.416770390079667e-06
2.36060009765625 3.808978362940252e-06
2.36160009765625 4.998793107612679e-06
2.36260009765625 4.279294322865705e-06
2.36360009765625 2.163716950841869e-06
2.36460009765625 5.199594403772304e-06
2.36560009765625 4.265547710626076e-06
2.36660009765625 4.672514720975111e-06
2.36760009765625 4.78486103626589e-06
2.36860009765625 4.102169768884778e-06
2.36960009765625 4.790714398647348e-06
2.37060009765625 4.6457892555433015e-06
2.37160009765625 5.32064848812297e-06
2.37260009765625 4.423900585000713e-06
2.37360009765625 6.383989045086006e-06
2.37460009765625 3.5437190187318875e-06
2.37560009765625 4.165310043996821e-06
2.37660009765625 2.7262639196123927e-06
2.37760009765625 6.436115363612771e-06
2.37860009765625 5.381659624011567e-06
2.37960009765625 3.8978990536027896e-06
2.38060009765625 6.344571011140942e-06
2.38160009765625 4.085133356663088e-06
2.38260009765625 3.934930330918481e-06
2.38360009765625 3.902227714813004e-06
2.38460009765625 5.139381779978672e-06
2.38560009765625 6.155391262533764e-06
2.38660009765625 4.046898732970779e-06
2.38760009765625 6.502773709750424e-06
2.38860009765625 4.090821360781168e-06
2.38960009765625 5.662522744387388e-06
2.39060009765625 2.6649722470513854e-06
2.39160009765625 4.000355741785218e-06
2.39260009765625 5.857672076672315e-06
2.39360009765625 5.408282643960168e-06
2.39460009765625 5.573443680380782e-06
2.39560009765625 3.420022039790638e-06
2.39660009765625 7.796980207785964e-06
2.39760009765625 7.270096490780512e-06
2.39860009765625 5.326832178980112e-06
2.39960009765625 4.656838427763432e-06
2.40060009765625 4.41448171235e-06
2.40160009765625 3.80099838366732e-06
2.40260009765625 6.841131835244596e-06
2.40360009765625 3.0989913890759152e-06
2.40460009765625 5.936524539720267e-06
2.40560009765625 6.466139457188546e-06
2.40660009765625 5.19012256215016e-06
2.40760009765625 6.175454473122954e-06
2.40860009765625 4.2661448242142795e-06
2.40960009765625 2.026504274302473e-06
2.41060009765625 4.388735687825829e-06
2.41160009765625 5.717768605488042e-06
2.41260009765625 7.0383289130404596e-06
2.41360009765625 5.6111734011210505e-06
2.41460009765625 7.221865428922077e-06
2.41560009765625 6.6399304584289586e-06
2.41660009765625 8.610756873774032e-06
2.41760009765625 6.4679314770425355e-06
2.41860009765625 3.4133656299673023e-06
2.41960009765625 8.054667656930784e-06
2.42060009765625 4.375426700183501e-06
2.42160009765625 3.2157742922815187e-06
2.42260009765625 9.13728610612452e-06
2.42360009765625 5.190598409778128e-06
2.42460009765625 1.0358895524404943e-05
2.42560009765625 5.057179660070687e-06
2.42660009765625 1.0240300131651264e-05
2.42760009765625 2.279701618184878e-06
2.42860009765625 5.583683717607831e-06
2.42960009765625 3.937674628105015e-06
2.43060009765625 8.368018122079472e-06
2.43160009765625 3.767226686856399e-06
2.43260009765625 8.14286283760642e-06
2.43360009765625 5.99202331310759e-06
2.43460009765625 4.751508240588009e-06
2.43560009765625 3.7994866337006287e-06
2.43660009765625 9.295550601867339e-06
2.43760009765625 6.643313196642945e-06
2.43860009765625 2.505051331051315e-06
2.43960009765625 5.6521209383693834e-06
2.44060009765625 4.613167693605646e-06
2.44160009765625 5.51614376793926e-06
2.44260009765625 8.540941829172274e-06
2.44360009765625 9.04422680226465e-06
2.44460009765625 7.945319133189817e-06
2.44560009765625 8.807313080142858e-07
2.44660009765625 9.377020178362728e-06
2.44760009765625 7.2836619801819325e-06
2.44860009765625 7.893898097487787e-06
2.44960009765625 1.5260429642882655e-06
2.45060009765625 8.392252687675258e-06
2.45160009765625 3.849794617660034e-06
2.45260009765625 1.3882226776331663e-05
2.45360009765625 7.692155971502265e-06
2.45460009765625 9.10701210765789e-06
2.45560009765625 4.1700889899705844e-06
2.45660009765625 2.1534177164236702e-05
2.45760009765625 1.312500966754726e-07
2.45860009765625 9.43426062197735e-06
2.45960009765625 1.677769663122793e-05
2.46060009765625 8.298808534163982e-06
2.46160009765625 8.64687938398371e-06
2.46260009765625 5.028565996072487e-06
2.46360009765625 1.6133030483385844e-06
2.46460009765625 7.419049895058075e-06
2.46560009765625 1.2911084146859747e-05
2.46660009765625 4.664020923022723e-06
2.46760009765625 1.6062264524710675e-05
2.46860009765625 5.8142592509587606e-06
2.46960009765625 1.4944226713851093e-05
2.47060009765625 6.470108540573469e-06
2.47160009765625 1.2070729086796444e-05
2.47260009765625 9.829952808407445e-06
2.47360009765625 6.617929369288808e-06
2.47460009765625 1.20591544934238e-05
2.47560009765625 1.5757079430234927e-05
2.47660009765625 2.8936280284330707e-06
2.47760009765625 8.42552341055125e-06
2.47860009765625 3.32663839799352e-06
2.47960009765625 6.610267543389151e-06
2.48060009765625 1.3569050158063572e-05
2.48160009765625 8.740642806515098e-06
2.48260009765625 5.5468591259947666e-06
2.48360009765625 1.5278069186024367e-05
2.48460009765625 3.3720811283159217e-06
2.48560009765625 8.221028741293897e-06
2.48660009765625 9.095737671790024e-06
2.48760009765625 4.7561277555245125e-06
2.48860009765625 4.761564254041062e-06
2.48960009765625 8.05356064423298e-06
2.49060009765625 1.4902660817218322e-05
2.49160009765625 1.1470155829253296e-05
2.49260009765625 1.887666992843151e-05
2.49360009765625 1.1761849547002139e-06
2.49460009765625 2.068973961286247e-05
2.49560009765625 9.989110767492093e-06
2.49660009765625 4.988081151774774e-06
2.49760009765625 1.324221045554926e-05
2.49860009765625 2.2246106527745724e-05
2.49960009765625 1.070331297038744e-05
2.50060009765625 1.0590413100241374e-05
2.50160009765625 9.999999939225291e-11
2.50260009765625 2.0843410165980458e-05
2.50360009765625 2.0066413562744855e-05
2.50460009765625 5.538148261973556e-06
2.50560009765625 2.779493961850103e-06
2.50660009765625 4.442138015292585e-06
2.50760009765625 1.010235942279299e-05
2.50860009765625 1.2265177598843972e-05
2.50960009765625 1.5916153400515518e-05
2.51060009765625 3.282939627145728e-05
2.51160009765625 1.01715213774393e-05
2.51260009765625 1.1028684869719047e-05
2.51360009765625 1.1052519897676305e-05
2.51460009765625 1.4766950237875182e-05
2.51560009765625 6.971328790920476e-06
2.51660009765625 1.50491256499663e-05
2.51760009765625 1.0623966770303045e-05
2.51860009765625 1.4557931863237172e-05
2.51960009765625 1.430953658806781e-05
2.52060009765625 2.117366238962859e-05
2.52160009765625 1.9851969943071404e-05
2.52260009765625 3.7564807374905014e-06
2.52360009765625 1.4246939099393784e-05
2.52460009765625 2.1677696301291384e-05
2.52560009765625 7.533906027674675e-06
2.52660009765625 3.0938399334748585e-05
2.52760009765625 1.7970763146877288e-05
2.52860009765625 9.543294630323848e-06
2.52960009765625 1.1193049877317545e-05
2.53060009765625 1.7811150462154756e-06
2.53160009765625 2.5436349678784607e-05
2.53260009765625 3.1733870661507045e-05
2.53360009765625 1.9238709937781097e-05
2.53460009765625 1.8805249904592832e-05
2.53560009765625 2.425222657620907e-05
2.53660009765625 3.210033988580108e-05
2.53760009765625 1.0587471576097112e-05
2.53860009765625 2.294343702184657e-05
2.53960009765625 1.686002709902823e-05
2.54060009765625 2.779900018746654e-05
2.54160009765625 1.756552568015953e-05
2.54260009765625 4.323795437812805e-05
2.54360009765625 6.376034580171108e-06
2.54460009765625 3.800393004591266e-05
2.54560009765625 2.7358682127669455e-05
2.54660009765625 3.547261624286572e-05
2.54760009765625 1.8917466901863616e-05
2.54860009765625 1.716476632282138e-05
2.54960009765625 4.398147109895945e-05
2.55060009765625 1.834080011273424e-05
2.55160009765625 1.4554316449345943e-05
2.55260009765625 2.4485246588786445e-05
2.55360009765625 2.593943616375327e-05
2.55460009765625 1.627296655594061e-05
2.55560009765625 5.2242257321874304e-05
2.55660009765625 3.89311524728934e-05
2.55760009765625 3.7737536088873944e-05
2.55860009765625 2.5123386488606533e-05
2.55960009765625 5.150845739990473e-05
2.56060009765625 3.236993992080291e-05
2.56160009765625 2.312289764328549e-05
2.56260009765625 4.873423061023156e-05
2.56360009765625 4.9680176501472785e-05
2.56460009765625 4.303008589583139e-05
2.56560009765625 2.199440593055139e-05
2.56660009765625 2.4420143648361167e-05
2.56760009765625 2.8542689591025313e-05
2.56860009765625 3.9137843996286394e-05
2.56960009765625 8.861901402876053e-06
2.57060009765625 4.345305341606339e-05
2.57160009765625 3.1640399247407916e-05
2.57260009765625 2.9428047904123864e-05
2.57360009765625 3.062014545624455e-05
2.57460009765625 5.0487446909149485e-05
2.57560009765625 7.270278098682562e-05
2.57660009765625 6.043856342633565e-05
2.57760009765625 3.91255272552371e-05
2.57860009765625 6.194534711539745e-05
2.57960009765625 1.9452400932398934e-05
2.58060009765625 4.3310166414206224e-05
2.58160009765625 8.86683026328683e-05
2.58260009765625 1.9143023489099537e-05
2.58360009765625 4.4644759424651665e-05
2.58460009765625 5.2660689689219e-05
2.58560009765625 8.89400082329909e-05
2.58660009765625 6.173525471240283e-05
2.58760009765625 5.264817581822475e-05
2.58860009765625 8.254438173025846e-05
2.58960009765625 7.841386211415133e-05
2.59060009765625 4.585088153059284e-05
2.59160009765625 8.526181026051441e-05
2.59260009765625 8.950420344869295e-05
2.59360009765625 1.69648865698413e-05
2.59460009765625 5.574326651791732e-05
2.59560009765625 1.8047096285348135e-05
2.59660009765625 5.027242470532656e-05
2.59760009765625 7.997942777971425e-05
2.59860009765625 5.0604574692746e-05
2.59960009765625 5.3008963974813626e-05
2.60060009765625 5.998246682186921e-05
