microns transmission
0.40060000610351565 7.902588485819706e-09
0.40160000610351565 9.999999939225291e-11
0.40260000610351565 1.7388012866585237e-09
0.40360000610351565 1.2537836531952469e-08
0.40460000610351565 3.2102685736390415e-08
0.4056000061035156 2.8990026189982623e-08
0.4066000061035156 4.670719840523437e-09
0.4076000061035156 1.1414486629964433e-08
0.4086000061035156 1.8277081581530296e-08
0.4096000061035156 6.365713467459955e-10
0.4106000061035156 2.2699560201881277e-08
0.4116000061035156 2.451017981760136e-08
0.4126000061035156 1.0380560168480694e-08
0.4136000061035156 9.460547782206656e-09
0.4146000061035156 7.855546222401699e-09
0.4156000061035156 5.9372719570423745e-09
0.4166000061035156 6.182630081970804e-10
0.4176000061035156 8.662546019759057e-09
0.4186000061035156 4.764234745380236e-08
0.4196000061035156 3.366391164642361e-08
0.4206000061035156 8.079066482480357e-10
0.4216000061035156 1.7657613398114337e-08
0.4226000061035156 9.999999939225291e-11
0.4236000061035156 2.375692967386082e-08
0.4246000061035156 7.81084449563707e-09
0.4256000061035156 1.3601836545973356e-08
0.4266000061035156 1.4155547178873462e-08
0.4276000061035156 1.971961921753973e-08
0.4286000061035156 1.9378102855682754e-09
0.4296000061035156 1.4231740349165042e-09
0.4306000061035156 9.999999939225291e-11
0.4316000061035156 1.787039347315537e-08
0.4326000061035156 2.558915991694259e-09
0.4336000061035156 9.999999939225291e-11
0.4346000061035156 9.999999939225291e-11
0.4356000061035156 6.047502714897254e-09
0.4366000061035156 6.8686570327732474e-09
0.4376000061035156 1.3789056435934792e-08
0.4386000061035156 1.3141532117325975e-08
0.43960000610351563 2.4473312854785453e-08
0.44060000610351563 9.999999939225291e-11
0.44160000610351563 9.999999939225291e-11
0.44260000610351563 1.9182029404873902e-08
0.44360000610351563 9.999999939225291e-11
0.44460000610351563 1.0237978615990073e-08
0.44560000610351563 1.2565382500421645e-08
0.44660000610351563 5.012199363700157e-09
0.44760000610351564 1.8157210431487177e-09
0.44860000610351564 1.2577070833685867e-08
0.44960000610351564 1.0281836440029223e-08
0.45060000610351564 5.992998213244505e-09
0.45160000610351564 9.999999939225291e-11
0.45260000610351564 4.296529887426459e-10
0.45360000610351564 9.999999939225291e-11
0.45460000610351564 9.999999939225291e-11
0.45560000610351564 9.999999939225291e-11
0.45660000610351564 1.4593963667171769e-09
0.45760000610351564 1.4674536637689547e-09
0.45860000610351564 2.984328322241936e-09
0.45960000610351565 1.1480332625287321e-09
0.46060000610351565 8.86198030218092e-09
0.46160000610351565 2.1389939508509313e-09
0.46260000610351565 9.999999939225291e-11
0.46360000610351565 6.628838870407586e-09
0.46460000610351565 9.999999939225291e-11
0.46560000610351565 4.023493419917183e-10
0.46660000610351565 9.999999939225291e-11
0.4676000061035156 5.041872244149204e-09
0.4686000061035156 6.242188203368452e-09
0.4696000061035156 9.999999939225291e-11
0.4706000061035156 9.999999939225291e-11
0.4716000061035156 8.342263354184827e-10
0.4726000061035156 2.8379417393864513e-09
0.4736000061035156 2.388029300230225e-09
0.4746000061035156 2.6891916071747347e-09
0.4756000061035156 1.7737803522284897e-10
0.4766000061035156 1.1124067755829969e-08
0.4776000061035156 9.999999939225291e-11
0.4786000061035156 2.1094780295882744e-08
0.4796000061035156 1.0942486949142942e-08
0.4806000061035156 1.4608140415835656e-09
0.4816000061035156 1.4745973183257396e-09
0.4826000061035156 1.6082136511386126e-10
0.4836000061035156 2.180309615814243e-09
0.4846000061035156 9.999999939225291e-11
0.4856000061035156 1.038025343014226e-08
0.4866000061035156 9.999999939225291e-11
0.4876000061035156 4.7078700463979814e-09
0.4886000061035156 4.010253403426608e-10
0.4896000061035156 6.366445074827235e-09
0.4906000061035156 9.999999939225291e-11
0.4916000061035156 8.247833394037229e-09
0.4926000061035156 9.999999939225291e-11
0.4936000061035156 1.515197981897624e-10
0.4946000061035156 9.999999939225291e-11
0.4956000061035156 8.639638406175246e-09
0.4966000061035156 9.999999939225291e-11
0.4976000061035156 5.724460428642905e-09
0.4986000061035156 2.6170484031714143e-09
0.4996000061035156 9.999999939225291e-11
0.5006000061035156 9.999999939225291e-11
0.5016000061035156 9.999999939225291e-11
0.5026000061035156 3.512213447483721e-09
0.5036000061035156 6.216649781620731e-09
0.5046000061035156 9.999999939225291e-11
0.5056000061035156 9.999999939225291e-11
0.5066000061035156 1.0903026688898384e-09
0.5076000061035156 9.999999939225291e-11
0.5086000061035156 9.999999939225291e-11
0.5096000061035156 1.828540749926333e-09
0.5106000061035156 9.999999939225291e-11
0.5116000061035156 1.0657390170365488e-09
0.5125999755859375 9.999999939225291e-11
0.5135999755859375 6.866092689961079e-09
0.5145999755859375 1.0264996260408072e-09
0.5155999755859375 9.999999939225291e-11
0.5165999755859375 9.999999939225291e-11
0.5175999755859375 2.5399494004337457e-09
0.5185999755859375 2.4562866200265416e-09
0.5195999755859375 3.5987549266517743e-09
0.5205999755859375 9.999999939225291e-11
0.5215999755859375 6.3571603921748955e-09
0.5225999755859375 3.3295986590076153e-09
0.5235999755859375 4.203484017158605e-09
0.5245999755859375 1.3777039450009928e-09
0.5255999755859375 4.953721675822938e-09
0.5265999755859375 9.999999939225291e-11
0.5275999755859375 9.999999939225291e-11
0.5285999755859375 9.999999939225291e-11
0.5295999755859375 9.999999939225291e-11
0.5305999755859375 9.999999939225291e-11
0.5315999755859375 3.372388990285913e-09
0.5325999755859375 7.111826446267362e-10
0.5335999755859375 2.1048973467922374e-09
0.5345999755859375 9.999999939225291e-11
0.5355999755859375 2.892761343057752e-09
0.5365999755859375 1.3668716706642195e-09
0.5375999755859375 9.999999939225291e-11
0.5385999755859375 6.658333440157093e-10
0.5395999755859375 9.01273710477805e-09
0.5405999755859375 1.7380606169107674e-09
0.5415999755859375 1.499915436298238e-09
0.5425999755859375 9.999999939225291e-11
0.5435999755859375 1.7561909852285378e-10
0.5445999755859375 7.723097989279874e-09
0.5455999755859375 3.5673180528069297e-09
0.5465999755859375 6.107949979868484e-09
0.5475999755859375 1.4998059742291994e-09
0.5485999755859375 1.1145637207240118e-08
0.5495999755859375 7.309968452773319e-10
0.5505999755859375 1.2301153446969692e-08
0.5515999755859375 1.1999636839732374e-10
0.5525999755859375 2.0963873925694544e-09
0.5535999755859375 9.999999939225291e-11
0.5545999755859375 1.0672299044500733e-09
0.5555999755859375 5.16537451922261e-09
0.5565999755859375 9.999999939225291e-11
0.5575999755859375 4.340435350395448e-09
0.5585999755859375 9.999999939225291e-11
0.5595999755859375 1.4881709660130582e-08
0.5605999755859375 9.999999939225291e-11
0.5615999755859375 1.3831043569704585e-10
0.5625999755859376 9.999999939225291e-11
0.5635999755859376 4.6724126168129485e-09
0.5645999755859376 8.911814196229292e-09
0.5655999755859376 6.8069203695841905e-09
0.5665999755859376 9.999999939225291e-11
0.5675999755859376 7.328097213488149e-09
0.5685999755859374 9.999999939225291e-11
0.5695999755859374 1.04980758515912e-08
0.5705999755859374 1.4405383099713731e-08
0.5715999755859374 9.999999939225291e-11
0.5725999755859374 7.199615739139631e-09
0.5735999755859374 2.090570910458685e-09
0.5745999755859375 2.1737121376948684e-08
0.5755999755859375 9.999999939225291e-11
0.5765999755859375 1.179424039913594e-09
0.5775999755859375 9.063796229114018e-09
0.5785999755859375 8.03387081305118e-09
0.5795999755859375 3.889756824785688e-09
0.5805999755859375 9.999999939225291e-11
0.5815999755859375 8.550711960708669e-09
0.5825999755859375 1.362781363608197e-08
0.5835999755859375 2.3844428328108806e-09
0.5845999755859375 7.063796700161143e-09
0.5855999755859375 6.276045848944515e-09
0.5865999755859375 9.999999939225291e-11
0.5875999755859375 3.373707568125421e-09
0.5885999755859375 3.389793071425136e-09
0.5895999755859375 1.4882787506091216e-08
0.5905999755859375 6.413452024271274e-09
0.5915999755859375 1.3158993296495208e-08
0.5925999755859375 1.5203266793643405e-10
0.5935999755859375 4.10763992301592e-09
0.5945999755859375 1.7201966973819555e-08
0.5955999755859375 4.222224463390489e-09
0.5965999755859375 4.444412174583097e-09
0.5975999755859375 6.069976681288835e-09
0.5985999755859375 8.595816739879563e-10
0.5995999755859375 1.5666450240795862e-09
0.6005999755859375 9.999999939225291e-11
0.6015999755859375 9.999999939225291e-11
0.6025999755859375 9.999999939225291e-11
0.6035999755859375 9.999999939225291e-11
0.6045999755859375 5.565026738689008e-09
0.6055999755859375 3.286490883880333e-09
0.6065999755859375 5.4645298478798545e-09
0.6075999755859375 1.5265593293160387e-09
0.6085999755859375 9.999999939225291e-11
0.6095999755859375 2.325092956686111e-09
0.6105999755859375 2.341019413876211e-09
0.6115999755859375 9.999999939225291e-11
0.6125999755859375 7.0726203145928445e-09
0.6135999755859375 4.74174991123751e-09
0.6145999755859375 9.999999939225291e-11
0.6155999755859375 2.575797521942036e-09
0.6165999755859375 1.0486096317189702e-09
0.6175999755859375 9.999999939225291e-11
0.6185999755859375 2.5297772706286043e-09
0.6195999755859375 9.999999939225291e-11
0.6205999755859375 9.999999939225291e-11
0.6215999755859375 4.804159887683568e-09
0.6225999755859375 9.999999939225291e-11
0.6235999755859375 7.340203408053487e-10
0.6245999755859375 1.315395673865775e-10
0.6255999755859375 9.999999939225291e-11
0.6265999755859375 8.669633541439717e-09
0.6275999755859375 9.999999939225291e-11
0.6285999755859375 1.1339705755138614e-08
0.6295999755859375 9.999999939225291e-11
0.6305999755859375 1.1164993374279675e-09
0.6315999755859375 2.9940993773180935e-09
0.6325999755859375 9.999999939225291e-11
0.6335999755859375 2.8173297739186865e-09
0.6345999755859375 9.999999939225291e-11
0.6355999755859375 9.999999939225291e-11
0.6365999755859375 9.999999939225291e-11
0.6375999755859375 9.999999939225291e-11
0.6385999755859375 1.0201276712251683e-09
0.6395999755859375 5.0097866655107735e-09
0.6405999755859375 9.999999939225291e-11
0.6415999755859375 9.999999939225291e-11
0.6425999755859375 9.005493198562438e-09
0.6435999755859375 1.0434630048905547e-10
0.6445999755859375 2.145134339788986e-09
0.6455999755859375 3.789546803763718e-09
0.6465999755859375 2.8851619463902506e-09
0.6475999755859375 9.999999939225291e-11
0.6485999755859375 9.999999939225291e-11
0.6495999755859375 3.1901907426856723e-09
0.6505999755859375 1.1423270033598479e-10
0.6515999755859375 9.999999939225291e-11
0.6525999755859375 9.999999939225291e-11
0.6535999755859375 9.999999939225291e-11
0.6545999755859375 5.5130696067588284e-09
0.6555999755859375 9.999999939225291e-11
0.6565999755859375 6.868490191417702e-10
0.6575999755859375 9.999999939225291e-11
0.6585999755859375 9.999999939225291e-11
0.6595999755859375 9.999999939225291e-11
0.6605999755859375 9.999999939225291e-11
0.6615999755859375 9.999999939225291e-11
0.6625999755859375 9.999999939225291e-11
0.6635999755859375 9.999999939225291e-11
0.6645999755859375 9.999999939225291e-11
0.6655999755859375 3.6483095981291553e-09
0.6665999755859375 3.87723767166411e-10
0.6675999755859375 1.0430379819107807e-10
0.6685999755859375 1.1888169855941063e-10
0.6695999755859375 9.999999939225291e-11
0.6705999755859375 9.999999939225291e-11
0.6715999755859375 9.999999939225291e-11
0.6725999755859375 3.2377082407701134e-09
0.6735999755859375 4.8301766201556495e-09
0.6745999755859375 1.0149216578270171e-10
0.6755999755859375 2.1524279839961007e-10
0.6765999755859375 4.609412913580968e-09
0.6775999755859375 6.483506768499107e-10
0.6785999755859375 9.999999939225291e-11
0.6795999755859375 2.539848029670111e-09
0.6805999755859375 1.3265809606366473e-09
0.6815999755859375 9.999999939225291e-11
0.6825999755859375 9.999999939225291e-11
0.6835999755859375 9.999999939225291e-11
0.6845999755859375 6.055740146374925e-10
0.6855999755859375 6.1388909215291195e-09
0.6865999755859375 9.999999939225291e-11
0.6875999755859376 2.151488676105373e-09
0.6885999755859376 9.999999939225291e-11
0.6895999755859376 4.118960047113281e-10
0.6905999755859376 9.999999939225291e-11
0.6915999755859376 9.999999939225291e-11
0.6925999755859376 3.323833356697984e-10
0.6935999755859374 3.062832047244039e-09
0.6945999755859374 9.999999939225291e-11
0.6955999755859374 1.0176416009125926e-08
0.6965999755859374 9.999999939225291e-11
0.6975999755859374 9.999999939225291e-11
0.6985999755859374 9.999999939225291e-11
0.6995999755859375 9.999999939225291e-11
0.7005999755859375 9.999999939225291e-11
0.7015999755859375 6.38201332373948e-09
0.7025999755859375 9.999999939225291e-11
0.7035999755859375 9.999999939225291e-11
0.7045999755859375 9.999999939225291e-11
0.7055999755859375 9.797633460095767e-10
0.7065999755859375 9.999999939225291e-11
0.7075999755859375 9.999999939225291e-11
0.7085999755859375 1.5056432989268841e-09
0.7095999755859375 1.7162469549229323e-09
0.7105999755859375 9.999999939225291e-11
0.7115999755859375 9.999999939225291e-11
0.7125999755859375 9.999999939225291e-11
0.7135999755859375 2.6512827311364617e-09
0.7145999755859375 1.8803086732077646e-08
0.7155999755859375 6.508793563379338e-10
0.7165999755859375 3.1902712175716863e-10
0.7175999755859375 9.999999939225291e-11
0.7185999755859375 9.999999939225291e-11
0.7195999755859375 9.999999939225291e-11
0.7205999755859375 3.5324100355893505e-09
0.7215999755859375 6.881679759374038e-10
0.7225999755859375 9.999999939225291e-11
0.7235999755859375 9.999999939225291e-11
0.7245999755859375 9.999999939225291e-11
0.7255999755859375 6.257517168132646e-09
0.7265999755859375 9.999999939225291e-11
0.7275999755859375 3.5176131933193726e-09
0.7285999755859375 5.505723515616031e-09
0.7295999755859375 1.2064847396686674e-08
0.7305999755859375 9.999999939225291e-11
0.7315999755859375 1.6402939895243663e-09
0.7325999755859375 6.417212690124074e-09
0.7335999755859375 2.980735039533518e-09
0.7345999755859375 4.421296602904098e-09
0.7355999755859375 3.4089735212461394e-09
0.7365999755859375 5.1657134688317305e-09
0.7375999755859375 1.1346469716381573e-08
0.7385999755859375 1.1000246787536601e-09
0.7395999755859375 9.999999939225291e-11
0.7405999755859375 9.999999939225291e-11
0.7415999755859375 3.245539369108504e-09
0.7425999755859375 2.1321619136926983e-09
0.7435999755859375 2.5355099092886724e-08
0.7445999755859375 9.999999939225291e-11
0.7455999755859375 9.999999939225291e-11
0.7465999755859375 2.9184157407750413e-08
0.7475999755859375 1.4747893525661009e-08
0.7485999755859375 9.999999939225291e-11
0.7495999755859375 6.986069855940969e-10
0.7505999755859375 6.263783181026384e-09
0.7515999755859375 9.999999939225291e-11
0.7525999755859375 1.5589043463511604e-08
0.7535999755859375 3.426538304059553e-08
0.7545999755859375 4.78640339807157e-09
0.7555999755859375 1.0551439822611049e-08
0.7565999755859375 5.257426535602386e-09
0.7575999755859375 9.999999939225291e-11
0.7585999755859375 1.2714246100387073e-09
0.7595999755859375 9.999999939225291e-11
0.7605999755859375 4.1817499981296656e-10
0.7615999755859375 1.37131268651558e-08
0.7625999755859375 9.999999939225291e-11
0.7635999755859375 1.052215333530171e-08
0.7645999755859375 9.999999939225291e-11
0.7655999755859375 3.5517509786586744e-08
0.7665999755859375 5.4391223821189294e-09
0.7675999755859375 7.537805043848303e-09
0.7685999755859375 9.999999939225291e-11
0.7695999755859375 9.999999939225291e-11
0.7705999755859375 9.999999939225291e-11
0.7715999755859375 7.181036630517686e-09
0.7725999755859375 4.3034132050460515e-09
0.7735999755859375 9.999999939225291e-11
0.7745999755859375 3.5167700159396038e-09
0.7755999755859375 1.3758936597459598e-08
0.7765999755859375 8.233260257265822e-09
0.7775999755859375 9.999999939225291e-11
0.7785999755859375 5.4208027192951626e-09
0.7795999755859375 6.63556228334509e-09
0.7805999755859375 3.5456100929328234e-09
0.7815999755859375 9.999999939225291e-11
0.7825999755859375 2.063072921979862e-08
0.7835999755859375 2.3374663339718417e-08
0.7845999755859375 9.999999939225291e-11
0.7855999755859375 1.8735467162874404e-09
0.7865999755859375 2.019605022181755e-08
0.7875999755859375 7.907063513575471e-09
0.7885999755859375 9.999999939225291e-11
0.7895999755859375 9.999999939225291e-11
0.7905999755859375 8.835838158915976e-09
0.7915999755859375 2.724461028632182e-08
0.7925999755859375 9.999999939225291e-11
0.7935999755859375 1.3953706809270254e-08
0.7945999755859375 7.186191313124368e-09
0.7955999755859375 2.673124583907338e-08
0.7965999755859375 1.9795627341778755e-08
0.7975999755859375 2.60032527421572e-08
0.7985999755859375 4.942999816866708e-09
0.7995999755859375 9.999999939225291e-11
0.8005999755859375 9.999999939225291e-11
0.8015999755859375 1.4827403420625274e-08
0.8025999755859375 2.0783883932414446e-08
0.8035999755859375 2.872466916178003e-09
0.8045999755859375 4.5048523891940323e-08
0.8055999755859375 1.1723493165879025e-08
0.8065999755859375 1.4400666611772787e-08
0.8075999755859375 2.754294753752144e-09
0.8085999755859375 1.1698216439981479e-07
0.8095999755859375 4.573623783699077e-08
0.8105999755859375 3.241735271330981e-08
0.8115999755859375 4.4490998686678537e-08
0.8125999755859376 6.791329118035112e-08
0.8135999755859376 5.86070200370159e-08
0.8145999755859376 5.3194477963221704e-08
0.8155999755859376 5.969505859108419e-08
0.8165999755859376 9.999999939225291e-11
0.8175999755859376 2.2091630095625683e-08
0.8185999755859374 5.1895854085159955e-08
0.8195999755859374 3.012127917164283e-08
0.8205999755859374 2.3644613467155297e-08
0.8215999755859374 9.999999939225291e-11
0.8225999755859374 9.999999939225291e-11
0.8235999755859374 1.5191736360738633e-08
0.8245999755859375 9.223670023317255e-09
0.8255999755859375 1.0076204424909936e-08
0.8265999755859375 9.999999939225291e-11
0.8275999755859375 3.310941863195656e-08
0.8285999755859375 9.999999939225291e-11
0.8295999755859375 3.384815598176753e-09
0.8305999755859375 2.349547097916608e-08
0.8315999755859375 3.1055889898231236e-08
0.8325999755859375 1.4137097004152111e-09
0.8335999755859375 1.0746131617149027e-07
0.8345999755859375 9.025430169155394e-08
0.8355999755859375 9.700885709544121e-09
0.8365999755859375 5.0081406444135725e-08
0.8375999755859375 3.0809439598063665e-08
0.8385999755859375 6.515084386352992e-08
0.8395999755859375 5.379553304744415e-08
0.8405999755859375 9.999999939225291e-11
0.8415999755859375 5.454386708218332e-09
0.8425999755859375 8.787804479955715e-08
0.8435999755859375 1.8440399897438435e-08
0.8445999755859375 1.110746279664454e-07
0.8455999755859375 9.999999939225291e-11
0.8465999755859375 2.927620466053327e-08
0.8475999755859375 9.999999939225291e-11
0.8485999755859375 1.7748397211173975e-08
0.8495999755859375 1.8934059653474833e-07
0.8505999755859375 5.53774656886219e-08
0.8515999755859375 2.385541665717028e-07
0.8525999755859375 4.800996066478546e-07
0.8535999755859375 2.3323796120836942e-07
0.8545999755859375 2.829229436448107e-07
0.8555999755859375 1.0772126526781278e-07
0.8565999755859375 3.749444294953719e-07
0.8575999755859375 9.999999939225291e-11
0.8585999755859375 4.1209853710218646e-07
0.8595999755859375 6.428312500853887e-07
0.8605999755859375 2.876643406501955e-07
0.8615999755859375 7.26562442536031e-08
0.8625999755859375 5.107457494772187e-07
0.8635999755859375 2.495445257840364e-08
0.8645999755859375 9.999999939225291e-11
0.8655999755859375 2.59180465945974e-06
0.8665999755859375 3.0411012969189244e-07
0.8675999755859375 9.999999939225291e-11
0.8685999755859375 9.999999939225291e-11
0.8695999755859375 8.868110887494396e-07
0.8705999755859375 1.3342490465954407e-07
0.8715999755859375 9.999999939225291e-11
0.8725999755859375 7.559969839476821e-08
0.8735999755859375 2.403914259048179e-06
0.8745999755859375 6.556604455187909e-07
0.8755999755859375 1.0402220211721178e-07
0.8765999755859375 1.8224755762652478e-06
0.8775999755859375 9.999999939225291e-11
0.8785999755859375 5.177183484192938e-06
0.8795999755859375 2.6748232873311887e-06
0.8805999755859375 9.321356056298431e-07
0.8815999755859375 1.677004274824867e-06
0.8825999755859375 9.999999939225291e-11
0.8835999755859375 3.5928872239310293e-06
0.8845999755859375 9.999999939225291e-11
0.8855999755859375 9.999999939225291e-11
0.8865999755859375 2.1150753400434043e-06
0.8875999755859375 9.999999939225291e-11
0.8885999755859375 5.011972680222243e-06
0.8895999755859375 9.999999939225291e-11
0.8905999755859375 2.7358489421391853e-06
0.8915999755859375 1.9027155212825165e-06
0.8925999755859375 1.7980863728250066e-05
0.8935999755859375 3.6935191777350457e-06
0.8945999755859375 1.693235884632216e-06
0.8955999755859375 4.309538344386965e-06
0.8965999755859375 9.662311058491468e-06
0.8975999755859375 9.999999939225291e-11
0.8985999755859375 1.442160689695271e-06
0.8995999755859375 4.070514793662975e-06
0.9005999755859375 7.716378895565868e-06
0.9015999755859375 4.129942632668342e-06
0.9025999755859375 5.500976840266958e-06
0.9035999755859375 2.9767021654455067e-06
0.9045999755859375 2.9645086760865522e-06
0.9055999755859375 4.708769750626136e-06
0.9065999755859375 2.7847906555204345e-06
0.9075999755859375 5.356535451331487e-06
0.9085999755859375 3.2242966214350117e-06
0.9095999755859375 5.960207781754434e-06
0.9105999755859375 4.629393806681037e-06
0.9115999755859375 4.028132340560357e-06
0.9125999755859375 1.8771819789738705e-06
0.9135999755859375 3.6857529388119773e-06
0.9145999755859375 2.530234705773182e-06
0.9155999755859375 4.124813567614183e-06
0.9165999755859375 4.8387054024109e-06
0.9175999755859375 4.859116937344273e-06
0.9185999755859375 2.9678067464071017e-06
0.9195999755859375 3.2289363055800397e-06
0.9205999755859375 3.129341348540038e-06
0.9215999755859375 2.8580787087169783e-06
0.9225999755859375 1.0061588640268108e-06
0.9235999755859375 3.094436591103052e-06
0.9245999755859375 2.804990654112771e-06
0.9255999755859375 4.0450212933744e-06
0.9265999755859375 2.7362780141023297e-06
0.9275999755859375 2.1717492442500465e-06
0.9285999755859375 2.6788186126699046e-06
0.9295999755859375 4.9814972832488516e-06
0.9305999755859375 5.0107736994201935e-06
0.9315999755859375 2.977189627320816e-06
0.9325999755859375 7.130220668235172e-07
0.9335999755859375 2.241386246168986e-06
0.9345999755859375 1.8538599397288636e-06
0.9355999755859375 2.6984250386400772e-06
0.9365999755859375 2.1203006811750433e-06
0.9375999755859376 4.49799340761577e-06
0.9385999755859376 2.597786078695208e-06
0.9395999755859376 2.4353583285119383e-06
0.9405999755859376 1.8950649731171628e-06
0.9415999755859376 1.3117656393054253e-06
0.9425999755859376 1.4263799918505051e-06
0.9435999755859374 1.811980206791001e-06
0.9445999755859374 4.995121756413331e-06
0.9455999755859374 1.5415199110672499e-06
0.9465999755859374 3.3908833089905483e-06
0.9475999755859374 9.475336601590574e-07
0.9485999755859374 1.193925011951554e-06
0.9495999755859375 2.448279653132583e-06
0.9505999755859375 2.784829363614942e-06
0.9515999755859375 7.494866910443913e-07
0.9525999755859375 2.915310663714384e-06
0.9535999755859375 3.889544010841443e-07
0.9545999755859375 2.5905306877878805e-06
0.9555999755859375 2.5958740055405845e-06
0.9565999755859375 6.687743198933542e-08
0.9575999755859375 1.3408427427445227e-06
0.9585999755859375 1.986765710171312e-06
0.9595999755859375 5.874199363346359e-07
0.9605999755859375 1.5101984414892891e-06
0.9615999755859375 8.960939643050854e-07
0.9625999755859375 2.0442588235406826e-06
0.9635999755859375 2.133945041957001e-06
0.9645999755859375 2.2599309644040964e-06
0.9655999755859375 7.200239997473545e-07
0.9665999755859375 6.490909724258625e-07
0.9675999755859375 1.464969633768002e-06
0.9685999755859375 9.931619907129392e-07
0.9695999755859375 2.6682606741879055e-07
0.9705999755859375 1.3083477097097784e-06
0.9715999755859375 9.999999939225291e-11
0.9725999755859375 7.293804177492074e-07
0.9735999755859375 1.5965940353150168e-06
0.9745999755859375 8.956748570199125e-07
0.9755999755859375 6.982988027933364e-07
0.9765999755859375 1.205454643290101e-06
0.9775999755859375 1.831905659249363e-06
0.9785999755859375 1.033747503242921e-06
0.9795999755859375 1.5148363794044902e-06
0.9805999755859375 1.9021446739012995e-06
0.9815999755859375 8.95934717846103e-07
0.9825999755859375 1.140950565362194e-06
0.9835999755859375 8.41758828755701e-07
0.9845999755859375 1.0323853833445659e-06
0.9855999755859375 6.326505145389423e-07
0.9865999755859375 2.108143332103888e-06
0.9875999755859375 6.514791285135619e-07
0.9885999755859375 6.629370788383919e-07
0.9895999755859375 5.64096939088543e-07
0.9905999755859375 1.187214581174582e-06
0.9915999755859375 1.2991053275375937e-06
0.9925999755859375 6.268064923157606e-07
0.9935999755859375 3.09274817785384e-07
0.9945999755859375 1.0492558430996723e-06
0.9955999755859375 3.0728855295277435e-07
0.9965999755859375 9.648920725643013e-07
0.9975999755859375 5.958366576426973e-07
0.9985999755859375 1.1409108386336205e-06
0.9995999755859375 5.416168615320535e-07
1.0005999755859376 1.441873779792028e-06
1.0015999755859375 8.359845863499989e-07
1.0025999755859376 1.198646010986219e-06
1.0035999755859375 1.5426856407430023e-06
1.0045999755859376 1.3493556616595015e-06
1.0055999755859375 1.2419815902831032e-06
1.0065999755859374 1.1703301788656971e-06
1.0075999755859375 1.1021958925994113e-06
1.0085999755859374 1.8066350215425094e-06
1.0095999755859375 1.164434337018368e-06
1.0105999755859374 1.638653312093415e-07
1.0115999755859375 8.876107798035567e-07
1.0125999755859374 1.604679370454202e-06
1.0135999755859375 9.0659409276365e-07
1.0145999755859374 7.860589054568361e-07
1.0155999755859375 2.005265654473713e-07
1.0165999755859374 7.995178627121884e-07
1.0175999755859375 3.940533315471839e-07
1.0185999755859374 6.562987376431313e-07
1.0195999755859375 6.886166738695465e-07
1.0205999755859374 8.023446753213648e-07
1.0215999755859375 8.63052531106708e-07
1.0225999755859374 1.153146440628916e-06
1.0235999755859375 1.1497130860031273e-06
1.0245999755859374 8.016029460122809e-07
1.0255999755859375 1.0766900716892753e-06
1.0265999755859374 7.160842020918305e-07
1.0275999755859375 6.654347089352086e-07
1.0285999755859374 6.169843982206658e-07
1.0295999755859375 7.607712420091654e-07
1.0305999755859374 9.33563521054263e-07
1.0315999755859375 4.2398941483649344e-07
1.0325999755859374 1.2590653689888617e-06
1.0335999755859375 7.957495472510345e-07
1.0345999755859374 1.440081347633774e-06
1.0355999755859375 1.0079536150442436e-06
1.0365999755859374 8.61508488014806e-07
1.0375999755859375 5.892620053297529e-07
1.0385999755859374 5.94134459485455e-07
1.0395999755859375 1.7339476471533999e-07
1.0405999755859374 3.052503387834804e-07
1.0415999755859375 6.53354982205201e-07
1.0425999755859374 3.5581433621700853e-07
1.0435999755859375 9.02749234228395e-07
1.0445999755859374 7.772027553680042e-07
1.0455999755859375 6.148357048611312e-07
1.0465999755859374 4.762712948528739e-07
1.0475999755859375 7.108264738538612e-07
1.0485999755859374 8.935874454133834e-07
1.0495999755859375 8.180792792700232e-07
1.0505999755859374 1.0242353164358064e-06
1.0515999755859375 5.361466901376844e-07
1.0525999755859374 3.8568172991896666e-07
1.0535999755859375 7.66324653037979e-07
1.0545999755859374 1.2098653436017532e-06
1.0555999755859375 7.913881321049605e-07
1.0565999755859374 4.308643656258937e-07
1.0575999755859375 5.406966010923497e-07
1.0585999755859374 3.138371645642716e-07
1.0595999755859375 6.251800186873879e-07
1.0605999755859374 7.09848621530303e-07
1.0615999755859375 6.088815644034184e-07
1.0625999755859374 5.211040540113269e-07
1.0635999755859376 2.3715139564413807e-07
1.0645999755859374 7.947934379141468e-07
1.0655999755859376 1.4935007008413472e-06
1.0665999755859374 6.62166081989805e-07
1.0675999755859376 6.998148698282118e-07
1.0685999755859374 1.3182126809082225e-07
1.0695999755859376 7.062688746373169e-07
1.0705999755859374 5.585910669954805e-07
1.0715999755859376 6.935458319882552e-07
1.0725999755859374 6.285527706495486e-07
1.0735999755859376 2.919648469893825e-07
1.0745999755859375 5.508994036063087e-07
1.0755999755859376 8.698362216819078e-07
1.0765999755859375 6.279653583381635e-07
1.0775999755859376 5.925050087777587e-07
1.0785999755859375 2.4431255951640196e-07
1.0795999755859376 4.921507328011406e-07
1.0805999755859375 9.629651807093372e-07
1.0815999755859376 6.642695613360654e-07
1.0825999755859375 7.647788273364615e-07
1.0835999755859376 5.554503998913181e-07
1.0845999755859375 7.373116629120584e-07
1.0855999755859376 5.877250562965249e-07
1.0865999755859375 6.922757044473353e-07
1.0875999755859376 6.811445079317007e-07
1.0885999755859375 2.0910006545212428e-07
1.0895999755859376 3.2662999728927387e-07
1.0905999755859375 9.501537473018591e-07
1.0915999755859376 1.0975022451020777e-06
1.0925999755859375 7.631281187059358e-07
1.0935999755859376 7.267643352015796e-08
1.0945999755859375 6.764654123495954e-07
1.0955999755859376 1.5372122713112428e-07
1.0965999755859375 1.5807263550845126e-07
1.0975999755859376 6.120257724736196e-07
1.0985999755859375 7.46834120946005e-07
1.0995999755859376 3.398960419757439e-07
1.1005999755859375 5.104138654132839e-07
1.1015999755859376 4.7094663993145026e-07
1.1025999755859375 5.077018522570142e-07
1.1035999755859376 5.422605318017304e-07
1.1045999755859375 6.586746349057649e-07
1.1055999755859376 7.404697923144947e-07
1.1065999755859375 5.494326857539514e-07
1.1075999755859376 9.867045688830937e-07
1.1085999755859375 9.188313075962166e-07
1.1095999755859376 8.830593234421258e-09
1.1105999755859375 7.597227522637695e-07
1.1115999755859376 5.086493304891823e-07
1.1125999755859375 4.6733239287277686e-07
1.1135999755859376 2.4622603139808537e-07
1.1145999755859375 2.4674990982020974e-07
1.1155999755859376 8.678325684741139e-07
1.1165999755859375 5.468503877636976e-07
1.1175999755859376 3.753031645222412e-07
1.1185999755859375 9.648907628919308e-07
1.1195999755859376 7.917903955482568e-07
1.1205999755859375 5.347686965251342e-07
1.1215999755859376 6.493563948121543e-07
1.1225999755859375 4.0710923106720054e-07
1.1235999755859376 7.398367961286567e-07
1.1245999755859375 4.5082022552378477e-07
1.1255999755859376 7.362764517893084e-07
1.1265999755859375 3.1360635527259243e-07
1.1275999755859376 7.883512201563765e-07
1.1285999755859375 4.0116139643942006e-07
1.1295999755859376 3.6049636643535146e-07
1.1305999755859375 5.439392953121569e-07
1.1315999755859374 5.549576841682816e-07
1.1325999755859375 3.234035042017543e-07
1.1335999755859374 6.139225176108692e-07
1.1345999755859375 3.5868395571014843e-07
1.1355999755859374 3.164193246144956e-07
1.1365999755859375 1.0305771381050969e-06
1.1375999755859374 3.659364301711321e-07
1.1385999755859375 2.2868240193929522e-07
1.1395999755859374 4.399555352089616e-07
1.1405999755859375 5.884085961345894e-07
1.1415999755859374 6.807254491529118e-07
1.1425999755859375 4.71762650704477e-07
1.1435999755859374 5.109811657651639e-07
1.1445999755859375 5.532576081653436e-07
1.1455999755859374 4.900603986849698e-07
1.1465999755859375 4.6131686152269445e-07
1.1475999755859374 5.314050455732891e-07
1.1485999755859375 3.2742046793525027e-07
1.1495999755859374 5.431002743231753e-07
1.1505999755859375 1.2308147158061425e-07
1.1515999755859374 4.5807325174488746e-07
1.1525999755859375 4.25923899456393e-07
1.1535999755859374 4.308696043153759e-07
1.1545999755859375 4.39506356997299e-07
1.1555999755859374 6.845243357626411e-07
1.1565999755859375 7.956088302307763e-07
1.1575999755859374 5.412160680862144e-07
1.1585999755859375 5.266400633748466e-07
1.1595999755859374 3.9271280305304875e-07
1.1605999755859375 5.615571232434983e-07
1.1615999755859374 8.222436493573089e-07
1.1625999755859375 2.7420869931423415e-07
1.1635999755859374 1.6283453078358433e-07
1.1645999755859375 4.5320312589562184e-07
1.1655999755859374 5.550684484963616e-07
1.1665999755859375 3.666964948934037e-07
1.1675999755859374 4.3314609380710556e-07
1.1685999755859375 4.607454684446566e-07
1.1695999755859374 5.636546484311111e-07
1.1705999755859375 3.353046061723338e-07
1.1715999755859374 5.398639283763865e-07
1.1725999755859375 6.332180419121869e-07
1.1735999755859374 8.098867207687969e-07
1.1745999755859375 8.061646803980693e-07
1.1755999755859374 9.710591499848912e-07
1.1765999755859375 1.2483022449790344e-07
1.1775999755859374 4.5201698412711266e-07
1.1785999755859375 1.1590112020106364e-06
1.1795999755859374 6.212617396765079e-07
1.1805999755859375 5.981958505193082e-07
1.1815999755859374 5.771458017989062e-07
1.1825999755859375 6.43426525736383e-07
1.1835999755859374 5.750512597539151e-07
1.1845999755859375 5.048379292323565e-07
1.1855999755859374 4.51522125028229e-07
1.1865999755859375 7.305046892724931e-07
1.1875999755859374 6.904999099788256e-07
1.1885999755859376 1.5648846783733462e-07
1.1895999755859374 7.932655474481482e-07
1.1905999755859376 6.181169252765055e-07
1.1915999755859374 6.026566309931999e-07
1.1925999755859376 5.659762731132409e-07
1.1935999755859374 2.9172375661801195e-07
1.1945999755859376 7.424419527524151e-07
1.1955999755859374 5.162496260406139e-07
1.1965999755859376 5.737153090497789e-07
1.1975999755859374 6.476709434840207e-07
1.1985999755859376 4.568911390379071e-07
1.1995999755859375 9.112369055704523e-07
1.2005999755859376 7.857053909295548e-07
1.2015999755859375 1.83090796781471e-07
1.2025999755859376 8.443181044034038e-07
1.2035999755859375 1.132895558839664e-06
1.2045999755859376 1.159454317415746e-07
1.2055999755859375 5.276564767579354e-07
1.2065999755859376 1.023419475435124e-06
1.2075999755859375 5.931450262626944e-07
1.2085999755859376 1.7831565363242892e-07
1.2095999755859375 9.262666086821507e-07
1.2105999755859376 8.124181961951156e-07
1.2115999755859375 4.364415265930196e-07
1.2125999755859376 5.140435617552916e-07
1.2135999755859375 3.6870858342770894e-07
1.2145999755859376 2.0635496791025314e-07
1.2155999755859375 9.151077877807741e-07
1.2165999755859376 4.53404791187495e-07
1.2175999755859375 5.236544893705286e-07
1.2185999755859376 6.209291071475794e-07
1.2195999755859375 7.994265858239184e-07
1.2205999755859376 4.2317450909952944e-07
1.2215999755859375 5.955000354636771e-07
1.2225999755859376 9.514415432931856e-07
1.2235999755859375 1.865511730632837e-07
1.2245999755859376 5.974112597565787e-07
1.2255999755859375 4.830576168994109e-07
1.2265999755859376 6.145613345627983e-07
1.2275999755859375 1.2579432980904434e-07
1.2285999755859376 2.9413360001247683e-07
1.2295999755859375 5.433552966375525e-07
1.2305999755859376 9.053166286321357e-07
1.2315999755859375 4.049468770972453e-07
1.2325999755859376 5.803395348872679e-07
1.2335999755859375 6.491370489432786e-07
1.2345999755859376 5.260171928966884e-07
1.2355999755859375 7.507684495067224e-07
1.2365999755859376 6.246350676519796e-07
1.2375999755859375 1.0834850642519693e-06
1.2385999755859376 1.6651353689667304e-07
1.2395999755859375 1.0131356889727292e-07
1.2405999755859376 6.18901030975394e-07
1.2415999755859375 2.5958042897400447e-07
1.2425999755859376 9.21433893381618e-07
1.2435999755859375 5.333918488759082e-07
1.2445999755859376 8.637709349083405e-07
1.2455999755859375 3.285026408169264e-07
1.2465999755859376 6.593829433162075e-07
1.2475999755859375 3.614856359490659e-07
1.2485999755859376 5.700914092206706e-07
1.2495999755859375 6.196528374857735e-07
1.2505999755859376 4.313077685462e-07
1.2515999755859375 5.913998635757404e-07
1.2525999755859376 1.0009707815091435e-06
1.2535999755859375 2.3390430214931257e-07
1.2545999755859376 3.967205702792853e-07
1.2555999755859375 7.247680089979742e-07
1.2565999755859374 4.5527929614763707e-07
1.2575999755859375 5.378800293935153e-07
1.2585999755859374 5.36805685745397e-07
1.2595999755859375 4.434128034821091e-07
1.2605999755859374 7.824798619064192e-07
1.2615999755859375 6.513557552049558e-07
1.2625999755859374 6.855815081507899e-07
1.2635999755859375 4.438964000049358e-07
1.2645999755859374 3.1206550374918154e-07
1.2655999755859375 1.081487328823035e-06
1.2665999755859374 3.8771803398655414e-07
1.2675999755859375 9.866712935036049e-07
1.2685999755859374 6.99988934987535e-07
1.2695999755859375 7.245088515143532e-07
1.2705999755859374 6.964395288378e-07
1.2715999755859375 5.986163159832358e-07
1.2725999755859374 3.5855077233766983e-07
1.2735999755859375 4.7260336335360386e-07
1.2745999755859374 3.6262964082804197e-07
1.2755999755859375 4.3461433354726375e-07
1.2765999755859374 4.61026308281968e-07
1.2775999755859375 6.945896166143939e-07
1.2785999755859374 5.146092492699003e-07
1.2795999755859375 5.0943404858117e-07
1.2805999755859374 3.606499315840968e-07
1.2815999755859375 3.482022323926989e-07
1.2825999755859374 8.891325705917552e-07
1.2835999755859375 6.651078729191795e-07
1.2845999755859374 3.5785850438211734e-07
1.2855999755859375 2.954271258204244e-07
1.2865999755859374 8.491148037137463e-07
1.2875999755859375 4.1594486901885827e-07
1.2885999755859374 4.44824023967764e-07
1.2895999755859375 3.617039995636636e-07
1.2905999755859374 9.387998094704624e-07
1.2915999755859375 5.078789581602904e-07
1.2925999755859374 6.0261872325403e-07
1.2935999755859375 5.278834335816404e-07
1.2945999755859374 8.806028199614957e-07
1.2955999755859375 6.513647773923974e-07
1.2965999755859374 7.065282140198785e-07
1.2975999755859375 6.894696343806572e-07
1.2985999755859374 6.485046348340499e-07
1.2995999755859375 4.3029100197600203e-07
1.3005999755859374 6.501046785463889e-07
1.3015999755859375 6.751890638649153e-07
1.3025999755859374 7.861650374252349e-07
1.3035999755859375 5.254236445277153e-07
1.3045999755859374 6.201401144304934e-07
1.3055999755859375 8.72726535211162e-07
1.3065999755859374 2.905075692864282e-07
1.3075999755859375 6.00477008750507e-07
1.3085999755859374 4.472030680820657e-07
1.3095999755859375 7.862609345465899e-07
1.3105999755859374 7.773265921665977e-07
1.3115999755859375 4.0554882919726277e-07
1.3125999755859374 2.0241479584607686e-07
1.3135999755859376 5.967787850143699e-07
1.3145999755859374 6.191951858151394e-07
1.3155999755859376 4.928682028548792e-07
1.3165999755859374 4.2929386230146827e-07
1.3175999755859376 6.728314231925954e-07
1.3185999755859374 7.298903559179355e-07
1.3195999755859376 3.534499410307035e-07
1.3205999755859374 3.249392678602211e-07
1.3215999755859376 4.80062311301784e-07
1.3225999755859374 4.2282047312861925e-07
1.3235999755859376 7.693657971685752e-07
1.3245999755859375 2.9613772954147536e-07
1.3255999755859376 8.038820305955596e-07
1.3265999755859375 4.85676967703815e-07
1.3275999755859376 7.351704213457804e-07
1.3285999755859375 8.058760189063225e-07
1.3295999755859376 3.65198175131809e-07
1.3305999755859375 9.420629794476553e-07
1.3315999755859376 6.303576568219189e-07
1.3325999755859375 6.50786496407818e-07
1.3335999755859376 4.860485326692772e-07
1.3345999755859375 7.90262832500351e-07
1.3355999755859376 8.87548327834035e-07
1.3365999755859375 5.42156679633384e-07
1.3375999755859376 2.200839996172969e-07
1.3385999755859375 7.04086135859446e-07
1.3395999755859376 7.161133059222873e-07
1.3405999755859375 7.636315422132611e-07
1.3415999755859376 6.474406109191477e-07
1.3425999755859375 9.816042923678954e-07
1.3435999755859376 3.629624916356988e-07
1.3445999755859375 3.1430216646792056e-07
1.3455999755859376 5.420401551721928e-07
1.3465999755859375 5.334908564691432e-07
1.3475999755859376 7.459259844229867e-07
1.3485999755859375 7.416587565482284e-07
1.3495999755859376 8.290490950457752e-07
1.3505999755859375 1.1269673182508674e-07
1.3515999755859376 8.091521522146649e-07
1.3525999755859375 7.16454863625889e-07
1.3535999755859376 3.574738911993336e-07
1.3545999755859375 8.081080037906456e-07
1.3555999755859376 6.819235689666432e-07
1.3565999755859375 8.963324701956783e-07
1.3575999755859376 3.883437420881819e-07
1.3585999755859375 9.936342879276102e-07
1.3595999755859376 5.650554279175897e-07
1.3605999755859375 5.18672519926137e-07
1.3615999755859376 3.9955362808541393e-07
1.3625999755859375 9.154921281151473e-07
1.3635999755859376 8.64436078700237e-07
1.3645999755859375 1.7937436723514112e-07
1.3655999755859376 7.040510414905537e-07
1.3665999755859375 6.733769259881228e-07
1.3675999755859376 5.584603968600276e-07
1.3685999755859375 9.889780631056054e-07
1.3695999755859376 6.688039017414364e-07
1.3705999755859375 4.7447093190082036e-07
1.3715999755859376 1.0531663428992032e-06
1.3725999755859375 9.591670338219652e-07
1.3735999755859376 4.786180822217526e-07
1.3745999755859375 9.414273760436724e-07
1.3755999755859376 9.165583833237178e-07
1.3765999755859375 1.1165571049787104e-06
1.3775999755859376 5.606610284303315e-07
1.3785999755859375 7.909629857749678e-07
1.3795999755859376 3.485784024330011e-07
1.3805999755859375 8.063896772606919e-07
1.3815999755859374 5.643057011184283e-07
1.3825999755859375 1.2399329959104458e-06
1.3835999755859374 2.899363232700125e-07
1.3845999755859375 4.2156730463223846e-07
1.3855999755859374 3.5252993257017807e-07
1.3865999755859375 1.0273656274269646e-06
1.3875999755859374 3.8099710460907467e-07
1.3885999755859375 6.282075810304378e-07
1.3895999755859374 8.047747542150318e-07
1.3905999755859375 1.0167519091434466e-06
1.3915999755859374 5.824821346323006e-07
1.3925999755859375 7.476674363715574e-07
1.3935999755859374 6.998530200993021e-07
1.3945999755859375 5.609939883773526e-07
1.3955999755859374 9.340329415863379e-07
1.3965999755859375 6.273831816846116e-07
1.3975999755859374 5.632741219111873e-07
1.3985999755859375 8.479038175816337e-07
1.3995999755859374 4.1423502504282317e-07
1.4005999755859375 8.27265830594115e-07
1.4015999755859374 4.737788791923473e-07
1.4025999755859375 1.030808004240195e-06
1.4035999755859374 6.050518156068088e-07
1.4045999755859375 1.4655616541858763e-06
1.4055999755859374 9.761863450030716e-08
1.4065999755859375 8.430114394286647e-07
1.4075999755859374 8.361470099771395e-07
1.4085999755859375 4.168082644658474e-07
1.4095999755859374 3.154392652504612e-07
1.4105999755859375 3.2360655530953386e-07
1.4115999755859374 4.1807674278970807e-07
1.4125999755859375 4.779995848972855e-07
1.4135999755859374 8.684816081464912e-07
1.4145999755859375 7.254231847279395e-07
1.4155999755859374 6.049698519442851e-07
1.4165999755859375 6.598794789169915e-07
1.4175999755859374 4.206768062431365e-07
1.4185999755859375 1.6217656290488475e-07
1.4195999755859374 5.87780547599929e-07
1.4205999755859375 7.82169421048214e-07
1.4215999755859374 9.557537365859995e-07
1.4225999755859375 1.0671523341443389e-06
1.4235999755859374 9.352015573919441e-07
1.4245999755859375 6.343074104127784e-07
1.4255999755859374 7.8420185673167e-07
1.4265999755859375 3.984738971970122e-07
1.4275999755859374 7.728401856551178e-08
1.4285999755859375 8.655480147960286e-07
1.4295999755859374 7.033947016073701e-07
1.4305999755859375 2.366686582414938e-07
1.4315999755859374 3.7948306271573527e-07
1.4325999755859375 8.429063260943319e-07
1.4335999755859374 6.229759067840253e-07
1.4345999755859375 8.100397705372113e-07
1.4355999755859374 6.648831307150733e-07
1.4365999755859375 1.0479794582352043e-06
1.4375999755859374 6.683931739341158e-07
1.4385999755859376 2.8589448599329144e-07
1.4395999755859374 5.442613595126507e-07
1.4405999755859376 5.412013949050258e-07
1.4415999755859374 3.6109312228897276e-07
1.4425999755859376 4.0156926843337716e-07
1.4435999755859374 6.835410871038523e-07
1.4445999755859376 1.0331627466560652e-06
1.4455999755859374 3.6758964900703484e-07
1.4465999755859376 2.026219696441937e-07
1.4475999755859374 9.043227570752303e-07
1.4485999755859376 5.432367591614214e-07
1.4495999755859375 4.912124616870036e-07
1.4505999755859376 7.413215644191951e-07
1.4515999755859375 4.806524399706783e-07
1.4525999755859376 7.79212035316353e-07
1.4535999755859375 6.73270296829287e-07
1.4545999755859376 8.638012271452074e-07
1.4555999755859375 5.582021670610023e-07
1.4565999755859376 7.398968349055698e-07
1.4575999755859375 5.561301441048272e-07
1.4585999755859376 8.700676213872309e-07
1.4595999755859375 6.515880765315767e-07
1.4605999755859376 4.71974023336467e-07
1.4615999755859375 7.642927812412382e-07
1.4625999755859376 1.2356597289908677e-06
1.4635999755859375 1.2016894470434636e-06
1.4645999755859376 2.0226282989218208e-07
1.4655999755859375 5.173519699989507e-07
1.4665999755859376 4.651650003021738e-07
1.4675999755859375 9.117359392500173e-07
1.4685999755859376 1.175606642694523e-06
1.4695999755859375 5.087178154402257e-07
1.4705999755859376 5.066903880409276e-07
1.4715999755859375 3.2482946456487605e-07
1.4725999755859376 5.120105925016105e-07
1.4735999755859375 3.406104709332188e-07
1.4745999755859376 5.558908681753868e-07
1.4755999755859375 3.4885729595165083e-07
1.4765999755859376 1.7332739662379025e-06
1.4775999755859375 5.529273888290239e-07
1.4785999755859376 5.371943067681665e-07
1.4795999755859375 9.068041496599714e-07
1.4805999755859376 1.341371341065193e-06
1.4815999755859375 6.701471162765908e-07
1.4825999755859376 8.550280472263694e-07
1.4835999755859375 1.1495113236984859e-06
1.4845999755859376 9.501132444711403e-07
1.4855999755859375 3.9830435222635666e-07
1.4865999755859376 6.458252391894348e-07
1.4875999755859375 2.5442299473136623e-08
1.4885999755859376 5.395783834198179e-07
1.4895999755859375 7.341542611053835e-07
1.4905999755859376 1.2799179967259988e-06
1.4915999755859375 9.209560933716905e-07
1.4925999755859376 6.275171472225338e-07
1.4935999755859375 4.3789414727749924e-07
1.4945999755859376 4.762749934646612e-07
1.4955999755859375 1.1533196326733256e-06
1.4965999755859376 2.393774684605887e-07
1.4975999755859375 7.173922252453242e-07
1.4985999755859376 9.262850411081066e-07
1.4995999755859375 7.122123982602109e-07
1.5005999755859376 1.1257047299295663e-06
1.5015999755859375 5.595852902236705e-07
1.5025999755859376 9.84062377635079e-07
1.5035999755859375 2.489555602854428e-07
1.5045999755859376 7.846847195954372e-07
1.5055999755859375 4.733355914747032e-07
1.5065999755859374 8.894780088060846e-07
1.5075999755859375 1.0559648944763466e-06
1.5085999755859374 7.948498750920408e-07
1.5095999755859375 8.180092845577746e-07
1.5105999755859374 9.046470950124785e-07
1.5115999755859375 1.0279563624256601e-06
1.5125999755859374 7.70913344846728e-07
1.5135999755859375 7.749621606005046e-07
1.5145999755859374 9.711594854403909e-07
1.5155999755859375 7.906290799534569e-07
1.5165999755859374 9.757523124183837e-07
1.5175999755859375 4.937624908052385e-07
1.5185999755859374 7.492811710108071e-07
1.5195999755859375 6.31941268996646e-07
1.5205999755859374 5.515639653215962e-07
1.5215999755859375 7.075658019554491e-07
1.5225999755859374 6.4419249004762e-07
1.5235999755859375 1.0028325535434608e-06
1.5245999755859374 6.167258955732298e-07
1.5255999755859375 9.784142215115328e-07
1.5265999755859374 8.193036774173379e-07
1.5275999755859375 1.0702156820722545e-06
1.5285999755859374 7.063675366225652e-07
1.5295999755859375 5.463536945171654e-07
1.5305999755859374 7.183518512950589e-07
1.5315999755859375 6.524338338446493e-07
1.5325999755859374 6.167044800046521e-07
1.5335999755859375 1.0471215985793e-06
1.5345999755859374 5.712806220496228e-07
1.5355999755859375 3.4484753390036835e-07
1.5365999755859374 4.795544589075718e-07
1.5375999755859375 9.314642375102267e-07
1.5385999755859374 1.8800712344576215e-07
1.5395999755859375 5.242902140404718e-07
1.5405999755859374 1.1872442337335088e-06
1.5415999755859375 1.1099364686136443e-06
1.5425999755859374 7.592202018713578e-07
1.5435999755859375 3.322603940129435e-07
1.5445999755859374 1.2975472054677084e-06
1.5455999755859375 3.1531300010101404e-07
1.5465999755859374 8.15642536811841e-07
1.5475999755859375 7.718941439331199e-07
1.5485999755859374 1.2328237304852033e-06
1.5495999755859375 1.015886591630988e-06
1.5505999755859374 7.622135793402169e-07
1.5515999755859375 1.732890605617617e-07
1.5525999755859374 1.4783473792097844e-06
1.5535999755859375 8.273644076931912e-07
1.5545999755859374 9.557029504018527e-07
1.5555999755859375 5.939144769702884e-07
1.5565999755859374 1.730116006607811e-07
1.5575999755859375 9.515282484547545e-07
1.5585999755859374 7.170559304843966e-07
1.5595999755859375 4.493925371207297e-07
1.5605999755859374 6.660245586923945e-07
1.5615999755859375 9.498718767038857e-07
1.5625999755859374 8.181797663079731e-07
1.5635999755859376 1.0345422439665224e-06
1.5645999755859374 6.957890703536881e-07
1.5655999755859376 7.776296115480364e-07
1.5665999755859374 2.8340086222063595e-07
1.5675999755859376 8.058417491459598e-07
1.5685999755859374 7.255176509109636e-07
1.5695999755859376 1.2452832015696914e-06
1.5705999755859374 1.4878693036735059e-06
1.5715999755859376 5.784197370909775e-07
1.5725999755859374 1.588993036421016e-06
1.5735999755859376 8.545520662058454e-07
1.5745999755859375 5.921550352165165e-07
1.5755999755859376 8.784782645913463e-07
1.5765999755859375 1.1002870208661382e-06
1.5775999755859376 3.629321296709046e-07
1.5785999755859375 2.860796666936949e-07
1.5795999755859376 2.805262010951992e-07
1.5805999755859375 4.3434419543094313e-07
1.5815999755859376 1.012499900146698e-06
1.5825999755859375 9.38589340269876e-07
1.5835999755859376 9.681696004311865e-07
1.5845999755859375 1.6197381046367808e-06
1.5855999755859376 9.791277019151796e-07
1.5865999755859375 1.055592098661388e-06
1.5875999755859376 8.443228337758531e-07
1.5885999755859375 1.0378458561414542e-06
1.5895999755859376 3.287139725216548e-07
1.5905999755859375 5.008037502799804e-07
1.5915999755859376 6.693019531667233e-07
1.5925999755859375 9.101991599891335e-07
1.5935999755859376 1.8597546538027622e-06
1.5945999755859375 1.6209330543285699e-07
1.5955999755859376 1.081206234327207e-06
1.5965999755859375 1.1683718912536278e-06
1.5975999755859376 1.7542366307073585e-06
1.5985999755859375 7.486088725272566e-07
1.5995999755859376 6.096803917898797e-07
1.6005999755859375 8.671177783980965e-07
1.6015999755859376 6.765490252291784e-07
1.6025999755859375 8.010205904914376e-07
1.6035999755859376 3.9591099872874715e-07
1.6045999755859375 6.678574694281753e-07
1.6055999755859376 5.073623591063855e-07
1.6065999755859375 6.878444643613572e-07
1.6075999755859376 2.071907996044805e-06
1.6085999755859375 4.693006337408434e-07
1.6095999755859376 1.6564932836142056e-06
1.6105999755859375 8.628106661490165e-07
1.6115999755859376 1.341848352846379e-06
1.6125999755859375 6.51362576415219e-07
1.6135999755859376 1.212365508157139e-06
1.6145999755859375 1.3479926322664446e-06
1.6155999755859376 1.4109409918698171e-06
1.6165999755859375 1.5709083042262742e-06
1.6175999755859376 1.2212733175450315e-06
1.6185999755859375 1.2825663482847936e-06
1.6195999755859376 1.5247390062237779e-06
1.6205999755859375 1.0088411242274257e-06
1.6215999755859376 7.51783445593901e-07
1.6225999755859375 1.008860247869355e-06
1.6235999755859376 1.2470234408586597e-06
1.6245999755859375 6.655951801803894e-07
1.6255999755859376 1.7006180132739246e-06
1.6265999755859375 4.2008180268264065e-07
1.6275999755859376 1.3705239204379419e-06
1.6285999755859375 1.2004423236552004e-06
1.6295999755859376 7.676958436301599e-07
1.6305999755859375 1.5649033351413285e-06
1.6315999755859374 1.3327526782328884e-06
1.6325999755859375 1.3831123942509293e-06
1.6335999755859374 1.5495996437190721e-06
1.6345999755859375 4.146099403327478e-07
1.6355999755859374 1.9105292934303482e-06
1.6365999755859375 2.114865007267023e-06
1.6375999755859374 2.3994269819619755e-06
1.6385999755859375 1.2536717501158514e-06
1.6395999755859374 1.1225994967389851e-06
1.6405999755859375 1.2959583546034992e-06
1.6415999755859374 1.3384161623738087e-06
1.6425999755859375 1.447423686234591e-06
1.6435999755859374 1.2009866622975097e-06
1.6445999755859375 6.264387654179397e-07
1.6455999755859374 1.8016620015259833e-06
1.6465999755859375 9.319476858345628e-07
1.6475999755859374 1.739624907107403e-06
1.6485999755859375 1.008385782673334e-06
1.6495999755859374 1.8643966177478433e-06
1.6505999755859375 1.5738013704928258e-06
1.6515999755859374 1.069950170252317e-06
1.6525999755859375 7.673915509561386e-07
1.6535999755859374 9.896945509050663e-07
1.6545999755859375 1.2951616614979381e-06
1.6555999755859374 1.4134473652423671e-06
1.6565999755859375 1.3390236805814006e-06
1.6575999755859374 1.8697783525567502e-06
1.6585999755859375 9.796958571920794e-07
1.6595999755859374 1.8053217596995333e-06
1.6605999755859375 3.492832959940036e-06
1.6615999755859374 9.999999939225291e-11
1.6625999755859375 1.309256016005141e-06
1.6635999755859374 1.1299286173501362e-06
1.6645999755859375 1.33514913613908e-06
1.6655999755859374 1.6373080143239349e-06
1.6665999755859375 1.4289949710170428e-06
1.6675999755859374 1.6762720285138736e-06
1.6685999755859375 1.0550973820500077e-06
1.6695999755859374 1.2549932580441236e-06
1.6705999755859375 1.3434272599018491e-06
1.6715999755859374 1.1325766293642422e-06
1.6725999755859375 8.00155309358767e-07
1.6735999755859374 3.543891264901807e-06
1.6745999755859375 2.3599336029356266e-07
1.6755999755859374 1.4442326695037386e-06
1.6765999755859375 1.1314780325240765e-06
1.6775999755859374 1.6611653457706175e-06
1.6785999755859375 2.134283034441372e-06
1.6795999755859374 8.896646371188884e-07
1.6805999755859375 1.1623251824251686e-06
1.6815999755859374 1.6495293433157106e-06
1.6825999755859375 1.6659003449603916e-06
1.6835999755859374 1.939661015057936e-06
1.6845999755859375 1.201649623302122e-06
1.6855999755859374 1.8852816720027478e-06
1.6865999755859375 2.210949993847559e-06
1.6875999755859374 1.815945579437539e-06
1.6885999755859376 1.0437407339243994e-06
1.6895999755859374 1.694082651132097e-06
1.6905999755859376 1.890541946825882e-06
1.6915999755859374 1.2406279347487726e-06
1.6925999755859376 2.1984610066283494e-06
1.6935999755859374 1.0244434815831483e-06
1.6945999755859376 1.3765186546758438e-06
1.6955999755859374 2.824857656378299e-06
1.6965999755859376 2.2974963455150526e-06
1.6975999755859374 6.177155076632819e-07
1.6985999755859376 3.0183163956583786e-06
1.6995999755859375 1.0586815915303305e-06
1.7005999755859376 1.0995436847830812e-06
1.7015999755859375 1.965916599147022e-06
1.7025999755859376 2.378153003519401e-06
1.7035999755859375 1.944269024534151e-06
1.7045999755859376 2.808657688243936e-06
1.7055999755859375 1.430656605710586e-06
1.7065999755859376 2.1063122646107028e-06
1.7075999755859375 1.6937530017457903e-06
1.7085999755859376 1.5507913485635073e-06
1.7095999755859375 1.2437264134253686e-06
1.7105999755859376 1.3620561367133633e-06
1.7115999755859375 1.2668510256238127e-06
1.7125999755859376 1.3517886448729164e-06
1.7135999755859375 1.89653166065303e-06
1.7145999755859376 2.678689294649909e-06
1.7155999755859375 1.3275860934906329e-06
1.7165999755859376 1.9641666343280424e-06
1.7175999755859375 2.4157786780657867e-06
1.7185999755859376 1.828214299166575e-06
1.7195999755859375 1.4860383816994726e-06
1.7205999755859376 1.6685773395389938e-06
1.7215999755859375 7.827862437389162e-07
1.7225999755859376 1.7216367026170096e-06
1.7235999755859375 1.1270296878744073e-06
1.7245999755859376 2.1974346115409087e-06
1.7255999755859375 1.1616126964023958e-06
1.7265999755859376 2.0396145797955494e-06
1.7275999755859375 1.4448597175942269e-06
1.7285999755859376 1.510791310768885e-06
1.7295999755859375 8.537547910236753e-07
1.7305999755859376 1.4814756771860024e-06
1.7315999755859375 2.4414113916767136e-06
1.7325999755859376 1.5684634854551405e-06
1.7335999755859375 9.999212246232975e-07
1.7345999755859376 9.670231035367276e-07
1.7355999755859375 2.0440196628139044e-06
1.7365999755859376 6.590829010140926e-07
1.7375999755859375 1.4917063526809215e-06
1.7385999755859376 2.420944607971857e-06
1.7395999755859375 1.4595967271210006e-06
1.7405999755859376 2.5100404066809763e-06
1.7415999755859375 7.34772823962615e-07
1.7425999755859376 1.935826294356957e-06
1.7435999755859375 1.9975406758021565e-06
1.7445999755859376 1.0170149471377954e-06
1.7455999755859375 5.214039811107796e-07
1.7465999755859376 1.4481317824296033e-06
1.7475999755859375 1.312149324803613e-06
1.7485999755859376 2.421751026607429e-06
1.7495999755859375 3.2204349433110715e-07
1.7505999755859376 2.8525303544787066e-06
1.7515999755859375 2.5852526596281676e-06
1.7525999755859376 7.825124096901466e-07
1.7535999755859375 7.446626204909989e-07
1.7545999755859376 1.6155557871873803e-06
1.7555999755859375 2.009839978806364e-06
1.7565999755859374 1.7118856825012093e-06
1.7575999755859375 2.6387866819277407e-06
1.7585999755859374 2.315131666061158e-06
1.7595999755859375 1.5784919135815775e-06
1.7605999755859374 1.6650824788181732e-06
1.7615999755859375 1.7796313719979175e-06
1.7625999755859374 2.177401062605592e-06
1.7635999755859375 1.5006036604366576e-06
1.7645999755859374 2.453824320885663e-06
1.7655999755859375 1.5527437790296973e-06
1.7665999755859374 2.4680329564337927e-06
1.7675999755859375 1.8320423259865493e-06
1.7685999755859374 6.865014317251432e-07
1.7695999755859375 2.0558436517603695e-06
1.7705999755859374 8.255880675278604e-07
1.7715999755859375 1.4900684376092008e-06
1.7725999755859374 1.7742863565217703e-06
1.7735999755859375 9.985550665684666e-07
1.7745999755859374 1.8152405633979165e-06
1.7755999755859375 2.0428389931718507e-06
1.7765999755859374 1.8181783040442192e-06
1.7775999755859375 2.440737686508025e-06
1.7785999755859374 1.524621062950852e-06
1.7795999755859375 1.5090016677277162e-06
1.7805999755859374 2.2129533560170483e-06
1.7815999755859375 2.3046993737807495e-06
1.7825999755859374 1.411471360673507e-06
1.7835999755859375 2.0851929730270057e-06
1.7845999755859374 1.9880089773020394e-06
1.7855999755859375 6.186783472609629e-07
1.7865999755859374 1.6386826367427907e-06
1.7875999755859375 1.7716492341908937e-06
1.7885999755859374 1.4514167802796387e-06
1.7895999755859375 2.33179162023589e-06
1.7905999755859374 1.9247756669453034e-06
1.7915999755859375 9.267897500346105e-07
1.7925999755859374 2.556669108647232e-06
1.7935999755859375 7.589455587246145e-07
1.7945999755859374 1.0891504704583592e-06
1.7955999755859375 2.231614683599522e-06
1.7965999755859374 3.007019016270836e-06
1.7975999755859375 9.140229697853404e-07
1.7985999755859374 2.6344586998069036e-06
1.7995999755859375 2.0803707108522455e-06
1.8005999755859374 1.9849540452317644e-06
1.8015999755859375 2.4298565889087815e-06
1.8025999755859374 5.47502356991932e-08
1.8035999755859375 2.2809996638291826e-06
1.8045999755859374 2.389028377365321e-06
1.8055999755859375 1.7096879795038453e-06
1.8065999755859374 1.9113916884331654e-06
1.8075999755859375 1.97215675143525e-06
1.8085999755859374 2.5644193616850923e-06
1.8095999755859375 4.0988579470043375e-06
1.8105999755859374 3.4218137175597485e-07
1.8115999755859375 1.510840666014701e-06
1.8125999755859374 3.0261186475399883e-06
1.8135999755859376 1.7204211326316e-06
1.8145999755859374 2.3898906268489856e-06
1.8155999755859376 2.415925070332984e-06
1.8165999755859374 2.078227650296564e-06
1.8175999755859376 2.091801046238591e-06
1.8185999755859374 1.9319636824851234e-06
1.8195999755859376 3.3775354192281764e-06
1.8205999755859374 2.7437536724998307e-06
1.8215999755859376 3.0992043321020903e-06
1.8225999755859374 1.4312288112705573e-06
1.8235999755859376 1.930507666353757e-06
1.8245999755859375 1.7611973453313112e-06
1.8255999755859376 3.277501770450423e-06
1.8265999755859375 2.4284570342085013e-06
1.8275999755859376 2.420984674245119e-06
1.8285999755859375 2.1178687165956942e-06
1.8295999755859376 1.7976796758982041e-06
1.8305999755859375 2.008771310405185e-06
1.8315999755859376 2.465818591493492e-06
1.8325999755859375 1.7893010226543993e-06
1.8335999755859376 1.4829577412456274e-06
1.8345999755859375 2.0520504464608772e-06
1.8355999755859376 1.9397729677924268e-06
1.8365999755859375 2.3742893245071175e-06
1.8375999755859376 1.4947998958329358e-06
1.8385999755859375 2.1595759608317166e-06
1.8395999755859376 2.6550746406428515e-06
1.8405999755859375 1.8096336862072349e-06
1.8415999755859376 2.017455359843249e-06
1.8425999755859375 2.9590370832011105e-06
1.8435999755859376 2.726604385922353e-06
1.8445999755859375 2.778453005400176e-06
1.8455999755859376 2.0816220300427326e-06
1.8465999755859375 1.9606546266004444e-06
1.8475999755859376 3.57780159295847e-06
1.8485999755859375 2.6442566498493153e-06
1.8495999755859376 2.7153726841788738e-06
1.8505999755859375 4.027360992040485e-06
1.8515999755859376 1.86617711733561e-06
1.8525999755859375 3.875375938757013e-06
1.8535999755859376 2.8339266524805377e-06
1.8545999755859375 4.220509047930439e-06
1.8555999755859376 2.83308463015904e-06
1.8565999755859375 3.7193155731074514e-06
1.8575999755859376 2.595343248685822e-06
1.8585999755859375 3.982887719757855e-06
1.8595999755859376 3.184774929347138e-06
1.8605999755859375 2.505064282255868e-06
1.8615999755859376 1.5185719530563802e-06
1.8625999755859375 3.7378699441129964e-06
1.8635999755859376 4.1779466361428305e-06
1.8645999755859375 1.695667985283459e-06
1.8655999755859376 4.06709829500566e-06
1.8665999755859375 3.2298662699759007e-06
1.8675999755859376 4.3440841060752676e-06
1.8685999755859375 5.534013034775853e-06
1.8695999755859376 4.567328336027761e-06
1.8705999755859375 3.964028922685733e-06
1.8715999755859376 2.9230939981061964e-06
1.8725999755859375 3.6803899759737153e-06
1.8735999755859376 4.059420413492869e-06
1.8745999755859375 3.295125400957962e-06
1.8755999755859376 2.9738380302054185e-06
1.8765999755859375 5.877204627419511e-06
1.8775999755859376 5.587331640223662e-06
1.8785999755859375 5.154400132596493e-06
1.8795999755859376 2.286410017404705e-06
1.8805999755859375 5.8902510985111205e-06
1.8815999755859374 5.690471346800527e-06
1.8825999755859375 7.26053568844994e-06
1.8835999755859374 4.409965379939725e-06
1.8845999755859375 5.200716647474715e-06
1.8855999755859374 5.357054178602994e-06
1.8865999755859375 7.508997223339975e-06
1.8875999755859374 6.12956607559075e-06
1.8885999755859375 6.693761291292807e-06
1.8895999755859374 5.3808803204447035e-06
1.8905999755859375 6.362035831746956e-06
1.8915999755859374 9.721015812829137e-06
1.8925999755859375 5.728856582815448e-06
1.8935999755859374 7.710230614369114e-06
1.8945999755859375 7.702446115824083e-06
1.8955999755859374 1.0861439902024965e-05
1.8965999755859375 8.393409079872072e-06
1.8975999755859374 1.1601636651903391e-05
1.8985999755859375 1.250578633820017e-05
1.8995999755859374 1.0009709318789343e-05
1.9005999755859375 1.3751656515523792e-05
1.9015999755859374 1.4414159813895822e-05
1.9025999755859375 1.5391859924420715e-05
1.9035999755859374 1.8751936343808967e-05
1.9045999755859375 1.7266803188249468e-05
1.9055999755859374 1.94345162405322e-05
1.9065999755859375 1.8788599797214073e-05
1.9075999755859374 2.2166247169176735e-05
1.9085999755859375 2.489209951212009e-05
1.9095999755859374 2.6387576945126056e-05
1.9105999755859375 3.074053286885222e-05
1.9115999755859374 3.0959873305012784e-05
1.9125999755859375 3.0634112966557344e-05
1.9135999755859374 3.849212390681108e-05
1.9145999755859375 4.049639372775952e-05
1.9155999755859374 4.401342865700524e-05
1.9165999755859375 5.143808200955391e-05
1.9175999755859374 5.709354920933644e-05
1.9185999755859375 6.363884390642245e-05
1.9195999755859374 7.032965465138356e-05
1.9205999755859375 7.622817376007636e-05
1.9215999755859374 8.197794513156018e-05
1.9225999755859375 9.536757754782835e-05
1.9235999755859374 0.00010304633217553297
1.9245999755859375 0.00011639985566337904
1.9255999755859374 0.00013011490305264793
1.9265999755859375 0.0001458715337018172
1.9275999755859374 0.0001589773005495469
1.9285999755859375 0.00017673333485921223
1.9295999755859374 0.00021194076786438626
1.9305999755859375 0.00022682183732589085
1.9315999755859374 0.00025224090243379277
1.9325999755859375 0.00028237246597806616
1.9335999755859374 0.0003212634660303593
1.9345999755859375 0.00037303609773516657
1.9355999755859374 0.00040870040655136106
1.9365999755859375 0.0004590183744827906
1.9375999755859374 0.0005191604668895403
1.9385999755859376 0.0005831902349988619
1.9395999755859374 0.0006540305788318316
1.9405999755859376 0.0007450603072841962
1.9415999755859374 0.0008662141114473342
1.9425999755859376 0.0009483815481265385
1.9435999755859374 0.0010939985016981762
1.9445999755859376 0.001230462168653806
1.9455999755859374 0.0014008250087499618
1.9465999755859376 0.0015648883084456125
1.9475999755859374 0.001855536699295044
1.9485999755859376 0.0020772000153859455
1.9495999755859375 0.002305700679620107
1.9505999755859376 0.0026520583033561706
1.9515999755859375 0.003038526972134908
1.9525999755859376 0.003465627332528432
1.9535999755859375 0.003960715631643932
1.9545999755859376 0.0044940045475959775
1.9555999755859375 0.005264691710472107
1.9565999755859376 0.005961430668830872
1.9575999755859375 0.006788336634635925
1.9585999755859376 0.007988121310869851
1.9595999755859375 0.008999179601669311
1.9605999755859376 0.010578561623891194
1.9615999755859375 0.012018882234891256
1.9625999755859376 0.013638883431752522
1.9635999755859375 0.016212519804636637
1.9645999755859376 0.018625436226526897
1.9655999755859375 0.021705369551976522
1.9665999755859376 0.025078266461690268
1.9675999755859375 0.02932332674662272
1.9685999755859376 0.032705536683400475
1.9695999755859375 0.03827511628468831
1.9705999755859376 0.04715670108795166
1.9715999755859375 0.0532789134979248
1.9725999755859376 0.060512447357177736
1.9735999755859375 0.06763133684794108
1.9745999755859376 0.07805003643035889
1.9755999755859375 0.08476471741994222
1.9765999755859376 0.09453144709269205
1.9775999755859375 0.10715144475301107
1.9785999755859376 0.11738940556844076
1.9795999755859375 0.13533886591593425
1.9805999755859376 0.14882696787516275
1.9815999755859375 0.16682546933492023
1.9825999755859376 0.18475226720174154
1.9835999755859375 0.20725486755371095
1.9845999755859376 0.2332875633239746
1.9855999755859375 0.2570699628194173
1.9865999755859376 0.3013278388977051
1.9875999755859375 0.34242706934611
1.9885999755859376 0.3871677017211914
1.9895999755859375 0.4506566619873047
1.9905999755859376 0.487897097269694
1.9915999755859375 0.5512678019205729
1.9925999755859376 0.6017980829874674
1.9935999755859375 0.6547548421223958
1.9945999755859376 0.7054559580485027
1.9955999755859375 0.7580951436360677
1.9965999755859376 0.8008316548665364
1.9975999755859375 0.8301108042399089
1.9985999755859376 0.8438944244384765
1.9995999755859375 0.8772134399414062
2.0005999755859376 0.8992788950602214
2.0015999755859375 0.9249427541097005
2.0025999755859374 0.9314410909016927
2.0035999755859377 0.9281925201416016
2.0045999755859376 0.9337295532226563
2.0055999755859375 0.9722899881998699
2.0065999755859374 0.9630146026611328
2.0075999755859373 0.9581909942626953
2.0085999755859376 0.9635446421305339
2.0095999755859375 0.972291488647461
2.0105999755859374 0.9564039103190105
2.0115999755859373 0.9678800455729167
2.0125999755859376 0.9620234425862629
2.0135999755859375 0.980492935180664
2.0145999755859374 0.9723055013020833
2.0155999755859373 0.9587950388590495
2.0165999755859376 0.9767328135172526
2.0175999755859375 0.9588448842366536
2.0185999755859374 0.9585047403971355
2.0195999755859373 0.9626649475097656
2.0205999755859376 0.9622810872395833
2.0215999755859375 0.9623929087320964
2.0225999755859374 0.9582337188720703
2.0235999755859373 0.9653200022379558
2.0245999755859376 0.9571151224772136
2.0255999755859375 0.9711329396565754
2.0265999755859374 0.9579574076334636
2.0275999755859373 0.9677163441975911
2.0285999755859376 0.9568569437662761
2.0295999755859375 0.9660295104980469
2.0305999755859374 0.9605572001139323
2.0315999755859373 0.9489731343587239
2.0325999755859376 0.9684000651041668
2.0335999755859375 0.9662127685546875
2.0345999755859374 0.9586378733317058
2.0355999755859373 0.9484954579671223
2.0365999755859376 0.9805212148030599
2.0375999755859375 0.9580418395996094
2.0385999755859374 0.970124994913737
2.0395999755859373 0.9614351399739582
2.0405999755859376 0.9427777353922526
2.0415999755859375 0.9579835255940755
2.0425999755859374 0.9527816009521485
2.0435999755859373 0.9547242736816406
2.0445999755859376 0.9555751291910808
2.0455999755859375 0.9577080281575521
2.0465999755859374 0.9521675109863281
2.0475999755859373 0.961934814453125
2.04860009765625 0.9329016367594402
2.04960009765625 0.9302504730224609
2.05060009765625 0.9753006235758463
2.05160009765625 0.946231689453125
2.05260009765625 0.9558789571126302
2.05360009765625 0.9513436635335286
2.05460009765625 0.9471556854248047
2.05560009765625 0.9535438283284505
2.05660009765625 0.943203633626302
2.05760009765625 0.9534505462646484
2.05860009765625 0.9517855834960938
2.05960009765625 0.941011708577474
2.06060009765625 0.9689817810058594
2.06160009765625 0.958869120279948
2.06260009765625 0.9706982930501301
2.06360009765625 0.9397788238525391
2.06460009765625 0.9475995127360026
2.06560009765625 0.9691307067871093
2.06660009765625 0.9489188639322917
2.06760009765625 0.9565521240234375
2.06860009765625 0.9804663340250651
2.06960009765625 0.9779860432942707
2.07060009765625 0.9632419586181641
2.07160009765625 0.9662350718180339
2.07260009765625 0.9680756886800129
2.07360009765625 0.9615784454345703
2.07460009765625 0.9604430898030598
2.07560009765625 0.9765167490641277
2.07660009765625 0.9688370259602864
2.07760009765625 0.9717951202392578
2.07860009765625 0.9691536204020182
2.07960009765625 0.970508804321289
2.08060009765625 0.9554504648844402
2.08160009765625 0.974852778116862
2.08260009765625 0.973086446126302
2.08360009765625 0.9714426676432292
2.08460009765625 0.9657860819498698
2.08560009765625 0.9649302673339843
2.08660009765625 0.9708434041341145
2.08760009765625 0.9586052958170573
2.08860009765625 0.9835328420003254
2.08960009765625 0.9690310414632161
2.09060009765625 0.9671172587076824
2.09160009765625 0.957742182413737
2.09260009765625 0.9706116485595703
2.09360009765625 0.9508321380615234
2.09460009765625 0.9891300710042317
2.09560009765625 0.9534948984781901
2.09660009765625 0.9673082987467448
2.09760009765625 0.9488329823811849
2.09860009765625 0.9592212168375651
2.09960009765625 0.9657829284667969
2.10060009765625 0.9705215708414714
2.10160009765625 0.9406366729736328
2.10260009765625 0.9640160369873046
2.10360009765625 0.9622544606526692
2.10460009765625 0.951322758992513
2.10560009765625 0.9392985280354818
2.10660009765625 0.9560550689697266
2.10760009765625 0.922621358235677
2.10860009765625 0.9958446756998698
2.10960009765625 0.9510378265380859
2.11060009765625 0.9381549072265625
2.11160009765625 0.9464788564046224
2.11260009765625 0.9542062123616536
2.11360009765625 0.9449603525797526
2.11460009765625 0.9447617085774739
2.11560009765625 0.9511185963948567
2.11660009765625 0.9409275817871093
2.11760009765625 0.9419575246175129
2.11860009765625 0.9509131113688152
2.11960009765625 0.9508632151285807
2.12060009765625 0.9486134338378907
2.12160009765625 0.9519248962402344
2.12260009765625 0.9373200225830078
2.12360009765625 0.939089101155599
2.12460009765625 0.9353988138834636
2.12560009765625 0.9555109151204426
2.12660009765625 0.9510237630208332
2.12760009765625 0.9374892679850261
2.12860009765625 0.9672764587402344
2.12960009765625 0.9414048512776693
2.13060009765625 0.9499500020345052
2.13160009765625 0.9507800801595052
2.13260009765625 0.9393564351399739
2.13360009765625 0.9595922088623047
2.13460009765625 0.9431775156656902
2.13560009765625 0.9561994679768879
2.13660009765625 0.9409055582682292
2.13760009765625 0.9552909851074218
2.13860009765625 0.9413807423909505
2.13960009765625 0.9503440856933594
2.14060009765625 0.9457173411051433
2.14160009765625 0.9447577921549479
2.14260009765625 0.941993916829427
2.14360009765625 0.9453832244873047
2.14460009765625 0.9337493133544922
2.14560009765625 0.9526283009847005
2.14660009765625 0.9473284912109375
2.14760009765625 0.9439678955078125
2.14860009765625 0.9381676483154296
2.14960009765625 0.9429803975423177
2.15060009765625 0.9353915659586589
2.15160009765625 0.9341207122802735
2.15260009765625 0.9397977956136068
2.15360009765625 0.9401529439290364
2.15460009765625 0.9372049967447917
2.15560009765625 0.9383836110432943
2.15660009765625 0.950315653483073
2.15760009765625 0.9196934763590495
2.15860009765625 0.9384826151529948
2.15960009765625 0.9293539174397786
2.16060009765625 0.9359690093994141
2.16160009765625 0.9376229095458984
2.16260009765625 0.9397890472412109
2.16360009765625 0.9316560363769532
2.16460009765625 0.9055849711100261
2.16560009765625 0.9384295908610026
2.16660009765625 0.9165871683756511
2.16760009765625 0.9479500834147135
2.16860009765625 0.9142494710286457
2.16960009765625 0.9335279337565104
2.17060009765625 0.9194644165039062
2.17160009765625 0.9159905751546223
2.17260009765625 0.9373145548502605
2.17360009765625 0.9035054270426432
2.17460009765625 0.912110112508138
2.17560009765625 0.9397991943359375
2.17660009765625 0.9221062723795573
2.17760009765625 0.9294689178466797
2.17860009765625 0.9076702372233073
2.17960009765625 0.9244676717122395
2.18060009765625 0.9193520100911458
2.18160009765625 0.9222161865234375
2.18260009765625 0.9222531127929687
2.18360009765625 0.92822021484375
2.18460009765625 0.8967554982503255
2.18560009765625 0.9208835601806641
2.18660009765625 0.8969081624348958
2.18760009765625 0.8961660766601562
2.18860009765625 0.8953420511881511
2.18960009765625 0.8882273610432943
2.19060009765625 0.8685262298583984
2.19160009765625 0.8481561024983724
2.19260009765625 0.833811772664388
2.19360009765625 0.8000286356608073
2.19460009765625 0.7729336039225261
2.19560009765625 0.7344785817464192
2.19660009765625 0.6984861882527669
2.19760009765625 0.6565393956502278
2.19860009765625 0.6094501622517904
2.19960009765625 0.5684686533610026
2.20060009765625 0.5175512568155924
2.20160009765625 0.4964006042480469
2.20260009765625 0.45513240814208983
2.20360009765625 0.4208981068929037
2.20460009765625 0.3934953053792318
2.20560009765625 0.36512851079305014
2.20660009765625 0.3436950365702311
2.20760009765625 0.315008970896403
2.20860009765625 0.2892520014444987
2.20960009765625 0.26226149876912436
2.21060009765625 0.23998863220214844
2.21160009765625 0.2147117741902669
2.21260009765625 0.1906093692779541
2.21360009765625 0.1742060311635335
2.21460009765625 0.1559005355834961
2.21560009765625 0.1380484199523926
2.21660009765625 0.12056568463643393
2.21760009765625 0.10354877471923828
2.21860009765625 0.09253897507985434
2.21960009765625 0.07916490077972411
2.22060009765625 0.07054378827412923
2.22160009765625 0.06022778669993083
2.22260009765625 0.05150195995966594
2.22360009765625 0.04460877656936645
2.22460009765625 0.03894678990046183
2.22560009765625 0.03344694058100382
2.22660009765625 0.02904815713564555
2.22760009765625 0.024774316946665445
2.22860009765625 0.022258416414260865
2.22960009765625 0.01900474985440572
2.23060009765625 0.016582326889038088
2.23160009765625 0.014435255328814189
2.23260009765625 0.012497204939524333
2.23360009765625 0.010938110947608947
2.23460009765625 0.009575525124867758
2.23560009765625 0.008282432158788046
2.23660009765625 0.0072466645638147986
2.23760009765625 0.006399583220481873
2.23860009765625 0.005596160491307577
2.23960009765625 0.00488729327917099
2.24060009765625 0.004342489937941233
2.24160009765625 0.0037041860818862915
2.24260009765625 0.0033788395921389262
2.24360009765625 0.0029385822514692945
2.24460009765625 0.002628432015577952
2.24560009765625 0.002288671334584554
2.24660009765625 0.0020236476759115853
2.24760009765625 0.0017902396619319915
2.24860009765625 0.0015801963210105895
2.24960009765625 0.0014156716565291085
2.25060009765625 0.0012505262593428294
2.25160009765625 0.0011012674868106842
2.25260009765625 0.0009985661506652832
2.25360009765625 0.0008798971275488536
2.25460009765625 0.0007901635020971298
2.25560009765625 0.0006866011147697766
2.25660009765625 0.0006202753384908041
2.25760009765625 0.0005724431325991948
2.25860009765625 0.0005160796021421751
2.25960009765625 0.0004536336660385132
2.26060009765625 0.0004002317910393079
2.26160009765625 0.0003645613106588522
2.26260009765625 0.0003250403640170892
2.26360009765625 0.0002986071010430654
2.26460009765625 0.0002722247006992499
2.26560009765625 0.00026164026310046513
2.26660009765625 0.00019729312819739183
2.26760009765625 0.000187197532504797
2.26860009765625 0.00018670903829236824
2.26960009765625 0.00016353449784219264
2.27060009765625 0.000149498429770271
2.27160009765625 0.00014759636484086515
2.27260009765625 0.0001249362869809071
2.27360009765625 0.00010741587107380232
2.27460009765625 0.00010377303697168827
2.27560009765625 9.809354320168495e-05
2.27660009765625 9.242040881266197e-05
2.27760009765625 8.515076556553444e-05
2.27860009765625 8.025124669075012e-05
2.27960009765625 7.198287639766931e-05
2.28060009765625 7.360588293522596e-05
2.28160009765625 6.202983669936657e-05
2.28260009765625 6.060653055707614e-05
2.28360009765625 5.472446170945962e-05
2.28460009765625 4.863897028068702e-05
2.28560009765625 4.6233939938247206e-05
2.28660009765625 4.6965943183749915e-05
2.28760009765625 4.371090016017358e-05
2.28860009765625 4.386367353921135e-05
2.28960009765625 3.7300243663291135e-05
2.29060009765625 3.630190932502349e-05
2.29160009765625 3.694946567217509e-05
2.29260009765625 3.776793989042441e-05
2.29360009765625 3.347337323551377e-05
2.29460009765625 3.20034334436059e-05
2.29560009765625 2.7848839915047088e-05
2.29660009765625 2.9666693105051912e-05
2.29760009765625 2.6765030343085526e-05
2.29860009765625 2.6517827063798904e-05
2.29960009765625 2.8089513070881365e-05
2.30060009765625 2.1301623977099856e-05
2.30160009765625 2.4026463894794384e-05
2.30260009765625 2.280852058902383e-05
2.30360009765625 2.6400956946114697e-05
2.30460009765625 1.9774253014475108e-05
2.30560009765625 1.9962379786496363e-05
2.30660009765625 1.7932906824474534e-05
2.30760009765625 1.426269649527967e-05
2.30860009765625 1.9474786628658574e-05
2.30960009765625 1.6637939649323625e-05
2.31060009765625 1.5743046533316373e-05
2.31160009765625 1.2928633174548547e-05
2.31260009765625 1.711225331140061e-05
2.31360009765625 1.565904705785215e-05
2.31460009765625 1.4516156710063416e-05
2.31560009765625 1.4340702909976244e-05
2.31660009765625 1.3756000359232228e-05
2.31760009765625 1.0559058282524347e-05
2.31860009765625 1.0713098454289139e-05
2.31960009765625 1.159433003825446e-05
2.32060009765625 1.1522806404779355e-05
2.32160009765625 9.043388223896423e-06
2.32260009765625 1.3281336675087612e-05
2.32360009765625 1.0044356652845938e-05
2.32460009765625 8.614675025455653e-06
2.32560009765625 9.191017209862669e-06
2.32660009765625 7.77542513484756e-06
2.32760009765625 7.284406650190552e-06
2.32860009765625 7.611251397368809e-06
2.32960009765625 7.999741937965154e-06
2.33060009765625 6.141823056774834e-06
2.33160009765625 9.022404556162656e-06
2.33260009765625 7.215832398893932e-06
2.33360009765625 7.619115252358218e-06
2.33460009765625 5.444977626514932e-06
2.33560009765625 6.808461621403694e-06
2.33660009765625 3.786215966101736e-06
2.33760009765625 6.8521996339162195e-06
2.33860009765625 6.741965577627221e-06
2.33960009765625 6.209508283063769e-06
2.34060009765625 6.567040109075606e-06
2.34160009765625 5.427955184131861e-06
2.34260009765625 4.441256363255282e-06
2.34360009765625 5.835981379883985e-06
2.34460009765625 6.743940951613089e-06
2.34560009765625 5.2024907199665904e-06
2.34660009765625 5.356507608667016e-06
2.34760009765625 5.061411357019096e-06
2.34860009765625 5.010478295541058e-06
2.34960009765625 3.3297453774139283e-06
2.35060009765625 6.980405305512249e-06
2.35160009765625 5.217585615658512e-06
2.35260009765625 3.713718324434012e-06
2.35360009765625 4.619123064912855e-06
2.35460009765625 4.3417414417490365e-06
2.35560009765625 5.161882824419687e-06
2.35660009765625 4.689093426956485e-06
2.35760009765625 3.041056722092132e-06
2.35860009765625 2.9280133700619145e-06
2.35960009765625 3.833272009311865e-06
2.36060009765625 4.178201682710399e-06
2.36160009765625 3.7987106285678845e-06
2.36260009765625 5.160980605675528e-06
2.36360009765625 5.2813915923858675e-06
2.36460009765625 4.146037778506677e-06
2.36560009765625 3.335198077062766e-06
2.36660009765625 4.201160724430034e-06
2.36760009765625 8.178064793658754e-06
2.36860009765625 1.4539868425345048e-06
2.36960009765625 3.7500222485202056e-06
2.37060009765625 5.3949077846482395e-06
2.37160009765625 4.3278873393622536e-06
2.37260009765625 9.28775795424978e-06
2.37360009765625 2.737668983172625e-06
2.37460009765625 4.3911902078737815e-06
2.37560009765625 5.811322674465676e-06
2.37660009765625 2.768280343540634e-06
2.37760009765625 3.693003673106432e-06
2.37860009765625 5.558068320776025e-06
2.37960009765625 5.191194262200346e-06
2.38060009765625 5.78680521963785e-06
2.38160009765625 5.214789416640997e-06
2.38260009765625 4.7434780087011555e-06
2.38360009765625 3.983420028816908e-06
2.38460009765625 2.683972076435263e-06
2.38560009765625 6.078975275158882e-06
2.38660009765625 3.03303066175431e-06
2.38760009765625 6.097940010173867e-06
2.38860009765625 5.977514277522763e-06
2.38960009765625 7.176450065647563e-06
2.39060009765625 6.520046251049886e-06
2.39160009765625 3.871278992543618e-06
2.39260009765625 5.959346696423987e-06
2.39360009765625 2.986546411799888e-06
2.39460009765625 3.8237866829149424e-06
2.39560009765625 6.169099263691654e-06
2.39660009765625 5.319609578388432e-06
2.39760009765625 2.820238805725239e-06
2.39860009765625 7.551992894150317e-06
2.39960009765625 1.2685466788031619e-06
2.40060009765625 5.609056970570237e-06
2.40160009765625 4.146845797852923e-06
2.40260009765625 3.92732637313505e-06
2.40360009765625 3.130232895879696e-06
2.40460009765625 3.4291802633864183e-06
2.40560009765625 1.6526970042226217e-06
2.40660009765625 6.479260337073356e-06
2.40760009765625 1.0216384907835162e-06
2.40860009765625 5.361099417010943e-06
2.40960009765625 6.82148946604381e-06
2.41060009765625 2.399997028987855e-06
2.41160009765625 5.9778390762706605e-06
2.41260009765625 3.2109629925495637e-06
2.41360009765625 6.541654389972488e-06
2.41460009765625 2.840077698541184e-06
2.41560009765625 6.222645364080866e-06
2.41660009765625 1.3474120445492823e-06
2.41760009765625 9.466284536756575e-06
2.41860009765625 1.0416331933811307e-05
2.41960009765625 9.999999939225291e-11
2.42060009765625 7.42784352041781e-06
2.42160009765625 5.6762153205151354e-06
2.42260009765625 9.456322295591235e-06
2.42360009765625 5.460816896096788e-07
2.42460009765625 6.480225323078533e-06
2.42560009765625 4.596430032203595e-06
2.42660009765625 3.2987419156900917e-06
2.42760009765625 2.55466737144161e-06
2.42860009765625 2.438490846543573e-06
2.42960009765625 5.355640799583247e-06
2.43060009765625 9.432676015421749e-06
2.43160009765625 6.6556680637101325e-06
2.43260009765625 1.799267362609195e-06
2.43360009765625 6.048909563105554e-06
2.43460009765625 8.298834436573089e-06
2.43560009765625 3.291424363851547e-06
2.43660009765625 2.8568612712357817e-06
2.43760009765625 2.351567333486552e-06
2.43860009765625 5.713779537472874e-06
2.43960009765625 5.233291400751719e-06
2.44060009765625 7.332284585572779e-06
2.44160009765625 9.983069418619078e-06
2.44260009765625 3.8388057146221395e-06
2.44360009765625 2.663804344035607e-06
2.44460009765625 4.1688726196298375e-06
2.44560009765625 3.1769827277342937e-06
2.44660009765625 3.602202680970852e-06
2.44760009765625 4.6326343821305e-06
2.44860009765625 1.0746283611903588e-05
2.44960009765625 3.4432634129188956e-06
2.45060009765625 3.873759317987909e-06
2.45160009765625 1.5056469710543751e-05
2.45260009765625 4.28521908664455e-06
2.45360009765625 6.8909123850365485e-06
2.45460009765625 9.072893299162388e-06
2.45560009765625 6.766502046957612e-06
2.45660009765625 9.156416829985877e-06
2.45760009765625 2.523895333676289e-06
2.45860009765625 1.0966164409182965e-05
2.45960009765625 7.577028785211345e-06
2.46060009765625 1.2285613532488543e-05
2.46160009765625 2.850405265538332e-06
2.46260009765625 3.34971181776685e-06
2.46360009765625 8.098554390016944e-06
2.46460009765625 4.6160330142204954e-06
2.46560009765625 4.333849598576005e-06
2.46660009765625 8.624795785484215e-06
2.46760009765625 9.312440330783525e-06
2.46860009765625 1.416031310024361e-05
2.46960009765625 4.6817403441915915e-06
2.47060009765625 5.5848445238855985e-06
2.47160009765625 9.30830545257777e-06
2.47260009765625 5.674876156263054e-06
2.47360009765625 1.3513386559983094e-05
2.47460009765625 5.1432279481862984e-06
2.47560009765625 1.6162556518490117e-05
2.47660009765625 2.573364336664478e-05
2.47760009765625 9.999999939225291e-11
2.47860009765625 1.0680258662129443e-05
2.47960009765625 1.6513110216086108e-05
2.48060009765625 1.9128863105658905e-07
2.48160009765625 1.4544523243481915e-05
2.48260009765625 1.4162676719327767e-05
2.48360009765625 1.2396427531105776e-05
2.48460009765625 1.2579829975341756e-05
2.48560009765625 6.703614296081165e-06
2.48660009765625 7.323052947564671e-06
2.48760009765625 1.781375613063574e-05
2.48860009765625 1.6508569630483785e-05
2.48960009765625 1.9783813428754607e-05
2.49060009765625 9.999999939225291e-11
2.49160009765625 1.5923843020573257e-05
2.49260009765625 7.094154328418275e-06
2.49360009765625 7.154538664811602e-06
2.49460009765625 7.842242096861203e-06
2.49560009765625 1.53467165849482e-05
2.49660009765625 1.7339453333988785e-05
2.49760009765625 1.2728399985159437e-05
2.49860009765625 3.321757986111488e-06
2.49960009765625 1.6731977035912376e-05
2.50060009765625 1.2069443522098784e-05
2.50160009765625 4.061741016861594e-06
2.50260009765625 1.7695123484979074e-05
2.50360009765625 9.36872228824844e-06
2.50460009765625 8.048142287104079e-06
2.50560009765625 7.870528982797016e-06
2.50660009765625 9.77087363075076e-07
2.50760009765625 1.7991459850842756e-05
2.50860009765625 3.3595699346200548e-06
2.50960009765625 1.145894677999119e-05
2.51060009765625 1.6396076728900272e-05
2.51160009765625 6.988271682833632e-06
2.51260009765625 5.78179162403103e-06
2.51360009765625 7.803453869807223e-06
2.51460009765625 2.585400672008594e-05
2.51560009765625 1.685643995491167e-05
2.51660009765625 2.168592376013597e-05
2.51760009765625 2.942132375513514e-05
2.51860009765625 8.90805987485995e-06
2.51960009765625 1.623387758930524e-05
2.52060009765625 1.4358100015670061e-05
2.52160009765625 1.7626389938717085e-05
2.52260009765625 9.011268363489458e-06
2.52360009765625 2.684190326059858e-05
2.52460009765625 9.999999939225291e-11
2.52560009765625 1.7995599967737993e-05
2.52660009765625 4.007703634367014e-06
2.52760009765625 2.331056670906643e-05
2.52860009765625 2.4225023419906696e-05
2.52960009765625 2.12800846202299e-05
2.53060009765625 2.0372521636697152e-05
2.53160009765625 8.515387356358891e-06
2.53260009765625 1.9265433462957543e-05
2.53360009765625 1.3813148058640462e-05
2.53460009765625 2.5555099515865246e-05
2.53560009765625 2.5111460126936434e-05
2.53660009765625 1.0431536235652554e-05
2.53760009765625 7.34706356863235e-06
2.53860009765625 3.16914163219432e-05
2.53960009765625 1.2350970646366477e-05
2.54060009765625 9.269546678346193e-06
2.54160009765625 2.767413000886639e-05
2.54260009765625 1.940721645951271e-05
2.54360009765625 1.3995166322159727e-06
2.54460009765625 1.6908762239230174e-05
2.54560009765625 8.76506615895778e-06
2.54660009765625 1.762758319576581e-05
2.54760009765625 2.7564430298904576e-05
2.54860009765625 2.446925655628244e-05
2.54960009765625 4.2656763301541405e-05
2.55060009765625 2.1307733453189335e-05
2.55160009765625 2.9682803816359167e-06
2.55260009765625 2.5131949999680122e-05
2.55360009765625 2.4374579855551325e-05
2.55460009765625 3.271458282445868e-05
2.55560009765625 1.3755060111482938e-05
2.55660009765625 4.044125011811654e-05
2.55760009765625 3.959334300210078e-05
2.55860009765625 1.9757850095629694e-05
2.55960009765625 4.492136339346568e-05
2.56060009765625 2.388867006326715e-05
2.56160009765625 8.035325290014348e-05
2.56260009765625 4.658767953515053e-05
2.56360009765625 9.566216710178802e-06
2.56460009765625 4.619013983756304e-05
2.56560009765625 5.0507924364258845e-05
2.56660009765625 2.0148735845092837e-05
2.56760009765625 5.0801880812893316e-05
2.56860009765625 4.170303310578068e-05
2.56960009765625 4.2810351587831973e-05
2.57060009765625 4.377783664191763e-05
2.57160009765625 3.657267428934574e-05
2.57260009765625 3.353959647938609e-05
2.57360009765625 4.178005425880353e-05
2.57460009765625 1.4835880137979985e-05
2.57560009765625 3.742287711550792e-05
2.57660009765625 2.9652162920683624e-05
2.57760009765625 5.8775537181645634e-05
2.57860009765625 1.673543061770033e-05
2.57960009765625 5.9340573692073425e-05
2.58060009765625 5.3245817155887684e-05
2.58160009765625 8.608222318192323e-06
2.58260009765625 5.377333067978422e-05
2.58360009765625 3.486786580954989e-05
2.58460009765625 5.677319675063093e-05
2.58560009765625 2.83893469410638e-05
2.58660009765625 5.3560022497549656e-05
2.58760009765625 3.81565901140372e-05
2.58860009765625 0.00010994361403087774
2.58960009765625 3.93546234893923e-05
2.59060009765625 3.735346948547343e-05
2.59160009765625 7.218676075960199e-05
2.59260009765625 4.0696420862029e-05
2.59360009765625 2.556966617703438e-05
2.59460009765625 2.24468814364324e-05
2.59560009765625 6.077369286989172e-05
2.59660009765625 7.237590849399566e-05
2.59760009765625 6.232082999000947e-05
2.59860009765625 5.0076943977425497e-05
2.59960009765625 7.748522950957219e-05
2.60060009765625 2.8201484274177345e-05
