microns transmission
0.3963999938964844 8.901564702531081e-08
0.3973999938964844 9.999999939225291e-11
0.3983999938964844 9.999999939225291e-11
0.3993999938964844 6.992580665610149e-08
0.4003999938964844 9.999999939225291e-11
0.4013999938964844 4.00366001862551e-08
0.4023999938964844 3.955676593984474e-08
0.4033999938964844 1.2843415599187818e-08
0.4043999938964844 9.999999939225291e-11
0.4053999938964844 1.2714907825284173e-07
0.4063999938964844 5.373643408172295e-08
0.4073999938964844 9.999999939225291e-11
0.40839999389648435 9.999999939225291e-11
0.40939999389648435 9.999999939225291e-11
0.41039999389648435 9.999999939225291e-11
0.41139999389648435 9.999999939225291e-11
0.41239999389648435 9.999999939225291e-11
0.41339999389648435 8.124722929399772e-08
0.41439999389648435 4.447226647978179e-08
0.41539999389648435 9.999999939225291e-11
0.41639999389648436 9.999999939225291e-11
0.41739999389648436 9.331663361145104e-08
0.41839999389648436 8.940173488921251e-08
0.41939999389648436 1.657346001593396e-07
0.42039999389648436 1.3775860108644622e-07
0.42139999389648436 5.1960954200088356e-08
0.42239999389648436 6.355869794916202e-08
0.42339999389648436 4.664031656590832e-08
0.42439999389648436 5.091066400749374e-08
0.42539999389648436 8.20261493572616e-08
0.42639999389648436 9.999999939225291e-11
0.42739999389648436 2.1959823546543096e-07
0.42839999389648437 6.938151459875048e-08
0.42939999389648437 1.966135284211153e-10
0.43039999389648437 2.432611987993975e-07
0.43139999389648437 2.1425896494046504e-09
0.43239999389648437 9.999999939225291e-11
0.43339999389648437 5.6219262178913707e-08
0.43439999389648437 3.7470033070382176e-08
0.43539999389648437 1.4284776928737604e-07
0.4363999938964844 9.737358595884871e-08
0.4373999938964844 1.1567993472757128e-07
0.4383999938964844 1.5893266004004164e-08
0.4393999938964844 1.1568303405577277e-08
0.4403999938964844 1.7004087264164508e-07
0.4413999938964844 3.369253206505126e-08
0.4423999938964844 9.999999939225291e-11
0.4433999938964844 5.202410683284124e-08
0.4443999938964844 1.6243943147919993e-07
0.4453999938964844 1.6937189532958047e-07
0.4463999938964844 1.266085837414721e-07
0.4473999938964844 2.8282411926502012e-08
0.4483999938964844 5.937583975601513e-08
0.4493999938964844 3.2279829103032396e-08
0.4503999938964844 4.9941867571826985e-08
0.4513999938964844 4.495293442966878e-08
0.4523999938964844 7.036109041476853e-08
0.4533999938964844 2.240649610030232e-07
0.4543999938964844 2.5906896651643286e-08
0.4553999938964844 4.7011034185473475e-08
0.4563999938964844 1.5459013411600608e-07
0.4573999938964844 7.707265467615798e-08
0.4583999938964844 9.530354115364994e-08
0.4593999938964844 8.290836714941462e-08
0.4603999938964844 9.063556146493567e-08
0.4613999938964844 9.999999939225291e-11
0.4623999938964844 9.999999939225291e-11
0.4633999938964844 1.3955952984664085e-07
0.4643999938964844 1.5299100025067958e-07
0.4653999938964844 1.0745815643531386e-07
0.4663999938964844 8.437331492435382e-08
0.4673999938964844 8.257198411835512e-08
0.4683999938964844 1.5905787828766433e-07
0.4693999938964844 3.6044467075650266e-07
0.47039999389648435 9.999999939225291e-11
0.47139999389648435 3.631576681743335e-08
0.47239999389648435 2.037674979267952e-07
0.47339999389648435 3.594821727107937e-08
0.47439999389648435 9.999999939225291e-11
0.47539999389648435 2.1037853000412573e-09
0.47639999389648435 4.903055201251523e-08
0.47739999389648435 6.784959203957423e-08
0.47839999389648435 2.820990084491844e-09
0.47939999389648436 5.973849884692111e-08
0.48039999389648436 4.654130023003707e-08
0.48139999389648436 1.8754535415036836e-08
0.48239999389648436 9.999999939225291e-11
0.48339999389648436 6.911510149384034e-09
0.48439999389648436 6.31031893020643e-08
0.48539999389648436 3.371416591235743e-08
0.48639999389648436 9.999999939225291e-11
0.48739999389648436 9.999999939225291e-11
0.48839999389648436 9.999999939225291e-11
0.48939999389648436 9.999999939225291e-11
0.49039999389648437 7.590297814571063e-08
0.49139999389648437 9.999999939225291e-11
0.49239999389648437 9.999999939225291e-11
0.49339999389648437 9.999999939225291e-11
0.49439999389648437 3.1599529999463507e-07
0.49539999389648437 5.648323541033544e-08
0.49639999389648437 2.9455262945769314e-08
0.49739999389648437 2.2687606663870003e-07
0.4983999938964844 9.999999939225291e-11
0.4993999938964844 2.924537582179217e-08
0.5003999938964844 9.999999939225291e-11
0.5013999938964844 9.999999939225291e-11
0.5023999938964844 1.3483594137812342e-07
0.5033999938964844 9.999999939225291e-11
0.5043999938964844 3.828826639444098e-08
0.5053999938964844 7.201676854862171e-09
0.5063999938964844 9.999999939225291e-11
0.5073999938964844 2.642611078111183e-09
0.5083999938964844 9.999999939225291e-11
0.5093999938964844 3.997278175423465e-08
0.5103999938964844 9.999999939225291e-11
0.5113999938964844 8.93368976425298e-09
0.5124000244140625 6.283150112788386e-09
0.5134000244140625 3.447433371069527e-08
0.5144000244140625 3.337925358337657e-08
0.5154000244140625 2.8087422325739908e-08
0.5164000244140625 1.572490984536046e-08
0.5174000244140625 9.999999939225291e-11
0.5184000244140625 1.3025820203201494e-08
0.5194000244140625 9.999999939225291e-11
0.5204000244140625 5.143444847514426e-08
0.5214000244140625 5.334191690723837e-08
0.5224000244140625 9.999999939225291e-11
0.5234000244140625 1.2953943683354416e-07
0.5244000244140625 9.999999939225291e-11
0.5254000244140625 2.0027586386343423e-08
0.5264000244140625 4.9441328731821456e-08
0.5274000244140625 1.6251579631661645e-08
0.5284000244140625 7.142900241952077e-08
0.5294000244140625 9.999999939225291e-11
0.5304000244140625 1.1907843546765661e-08
0.5314000244140625 9.999999939225291e-11
0.5324000244140625 9.999999939225291e-11
0.5334000244140625 9.999999939225291e-11
0.5344000244140625 9.999999939225291e-11
0.5354000244140625 9.999999939225291e-11
0.5364000244140625 9.999999939225291e-11
0.5374000244140625 5.646281424927697e-08
0.5384000244140625 7.800430959529573e-08
0.5394000244140625 4.150143235293058e-08
0.5404000244140625 3.0817323626308736e-09
0.5414000244140625 9.30262278113029e-08
0.5424000244140625 9.999999939225291e-11
0.5434000244140625 9.999999939225291e-11
0.5444000244140625 5.015982610897159e-08
0.5454000244140625 1.3449330289165099e-07
0.5464000244140625 7.784070018779233e-08
0.5474000244140625 9.999999939225291e-11
0.5484000244140625 1.62343704760796e-08
0.5494000244140625 3.4037933419976224e-09
0.5504000244140625 2.108221976844978e-08
0.5514000244140626 6.996876810087353e-08
0.5524000244140626 7.526170164121974e-09
0.5534000244140626 3.3352022959694715e-08
0.5544000244140626 5.52295549975194e-08
0.5554000244140626 4.225224716177441e-08
0.5564000244140626 1.1747903348198937e-07
0.5574000244140624 6.446334241812697e-08
0.5584000244140624 9.999999939225291e-11
0.5594000244140624 9.999999939225291e-11
0.5604000244140624 9.999999939225291e-11
0.5614000244140624 5.723080408100618e-08
0.5624000244140624 9.999999939225291e-11
0.5634000244140625 2.3980052950752417e-08
0.5644000244140625 2.4797387038570186e-08
0.5654000244140625 6.155731357833834e-08
0.5664000244140625 1.1956776635457799e-08
0.5674000244140625 8.006143108474361e-09
0.5684000244140625 6.369285761032018e-08
0.5694000244140625 2.829652642570106e-09
0.5704000244140625 8.614080343249953e-08
0.5714000244140625 2.7507200606180504e-09
0.5724000244140625 9.999999939225291e-11
0.5734000244140625 3.778076531920268e-08
0.5744000244140625 2.8791674389812747e-08
0.5754000244140625 3.635723330693471e-08
0.5764000244140625 5.9112069212829964e-08
0.5774000244140625 9.999999939225291e-11
0.5784000244140625 9.999999939225291e-11
0.5794000244140625 9.999999939225291e-11
0.5804000244140625 2.487520062525543e-09
0.5814000244140625 2.8945639617935134e-07
0.5824000244140625 3.6899234068243913e-09
0.5834000244140625 9.907330725885308e-08
0.5844000244140625 1.6937037382073566e-07
0.5854000244140625 1.728480957178628e-08
0.5864000244140625 6.602084982117635e-08
0.5874000244140625 9.999999939225291e-11
0.5884000244140625 9.999999939225291e-11
0.5894000244140625 5.881476704180008e-09
0.5904000244140625 1.5242896953537867e-08
0.5914000244140625 6.496095046474674e-08
0.5924000244140625 1.5698043171141762e-07
0.5934000244140625 9.999999939225291e-11
0.5944000244140625 4.5799069994245656e-08
0.5954000244140625 5.028752826004753e-08
0.5964000244140625 8.801628038845877e-08
0.5974000244140625 9.999999939225291e-11
0.5984000244140625 6.395309729493686e-08
0.5994000244140625 9.999999939225291e-11
0.6004000244140625 9.999999939225291e-11
0.6014000244140625 5.951068563566271e-08
0.6024000244140625 9.766135917743668e-08
0.6034000244140625 3.1528796826663094e-08
0.6044000244140625 9.999999939225291e-11
0.6054000244140625 1.0864533007470812e-07
0.6064000244140625 9.999999939225291e-11
0.6074000244140625 9.999999939225291e-11
0.6084000244140625 9.999999939225291e-11
0.6094000244140625 9.999999939225291e-11
0.6104000244140625 2.0893710219146061e-07
0.6114000244140625 2.3905409761937336e-07
0.6124000244140625 8.166158216897182e-08
0.6134000244140625 4.9332199925089523e-08
0.6144000244140625 6.189430713436177e-08
0.6154000244140625 5.258649136585802e-08
0.6164000244140625 1.2463270079088318e-07
0.6174000244140625 9.999999939225291e-11
0.6184000244140625 1.953695224680511e-07
0.6194000244140625 3.1141763126167156e-07
0.6204000244140625 3.5985697347011104e-07
0.6214000244140625 3.093022375348179e-07
0.6224000244140625 2.784918372829755e-07
0.6234000244140625 4.389563471226173e-08
0.6244000244140625 1.2862489746782537e-07
0.6254000244140625 3.1035489882924595e-07
0.6264000244140625 7.717278433183594e-08
0.6274000244140625 1.9518820408848115e-07
0.6284000244140625 3.434812060731929e-07
0.6294000244140625 4.423138307174668e-07
0.6304000244140625 5.234970012679696e-07
0.6314000244140625 5.50410210659417e-07
0.6324000244140625 8.152951098357637e-07
0.6334000244140625 6.539950603231167e-07
0.6344000244140625 7.306439753544207e-07
0.6354000244140625 7.650145804897572e-07
0.6364000244140625 7.773865703105305e-07
0.6374000244140625 8.703274700868254e-07
0.6384000244140625 1.1012756537335615e-06
0.6394000244140625 1.5689333182914802e-06
0.6404000244140625 1.7087077139876783e-06
0.6414000244140625 2.0108809985686094e-06
0.6424000244140625 2.0702032876821854e-06
0.6434000244140625 1.968297001440078e-06
0.6444000244140625 1.6451576569428047e-06
0.6454000244140625 1.3414749992080034e-06
0.6464000244140625 1.1390490059663232e-06
0.6474000244140625 9.822116408031435e-07
0.6484000244140625 1.1524833583583434e-06
0.6494000244140625 1.052526955997261e-06
0.6504000244140625 1.0037731893438224e-06
0.6514000244140625 9.953329572454094e-07
0.6524000244140625 8.183599372083943e-07
0.6534000244140625 7.070236703536163e-07
0.6544000244140625 4.161276956438087e-07
0.6554000244140625 4.04642499537052e-07
0.6564000244140625 4.881948674058852e-07
0.6574000244140625 3.7247042807090716e-07
0.6584000244140625 4.6937009756220505e-07
0.6594000244140625 5.228977655254615e-07
0.6604000244140625 3.1335249635352136e-07
0.6614000244140625 4.528729308124942e-07
0.6624000244140625 1.7663183219459218e-07
0.6634000244140625 3.0445899634893673e-07
0.6644000244140625 1.6411623619205783e-07
0.6654000244140625 2.1773680297580237e-07
0.6664000244140625 2.7250833833628955e-07
0.6674000244140625 2.292488382712084e-07
0.6684000244140625 2.5980173479212e-09
0.6694000244140625 8.418482780510792e-08
0.6704000244140625 2.1839926375832874e-07
0.6714000244140625 1.5938847051681176e-07
0.6724000244140625 3.3820848936253845e-07
0.6734000244140625 2.958427952156247e-07
0.6744000244140625 1.8443190128891728e-07
0.6754000244140625 6.637548040089314e-08
0.6764000244140626 3.890773233076554e-08
0.6774000244140626 4.1342101007775984e-08
0.6784000244140626 1.120958419657351e-07
0.6794000244140626 2.405099985480774e-07
0.6804000244140626 2.495769998252702e-07
0.6814000244140626 1.2082753225210278e-07
0.6824000244140624 1.6429433041291001e-07
0.6834000244140624 1.6909066289372276e-07
0.6844000244140624 2.0314183325117104e-08
0.6854000244140624 1.9551293310845114e-07
0.6864000244140624 5.859537582549497e-08
0.6874000244140624 2.072576626233058e-07
0.6884000244140625 4.847656549955559e-08
0.6894000244140625 3.6994402156172633e-07
0.6904000244140625 5.469869089817318e-08
0.6914000244140625 8.368875190474986e-08
0.6924000244140625 8.745752969237705e-08
0.6934000244140625 3.9753766031935814e-07
0.6944000244140625 9.095537431373182e-08
0.6954000244140625 3.0430207213309285e-07
0.6964000244140625 2.9393535540359986e-08
0.6974000244140625 1.0373879929896172e-08
0.6984000244140625 2.2145366529002786e-07
0.6994000244140625 3.683691827127689e-08
0.7004000244140625 6.960986936495791e-08
0.7014000244140625 5.759363906084521e-08
0.7024000244140625 3.3718435510365906e-09
0.7034000244140625 1.7309676271300607e-07
0.7044000244140625 5.939792607693543e-08
0.7054000244140625 9.831860552367288e-08
0.7064000244140625 9.999999939225291e-11
0.7074000244140625 8.641676721469575e-08
0.7084000244140625 2.6650632912369095e-08
0.7094000244140625 9.999999939225291e-11
0.7104000244140625 7.751496807095748e-08
0.7114000244140625 4.09633021754748e-08
0.7124000244140625 6.236095446550866e-08
0.7134000244140625 9.999999939225291e-11
0.7144000244140625 9.999999939225291e-11
0.7154000244140625 7.716156874633858e-08
0.7164000244140625 1.5387305817663826e-07
0.7174000244140625 6.323656101573742e-08
0.7184000244140625 1.0899187180927564e-07
0.7194000244140625 5.143106001230062e-08
0.7204000244140625 2.6610366451980854e-07
0.7214000244140625 4.912440125496668e-08
0.7224000244140625 1.5768683053529742e-07
0.7234000244140625 1.979975947937381e-08
0.7244000244140625 2.589563734733957e-07
0.7254000244140625 1.1074466818842647e-07
0.7264000244140625 6.504232068197761e-08
0.7274000244140625 4.125056642934055e-08
0.7284000244140625 3.2946539715676215e-08
0.7294000244140625 4.481873497515683e-09
0.7304000244140625 7.89367311160305e-08
0.7314000244140625 1.118935848568962e-08
0.7324000244140625 1.1490291096076058e-07
0.7334000244140625 6.801350001121402e-08
0.7344000244140625 3.3690574656001598e-09
0.7354000244140625 1.398422898072719e-07
0.7364000244140625 9.999999939225291e-11
0.7374000244140625 1.3733833571135297e-07
0.7384000244140625 1.6649044709993177e-07
0.7394000244140625 1.3386203171409742e-07
0.7404000244140625 1.3484481314662844e-07
0.7414000244140625 3.821069670569462e-07
0.7424000244140625 1.2506513788442438e-07
0.7434000244140625 7.202724529697945e-08
0.7444000244140625 1.244672307620931e-07
0.7454000244140625 3.7254101190598023e-08
0.7464000244140625 2.5209563318639995e-07
0.7474000244140625 9.999999939225291e-11
0.7484000244140625 1.671752977205898e-07
0.7494000244140625 1.0413463413054085e-08
0.7504000244140625 1.3436999627932287e-07
0.7514000244140625 2.687589646181247e-07
0.7524000244140625 1.8419020004027215e-07
0.7534000244140625 8.825569792018466e-09
0.7544000244140625 1.30048653469809e-07
0.7554000244140625 8.661948903624742e-08
0.7564000244140625 3.499129959413002e-08
0.7574000244140625 9.267504538001958e-08
0.7584000244140625 2.5414796861393067e-07
0.7594000244140625 5.265889017576815e-08
0.7604000244140625 9.787077525894952e-08
0.7614000244140625 3.308335908513982e-07
0.7624000244140625 1.3387429776597533e-07
0.7634000244140625 2.0180459614493884e-07
0.7644000244140625 3.929639691098904e-07
0.7654000244140625 1.41116150492356e-07
0.7664000244140625 3.486832065391354e-07
0.7674000244140625 1.5662012664267404e-07
0.7684000244140625 1.3701400383740273e-07
0.7694000244140625 2.2211297012593908e-07
0.7704000244140625 3.3383850071307584e-07
0.7714000244140625 8.961826738781061e-08
0.7724000244140625 1.265240980992862e-07
0.7734000244140625 7.8737689716372e-08
0.7744000244140625 1.5734446606074926e-07
0.7754000244140625 3.030447502775739e-07
0.7764000244140625 2.668049531469781e-07
0.7774000244140625 2.2013746881081412e-07
0.7784000244140625 4.92452066585732e-07
0.7794000244140625 5.321391048103881e-07
0.7804000244140625 4.960449708354039e-07
0.7814000244140625 3.570526617598565e-07
0.7824000244140625 1.765122982888556e-08
0.7834000244140625 3.549652544343473e-08
0.7844000244140625 2.1378436940722167e-07
0.7854000244140625 7.264193472818666e-08
0.7864000244140625 6.457568664094044e-08
0.7874000244140625 7.856610025077278e-08
0.7884000244140625 1.4418473291459102e-07
0.7894000244140625 2.2918623775088537e-07
0.7904000244140625 7.042678018542858e-08
0.7914000244140625 1.8994827011435215e-07
0.7924000244140625 1.331951341132509e-07
0.7934000244140625 2.3919836849017882e-08
0.7944000244140625 4.310380306075482e-07
0.7954000244140625 3.086600615157901e-07
0.7964000244140625 2.906306663626642e-07
0.7974000244140625 3.70447003206209e-07
0.7984000244140625 3.1469563206580156e-07
0.7994000244140625 1.8745703563342413e-07
0.8004000244140625 2.3257509721652524e-07
0.8014000244140626 1.742951314742669e-07
0.8024000244140626 4.166277600840355e-07
0.8034000244140626 2.8924086260910067e-07
0.8044000244140626 2.8797256466835583e-07
0.8054000244140626 2.5064079939814594e-07
0.8064000244140626 3.495570611751949e-07
0.8074000244140624 6.452763116134481e-08
0.8084000244140624 1.3698015360811648e-07
0.8094000244140624 1.0272146669561741e-07
0.8104000244140624 9.773396449178998e-08
0.8114000244140624 1.6716723697148457e-07
0.8124000244140624 9.999999939225291e-11
0.8134000244140625 2.5450136525921134e-07
0.8144000244140625 3.801464117714204e-07
0.8154000244140625 4.0472497403243324e-07
0.8164000244140625 3.030039416026161e-07
0.8174000244140625 1.5805886843800465e-07
0.8184000244140625 2.6594010803885717e-08
0.8194000244140625 3.7147059629205613e-07
0.8204000244140625 2.2056146614583364e-07
0.8214000244140625 4.273243166608154e-07
0.8224000244140625 8.85909991854561e-08
0.8234000244140625 2.0599493265827108e-07
0.8244000244140625 2.412372456698601e-07
0.8254000244140625 2.0737167116813282e-07
0.8264000244140625 4.658247356322439e-07
0.8274000244140625 1.617186326748528e-07
0.8284000244140625 1.0625405931996567e-07
0.8294000244140625 6.234859705855911e-08
0.8304000244140625 2.3523206740113284e-07
0.8314000244140625 2.1245983286159269e-07
0.8324000244140625 2.924488399003167e-07
0.8334000244140625 1.683809663403461e-07
0.8344000244140625 3.446877841876509e-07
0.8354000244140625 1.3969233537321675e-07
0.8364000244140625 3.6699066792304316e-07
0.8374000244140625 5.8813824326264806e-08
0.8384000244140625 1.8777936171924618e-07
0.8394000244140625 1.1554449580823226e-07
0.8404000244140625 1.014368985252645e-08
0.8414000244140625 3.6038489608536395e-07
0.8424000244140625 7.33964850230251e-08
0.8434000244140625 2.3551692651816817e-07
0.8444000244140625 4.969269139110111e-07
0.8454000244140625 1.4394813241539831e-07
0.8464000244140625 1.9276856351465216e-07
0.8474000244140625 4.196204436575831e-07
0.8484000244140625 1.4274620030304182e-07
0.8494000244140625 3.1783303443629526e-07
0.8504000244140625 1.9598376674127375e-07
0.8514000244140625 3.3193974256088643e-07
0.8524000244140625 2.890078246498007e-07
0.8534000244140625 2.361945844805054e-07
0.8544000244140625 3.1204375545712536e-07
0.8554000244140625 3.955643023800803e-07
0.8564000244140625 2.3365529533118472e-07
0.8574000244140625 5.352760197159985e-08
0.8584000244140625 7.386449215118774e-07
0.8594000244140625 3.743226598581136e-07
0.8604000244140625 9.297413150003801e-07
0.8614000244140625 1.3778080271246531e-06
0.8624000244140625 5.945685582749623e-07
0.8634000244140625 1.5156020041710386e-06
0.8644000244140625 1.0831605444157806e-06
0.8654000244140625 1.3046253783007464e-06
0.8664000244140625 9.999999939225291e-11
0.8674000244140625 2.651291045670708e-07
0.8684000244140625 3.094978792924271e-07
0.8694000244140625 9.999999939225291e-11
0.8704000244140625 2.2701503813375251e-07
0.8714000244140625 2.0758262881651984e-07
0.8724000244140625 4.0300758918180667e-07
0.8734000244140625 9.999999939225291e-11
0.8744000244140625 1.8608229533256803e-07
0.8754000244140625 1.1837096921111606e-06
0.8764000244140625 8.329729314215939e-07
0.8774000244140625 4.861687387650212e-06
0.8784000244140625 2.2440187795661853e-07
0.8794000244140625 9.999999939225291e-11
0.8804000244140625 3.851501533063128e-06
0.8814000244140625 7.919966783938766e-07
0.8824000244140625 9.999999939225291e-11
0.8834000244140625 9.999999939225291e-11
0.8844000244140625 9.999999939225291e-11
0.8854000244140625 5.914450055340599e-07
0.8864000244140625 6.00744018909675e-07
0.8874000244140625 4.482901664838816e-06
0.8884000244140625 2.709618614365657e-06
0.8894000244140625 1.2568046993462664e-06
0.8904000244140625 9.999999939225291e-11
0.8914000244140625 9.999999939225291e-11
0.8924000244140625 2.9712245496564076e-07
0.8934000244140625 6.1734833676988875e-06
0.8944000244140625 3.064889964760435e-06
0.8954000244140625 9.957450868872303e-06
0.8964000244140625 1.0278477954367797e-05
0.8974000244140625 1.0784335900098086e-05
0.8984000244140625 1.448245990710954e-05
0.8994000244140625 1.205190666951239e-05
0.9004000244140625 5.0918928657968845e-06
0.9014000244140625 8.354387052046756e-06
0.9024000244140625 1.0263838339596986e-05
0.9034000244140625 8.365068157824378e-06
0.9044000244140625 6.990681188957145e-06
0.9054000244140625 3.843980375677347e-06
0.9064000244140625 9.319043601863087e-06
0.9074000244140625 5.89810525222371e-06
0.9084000244140625 7.646994781680405e-06
0.9094000244140625 4.990722712439795e-06
0.9104000244140625 5.127606952252487e-06
0.9114000244140625 9.909420429418486e-06
0.9124000244140625 5.378760882498076e-06
0.9134000244140625 4.546527925413102e-06
0.9144000244140625 9.221928388190767e-06
0.9154000244140625 8.51047244699051e-06
0.9164000244140625 8.274681749753655e-06
0.9174000244140625 1.0718972189351917e-05
0.9184000244140625 7.638223857308426e-06
0.9194000244140625 7.4810674414038655e-06
0.9204000244140625 3.1606777823374915e-06
0.9214000244140625 6.71353928434352e-06
0.9224000244140625 3.872250381391496e-06
0.9234000244140625 8.0678037678202e-06
0.9244000244140625 5.110786878503859e-06
0.9254000244140625 8.083856082521379e-06
0.9264000244140626 3.427587022694449e-06
0.9274000244140626 7.670333919425806e-06
0.9284000244140626 4.667407095742722e-06
0.9294000244140626 4.3682429046990975e-06
0.9304000244140626 6.691240123473108e-06
0.9314000244140626 5.160100990906358e-06
0.9324000244140624 5.002361043201139e-06
0.9334000244140624 5.516513677624365e-06
0.9344000244140624 4.3186447389113404e-06
0.9354000244140624 4.736548095631103e-06
0.9364000244140624 7.187970525895556e-06
0.9374000244140624 6.153072075297436e-06
0.9384000244140625 2.821647988942762e-06
0.9394000244140625 5.203838518355042e-06
0.9404000244140625 7.82065811411788e-06
0.9414000244140625 4.358206351753324e-06
0.9424000244140625 3.780526264260213e-06
0.9434000244140625 6.316739600151777e-06
0.9444000244140625 3.815665404545144e-06
0.9454000244140625 4.653204038428764e-06
0.9464000244140625 5.194239201955498e-06
0.9474000244140625 2.44084828106376e-06
0.9484000244140625 6.0623610625043515e-06
0.9494000244140625 7.78992757356415e-06
0.9504000244140625 5.655800826692333e-06
0.9514000244140625 4.733640234917403e-06
0.9524000244140625 5.352838488761336e-06
0.9534000244140625 4.6726549044251445e-06
0.9544000244140625 3.774615712851907e-06
0.9554000244140625 5.046801719193658e-06
0.9564000244140625 2.4202014901675285e-06
0.9574000244140625 3.3419463822307687e-06
0.9584000244140625 3.550952145208915e-06
0.9594000244140625 3.6302123044151814e-06
0.9604000244140625 5.2466743121234086e-06
0.9614000244140625 2.6462466242567945e-06
0.9624000244140625 3.565297617266576e-06
0.9634000244140625 6.429227457071344e-06
0.9644000244140625 3.942214243579656e-06
0.9654000244140625 3.777285358713319e-06
0.9664000244140625 4.181180362744878e-06
0.9674000244140625 2.813983252660061e-06
0.9684000244140625 5.1580791478045285e-06
0.9694000244140625 2.1373823498530934e-06
0.9704000244140625 3.186197718605399e-06
0.9714000244140625 3.1201710226014255e-06
0.9724000244140625 3.2322413365667063e-06
0.9734000244140625 1.116303537855856e-06
0.9744000244140625 3.966928731339673e-06
0.9754000244140625 4.1026632728365554e-06
0.9764000244140625 2.7000446668049943e-06
0.9774000244140625 3.6761449882760645e-06
0.9784000244140625 4.243071792492022e-06
0.9794000244140625 3.7087743597415585e-06
0.9804000244140625 2.836120014156525e-06
0.9814000244140625 2.9419670075488585e-06
0.9824000244140625 3.425763594956758e-06
0.9834000244140625 4.371680649152647e-06
0.9844000244140625 3.7443840604585903e-06
0.9854000244140625 2.995603329812487e-06
0.9864000244140625 4.4193635888708134e-06
0.9874000244140625 4.864858444004009e-06
0.9884000244140625 2.8103567698659997e-06
0.9894000244140625 1.6418247105320917e-06
0.9904000244140625 4.56319801742211e-06
0.9914000244140625 2.033364629217734e-06
0.9924000244140625 4.149684682488441e-06
0.9934000244140625 2.1490889776032416e-06
0.9944000244140625 2.809778379742056e-06
0.9954000244140625 1.1013601397280582e-06
0.9964000244140625 3.693560041331996e-06
0.9974000244140625 3.236111951991916e-06
0.9984000244140625 1.9884290425882987e-06
0.9994000244140625 1.8251329553701603e-06
1.0004000244140625 1.9011882735261074e-06
1.0014000244140624 3.697174252010882e-06
1.0024000244140625 3.4907826920971276e-06
1.0034000244140624 3.785141937745114e-06
1.0044000244140625 1.872204690395544e-06
1.0054000244140624 5.008368073807409e-06
1.0064000244140625 2.2527872836993388e-06
1.0074000244140624 2.825981646310538e-06
1.0084000244140625 1.9890930949865527e-06
1.0094000244140624 2.1242180082481354e-06
1.0104000244140625 2.5092759460676462e-06
1.0114000244140624 3.388717013876885e-06
1.0124000244140625 1.862312356376942e-06
1.0134000244140624 2.9367946748000878e-06
1.0144000244140625 1.6715356711453446e-06
1.0154000244140624 1.5094276750460267e-06
1.0164000244140625 2.2439150537441795e-06
1.0174000244140624 1.8043562643773233e-06
1.0184000244140625 2.3726333650605135e-06
1.0194000244140624 1.0048270242387266e-06
1.0204000244140625 2.7967790568557878e-06
1.0214000244140624 2.0527211502970508e-06
1.0224000244140625 3.0559806812865036e-06
1.0234000244140624 2.4648399751943843e-06
1.0244000244140625 2.5573625074078636e-06
1.0254000244140624 3.3744419730889303e-06
1.0264000244140625 4.0952280202570065e-06
1.0274000244140624 1.0763116585810196e-06
1.0284000244140625 1.5806472705056271e-06
1.0294000244140624 4.361717631885161e-06
1.0304000244140625 2.9049787068894754e-06
1.0314000244140624 1.0903115738377284e-06
1.0324000244140625 2.387896335373322e-06
1.0334000244140624 1.479537953601451e-06
1.0344000244140625 2.311090308163936e-06
1.0354000244140624 1.8918048469155715e-06
1.0364000244140625 2.5902443546025707e-06
1.0374000244140624 1.4249589730752632e-06
1.0384000244140625 2.6748910507497685e-06
1.0394000244140624 2.2654492931906133e-06
1.0404000244140625 2.7905027188050253e-06
1.0414000244140624 3.8022210355848076e-06
1.0424000244140625 2.7104416706909736e-06
1.0434000244140624 2.468801006519546e-06
1.0444000244140625 2.7375316130928694e-06
1.0454000244140624 2.362908950696389e-06
1.0464000244140625 9.052045546316851e-07
1.0474000244140624 2.5142397498711942e-06
1.0484000244140625 3.663371317088604e-06
1.0494000244140624 2.5106510050439585e-06
1.0504000244140625 3.3982050566313166e-06
1.0514000244140624 3.5318490699864925e-06
1.0524000244140626 3.167806620088716e-06
1.0534000244140624 3.166090076168378e-06
1.0544000244140626 4.525573652548095e-06
1.0554000244140624 3.4968826609353227e-06
1.0564000244140626 5.25515196689715e-06
1.0574000244140624 4.810088818582396e-06
1.0584000244140626 6.1189140736435855e-06
1.0594000244140624 4.622266569640487e-06
1.0604000244140626 6.12818335260575e-06
1.0614000244140624 6.3183628177891175e-06
1.0624000244140626 5.826236544332156e-06
1.0634000244140625 5.217410313586394e-06
1.0644000244140626 7.841378295173248e-06
1.0654000244140625 5.028047501885643e-06
1.0664000244140626 7.658873607094089e-06
1.0674000244140625 5.58100970617185e-06
1.0684000244140626 3.901841992046684e-06
1.0694000244140625 5.917975795455277e-06
1.0704000244140626 5.579747473044942e-06
1.0714000244140625 5.651412260097763e-06
1.0724000244140626 5.568304331973195e-06
1.0734000244140625 5.19026507390663e-06
1.0744000244140626 5.1223294576629995e-06
1.0754000244140625 5.717418389394879e-06
1.0764000244140626 5.506042313451568e-06
1.0774000244140625 4.1810134037708244e-06
1.0784000244140626 5.153535360780855e-06
1.0794000244140625 4.822159341226021e-06
1.0804000244140626 4.708719692037751e-06
1.0814000244140625 4.086939734406769e-06
1.0824000244140626 3.6527306656353174e-06
1.0834000244140625 4.193794253903131e-06
1.0844000244140626 3.743638323309521e-06
1.0854000244140625 3.150614599386851e-06
1.0864000244140626 2.4911223833138746e-06
1.0874000244140625 3.312711002460371e-06
1.0884000244140626 3.0088993662502615e-06
1.0894000244140625 2.250428321228052e-06
1.0904000244140626 3.1242667076488335e-06
1.0914000244140625 3.3343464019708337e-06
1.0924000244140626 2.7664923497165244e-06
1.0934000244140625 2.474672607301424e-06
1.0944000244140626 2.281663667721053e-06
1.0954000244140625 3.9659410443467395e-06
1.0964000244140626 2.0964833674952386e-06
1.0974000244140625 3.536623068309079e-06
1.0984000244140626 3.301336740454038e-06
1.0994000244140625 3.1750510485532385e-06
1.1004000244140626 4.00471695077916e-06
1.1014000244140625 3.171933931298554e-06
1.1024000244140626 3.3139490309016157e-06
1.1034000244140625 2.9840649707087626e-06
1.1044000244140626 3.533014920928205e-06
1.1054000244140625 2.8688432939816267e-06
1.1064000244140626 3.853089098508159e-06
1.1074000244140625 3.664808270211021e-06
1.1084000244140626 3.3849349711090325e-06
1.1094000244140625 3.788663016166538e-06
1.1104000244140626 2.53327142369623e-06
1.1114000244140625 3.698088985402137e-06
1.1124000244140626 3.40115831932053e-06
1.1134000244140625 3.7459346155325575e-06
1.1144000244140626 2.6737336884252725e-06
1.1154000244140625 4.1317504170971615e-06
1.1164000244140626 4.706490047586461e-06
1.1174000244140625 3.86903954980274e-06
1.1184000244140626 3.7872377045763033e-06
1.1194000244140625 3.6960637468534213e-06
1.1204000244140624 3.722065594047308e-06
1.1214000244140625 3.4274730326918262e-06
1.1224000244140624 3.864419995807111e-06
1.1234000244140625 2.7811622809773936e-06
1.1244000244140624 4.500358578904222e-06
1.1254000244140625 2.9292416972263405e-06
1.1264000244140624 3.2628776777225237e-06
1.1274000244140625 2.9791397294805692e-06
1.1284000244140624 3.938186661495517e-06
1.1294000244140625 4.039457029042144e-06
1.1304000244140624 2.346513792872429e-06
1.1314000244140625 3.218650914883862e-06
1.1324000244140624 3.220811631763354e-06
1.1334000244140625 1.9137495716374058e-06
1.1344000244140624 3.1908593761424225e-06
1.1354000244140625 3.6395869877499835e-06
1.1364000244140624 3.8743849533299605e-06
1.1374000244140625 4.250576700239132e-06
1.1384000244140624 3.896817749288554e-06
1.1394000244140625 3.6221059660116834e-06
1.1404000244140624 3.994184080511331e-06
1.1414000244140625 3.4265883732587097e-06
1.1424000244140624 4.08935525532191e-06
1.1434000244140625 4.166488943155855e-06
1.1444000244140624 2.387108324910514e-06
1.1454000244140625 4.36849504088362e-06
1.1464000244140624 4.126228450331837e-06
1.1474000244140625 3.4348757374876486e-06
1.1484000244140624 3.7743703190547724e-06
1.1494000244140625 3.901701226520042e-06
1.1504000244140624 5.221343987310925e-06
1.1514000244140625 4.254401913688828e-06
1.1524000244140624 3.955375674801568e-06
1.1534000244140625 4.483433343314876e-06
1.1544000244140624 4.240850976202637e-06
1.1554000244140625 4.593867342919111e-06
1.1564000244140624 5.0558959871220084e-06
1.1574000244140625 4.91409261788552e-06
1.1584000244140624 5.4117687977850435e-06
1.1594000244140625 4.866228264290839e-06
1.1604000244140624 5.174215766601265e-06
1.1614000244140625 4.086960689164698e-06
1.1624000244140624 4.093579579299937e-06
1.1634000244140625 4.774388993003716e-06
1.1644000244140624 3.7946633528918028e-06
1.1654000244140625 4.724057701726754e-06
1.1664000244140624 3.4621363738551738e-06
1.1674000244140625 4.393243871163577e-06
1.1684000244140624 4.242368643948187e-06
1.1694000244140625 4.539053285649668e-06
1.1704000244140624 4.2295970100288585e-06
1.1714000244140625 5.109269792834917e-06
1.1724000244140624 4.846964632937063e-06
1.1734000244140625 3.7063273096767563e-06
1.1744000244140624 3.6309902983096738e-06
1.1754000244140625 3.400959976715967e-06
1.1764000244140624 3.550853968287508e-06
1.1774000244140626 3.383852260109658e-06
1.1784000244140624 3.3519666855378697e-06
1.1794000244140626 4.419773758854717e-06
1.1804000244140624 3.3203180161459996e-06
1.1814000244140626 3.0871213433177518e-06
1.1824000244140624 1.8677127081900836e-06
1.1834000244140626 3.8872957035588726e-06
1.1844000244140624 3.1220269738696515e-06
1.1854000244140626 3.923533076886088e-06
1.1864000244140624 2.0425491917800777e-06
1.1874000244140626 2.3077813481601577e-06
1.1884000244140625 3.901468686914692e-06
1.1894000244140626 3.4083966844870402e-06
1.1904000244140625 2.6972039389268805e-06
1.1914000244140626 3.955898282583803e-06
1.1924000244140625 4.174626568177094e-06
1.1934000244140626 4.218650962381314e-06
1.1944000244140625 4.543039734320094e-06
1.1954000244140626 3.59198665440393e-06
1.1964000244140625 3.2748352775039773e-06
1.1974000244140626 3.973051595191161e-06
1.1984000244140625 3.7279990889752905e-06
1.1994000244140626 4.044639354106039e-06
1.2004000244140625 3.724393560939158e-06
1.2014000244140626 3.932464363363882e-06
1.2024000244140625 4.140108309608574e-06
1.2034000244140626 4.863193995940189e-06
1.2044000244140625 5.061402722882728e-06
1.2054000244140626 4.580585615864644e-06
1.2064000244140625 4.928869117672244e-06
1.2074000244140626 4.908422609635939e-06
1.2084000244140625 3.752931661438197e-06
1.2094000244140626 5.0292076775804165e-06
1.2104000244140625 4.1477666430485745e-06
1.2114000244140626 3.887687344104052e-06
1.2124000244140625 4.461272328626364e-06
1.2134000244140626 4.282748753515382e-06
1.2144000244140625 4.30310513669004e-06
1.2154000244140626 4.242375919905802e-06
1.2164000244140625 5.077313010891279e-06
1.2174000244140626 4.03012474028704e-06
1.2184000244140625 4.7818344319239255e-06
1.2194000244140626 4.783023420410852e-06
1.2204000244140625 4.463539420006176e-06
1.2214000244140626 4.304050623128812e-06
1.2224000244140625 3.928076087807615e-06
1.2234000244140626 4.2319733377856515e-06
1.2244000244140625 3.4866866675050307e-06
1.2254000244140626 3.4965907010094573e-06
1.2264000244140625 5.2512934780679645e-06
1.2274000244140626 4.951315834963074e-06
1.2284000244140625 4.168886322683345e-06
1.2294000244140626 3.923027397831902e-06
1.2304000244140625 4.169550569107135e-06
1.2314000244140626 4.2005166566620275e-06
1.2324000244140625 3.846094283896188e-06
1.2334000244140626 4.595956318856527e-06
1.2344000244140625 3.774018259719014e-06
1.2354000244140626 3.3371713167677326e-06
1.2364000244140625 4.302037608188887e-06
1.2374000244140626 3.6680640187114477e-06
1.2384000244140625 3.7514410602549714e-06
1.2394000244140626 3.9087009887831905e-06
1.2404000244140625 4.629601316992194e-06
1.2414000244140626 4.804459361669918e-06
1.2424000244140625 4.782211617566645e-06
1.2434000244140626 4.438836961829414e-06
1.2444000244140625 4.2996835933687784e-06
1.2454000244140624 3.7307424645405265e-06
1.2464000244140625 3.299287733777116e-06
1.2474000244140624 3.3558566550103324e-06
1.2484000244140625 4.6745026096080734e-06
1.2494000244140624 3.6721367117327947e-06
1.2504000244140625 3.881521212557952e-06
1.2514000244140624 3.2973069755826144e-06
1.2524000244140625 3.637898723051573e-06
1.2534000244140624 2.4493793171131984e-06
1.2544000244140625 3.822295257123187e-06
1.2554000244140624 3.1836536557724075e-06
1.2564000244140625 3.8016830997851984e-06
1.2574000244140624 3.6931009769129258e-06
1.2584000244140625 3.535150899551809e-06
1.2594000244140624 4.732708912342787e-06
1.2604000244140625 4.796501113257061e-06
1.2614000244140624 4.122962418477982e-06
1.2624000244140625 3.6197486527574555e-06
1.2634000244140624 4.545199335552752e-06
1.2644000244140625 4.221509637621542e-06
1.2654000244140624 4.285594671576594e-06
1.2664000244140625 4.739925304117303e-06
1.2674000244140624 5.034417845308781e-06
1.2684000244140625 3.726450280131151e-06
1.2694000244140624 3.507045330479741e-06
1.2704000244140625 4.089866270078346e-06
1.2714000244140624 3.834047335355232e-06
1.2724000244140625 4.702248649361233e-06
1.2734000244140624 4.774555563926697e-06
1.2744000244140625 4.094502073712647e-06
1.2754000244140624 4.783765665100266e-06
1.2764000244140625 4.715002044880142e-06
1.2774000244140624 4.223564368051787e-06
1.2784000244140625 3.923091377752523e-06
1.2794000244140624 3.921397340794404e-06
1.2804000244140625 3.5599913098849355e-06
1.2814000244140624 4.627787954329203e-06
1.2824000244140625 3.642674710135907e-06
1.2834000244140624 3.706883338357632e-06
1.2844000244140625 1.5382547280751168e-06
1.2854000244140624 2.750354033196345e-06
1.2864000244140625 3.0779924418311566e-06
1.2874000244140624 3.6916516061561803e-06
1.2884000244140625 3.634379051315288e-06
1.2894000244140624 3.2419313113981237e-06
1.2904000244140625 3.707915311679244e-06
1.2914000244140624 2.1100089846489332e-06
1.2924000244140625 3.453377333547299e-06
1.2934000244140624 2.893347603579362e-06
1.2944000244140625 3.5174494162977982e-06
1.2954000244140624 4.019209009129554e-06
1.2964000244140625 3.176200043526478e-06
1.2974000244140624 3.8464623503386975e-06
1.2984000244140625 3.7550473643932494e-06
1.2994000244140624 3.729021312513699e-06
1.3004000244140625 4.080019037549694e-06
1.3014000244140624 3.489954979158938e-06
1.3024000244140626 3.4843000563948106e-06
1.3034000244140624 3.97795913158916e-06
1.3044000244140626 3.808920009760186e-06
1.3054000244140624 1.9391947716940196e-06
1.3064000244140626 3.416797359629224e-06
1.3074000244140624 2.5982969964388756e-06
1.3084000244140626 2.4179244064725935e-06
1.3094000244140624 3.7017380236648023e-06
1.3104000244140626 2.0999208936700597e-06
1.3114000244140624 3.876103340492894e-06
1.3124000244140626 3.5579666049064447e-06
1.3134000244140625 3.750847342113654e-06
1.3144000244140626 3.91205971633705e-06
1.3154000244140625 2.733461272631151e-06
1.3164000244140626 3.2779446337372067e-06
1.3174000244140625 3.463685667763154e-06
1.3184000244140626 4.250220372341573e-06
1.3194000244140625 3.524671871370326e-06
1.3204000244140626 4.353174202454587e-06
1.3214000244140625 2.88449737126939e-06
1.3224000244140626 4.251113471885522e-06
1.3234000244140625 3.444737327905993e-06
1.3244000244140626 2.649317539180629e-06
1.3254000244140625 3.201758275584628e-06
1.3264000244140626 2.374901614530245e-06
1.3274000244140625 2.723693614825606e-06
1.3284000244140626 2.727659351270025e-06
1.3294000244140625 2.7306929890376826e-06
1.3304000244140626 2.957973386704301e-06
1.3314000244140625 2.9682476209321366e-06
1.3324000244140626 2.84445341094397e-06
1.3334000244140625 3.2088910423529644e-06
1.3344000244140626 2.927426079016489e-06
1.3354000244140625 2.4667360169890645e-06
1.3364000244140626 4.150233968781928e-06
1.3374000244140625 3.100037332236146e-06
1.3384000244140626 3.1497202871832997e-06
1.3394000244140625 3.389375754826081e-06
1.3404000244140626 4.03392191704673e-06
1.3414000244140625 2.920869422572044e-06
1.3424000244140626 3.0379683691232157e-06
1.3434000244140625 3.7232366351721186e-06
1.3444000244140626 3.908061965679129e-06
1.3454000244140625 3.914606738059471e-06
1.3464000244140626 3.23273668376108e-06
1.3474000244140625 3.2659206287159277e-06
1.3484000244140626 3.5249986103735864e-06
1.3494000244140625 2.8204636570687097e-06
1.3504000244140626 3.3746520057320596e-06
1.3514000244140625 2.484647654152165e-06
1.3524000244140626 3.3157050105122225e-06
1.3534000244140625 2.9965353314764797e-06
1.3544000244140626 3.023304937717815e-06
1.3554000244140625 3.672314633149654e-06
1.3564000244140626 4.111852613277733e-06
1.3574000244140625 3.507420284828792e-06
1.3584000244140626 2.995927983041232e-06
1.3594000244140625 3.873167734127492e-06
1.3604000244140626 3.932692731420199e-06
1.3614000244140625 3.254827946269264e-06
1.3624000244140626 3.728279940939198e-06
1.3634000244140625 3.7161132786422966e-06
1.3644000244140626 3.857695264741778e-06
1.3654000244140625 4.179693933110684e-06
1.3664000244140626 2.0649271997778367e-06
1.3674000244140625 3.083337893864761e-06
1.3684000244140626 2.913045706615473e-06
1.3694000244140625 4.358471875699858e-06
1.3704000244140624 4.323683291052778e-06
1.3714000244140625 3.875874681398273e-06
1.3724000244140624 4.249894603465994e-06
1.3734000244140625 4.6217853863102695e-06
1.3744000244140624 4.467191077613582e-06
1.3754000244140625 5.142884522986909e-06
1.3764000244140624 4.584455649213244e-06
1.3774000244140625 4.187775290726374e-06
1.3784000244140624 2.417081326457904e-06
1.3794000244140625 4.917741074071577e-06
1.3804000244140624 3.419867086146648e-06
1.3814000244140625 3.348449293601637e-06
1.3824000244140624 2.3748744327652578e-06
1.3834000244140625 2.8853899372431143e-06
1.3844000244140624 4.672824385731171e-06
1.3854000244140625 3.5008173532939206e-06
1.3864000244140624 2.7759089910735683e-06
1.3874000244140625 3.466341004241258e-06
1.3884000244140624 2.8726902867977815e-06
1.3894000244140625 4.938615602441132e-06
1.3904000244140624 4.725293741406252e-06
1.3914000244140625 2.1249060955597087e-06
1.3924000244140624 3.701108313786487e-06
1.3934000244140625 2.9682037469077233e-06
1.3944000244140624 3.914739451526354e-06
1.3954000244140625 2.900998588302173e-06
1.3964000244140624 4.581681278068572e-06
1.3974000244140625 3.5355066938791426e-06
1.3984000244140624 4.801412384646635e-06
1.3994000244140625 3.6788660509046167e-06
1.4004000244140624 2.687560287692274e-06
1.4014000244140625 3.893899314183121e-06
1.4024000244140624 3.756229076922561e-06
1.4034000244140625 4.285569690788786e-06
1.4044000244140624 3.945984984360014e-06
1.4054000244140625 2.811275626299903e-06
1.4064000244140624 4.6888962970115244e-06
1.4074000244140625 3.584341417687635e-06
1.4084000244140624 1.961453390674587e-06
1.4094000244140625 5.259435856714845e-06
1.4104000244140624 3.7162553053349256e-06
1.4114000244140625 4.2693502715944e-06
1.4124000244140624 3.251702049359058e-06
1.4134000244140625 3.84225223873121e-06
1.4144000244140624 4.284166304084162e-06
1.4154000244140625 3.835773968603462e-06
1.4164000244140624 4.598304415897776e-06
1.4174000244140625 3.903893035991739e-06
1.4184000244140624 3.6800483940169215e-06
1.4194000244140625 3.6593815699840588e-06
1.4204000244140624 2.2896090134357413e-06
1.4214000244140625 3.918005434873824e-06
1.4224000244140624 3.7055176411134498e-06
1.4234000244140625 3.863144568943729e-06
1.4244000244140624 3.7644106972341733e-06
1.4254000244140625 2.8058323368895797e-06
1.4264000244140624 3.6710157291963696e-06
1.4274000244140626 3.9377523353323344e-06
1.4284000244140624 3.6445432730639977e-06
1.4294000244140626 4.06016794537815e-06
1.4304000244140624 3.6764163329886895e-06
1.4314000244140626 3.49274670346252e-06
1.4324000244140624 4.815653276940187e-06
1.4334000244140626 4.451588514105727e-06
1.4344000244140624 4.240391329706957e-06
1.4354000244140626 2.2654390795651124e-06
1.4364000244140624 3.907306915304313e-06
1.4374000244140626 2.3765086465458533e-06
1.4384000244140625 2.3412124331419668e-06
1.4394000244140626 3.1198665965348483e-06
1.4404000244140625 2.8471760015236215e-06
1.4414000244140626 3.279787075977462e-06
1.4424000244140625 3.861142661965762e-06
1.4434000244140626 4.7730511869303884e-06
1.4444000244140625 5.199244090666374e-06
1.4454000244140626 4.197718614401917e-06
1.4464000244140625 5.475203700674077e-06
1.4474000244140626 3.4288653841940685e-06
1.4484000244140625 4.965174982013801e-06
1.4494000244140626 5.346108082449064e-06
1.4504000244140625 4.148637963226065e-06
1.4514000244140626 4.328048186531911e-06
1.4524000244140625 5.6311082638179265e-06
1.4534000244140626 4.97546119731851e-06
1.4544000244140625 4.495246345565344e-06
1.4554000244140626 5.926715869766971e-06
1.4564000244140625 5.005415005143732e-06
1.4574000244140626 4.2176218994427475e-06
1.4584000244140625 5.552935472223908e-06
1.4594000244140626 5.500914509563396e-06
1.4604000244140625 5.5663925983632605e-06
1.4614000244140626 5.14873662420238e-06
1.4624000244140625 4.8653525785387805e-06
1.4634000244140626 5.426272740199541e-06
1.4644000244140625 5.777254409622401e-06
1.4654000244140626 5.403219062524537e-06
1.4664000244140625 6.390362104866654e-06
1.4674000244140626 5.510734141959498e-06
1.4684000244140625 5.912104485711703e-06
1.4694000244140626 4.732510084674384e-06
1.4704000244140625 5.021134177998951e-06
1.4714000244140626 4.545215876229729e-06
1.4724000244140625 4.358453079476021e-06
1.4734000244140626 4.543709655990824e-06
1.4744000244140625 5.644694610964507e-06
1.4754000244140626 3.899032453773543e-06
1.4764000244140625 5.193263835584124e-06
1.4774000244140626 4.926807984399298e-06
1.4784000244140625 3.905630607429581e-06
1.4794000244140626 4.4430263612108924e-06
1.4804000244140625 3.2692501311733697e-06
1.4814000244140626 4.084458948151829e-06
1.4824000244140625 4.368729520744334e-06
1.4834000244140626 5.010306873979667e-06
1.4844000244140625 4.634089806737999e-06
1.4854000244140626 5.378961892953763e-06
1.4864000244140625 4.802808495393644e-06
1.4874000244140626 5.710084418145319e-06
1.4884000244140625 4.6026768783728285e-06
1.4894000244140626 6.382344872690738e-06
1.4904000244140625 4.902957977416615e-06
1.4914000244140626 5.10388946471115e-06
1.4924000244140625 6.062920341112962e-06
1.4934000244140626 3.858927278391396e-06
1.4944000244140625 3.5431390764036526e-06
1.4954000244140624 4.105486683935548e-06
1.4964000244140625 4.434691654751077e-06
1.4974000244140624 4.0963064626945806e-06
1.4984000244140625 4.652119726718714e-06
1.4994000244140624 5.009910188770542e-06
1.5004000244140625 4.4309093209449205e-06
1.5014000244140624 4.246643366059288e-06
1.5024000244140625 3.974426169103633e-06
1.5034000244140624 5.810926280294856e-06
1.5044000244140625 3.423450398258865e-06
1.5054000244140624 5.534554948098957e-06
1.5064000244140625 3.334920620545745e-06
1.5074000244140624 3.848574900378784e-06
1.5084000244140625 5.663513632801672e-06
1.5094000244140624 4.550488665699959e-06
1.5104000244140625 4.941277535787473e-06
1.5114000244140624 5.056023267873874e-06
1.5124000244140625 3.924336924683303e-06
1.5134000244140624 3.841769794235006e-06
1.5144000244140625 3.933749248972163e-06
1.5154000244140624 5.383614334277808e-06
1.5164000244140625 4.053454467793927e-06
1.5174000244140624 3.628906367036204e-06
1.5184000244140625 5.0674530211836096e-06
1.5194000244140624 3.5457445968252915e-06
1.5204000244140625 4.105402428346376e-06
1.5214000244140624 4.781615765144427e-06
1.5224000244140625 3.972942261801411e-06
1.5234000244140624 5.346230755094439e-06
1.5244000244140625 3.7437238885710638e-06
1.5254000244140624 5.159470019862056e-06
1.5264000244140625 3.601405041990802e-06
1.5274000244140624 3.6936780088581144e-06
1.5284000244140625 4.490669768226023e-06
1.5294000244140624 5.42966901169469e-06
1.5304000244140625 4.361795824176321e-06
1.5314000244140624 3.3385315812968956e-06
1.5324000244140625 5.765372576812903e-06
1.5334000244140624 4.890446919792643e-06
1.5344000244140625 3.330740473757032e-06
1.5354000244140624 5.5824709124863145e-06
1.5364000244140625 4.176751875396197e-06
1.5374000244140624 5.595475280036529e-06
1.5384000244140625 3.91211729341497e-06
1.5394000244140624 4.157752991886809e-06
1.5404000244140625 5.463372799567878e-06
1.5414000244140624 5.013176317637165e-06
1.5424000244140625 6.0598818042005095e-06
1.5434000244140624 4.419793840497732e-06
1.5444000244140625 3.832648750782634e-06
1.5454000244140624 3.781575699880098e-06
1.5464000244140625 5.426725062231223e-06
1.5474000244140624 5.179869767744094e-06
1.5484000244140625 4.28886036388576e-06
1.5494000244140624 3.071913282231738e-06
1.5504000244140625 5.800824534768859e-06
1.5514000244140624 4.5110199910899006e-06
1.5524000244140626 3.936675687630971e-06
1.5534000244140624 4.27627067741317e-06
1.5544000244140626 4.924223370229205e-06
1.5554000244140624 4.09804541656437e-06
1.5564000244140626 5.54098233502979e-06
1.5574000244140624 5.592847107133517e-06
1.5584000244140626 5.404688126873225e-06
1.5594000244140624 5.0162216454433896e-06
1.5604000244140626 5.609597137663514e-06
1.5614000244140624 4.797035265558709e-06
1.5624000244140626 6.371239045013985e-06
1.5634000244140625 5.561865691561252e-06
1.5644000244140626 5.800985090900212e-06
1.5654000244140625 4.434693643512825e-06
1.5664000244140626 5.164419999346137e-06
1.5674000244140625 5.159150556816409e-06
1.5684000244140626 3.232565674503955e-06
1.5694000244140625 5.451258233127495e-06
1.5704000244140626 4.3032559915445745e-06
1.5714000244140625 3.5397486014214037e-06
1.5724000244140626 5.099638365209102e-06
1.5734000244140625 3.9748557416411736e-06
1.5744000244140626 4.5501695907053846e-06
1.5754000244140625 4.651987692341208e-06
1.5764000244140626 6.3894905421572425e-06
1.5774000244140625 4.562619724310935e-06
1.5784000244140626 5.175398934322099e-06
1.5794000244140625 4.777163946224997e-06
1.5804000244140626 3.578522349319731e-06
1.5814000244140625 5.6316436772855614e-06
1.5824000244140626 5.880308356912186e-06
1.5834000244140625 4.325575137045235e-06
1.5844000244140626 5.045098757060865e-06
1.5854000244140625 5.541511345654726e-06
1.5864000244140626 4.19114299196129e-06
1.5874000244140625 5.678896947453419e-06
1.5884000244140626 5.568085859219233e-06
1.5894000244140625 4.902588989352807e-06
1.5904000244140626 4.541643526560317e-06
1.5914000244140625 6.241634643326203e-06
1.5924000244140626 4.337204639644673e-06
1.5934000244140625 4.875252683026095e-06
1.5944000244140626 4.293120679600785e-06
1.5954000244140625 7.337785112516334e-06
1.5964000244140626 4.752499905104439e-06
1.5974000244140625 4.639468970708549e-06
1.5984000244140626 5.567769597594937e-06
1.5994000244140625 6.080835689014444e-06
1.6004000244140626 6.403386554059883e-06
1.6014000244140625 5.141347064636648e-06
1.6024000244140626 5.5215394240804015e-06
1.6034000244140625 4.755776608362794e-06
1.6044000244140626 5.47753336528937e-06
1.6054000244140625 7.921377934205035e-06
1.6064000244140626 5.633791831011573e-06
1.6074000244140625 6.437844810231278e-06
1.6084000244140626 5.233472038526088e-06
1.6094000244140625 5.955103357943396e-06
1.6104000244140626 3.918590664397925e-06
1.6114000244140625 8.157531071143845e-06
1.6124000244140626 6.4606646386285625e-06
1.6134000244140625 5.052926426287741e-06
1.6144000244140626 5.716002585055927e-06
1.6154000244140625 4.830014368053526e-06
1.6164000244140626 5.203072602550188e-06
1.6174000244140625 5.006218464889875e-06
1.6184000244140626 4.932364293684562e-06
1.6194000244140625 5.775050473554681e-06
1.6204000244140624 4.921870228524009e-06
1.6214000244140625 4.324037678694974e-06
1.6224000244140624 4.827898519579321e-06
1.6234000244140625 5.620209267362953e-06
1.6244000244140624 5.08376028543959e-06
1.6254000244140625 5.506198989072194e-06
1.6264000244140624 6.1430265001642205e-06
1.6274000244140625 4.456816338157902e-06
1.6284000244140624 4.534195274269829e-06
1.6294000244140625 3.2998693010692177e-06
1.6304000244140624 4.415731333817045e-06
1.6314000244140625 3.70407307248873e-06
1.6324000244140624 4.503410067021226e-06
1.6334000244140625 4.582834614363189e-06
1.6344000244140624 2.3478193088521947e-06
1.6354000244140625 5.0063123732494806e-06
1.6364000244140624 5.93038663888971e-06
1.6374000244140625 5.587088429213812e-06
1.6384000244140624 4.851963021792471e-06
1.6394000244140625 4.85224329167977e-06
1.6404000244140624 5.535136248605946e-06
1.6414000244140625 5.484111122010896e-06
1.6424000244140624 6.892505916766823e-06
1.6434000244140625 5.425866887283822e-06
1.6444000244140624 6.035277813983461e-06
1.6454000244140625 5.624152351325998e-06
1.6464000244140624 3.5768767217329395e-06
1.6474000244140625 7.1698693015302215e-06
1.6484000244140624 6.209754986533274e-06
1.6494000244140625 3.4976260455247637e-06
1.6504000244140624 5.151423780868451e-06
1.6514000244140625 6.7895456838111075e-06
1.6524000244140624 3.912200627382845e-06
1.6534000244140625 5.262549481509874e-06
1.6544000244140624 6.588424633567533e-06
1.6554000244140625 5.202032528662434e-06
1.6564000244140624 6.268837508590271e-06
1.6574000244140625 4.518407998451342e-06
1.6584000244140624 6.194806968172392e-06
1.6594000244140625 5.269111425150186e-06
1.6604000244140624 6.272459480290612e-06
1.6614000244140625 6.822283127500365e-06
1.6624000244140624 5.65179594559595e-06
1.6634000244140625 7.131356202686826e-06
1.6644000244140624 7.0775276981294155e-06
1.6654000244140625 5.563454275640348e-06
1.6664000244140624 4.471637803362682e-06
1.6674000244140625 5.908501916565001e-06
1.6684000244140624 6.982085663670054e-06
1.6694000244140625 6.84545647042493e-06
1.6704000244140624 5.845973403969159e-06
1.6714000244140625 5.901660285114e-06
1.6724000244140624 4.7554154298268255e-06
1.6734000244140625 5.704727567111453e-06
1.6744000244140624 7.216473944329967e-06
1.6754000244140625 5.481513314104328e-06
1.6764000244140624 7.183332539473971e-06
1.6774000244140626 5.825287953484803e-06
1.6784000244140624 7.468359059809396e-06
1.6794000244140626 8.818339362430075e-06
1.6804000244140624 5.39745160494931e-06
1.6814000244140626 5.267166949730987e-06
1.6824000244140624 7.055397727526724e-06
1.6834000244140626 8.528307662345469e-06
1.6844000244140624 5.10409168782644e-06
1.6854000244140626 7.477750962910553e-06
1.6864000244140624 8.080698801980664e-06
1.6874000244140626 6.707000720780343e-06
1.6884000244140625 6.967394302034672e-06
1.6894000244140626 9.373879487005374e-06
1.6904000244140625 7.417964225169271e-06
1.6914000244140626 1.0339707368984819e-05
1.6924000244140625 8.637490003214528e-06
1.6934000244140626 7.456437451764941e-06
1.6944000244140625 8.714139209284137e-06
1.6954000244140626 8.452219966178139e-06
1.6964000244140625 6.893931301116632e-06
1.6974000244140626 8.6125965268972e-06
1.6984000244140625 7.289025137045731e-06
1.6994000244140626 8.65871833714967e-06
1.7004000244140625 1.0353975230827928e-05
1.7014000244140626 8.610847289673985e-06
1.7024000244140625 9.333162743132562e-06
1.7034000244140626 6.609406361045937e-06
1.7044000244140625 8.100489794742317e-06
1.7054000244140626 7.889638266836604e-06
1.7064000244140625 9.638217937511702e-06
1.7074000244140626 7.242963523215925e-06
1.7084000244140625 9.102588907505074e-06
1.7094000244140626 7.2623604016068076e-06
1.7104000244140625 8.547093505815913e-06
1.7114000244140626 8.382074108036855e-06
1.7124000244140625 9.598129351312915e-06
1.7134000244140626 8.885344335188469e-06
1.7144000244140625 1.0313135959828895e-05
1.7154000244140626 8.720113740613063e-06
1.7164000244140625 1.0362426983192564e-05
1.7174000244140626 7.395945528211693e-06
1.7184000244140625 7.761479840458682e-06
1.7194000244140626 8.836979783761004e-06
1.7204000244140625 8.431534030629943e-06
1.7214000244140626 8.617498679086566e-06
1.7224000244140625 8.079603236789505e-06
1.7234000244140626 7.978193170856685e-06
1.7244000244140625 1.05571118183434e-05
1.7254000244140626 9.491406381130218e-06
1.7264000244140625 9.813982372482617e-06
1.7274000244140626 7.576909071455399e-06
1.7284000244140625 8.781703266625603e-06
1.7294000244140626 8.652720522756377e-06
1.7304000244140625 9.289300845315059e-06
1.7314000244140626 9.320554381702095e-06
1.7324000244140625 9.021398921807607e-06
1.7334000244140626 6.640674303829049e-06
1.7344000244140625 6.984241869455824e-06
1.7354000244140626 8.352986381699642e-06
1.7364000244140625 6.411388894775882e-06
1.7374000244140626 9.378912897470097e-06
1.7384000244140625 7.428309036185965e-06
1.7394000244140626 8.564720628783107e-06
1.7404000244140625 7.05281796399504e-06
1.7414000244140626 6.481052453940114e-06
1.7424000244140625 8.91250577600052e-06
1.7434000244140626 8.019672192555541e-06
1.7444000244140625 9.88293574967732e-06
1.7454000244140624 4.887062532361597e-06
1.7464000244140625 6.95441810724636e-06
1.7474000244140624 7.592115822869042e-06
1.7484000244140625 6.302800417567293e-06
1.7494000244140624 6.716530673050633e-06
1.7504000244140625 7.754280037867526e-06
1.7514000244140624 8.240445555808644e-06
1.7524000244140625 7.620026493289818e-06
1.7534000244140624 7.73240850927929e-06
1.7544000244140625 8.443272478568056e-06
1.7554000244140624 8.933192390638093e-06
1.7564000244140625 8.144811630093803e-06
1.7574000244140624 8.46836599521339e-06
1.7584000244140625 8.326687578422329e-06
1.7594000244140624 9.418156696483494e-06
1.7604000244140625 9.562546232094367e-06
1.7614000244140624 7.446674862876534e-06
1.7624000244140625 8.270475858201583e-06
1.7634000244140624 1.072792976628989e-05
1.7644000244140625 8.241729568302011e-06
1.7654000244140624 8.131398838789513e-06
1.7664000244140625 8.457537138989815e-06
1.7674000244140624 1.0112868233894308e-05
1.7684000244140625 1.1060531348145258e-05
1.7694000244140624 1.099351968150586e-05
1.7704000244140625 9.955715601487708e-06
1.7714000244140624 9.28851067631816e-06
1.7724000244140625 9.081954776775093e-06
1.7734000244140624 1.1362334965573002e-05
1.7744000244140625 8.104476873995737e-06
1.7754000244140624 8.405722037423401e-06
1.7764000244140625 9.897693040935945e-06
1.7774000244140624 1.134929460628579e-05
1.7784000244140625 9.562739966592441e-06
1.7794000244140624 1.0712114356768628e-05
1.7804000244140625 8.539082385444393e-06
1.7814000244140624 1.12482348534589e-05
1.7824000244140625 8.781765160771707e-06
1.7834000244140624 1.3169980181070666e-05
1.7844000244140625 5.971396031225022e-06
1.7854000244140624 9.500130642360696e-06
1.7864000244140625 1.1061276503217717e-05
1.7874000244140624 8.800842624623329e-06
1.7884000244140625 1.3467588578350842e-05
1.7894000244140624 9.26124727508674e-06
1.7904000244140625 1.1384498793631793e-05
1.7914000244140624 1.1412160820327699e-05
1.7924000244140625 8.671064279042184e-06
1.7934000244140624 1.1785692574145894e-05
1.7944000244140625 6.319068003601084e-06
1.7954000244140624 8.768262147593e-06
1.7964000244140625 1.048911886755377e-05
1.7974000244140624 1.1421129068670173e-05
1.7984000244140625 9.18024122559776e-06
1.7994000244140624 6.206861095658193e-06
1.8004000244140625 9.800904372241348e-06
1.8014000244140624 7.735755837832889e-06
1.8024000244140626 8.5196519891421e-06
1.8034000244140624 6.0249147160599624e-06
1.8044000244140626 6.495161311856161e-06
1.8054000244140624 9.437955838317671e-06
1.8064000244140626 7.976502044281611e-06
1.8074000244140624 8.419654332101345e-06
1.8084000244140626 8.640594702834883e-06
1.8094000244140624 8.562134850459794e-06
1.8104000244140626 8.108526817522943e-06
1.8114000244140624 1.0111025185324251e-05
1.8124000244140626 8.242372811461488e-06
1.8134000244140625 6.36351634360229e-06
1.8144000244140626 1.1195333208888768e-05
1.8154000244140625 7.446944170321027e-06
1.8164000244140626 7.53100864433994e-06
1.8174000244140625 7.2936768022676316e-06
1.8184000244140626 6.702964116508762e-06
1.8194000244140625 6.779308314435184e-06
1.8204000244140626 8.102216816041618e-06
1.8214000244140625 7.4084080794515705e-06
1.8224000244140626 7.106479800616702e-06
1.8234000244140625 8.621583692729473e-06
1.8244000244140626 7.078281293312708e-06
1.8254000244140625 6.2581094001264625e-06
1.8264000244140626 9.231374715454876e-06
1.8274000244140625 8.126211469061673e-06
1.8284000244140626 7.815994419312725e-06
1.8294000244140625 7.995497629356881e-06
1.8304000244140626 6.681746114433432e-06
1.8314000244140625 6.231625011423603e-06
1.8324000244140626 1.0965473096196849e-05
1.8334000244140625 8.771468225556115e-06
1.8344000244140626 1.083172159269452e-05
1.8354000244140625 1.1310858341554801e-05
1.8364000244140626 9.687896817922591e-06
1.8374000244140625 1.2995197127262752e-05
1.8384000244140626 1.0450978491765757e-05
1.8394000244140625 9.22636225974808e-06
1.8404000244140626 1.0717362359476586e-05
1.8414000244140625 8.476511963332693e-06
1.8424000244140626 1.0506167891435325e-05
1.8434000244140625 9.321809726922461e-06
1.8444000244140626 1.0245045414194465e-05
1.8454000244140625 1.145065335246424e-05
1.8464000244140626 6.702669973795613e-06
1.8474000244140625 1.069525353765736e-05
1.8484000244140626 9.64550805899004e-06
1.8494000244140625 9.227771079167723e-06
1.8504000244140626 1.0209873047036429e-05
1.8514000244140625 1.0051175001232575e-05
1.8524000244140626 9.70484766488274e-06
1.8534000244140625 1.1219835917775829e-05
1.8544000244140626 1.2032652545409898e-05
1.8554000244140625 1.0051593223276238e-05
1.8564000244140626 1.0188186618809898e-05
1.8574000244140625 8.258794938835005e-06
1.8584000244140626 5.67496164876502e-06
1.8594000244140625 1.060797037401547e-05
1.8604000244140626 5.015978349547367e-06
1.8614000244140625 1.0137293526592355e-05
1.8624000244140626 1.1565674406786759e-05
1.8634000244140625 8.599334978498519e-06
1.8644000244140626 1.3255105586722494e-05
1.8654000244140625 1.2793255737051367e-05
1.8664000244140626 1.1639742491145928e-05
1.8674000244140625 8.294323100320374e-06
1.8684000244140626 9.824422692569595e-06
1.8694000244140625 1.2588944324913125e-05
1.8704000244140624 8.997004673195382e-06
1.8714000244140625 6.397053851590803e-06
1.8724000244140624 9.036127982350688e-06
1.8734000244140625 5.343875964172184e-06
1.8744000244140624 1.1751203758952517e-05
1.8754000244140625 7.022240423187517e-06
1.8764000244140624 7.339081469884453e-06
1.8774000244140625 7.133096805773675e-06
1.8784000244140624 1.3944259844720363e-05
1.8794000244140625 1.481621467974037e-05
1.8804000244140624 8.278040622826666e-06
1.8814000244140625 1.2547629691349965e-05
1.8824000244140624 1.1875086347572505e-05
1.8834000244140625 1.3728036816852789e-05
1.8844000244140624 1.6737509286031125e-05
1.8854000244140625 1.1599707844046254e-05
1.8864000244140624 1.5840952983126044e-05
1.8874000244140625 1.1452358642903466e-05
1.8884000244140624 1.2791551610765357e-05
1.8894000244140625 1.3980532724720736e-05
1.8904000244140624 1.3778387801721692e-05
1.8914000244140625 1.3800020872925718e-05
1.8924000244140624 1.352689869236201e-05
1.8934000244140625 1.2037828758669396e-05
1.8944000244140624 1.6934019901479286e-05
1.8954000244140625 1.4385911248003443e-05
1.8964000244140624 1.1058209541564186e-05
1.8974000244140625 1.1670578193540375e-05
1.8984000244140624 1.0033637324037653e-05
1.8994000244140625 1.3359224734206993e-05
1.9004000244140624 1.0730319772846996e-05
1.9014000244140625 1.1247329142255086e-05
1.9024000244140624 7.512276797922249e-06
1.9034000244140625 6.852335451791683e-06
1.9044000244140624 1.1822560724491876e-05
1.9054000244140625 1.243921307226022e-05
1.9064000244140624 8.630363542276124e-06
1.9074000244140625 1.1846186437954504e-05
1.9084000244140624 5.516192565361658e-06
1.9094000244140625 8.405183131496111e-06
1.9104000244140624 1.0568253152693311e-05
1.9114000244140625 6.033409736119211e-06
1.9124000244140624 6.004519721803566e-06
1.9134000244140625 6.948793889023363e-06
1.9144000244140624 7.5115410436410455e-06
1.9154000244140625 3.882067006391784e-06
1.9164000244140624 7.349818479269743e-06
1.9174000244140625 3.921841271221638e-06
1.9184000244140624 7.918948152412972e-06
1.9194000244140625 1.1927854114522536e-05
1.9204000244140624 6.640168624774863e-06
1.9214000244140625 2.2017318163610374e-06
1.9224000244140624 7.75810757962366e-06
1.9234000244140625 1.0848811749989789e-05
1.9244000244140624 9.636521960298219e-06
1.9254000244140625 4.528936018080761e-06
1.9264000244140624 2.8246947234341254e-06
1.9274000244140626 7.4136078668137395e-06
1.9284000244140624 5.175709423686688e-06
1.9294000244140626 8.220867797111472e-06
1.9304000244140624 4.327718343120068e-06
1.9314000244140626 7.397533239175876e-06
1.9324000244140624 7.873055486318967e-06
1.9334000244140626 5.481717622994135e-06
1.9344000244140624 9.455329272896052e-06
1.9354000244140626 9.06595882649223e-06
1.9364000244140624 7.172647844223926e-06
1.9374000244140626 8.82871817642202e-06
1.9384000244140625 1.3648732953394454e-05
1.9394000244140626 6.9298839662224054e-06
1.9404000244140625 7.839365668284397e-06
1.9414000244140626 5.1757667097263035e-06
1.9424000244140625 9.2715952390184e-06
1.9434000244140626 9.443076560273767e-06
1.9444000244140625 5.9947128950928656e-06
1.9454000244140626 1.2228140064204733e-05
1.9464000244140625 9.34544523867468e-06
1.9474000244140626 1.2426129930342238e-05
1.9484000244140625 8.172838521810869e-06
1.9494000244140626 7.102089390779535e-06
1.9504000244140625 5.796869930539591e-06
1.9514000244140626 8.504112677959104e-06
1.9524000244140625 6.615863045832763e-06
1.9534000244140626 7.591234946933886e-06
1.9544000244140625 6.955181888770312e-06
1.9554000244140626 7.390042204254618e-06
1.9564000244140625 1.0909383418038487e-05
1.9574000244140626 6.305310331905881e-06
1.9584000244140625 1.0393103196596105e-05
1.9594000244140626 1.1331788264214993e-05
1.9604000244140625 1.2303296631822984e-05
1.9614000244140626 9.126617514993995e-06
1.9624000244140625 3.050716914003715e-06
1.9634000244140626 4.629189400778462e-06
1.9644000244140625 9.185019880533219e-06
1.9654000244140626 9.622758176798621e-06
1.9664000244140625 8.054208980562785e-06
1.9674000244140626 7.455981879805525e-06
1.9684000244140625 8.559475924509267e-06
1.9694000244140626 8.004289120435716e-06
1.9704000244140625 9.095699060708285e-06
1.9714000244140626 6.441454073258986e-06
1.9724000244140625 4.78074565762654e-06
1.9734000244140626 1.0317691679423053e-05
1.9744000244140625 1.612666645087302e-05
1.9754000244140626 9.17661061976105e-06
1.9764000244140625 9.436468632581333e-06
1.9774000244140626 5.684108376347771e-06
1.9784000244140625 1.0424672703569133e-05
1.9794000244140626 1.1937816937764486e-05
1.9804000244140625 7.28553820711871e-06
1.9814000244140626 1.1266407479221623e-05
1.9824000244140625 1.0815039665127794e-05
1.9834000244140626 1.3645343327273924e-05
1.9844000244140625 1.0501925717107951e-05
1.9854000244140626 6.0770391913441325e-06
1.9864000244140625 1.4252856684227784e-05
1.9874000244140626 7.562716879571477e-06
1.9884000244140625 7.687926990911364e-06
1.9894000244140626 1.0020306799560785e-05
1.9904000244140625 8.181916200555861e-06
1.9914000244140626 4.916055089173218e-06
1.9924000244140625 8.960948325693608e-06
1.9934000244140626 8.333627289781967e-06
1.9944000244140625 6.019389353847751e-06
1.9954000244140624 1.1668702742705743e-05
1.9964000244140625 7.672708597965539e-06
1.9974000244140624 8.792224883412322e-06
1.9984000244140625 1.2992866492519776e-05
1.9994000244140624 1.4196637008960048e-05
2.0004000244140623 7.440082845278084e-06
2.0014000244140626 9.782361836793523e-06
2.0024000244140625 1.547687298928698e-05
2.0034000244140624 8.796389059474072e-06
2.0044000244140623 8.527763226690391e-06
2.0054000244140626 6.854317325633019e-06
2.0064000244140625 1.045135878181706e-05
2.0074000244140624 7.799691132580241e-06
2.0084000244140623 7.6002484032263365e-06
2.0094000244140626 8.446934322516123e-06
2.0104000244140625 8.518158186537525e-06
2.0114000244140624 1.1690152847828966e-05
2.0124000244140623 9.401374263688922e-06
2.0134000244140626 4.125821627288436e-06
2.0144000244140625 9.131628127458195e-06
2.0154000244140624 9.743240079842508e-06
2.0164000244140623 1.055667254452904e-05
2.0174000244140626 1.2895392331605156e-05
2.0184000244140625 1.368590669396023e-05
2.0194000244140624 9.588648099452257e-06
2.0204000244140623 7.565512156967694e-06
2.0214000244140626 5.283132971574863e-06
2.0224000244140625 7.451489412536224e-06
2.0234000244140624 9.497174178250134e-06
2.0244000244140623 7.553877270159622e-06
2.0254000244140626 1.2085203003759185e-05
2.0264000244140625 1.0702473033840458e-05
2.0274000244140624 7.65686680097133e-06
2.0284000244140623 9.449414792470634e-06
2.0294000244140626 1.0335540282540024e-05
2.0304000244140625 1.4142460034539301e-05
2.0314000244140624 4.242014353318761e-06
2.0324000244140623 1.574644314435621e-05
2.0334000244140626 1.8595040310174226e-05
2.0344000244140625 1.0073076118715108e-05
2.0354000244140624 1.0805882047861815e-05
2.0364000244140623 1.0009350953623652e-05
2.0374000244140626 1.377168615969519e-05
2.0384000244140625 1.0805394655714434e-05
2.0394000244140624 7.471279726208498e-06
2.0404000244140623 1.1494001761699717e-05
2.0414000244140627 9.988090217423935e-06
2.0424000244140625 7.0255833755557735e-06
2.0434000244140624 8.763131336309016e-06
2.0444000244140623 1.5528536944960555e-05
2.0454000244140627 1.0233931631470721e-05
2.0464000244140625 6.85929375054369e-06
2.0474000244140624 1.1203822020130854e-05
2.04839990234375 1.4711060017968218e-05
2.04939990234375 1.2270744191482663e-05
2.05039990234375 1.5379033284261824e-05
2.05139990234375 8.81063713071247e-06
2.05239990234375 1.337674989675482e-05
2.05339990234375 8.085481822490692e-06
2.05439990234375 1.2622768020567794e-05
2.05539990234375 1.0647856203528742e-05
2.05639990234375 1.1198826444645722e-05
2.05739990234375 1.1773487591805558e-05
2.05839990234375 1.5121966522807877e-05
2.05939990234375 1.4600900079434116e-05
2.06039990234375 2.012933682029446e-05
2.06139990234375 1.69637364645799e-05
2.06239990234375 1.5647779994954663e-05
2.06339990234375 2.7492053341120482e-05
2.06439990234375 2.2884152519206205e-05
2.06539990234375 2.2437566658481957e-05
2.06639990234375 2.653854355836908e-05
2.06739990234375 3.0253600173940263e-05
2.06839990234375 3.2468702799330154e-05
2.06939990234375 3.812201631565889e-05
2.07039990234375 3.4758280186603467e-05
2.07139990234375 4.771011571089427e-05
2.07239990234375 5.503988669564326e-05
2.07339990234375 7.555233625074227e-05
2.07439990234375 8.246268145740033e-05
2.07539990234375 9.52242532124122e-05
2.07639990234375 0.0001199143659323454
2.07739990234375 0.0001457135658711195
2.07839990234375 0.0001931607040266196
2.07939990234375 0.00025014106184244154
2.08039990234375 0.0003370576351881027
2.08139990234375 0.0004404409353931745
2.08239990234375 0.0005952956403295199
2.08339990234375 0.0008353531608978908
2.08439990234375 0.0011716879904270171
2.08539990234375 0.0017006993293762207
2.08639990234375 0.0024933246771494545
2.08739990234375 0.003827967345714569
2.08839990234375 0.0058313645919164025
2.08939990234375 0.008994283278783162
2.09039990234375 0.014104883273442585
2.09139990234375 0.0211047633488973
2.09239990234375 0.031014092763264976
2.09339990234375 0.044005277951558425
2.09439990234375 0.05967464288075765
2.09539990234375 0.0785036039352417
2.09639990234375 0.10056131998697916
2.09739990234375 0.12468226750691733
2.09839990234375 0.14688316345214844
2.09939990234375 0.16612485885620118
2.10039990234375 0.18264596303304034
2.10139990234375 0.20087783813476562
2.10239990234375 0.22410009384155274
2.10339990234375 0.25214063008626303
2.10439990234375 0.2816262372334798
2.10539990234375 0.32027453104654946
2.10639990234375 0.36363722483317057
2.10739990234375 0.4162152735392252
2.10839990234375 0.4693169657389323
2.10939990234375 0.543074696858724
2.11039990234375 0.6150072097778321
2.11139990234375 0.6901419576009115
2.11239990234375 0.7659153238932292
2.11339990234375 0.8268542989095051
2.11439990234375 0.8817688496907552
2.11539990234375 0.9162296040852864
2.11639990234375 0.9389064534505208
2.11739990234375 0.9633099619547526
2.11839990234375 0.9644190216064453
2.11939990234375 0.9678273264567058
2.12039990234375 0.9703080240885417
2.12139990234375 0.9614797973632813
2.12239990234375 0.9653145345052083
2.12339990234375 0.9612624613444011
2.12439990234375 0.9512713114420573
2.12539990234375 0.936311264038086
2.12639990234375 0.913643290201823
2.12739990234375 0.8773996988932292
2.12839990234375 0.824019775390625
2.12939990234375 0.7601322174072266
2.13039990234375 0.6891405487060547
2.13139990234375 0.6155077997843424
2.13239990234375 0.538487663269043
2.13339990234375 0.4716831715901693
2.13439990234375 0.40588682810465493
2.13539990234375 0.3480506261189779
2.13639990234375 0.30276819864908855
2.13739990234375 0.261878604888916
2.13839990234375 0.22904809951782226
2.13939990234375 0.20021383285522462
2.14039990234375 0.1741439946492513
2.14139990234375 0.14878106435139973
2.14239990234375 0.12475029945373535
2.14339990234375 0.10433880170186362
2.14439990234375 0.08471815427144369
2.14539990234375 0.06850581169128418
2.14639990234375 0.054212187131245926
2.14739990234375 0.041490942637125654
2.14839990234375 0.03133512020111084
2.14939990234375 0.023009716669718423
2.15039990234375 0.016217250029246014
2.15139990234375 0.011067156394322713
2.15239990234375 0.007456431984901428
2.15339990234375 0.0048700299859046935
2.15439990234375 0.0032090229789416
2.15539990234375 0.0021577686071395873
2.15639990234375 0.00146426131327947
2.15739990234375 0.0010150983929634095
2.15839990234375 0.000735957995057106
2.15939990234375 0.0005304962024092674
2.16039990234375 0.00040157066037257516
2.16139990234375 0.0003002780924240748
2.16239990234375 0.00023151410122712452
2.16339990234375 0.00018027523532509804
2.16439990234375 0.00013891210158665975
2.16539990234375 0.00010917368344962597
2.16639990234375 8.868013508617879e-05
2.16739990234375 7.296087220311165e-05
2.16839990234375 6.267345665643612e-05
2.16939990234375 5.485632301618655e-05
2.17039990234375 5.037003041555484e-05
2.17139990234375 3.510142986973127e-05
2.17239990234375 3.628854950269063e-05
2.17339990234375 3.5236366093158724e-05
2.17439990234375 2.7089233820637068e-05
2.17539990234375 2.3290259608378013e-05
2.17639990234375 2.0458044018596412e-05
2.17739990234375 1.999399314324061e-05
2.17839990234375 1.9220086590697366e-05
2.17939990234375 1.6203346895053983e-05
2.18039990234375 1.9990717216084398e-05
2.18139990234375 1.9482486338044205e-05
2.18239990234375 1.2791825574822725e-05
2.18339990234375 2.3320312611758708e-05
2.18439990234375 1.9701410395403706e-05
2.18539990234375 1.482742993781964e-05
2.18639990234375 2.4601162876933814e-05
2.18739990234375 1.3806930122276147e-05
2.18839990234375 1.4575703147177894e-05
2.18939990234375 2.0859960156182448e-05
2.19039990234375 1.4657563297078013e-05
2.19139990234375 2.085286658257246e-05
2.19239990234375 1.6026646674921113e-05
2.19339990234375 1.9635240314528345e-05
2.19439990234375 1.7502189924319584e-05
2.19539990234375 7.256699803595742e-06
2.19639990234375 1.0843669103148084e-05
2.19739990234375 2.1712189385046563e-05
2.19839990234375 2.101810028155645e-05
2.19939990234375 1.7803563581158716e-05
2.20039990234375 7.137401068272689e-06
2.20139990234375 2.818151687582334e-05
2.20239990234375 1.792770305958887e-05
2.20339990234375 1.8411609732235473e-05
2.20439990234375 2.2437096728632847e-05
2.20539990234375 1.3611319591291249e-05
2.20639990234375 1.4900459985559184e-05
2.20739990234375 1.767134953600665e-05
2.20839990234375 2.0387643792976936e-05
2.20939990234375 1.049333659466356e-05
2.21039990234375 9.465106813877355e-06
2.21139990234375 1.5372467460110782e-05
2.21239990234375 2.112285311644276e-05
2.21339990234375 1.7519836546853185e-05
2.21439990234375 1.4739146766563255e-05
2.21539990234375 1.665848346116642e-05
2.21639990234375 2.5767992871503034e-05
2.21739990234375 1.603765335554878e-05
2.21839990234375 1.3893866756310065e-05
2.21939990234375 1.5044479708497723e-05
2.22039990234375 2.546293350557486e-05
2.22139990234375 1.6762400045990945e-05
2.22239990234375 1.5422886547942957e-05
2.22339990234375 1.3831016840413213e-05
2.22439990234375 1.2738639876867335e-05
2.22539990234375 1.3320738216862083e-05
2.22639990234375 1.4785925159230829e-05
2.22739990234375 1.2714181987879175e-05
2.22839990234375 1.717686653137207e-05
2.22939990234375 2.870350300023953e-05
2.23039990234375 1.6924820374697448e-05
2.23139990234375 2.0147756828616062e-05
2.23239990234375 2.6525406477351985e-05
2.23339990234375 1.6457618136579793e-05
2.23439990234375 1.520548015832901e-05
2.23539990234375 2.1728422725573183e-05
2.23639990234375 1.603643021856745e-05
2.23739990234375 2.258671990906199e-05
2.23839990234375 1.7610266416644055e-05
2.23939990234375 1.6365586780011655e-05
2.24039990234375 6.584797326164941e-06
2.24139990234375 1.2521679842999827e-05
2.24239990234375 1.893733977340162e-05
2.24339990234375 2.2065366307894387e-05
2.24439990234375 2.36594428618749e-05
2.24539990234375 2.3895615401367344e-05
2.24639990234375 1.848270689758162e-05
2.24739990234375 2.3280360037460922e-05
2.24839990234375 6.486379774033324e-06
2.24939990234375 2.3241929399470487e-05
2.25039990234375 1.055021556870391e-05
2.25139990234375 3.474644618108869e-05
2.25239990234375 1.6546060020724932e-05
2.25339990234375 1.3942873726288478e-05
2.25439990234375 3.07227640102307e-05
2.25539990234375 2.4693946664532028e-05
2.25639990234375 1.078815315850079e-05
2.25739990234375 2.4306916554148e-05
2.25839990234375 2.676668926142156e-05
2.25939990234375 2.6475359530498587e-05
2.26039990234375 2.809230703860521e-05
2.26139990234375 2.2118960041552784e-05
2.26239990234375 7.074747215180347e-06
2.26339990234375 1.8829913266624013e-05
2.26439990234375 3.170885999376575e-05
2.26539990234375 2.521039918065071e-05
2.26639990234375 1.9747353702162705e-05
2.26739990234375 1.8849543606241542e-05
2.26839990234375 1.6469726882254082e-05
2.26939990234375 2.209332693989078e-05
2.27039990234375 2.6199803687632085e-05
2.27139990234375 3.0413439963012933e-05
2.27239990234375 2.147412315631906e-05
2.27339990234375 2.0303109971185528e-05
2.27439990234375 1.8232738754401603e-05
2.27539990234375 1.9736646596963206e-05
2.27639990234375 1.1854392165939014e-05
2.27739990234375 1.594251332183679e-05
2.27839990234375 9.251206453579167e-06
2.27939990234375 2.121255655462543e-05
2.28039990234375 1.3500591351961095e-05
2.28139990234375 2.051009020457665e-05
2.28239990234375 1.562338691049566e-05
2.28339990234375 1.9600372761487962e-05
2.28439990234375 2.2331459913402796e-05
2.28539990234375 1.579520331385235e-05
2.28639990234375 1.3044834874259929e-05
2.28739990234375 1.0143975183988612e-05
2.28839990234375 1.3091980557267863e-05
2.28939990234375 1.0794696669715147e-05
2.29039990234375 7.6346006244421e-06
2.29139990234375 1.122167178740104e-05
2.29239990234375 5.281770475752031e-06
2.29339990234375 1.2171953373278182e-05
2.29439990234375 1.3195019758616884e-05
2.29539990234375 1.1944449894751112e-05
2.29639990234375 1.0337095785265166e-05
2.29739990234375 1.3760163371140758e-05
2.29839990234375 1.369448301071922e-05
2.29939990234375 1.0552741975213092e-05
2.30039990234375 1.1694986994067829e-05
2.30139990234375 3.1094400765141472e-06
2.30239990234375 9.342980338260531e-06
2.30339990234375 7.726683688815684e-06
2.30439990234375 9.067198843695224e-06
2.30539990234375 1.5665689716115594e-05
2.30639990234375 1.2380840101589758e-05
2.30739990234375 7.604200315351287e-06
2.30839990234375 1.2233659702663619e-05
2.30939990234375 6.845572691721221e-06
2.31039990234375 7.355761093397935e-06
2.31139990234375 1.0444696915025513e-05
2.31239990234375 6.413417383252332e-06
2.31339990234375 1.0814972144241135e-05
2.31439990234375 9.386556533475718e-06
2.31539990234375 1.139654351087908e-05
2.31639990234375 7.348115808175256e-06
2.31739990234375 6.202383568355193e-06
2.31839990234375 8.572965743951499e-06
2.31939990234375 8.525370697801311e-06
2.32039990234375 9.893147313656907e-06
2.32139990234375 4.691659317662318e-06
2.32239990234375 6.192917353473603e-06
2.32339990234375 9.136554241801302e-06
2.32439990234375 4.743640990151713e-06
2.32539990234375 9.402236513172587e-06
2.32639990234375 7.819174012790123e-06
2.32739990234375 6.380852816315988e-06
2.32839990234375 8.069660204152266e-06
2.32939990234375 7.049874984659254e-06
2.33039990234375 7.1653436558941994e-06
2.33139990234375 7.179303017134468e-06
2.33239990234375 1.098087018666168e-05
2.33339990234375 7.838258558573821e-06
2.33439990234375 4.528121256347124e-06
2.33539990234375 7.0645957021042706e-06
2.33639990234375 9.031663260733088e-06
2.33739990234375 6.991721844921509e-06
2.33839990234375 3.5158669925294818e-06
2.33939990234375 7.6266184138755e-06
2.34039990234375 4.2947656280982e-06
2.34139990234375 6.525862845592201e-06
2.34239990234375 7.954369648359716e-06
2.34339990234375 4.01070467584456e-06
2.34439990234375 6.67790436030676e-06
2.34539990234375 8.738189547633132e-06
2.34639990234375 7.349761920825889e-06
2.34739990234375 4.513227613642812e-06
2.34839990234375 8.463456955117484e-06
2.34939990234375 2.747101631636421e-06
2.35039990234375 8.971113129518925e-06
2.35139990234375 6.104807447021206e-06
2.35239990234375 7.043369308424493e-06
2.35339990234375 7.924989137488107e-06
2.35439990234375 6.35713649292787e-06
2.35539990234375 5.701222980860621e-06
2.35639990234375 3.8647389737889174e-06
2.35739990234375 5.2411155775189396e-06
2.35839990234375 5.771848955191672e-06
2.35939990234375 7.1186147397384045e-06
2.36039990234375 6.500645249616355e-06
2.36139990234375 6.433381252766898e-06
2.36239990234375 7.669469729686777e-06
2.36339990234375 2.137876702666593e-06
2.36439990234375 7.4122207782541714e-06
2.36539990234375 6.232430362918725e-06
2.36639990234375 5.38452120963484e-06
2.36739990234375 4.045773966936394e-06
2.36839990234375 7.906208435694376e-06
2.36939990234375 9.253253228962421e-06
2.37039990234375 8.368380755806961e-06
2.37139990234375 1.1816983266423147e-05
2.37239990234375 7.601773637967804e-06
2.37339990234375 6.22518069576472e-06
2.37439990234375 7.215545435125629e-06
2.37539990234375 4.845660102243225e-06
2.37639990234375 5.710072291549295e-06
2.37739990234375 5.812875945897152e-06
2.37839990234375 1.0597235717189808e-05
2.37939990234375 1.1479828972369432e-05
2.38039990234375 1.161011285148561e-05
2.38139990234375 8.970956938962142e-06
2.38239990234375 6.6707077591369544e-06
2.38339990234375 1.0310037760064006e-05
2.38439990234375 1.0745852681187291e-05
2.38539990234375 4.66926993491749e-06
2.38639990234375 7.624950570364793e-06
2.38739990234375 8.831988476837674e-06
2.38839990234375 1.1888249233985941e-05
2.38939990234375 1.0261871308709186e-05
2.39039990234375 1.0152317699976265e-05
2.39139990234375 1.0899345894965033e-05
2.39239990234375 4.753902030643075e-06
2.39339990234375 1.4587523182854056e-05
2.39439990234375 9.87083971267566e-06
2.39539990234375 9.434415260329842e-06
2.39639990234375 1.0844168912929792e-05
2.39739990234375 1.311684357157598e-05
2.39839990234375 1.21744970480601e-05
2.39939990234375 1.5767276830350357e-05
2.40039990234375 1.0433516193491717e-05
2.40139990234375 1.2586460215970873e-05
2.40239990234375 1.4732556495194633e-05
2.40339990234375 1.3641460100188851e-05
2.40439990234375 1.7046973419686158e-05
2.40539990234375 1.554325494604806e-05
2.40639990234375 1.1905391584150494e-05
2.40739990234375 1.1180295841768383e-05
2.40839990234375 1.2441186505990724e-05
2.40939990234375 1.6999170184135438e-05
2.41039990234375 9.725303583157559e-06
2.41139990234375 1.1533582583069801e-05
2.41239990234375 1.3764184356356662e-05
2.41339990234375 1.2328529652828972e-05
2.41439990234375 1.4006216467047732e-05
2.41539990234375 1.9147230389838417e-05
2.41639990234375 1.2011663250935573e-05
2.41739990234375 1.3103574553194146e-05
2.41839990234375 5.459513049572706e-06
2.41939990234375 1.5364743303507568e-05
2.42039990234375 9.465788801511129e-06
2.42139990234375 9.99660308783253e-06
2.42239990234375 1.2943817224974434e-05
2.42339990234375 1.0309712573265034e-05
2.42439990234375 1.3733241939917206e-05
2.42539990234375 1.5818550406644744e-05
2.42639990234375 1.6979713303347427e-05
2.42739990234375 1.451877198026826e-05
2.42839990234375 1.3593504166541e-05
2.42939990234375 1.0841540643014014e-05
2.43039990234375 1.615746334816019e-05
2.43139990234375 1.6657479961092273e-05
2.43239990234375 1.193813921418041e-05
2.43339990234375 1.4667699191098411e-05
2.43439990234375 1.6982813055316606e-05
2.43539990234375 1.5129699992636841e-05
2.43639990234375 8.928948470080892e-06
2.43739990234375 9.008702278758088e-06
2.43839990234375 1.73818525703003e-05
2.43939990234375 1.9562503633399806e-05
2.44039990234375 1.0175991337746382e-05
2.44139990234375 1.7395740142092108e-05
2.44239990234375 1.5543897752650082e-05
2.44339990234375 1.2422403863941629e-05
2.44439990234375 2.1876860021923982e-05
2.44539990234375 1.8133593645567695e-05
2.44639990234375 2.085058639446894e-05
2.44739990234375 1.334915674912433e-05
2.44839990234375 1.697729613321523e-05
2.44939990234375 1.7145456513389946e-05
2.45039990234375 2.530139327670137e-05
2.45139990234375 1.0976274885858099e-05
2.45239990234375 1.7524083571818967e-05
2.45339990234375 1.569267672797044e-05
2.45439990234375 1.4116392606714119e-05
2.45539990234375 2.014737964297334e-05
2.45639990234375 1.3109391050723691e-05
2.45739990234375 2.3233096192901334e-05
2.45839990234375 1.6993509683137138e-05
2.45939990234375 2.03785994866242e-05
2.46039990234375 1.8730086352055272e-05
2.46139990234375 1.616554392967373e-05
2.46239990234375 1.9280743241931e-05
2.46339990234375 1.7228693468496204e-05
2.46439990234375 1.552983148333927e-05
2.46539990234375 1.24871835578233e-05
2.46639990234375 1.4389843369523685e-05
2.46739990234375 1.7296090178812543e-05
2.46839990234375 1.6977433503294985e-05
2.46939990234375 1.3317919801920652e-05
2.47039990234375 1.6104720222453278e-05
2.47139990234375 2.255260633925597e-05
2.47239990234375 1.1338200032090147e-05
2.47339990234375 1.7697653577973443e-05
2.47439990234375 9.403046918778912e-06
2.47539990234375 9.491269399101535e-06
2.47639990234375 7.072075274712949e-06
2.47739990234375 2.7331092860549687e-05
2.47839990234375 2.9224369985361894e-05
2.47939990234375 1.252042512836245e-05
2.48039990234375 2.4438523299371204e-05
2.48139990234375 2.240482446116706e-05
2.48239990234375 1.9523843269174296e-05
2.48339990234375 7.437138507763545e-06
2.48439990234375 2.1663469960913063e-05
2.48539990234375 1.5533796783226232e-05
2.48639990234375 2.3022469443579517e-05
2.48739990234375 2.2024677600711585e-05
2.48839990234375 2.673827654992541e-05
2.48939990234375 1.573927739324669e-05
2.49039990234375 1.5021296373258035e-05
2.49139990234375 2.507670937726895e-05
2.49239990234375 3.2270486311366164e-05
2.49339990234375 2.3637563766290745e-05
2.49439990234375 7.5519441546815595e-06
2.49539990234375 3.574997341881196e-05
2.49639990234375 2.19246760631601e-05
2.49739990234375 2.403322335643073e-05
2.49839990234375 2.322742637867729e-05
2.49939990234375 2.6551866127798955e-05
2.50039990234375 2.7745660239209733e-05
2.50139990234375 2.090922983673712e-05
2.50239990234375 2.72169002952675e-05
2.50339990234375 3.2418989576399326e-05
2.50439990234375 1.8560186726972462e-05
2.50539990234375 2.750656334683299e-05
2.50639990234375 2.5803916699563463e-05
2.50739990234375 2.543020333784322e-05
2.50839990234375 2.863517263904214e-05
2.50939990234375 1.801526329169671e-05
2.51039990234375 1.981068984605372e-05
2.51139990234375 1.695808993342022e-05
2.51239990234375 3.633991271878282e-05
2.51339990234375 2.2988043104608855e-05
2.51439990234375 2.0592123425255217e-05
2.51539990234375 1.7980148550122975e-05
2.51639990234375 2.844163682311773e-05
2.51739990234375 1.8639750390624006e-05
2.51839990234375 2.4782940357302626e-05
2.51939990234375 1.426278652312855e-05
2.52039990234375 2.249718022843202e-05
2.52139990234375 3.0200946299980083e-05
2.52239990234375 1.8461642515224715e-05
2.52339990234375 2.0243660158788165e-05
2.52439990234375 1.1400012687469523e-05
2.52539990234375 1.645023003220558e-05
2.52639990234375 3.656239714473486e-05
2.52739990234375 3.052862671514352e-05
2.52839990234375 2.5316119814912477e-05
2.52939990234375 1.9484533307452997e-05
2.53039990234375 2.6502833158398668e-05
2.53139990234375 1.5278080051454406e-05
2.53239990234375 1.2802817509509624e-05
2.53339990234375 2.4488340131938456e-05
2.53439990234375 2.1837903186678887e-05
2.53539990234375 2.731646333510677e-05
2.53639990234375 2.494592685252428e-05
2.53739990234375 1.1944002568876992e-05
2.53839990234375 2.116395044140518e-05
2.53939990234375 3.248943636814753e-05
2.54039990234375 4.6153358804682895e-05
2.54139990234375 3.6886817154785e-05
2.54239990234375 2.132986633417507e-05
2.54339990234375 3.9987016934901474e-05
2.54439990234375 5.454134040822585e-05
2.54539990234375 1.538771689714243e-05
2.54639990234375 2.4413805852721756e-05
2.54739990234375 3.3505679263422885e-05
2.54839990234375 4.030012059956789e-05
2.54939990234375 4.9894158728420734e-05
2.55039990234375 3.1463325431104746e-05
2.55139990234375 1.7682703910395502e-05
2.55239990234375 3.0488267075270414e-05
2.55339990234375 2.3635153969128927e-05
2.55439990234375 2.9922523535788058e-05
2.55539990234375 3.706782357767224e-05
2.55639990234375 5.0394603361686065e-05
2.55739990234375 4.282042539368074e-05
2.55839990234375 2.9620060231536627e-05
2.55939990234375 3.404343966394663e-05
2.56039990234375 7.217734276006619e-05
2.56139990234375 1.5902752444768945e-05
2.56239990234375 6.971028167754412e-05
2.56339990234375 4.303503626336654e-05
2.56439990234375 7.108839849630992e-05
2.56539990234375 1.2959589909818565e-05
2.56639990234375 4.470101712892453e-05
2.56739990234375 2.532148345684012e-05
2.56839990234375 4.1380675975233315e-05
2.56939990234375 5.325551144778728e-05
2.57039990234375 8.21576826274395e-05
2.57139990234375 7.577590644359588e-05
2.57239990234375 2.4978066988599797e-05
2.57339990234375 4.826216376386583e-05
2.57439990234375 4.925504559651017e-05
2.57539990234375 5.8601014316082e-05
2.57639990234375 5.12682165329655e-05
2.57739990234375 5.790965165942907e-05
2.57839990234375 4.972417761261265e-05
2.57939990234375 3.89799700739483e-05
2.58039990234375 1.900294640411933e-05
2.58139990234375 5.900638333211343e-05
2.58239990234375 4.9380112905055285e-05
2.58339990234375 3.566141934884766e-05
2.58439990234375 0.00010135680592308441
2.58539990234375 5.086229415610433e-05
2.58639990234375 2.6649546304774085e-05
2.58739990234375 8.249397079149881e-05
2.58839990234375 3.278298225874702e-05
2.58939990234375 7.545441233863433e-05
2.59039990234375 7.661969556162755e-05
2.59139990234375 7.28945496181647e-05
2.59239990234375 5.958063178695738e-05
2.59339990234375 7.04691093415022e-05
2.59439990234375 3.339340984019815e-05
2.59539990234375 4.685452751194437e-05
2.59639990234375 7.12518161162734e-05
