microns transmission
0.39829998779296877 1.491607321539116e-06
0.39929998779296877 2.886677333056771e-06
0.40029998779296877 5.934711187401595e-07
0.40129998779296877 1.6465409983842013e-06
0.40229998779296877 9.999999939225291e-11
0.4032999877929688 9.999999939225291e-11
0.4042999877929688 4.0019965528159674e-08
0.4052999877929688 3.9274123055932366e-08
0.4062999877929688 2.8052370399933578e-08
0.4072999877929688 5.5677766844416015e-08
0.4082999877929688 9.837309888164707e-09
0.4092999877929687 9.999999939225291e-11
0.4102999877929687 1.5004100024640366e-08
0.4112999877929687 4.6468634155398076e-09
0.4122999877929687 7.545943576955002e-08
0.4132999877929687 2.439603950558459e-08
0.4142999877929687 1.907732055291452e-08
0.41529998779296873 4.4931367278640734e-08
0.41629998779296873 9.999999939225291e-11
0.41729998779296873 9.999999939225291e-11
0.41829998779296873 7.069563364344351e-10
0.41929998779296873 3.909256590735784e-08
0.42029998779296873 9.999999939225291e-11
0.42129998779296873 2.9799752253959846e-08
0.42229998779296873 1.512671682461312e-07
0.42329998779296873 9.999999939225291e-11
0.42429998779296874 3.544669874955275e-08
0.42529998779296874 6.467191001687429e-08
0.42629998779296874 9.999999939225291e-11
0.42729998779296874 1.335682346089347e-07
0.42829998779296874 1.0201520073138681e-08
0.42929998779296874 1.9436826782145053e-08
0.43029998779296874 4.912916735951474e-08
0.43129998779296874 4.345073415734646e-08
0.43229998779296874 6.962330831269033e-08
0.43329998779296874 4.057746759045244e-08
0.43429998779296874 1.250058664670206e-07
0.43529998779296875 4.434133259086555e-08
0.43629998779296875 1.932071400497411e-07
0.43729998779296875 1.0208133615445074e-08
0.43829998779296875 9.999999939225291e-11
0.43929998779296875 5.450444061416704e-08
0.44029998779296875 5.409616955276419e-08
0.44129998779296875 2.4120890073457228e-08
0.44229998779296875 5.978737473988361e-08
0.44329998779296875 9.196286893775606e-08
0.44429998779296875 2.013989382376735e-08
0.44529998779296875 9.999999939225291e-11
0.44629998779296876 4.44681676903258e-08
0.44729998779296876 9.999999939225291e-11
0.44829998779296876 9.999999939225291e-11
0.44929998779296876 1.0037060175882573e-07
0.45029998779296876 2.3016357201477432e-07
0.45129998779296876 8.053892815951258e-07
0.45229998779296876 7.424738214467652e-07
0.45329998779296876 1.910428661225557e-06
0.45429998779296876 1.7858984759981193e-06
0.45529998779296876 3.5336451158703613e-06
0.45629998779296876 1.9661745749921524e-06
0.45729998779296877 3.725349980208866e-06
0.45829998779296877 5.804383249063961e-07
0.45929998779296877 4.1081266388095136e-07
0.46029998779296877 5.159343955292902e-07
0.46129998779296877 6.735100214427802e-07
0.46229998779296877 9.999999939225291e-11
0.46329998779296877 1.6520972901841921e-06
0.46429998779296877 1.6516563516422167e-06
0.46529998779296877 1.9345647107075573e-06
0.4662999877929688 6.39814228380331e-07
0.4672999877929688 2.382473219538402e-07
0.4682999877929688 9.999999939225291e-11
0.4692999877929688 1.2349578087563392e-07
0.4702999877929688 1.7054900465218735e-07
0.4712999877929688 7.0498305880425e-08
0.4722999877929687 2.450188973549909e-07
0.4732999877929687 9.999999939225291e-11
0.4742999877929687 2.11598692961464e-07
0.4752999877929687 4.626639186729638e-08
0.4762999877929687 9.999999939225291e-11
0.4772999877929687 5.6313966319739466e-08
0.47829998779296873 1.6826009717381869e-07
0.47929998779296873 9.999999939225291e-11
0.48029998779296873 9.999999939225291e-11
0.48129998779296873 6.020562220025265e-08
0.48229998779296873 4.442659875536492e-09
0.48329998779296873 1.4028343113814402e-07
0.48429998779296873 9.999999939225291e-11
0.48529998779296873 1.3993200051724367e-07
0.48629998779296874 4.7343401317808305e-09
0.48729998779296874 9.999999939225291e-11
0.48829998779296874 6.896691691811914e-08
0.48929998779296874 2.190189358467857e-07
0.49029998779296874 4.1494910165695844e-08
0.49129998779296874 2.1064494831080083e-07
0.49229998779296874 3.603448324914401e-07
0.49329998779296874 1.848327954097802e-08
0.49429998779296874 6.051404281670614e-08
0.49529998779296874 6.513115027158751e-08
0.49629998779296874 1.1715096696877462e-07
0.49729998779296875 1.397716035474635e-07
0.49829998779296875 1.3890529870034622e-08
0.49929998779296875 6.521618009477e-08
0.5002999877929688 9.999999939225291e-11
0.5012999877929688 9.999999939225291e-11
0.5022999877929688 8.407962352130483e-08
0.5032999877929687 1.4510556563133528e-07
0.5042999877929687 1.391700980827674e-08
0.5052999877929687 4.6442540879709784e-08
0.5062999877929687 4.662596625533884e-08
0.5072999877929687 9.999999939225291e-11
0.5082999877929687 6.611639981872013e-08
0.5092999877929687 2.3477830328744176e-08
0.5102999877929687 9.999999939225291e-11
0.5112999877929687 7.577726814034236e-08
0.5122999877929687 2.2747646653442643e-07
0.5132999877929687 9.999999939225291e-11
0.5142999877929687 6.646900217196123e-08
0.5152999877929687 4.756643415149142e-08
0.5162999877929687 2.5595369758472466e-07
0.5172999877929687 9.999999939225291e-11
0.5182999877929687 8.779673657717998e-09
0.5192999877929687 5.3290169284755014e-08
0.5202999877929687 9.999999939225291e-11
0.5212999877929687 9.363973463590489e-08
0.5222999877929687 4.469366780668338e-08
0.5232999877929687 8.598283276484153e-09
0.5242999877929687 7.171870260336277e-08
0.5252999877929687 2.520548332540784e-07
0.5262999877929687 8.504079419620799e-08
0.5272999877929687 9.999999939225291e-11
0.5282999877929687 1.0865576804223545e-07
0.5292999877929687 1.2692536984104664e-07
0.5302999877929687 4.3551031995529384e-09
0.5312999877929687 3.195968090471032e-08
0.5322999877929687 4.526426611306533e-09
0.5332999877929687 9.999999939225291e-11
0.5342999877929687 9.999999939225291e-11
0.5352999877929687 9.999999939225291e-11
0.5362999877929687 1.0693777918883522e-07
0.5372999877929687 9.999999939225291e-11
0.5382999877929687 9.999999939225291e-11
0.5392999877929687 2.141388030156103e-08
0.5402999877929687 2.052131943249454e-07
0.5412999877929687 1.78124832395099e-08
0.5422999877929687 4.038696786186809e-08
0.5432999877929687 5.489326889929203e-08
0.5442999877929687 9.999999939225291e-11
0.5452999877929687 9.999999939225291e-11
0.5462999877929687 9.999999939225291e-11
0.5472999877929687 2.3677853581223947e-07
0.5482999877929687 9.999999939225291e-11
0.5492999877929687 9.999999939225291e-11
0.5502999877929687 9.999999939225291e-11
0.5512999877929687 4.152408599781647e-08
0.5522999877929687 9.999999939225291e-11
0.5532999877929687 9.999999939225291e-11
0.5542999877929687 1.1151663784403354e-07
0.5552999877929687 1.1131897164950999e-07
0.5562999877929687 9.999999939225291e-11
0.5572999877929687 9.999999939225291e-11
0.5582999877929687 3.7372932736682664e-08
0.5592999877929687 9.999999939225291e-11
0.5602999877929687 9.999999939225291e-11
0.5612999877929687 1.3194094966214228e-07
0.5622999877929687 9.999999939225291e-11
0.5632999877929687 4.7357532313441196e-08
0.5642999877929687 3.3125040719284014e-08
0.5652999877929688 9.999999939225291e-11
0.5662999877929688 1.3985543671305816e-08
0.5672999877929688 9.999999939225291e-11
0.5682999877929688 6.309036881072909e-08
0.5692999877929688 9.999999939225291e-11
0.5702999877929688 2.460294651858893e-08
0.5712999877929688 9.979946700156007e-09
0.5722999877929688 7.435508564412885e-08
0.5732999877929688 6.87994819485264e-08
0.5742999877929688 1.7467536660357535e-07
0.5752999877929688 5.339978957093668e-08
0.5762999877929688 4.8253998781907134e-09
0.5772999877929688 2.4878790198338644e-08
0.5782999877929688 3.8531485767971205e-08
0.5792999877929688 1.5578207542906358e-07
0.5802999877929688 9.999999939225291e-11
0.5812999877929688 3.9623296640793155e-08
0.5822999877929688 9.999999939225291e-11
0.5832999877929688 9.441612996615352e-09
0.5842999877929688 2.919350016542902e-08
0.5852999877929688 1.3962580066954427e-08
0.5862999877929688 9.999999939225291e-11
0.5872999877929688 4.6016766871067225e-09
0.5882999877929688 7.271113377467959e-08
0.5892999877929688 9.999999939225291e-11
0.5902999877929688 3.9758967833591896e-08
0.5912999877929688 9.999999939225291e-11
0.5922999877929688 1.4603823827267585e-08
0.5932999877929688 5.973975627663701e-08
0.5942999877929688 9.999999939225291e-11
0.5952999877929688 2.3577259321191e-08
0.5962999877929688 3.3812912431467147e-08
0.5972999877929688 2.0010280217993192e-08
0.5982999877929688 3.977963458486518e-08
0.5992999877929688 4.5532699684732355e-09
0.6002999877929688 4.821037537479829e-08
0.6012999877929688 1.0129233219598651e-07
0.6022999877929688 4.739829702948839e-08
0.6032999877929688 9.999999939225291e-11
0.6042999877929688 8.824426231512916e-08
0.6052999877929688 9.999999939225291e-11
0.6062999877929688 9.999999939225291e-11
0.6072999877929688 1.0414690561511008e-07
0.6082999877929688 6.909016590247081e-08
0.6092999877929688 9.999999939225291e-11
0.6102999877929688 2.4011220170668443e-08
0.6112999877929688 1.1582203516269373e-08
0.6122999877929688 3.578423345492373e-08
0.6132999877929688 2.9826339815741675e-08
0.6142999877929688 1.285875020773375e-07
0.6152999877929688 1.4607880173637493e-08
0.6162999877929688 9.999999939225291e-11
0.6172999877929688 5.84978328710406e-08
0.6182999877929688 9.999999939225291e-11
0.6192999877929688 9.999999939225291e-11
0.6202999877929688 9.999999939225291e-11
0.6212999877929688 3.3937001209238815e-08
0.6222999877929688 6.240633749321489e-08
0.6232999877929688 2.202691939601209e-07
0.6242999877929688 4.7132715481623676e-08
0.6252999877929688 1.8368129959256406e-08
0.6262999877929688 2.623704313009512e-07
0.6272999877929688 4.676816762009632e-08
0.6282999877929687 1.8108811673300806e-07
0.6292999877929687 1.1539433555363133e-07
0.6302999877929687 4.281643312490739e-09
0.6312999877929687 3.37962531678689e-07
0.6322999877929687 1.1572181200551293e-07
0.6332999877929687 2.45498625493686e-07
0.6342999877929687 3.2511213551818706e-07
0.6352999877929687 2.6053966090936834e-07
0.6362999877929687 4.161637965201711e-07
0.6372999877929687 8.893755001497064e-08
0.6382999877929687 2.520574950419056e-07
0.6392999877929687 2.1299949670113466e-07
0.6402999877929687 2.275496990478132e-07
0.6412999877929687 2.81696732902977e-07
0.6422999877929687 2.9166283032585246e-07
0.6432999877929687 4.576486268585237e-07
0.6442999877929687 4.118528219502574e-07
0.6452999877929687 4.056762675948752e-07
0.6462999877929687 3.3543584019450157e-07
0.6472999877929687 2.416497682133922e-07
0.6482999877929687 2.20348235113003e-07
0.6492999877929687 2.1201323155158507e-07
0.6502999877929687 2.041717652900843e-07
0.6512999877929687 2.7874906663782897e-07
0.6522999877929687 3.201266978673326e-07
0.6532999877929687 2.9204900177622523e-07
0.6542999877929687 6.622664841415826e-08
0.6552999877929687 1.932838286429946e-07
0.6562999877929687 8.498700329558536e-08
0.6572999877929687 1.5029466036745967e-07
0.6582999877929687 1.471504360021451e-07
0.6592999877929687 2.1640569684677756e-07
0.6602999877929687 2.6001347676422407e-08
0.6612999877929687 1.2762874272690774e-07
0.6622999877929687 1.0282533134287064e-07
0.6632999877929687 1.7894369594984026e-08
0.6642999877929687 8.191604324932674e-08
0.6652999877929687 3.069152661498246e-08
0.6662999877929687 4.688879733964295e-08
0.6672999877929687 2.2867419223378722e-07
0.6682999877929687 3.505786667486651e-08
0.6692999877929687 2.6869093539734953e-08
0.6702999877929687 7.836789144436788e-08
0.6712999877929687 2.9434956862435985e-07
0.6722999877929687 9.999999939225291e-11
0.6732999877929687 2.6741943148778092e-08
0.6742999877929687 1.8260029754616862e-07
0.6752999877929687 3.132236578255269e-08
0.6762999877929687 1.090056760707133e-07
0.6772999877929687 3.3143329953115123e-07
0.6782999877929687 3.193304483654439e-08
0.6792999877929687 1.1733783175020088e-07
0.6802999877929687 1.2301185051910578e-07
0.6812999877929687 1.157440677464668e-07
0.6822999877929687 6.95320219771626e-08
0.6832999877929687 1.6166996222940118e-07
0.6842999877929687 2.6780192759664107e-07
0.6852999877929687 2.2418586013372987e-07
0.6862999877929687 1.0202833168844924e-07
0.6872999877929687 3.4857990434863006e-08
0.6882999877929687 2.975345311521475e-07
0.6892999877929687 2.0113489881623537e-07
0.6902999877929688 2.447931001370307e-07
0.6912999877929688 2.4195966034312734e-07
0.6922999877929688 3.0702492949785663e-07
0.6932999877929688 2.7840639935069094e-07
0.6942999877929688 1.0581045595851416e-07
0.6952999877929688 9.545012931451898e-08
0.6962999877929688 5.76615400138536e-08
0.6972999877929688 7.990846592420553e-08
0.6982999877929688 1.1306169689066317e-07
0.6992999877929688 9.826126185608074e-08
0.7002999877929688 1.26879507407196e-07
0.7012999877929688 1.755980706915257e-08
0.7022999877929688 9.999999939225291e-11
0.7032999877929688 9.552033624219783e-08
0.7042999877929688 6.694869999416635e-08
0.7052999877929688 2.1417036234261388e-07
0.7062999877929688 1.6413203143568938e-07
0.7072999877929688 3.4904967325388726e-08
0.7082999877929688 7.177481655832689e-08
0.7092999877929688 3.6498940365466604e-07
0.7102999877929688 2.248718293055655e-08
0.7112999877929688 2.1864860476246879e-07
0.7122999877929688 1.8223816065680392e-07
0.7132999877929688 8.813330204008688e-08
0.7142999877929688 2.3504057026002556e-07
0.7152999877929688 1.0658418583867994e-07
0.7162999877929688 9.999999939225291e-11
0.7172999877929688 1.0306849955732389e-07
0.7182999877929688 6.110770184086789e-08
0.7192999877929688 5.307416848824668e-08
0.7202999877929688 2.268315023812306e-08
0.7212999877929688 1.5817953074777807e-07
0.7222999877929688 9.999999939225291e-11
0.7232999877929688 9.015323065556893e-08
0.7242999877929688 2.5765951174131865e-07
0.7252999877929688 4.079016808470708e-08
0.7262999877929688 1.459496013200834e-07
0.7272999877929688 1.3402893674907546e-08
0.7282999877929688 6.376077822463818e-08
0.7292999877929688 2.7242855746105006e-07
0.7302999877929688 8.839242582325824e-08
0.7312999877929688 6.6934694586962e-08
0.7322999877929688 2.0579159960713394e-07
0.7332999877929688 5.164420215327444e-08
0.7342999877929688 1.501333463238552e-07
0.7352999877929688 4.433770411260696e-08
0.7362999877929688 3.658590149650346e-08
0.7372999877929688 6.522052025263274e-08
0.7382999877929688 1.223074320666484e-07
0.7392999877929688 6.197964429096222e-08
0.7402999877929688 1.503730682580103e-07
0.7412999877929688 2.5182950897336316e-07
0.7422999877929688 1.4015479827082326e-07
0.7432999877929688 8.883644831018481e-08
0.7442999877929688 9.999999939225291e-11
0.7452999877929688 9.999999939225291e-11
0.7462999877929688 2.3200992472993674e-07
0.7472999877929688 1.347845288061459e-07
0.7482999877929688 1.3481354471878148e-07
0.7492999877929688 1.3503753605685158e-08
0.7502999877929688 2.611460998499145e-07
0.7512999877929688 5.6353065144657914e-08
0.7522999877929688 2.1418977060723893e-07
0.7532999877929687 2.691378964906714e-07
0.7542999877929687 1.3362015579332365e-07
0.7552999877929687 1.707797461373654e-07
0.7562999877929687 2.2059162385327606e-07
0.7572999877929687 4.9705032119836307e-08
0.7582999877929687 1.283579945265956e-07
0.7592999877929687 1.1801371783803916e-07
0.7602999877929687 1.4247025925821314e-07
0.7612999877929687 4.4787000152979314e-08
0.7622999877929687 2.2020403775968588e-07
0.7632999877929687 1.8259633277987556e-08
0.7642999877929687 4.748806870402689e-08
0.7652999877929687 5.122606499578335e-08
0.7662999877929687 6.36414316505333e-08
0.7672999877929687 2.53215033202044e-07
0.7682999877929687 1.7863634942235268e-07
0.7692999877929687 1.0381748779764166e-07
0.7702999877929687 3.104792995145544e-07
0.7712999877929687 2.2397030079446268e-07
0.7722999877929687 1.39386867582895e-07
0.7732999877929687 3.900231301183036e-07
0.7742999877929687 2.615785933812731e-07
0.7752999877929687 2.1734890954879422e-07
0.7762999877929687 1.6932446972835653e-07
0.7772999877929687 2.3834072635509073e-07
0.7782999877929687 9.491730831238479e-08
0.7792999877929687 9.731393290598097e-08
0.7802999877929687 1.6176079381757802e-07
0.7812999877929687 1.907798684630535e-07
0.7822999877929687 3.171975913573988e-07
0.7832999877929687 1.8766203573920375e-07
0.7842999877929687 1.9544353295171863e-07
0.7852999877929687 1.6277413765604837e-07
0.7862999877929687 1.3373626375508726e-07
0.7872999877929687 2.0583766889773852e-07
0.7882999877929687 3.138089899342352e-07
0.7892999877929687 2.8117680848242327e-07
0.7902999877929687 2.3724636169693743e-07
0.7912999877929687 3.0803894333075734e-07
0.7922999877929687 3.027953762776055e-07
0.7932999877929687 2.187984549776682e-07
0.7942999877929687 3.837436634057667e-07
0.7952999877929687 4.86550676820722e-07
0.7962999877929687 2.1947160080711586e-07
0.7972999877929687 1.9082051681292473e-07
0.7982999877929687 5.124983312398968e-08
0.7992999877929687 2.141531365129623e-07
0.8002999877929687 3.9618056689505467e-07
0.8012999877929687 1.5212011779415966e-07
0.8022999877929687 6.952845407859343e-08
0.8032999877929687 2.871710697830802e-07
0.8042999877929687 1.383558729510052e-08
0.8052999877929687 1.5000947769294726e-07
0.8062999877929687 3.5577660734513e-07
0.8072999877929687 3.925696152388506e-07
0.8082999877929687 3.361392373335548e-07
0.8092999877929687 1.9033329810014267e-08
0.8102999877929687 4.1942030293284915e-07
0.8112999877929687 3.80883890708598e-07
0.8122999877929687 3.1589959421947833e-07
0.8132999877929687 5.395514446782102e-08
0.8142999877929687 6.211237572036528e-07
0.8152999877929688 3.206639212294249e-07
0.8162999877929688 3.0074671182471016e-07
0.8172999877929688 1.7247840368087946e-07
0.8182999877929688 2.258605403652562e-07
0.8192999877929688 3.851893244070463e-08
0.8202999877929688 8.642752805284224e-08
0.8212999877929688 2.0734646568598692e-07
0.8222999877929688 1.8525870927987854e-07
0.8232999877929688 4.738273317409873e-09
0.8242999877929688 8.926337310792101e-08
0.8252999877929688 2.629559067409322e-07
0.8262999877929688 3.39831355328594e-07
0.8272999877929688 1.758453348769488e-07
0.8282999877929688 2.8877573034454446e-07
0.8292999877929688 2.8225956460422216e-07
0.8302999877929688 3.190021258584844e-07
0.8312999877929688 1.2001886786923895e-07
0.8322999877929688 1.1070906182316284e-07
0.8332999877929688 7.02114213139519e-08
0.8342999877929688 2.760280949587468e-07
0.8352999877929688 1.7944572694735446e-07
0.8362999877929688 1.4941010097876037e-07
0.8372999877929688 2.3669014099780838e-08
0.8382999877929688 1.304203764333304e-07
0.8392999877929688 3.955473099874022e-07
0.8402999877929688 3.299643321952317e-07
0.8412999877929688 1.3910857281492403e-07
0.8422999877929688 2.488179328678323e-07
0.8432999877929688 2.9149135757873994e-07
0.8442999877929688 2.350868884981594e-07
0.8452999877929688 3.562842421652353e-07
0.8462999877929688 4.097306615828226e-07
0.8472999877929688 1.4327436848186418e-07
0.8482999877929688 3.726615280659947e-07
0.8492999877929688 4.880381705637167e-07
0.8502999877929688 3.3451382210299607e-07
0.8512999877929688 1.7490129453475352e-07
0.8522999877929688 1.9583149913830294e-07
0.8532999877929688 2.333216316892835e-07
0.8542999877929688 3.1790936191100625e-07
0.8552999877929688 5.218308433541096e-07
0.8562999877929688 7.541556018016611e-07
0.8572999877929688 9.450065408600495e-07
0.8582999877929688 1.9107800385794365e-07
0.8592999877929688 5.503572659411778e-07
0.8602999877929688 1.342477332588743e-07
0.8612999877929688 3.8481830753944736e-07
0.8622999877929688 7.452344140990163e-07
0.8632999877929688 6.536431828862988e-07
0.8642999877929688 7.941678241459489e-07
0.8652999877929688 8.083130281496171e-07
0.8662999877929688 7.974325705806251e-07
0.8672999877929688 1.4831786827447977e-07
0.8682999877929688 1.3575355539311808e-06
0.8692999877929688 2.960982332182264e-07
0.8702999877929688 9.999999939225291e-11
0.8712999877929688 2.8524452050445366e-07
0.8722999877929688 8.418776582530541e-08
0.8732999877929688 3.9242426621122204e-07
0.8742999877929688 1.4815730001653075e-07
0.8752999877929688 2.53331187396455e-07
0.8762999877929688 7.026492770704588e-07
0.8772999877929688 5.23487658430355e-07
0.8782999877929687 9.999999939225291e-11
0.8792999877929687 7.016471477072628e-07
0.8802999877929687 3.579539122444686e-07
0.8812999877929687 1.5697493385117648e-06
0.8822999877929687 3.9718822612370514e-06
0.8832999877929687 4.2223329849851624e-06
0.8842999877929687 9.999999939225291e-11
0.8852999877929687 9.999999939225291e-11
0.8862999877929687 9.268193578234237e-07
0.8872999877929687 3.9832404521196926e-06
0.8882999877929687 4.860194227755225e-06
0.8892999877929687 4.618850868798319e-07
0.8902999877929687 9.999999939225291e-11
0.8912999877929687 1.975275296948927e-06
0.8922999877929687 9.999999939225291e-11
0.8932999877929687 5.174840431815634e-06
0.8942999877929687 8.37701401906088e-06
0.8952999877929687 9.999999939225291e-11
0.8962999877929687 7.76639518638452e-06
0.8972999877929687 1.2618456967175007e-05
0.8982999877929687 1.2110494232426087e-05
0.8992999877929687 4.737822940417876e-06
0.9002999877929687 5.967190372757614e-06
0.9012999877929687 1.1525525284620624e-05
0.9022999877929687 6.05450535658747e-06
0.9032999877929687 8.728550164960325e-06
0.9042999877929687 9.70678539791455e-06
0.9052999877929687 4.9380587976581104e-06
0.9062999877929687 1.2642541939082245e-05
0.9072999877929687 9.173035699253282e-06
0.9082999877929687 4.985108001468083e-06
0.9092999877929687 9.433805438069006e-06
0.9102999877929687 8.207579182150463e-06
0.9112999877929687 7.356824353337288e-06
0.9122999877929687 6.715466637009134e-06
0.9132999877929687 9.052143238174418e-06
0.9142999877929687 5.116295651532709e-06
0.9152999877929687 6.351279638086756e-06
0.9162999877929687 4.502522933762521e-06
0.9172999877929687 5.8326546180372445e-06
0.9182999877929687 6.6116978026305635e-06
0.9192999877929687 6.029567933486154e-06
0.9202999877929687 4.120277590118349e-06
0.9212999877929687 6.615203261996309e-06
0.9222999877929687 5.680107375762115e-06
0.9232999877929687 3.646242936762671e-06
0.9242999877929687 4.964098334312439e-06
0.9252999877929687 2.955968824001805e-06
0.9262999877929687 5.746817429705212e-06
0.9272999877929687 6.899026338942349e-06
0.9282999877929687 4.288315443166842e-06
0.9292999877929687 2.4237235629698264e-06
0.9302999877929687 3.1315536762122066e-06
0.9312999877929687 9.421069407835602e-06
0.9322999877929687 2.1965233948625006e-06
0.9332999877929687 7.190726464614272e-06
0.9342999877929687 2.2715392791609427e-06
0.9352999877929687 7.729723971957962e-06
0.9362999877929687 5.353170320934927e-06
0.9372999877929687 5.5219937348738315e-06
0.9382999877929687 6.993171409703791e-06
0.9392999877929687 4.879895714111626e-06
0.9402999877929688 4.0493779427682355e-06
0.9412999877929688 5.543165704390655e-06
0.9422999877929688 1.2882063162766855e-06
0.9432999877929688 5.662242183461785e-06
0.9442999877929688 6.731511966791004e-06
0.9452999877929688 2.607985370559618e-06
0.9462999877929688 5.751229182351381e-06
0.9472999877929688 6.3314915557081494e-06
0.9482999877929688 1.569427161787947e-06
0.9492999877929688 5.016889772377908e-06
0.9502999877929688 6.636150258903703e-06
0.9512999877929688 2.8703220596071333e-06
0.9522999877929688 4.422614583745599e-06
0.9532999877929688 3.936221958914151e-06
0.9542999877929688 4.945120308548212e-06
0.9552999877929688 3.710810900277768e-06
0.9562999877929688 2.9479685811869176e-06
0.9572999877929688 2.0918001003641013e-06
0.9582999877929688 4.679027285116415e-06
0.9592999877929688 4.041630018036813e-06
0.9602999877929688 4.39038189748923e-06
0.9612999877929688 4.856977126716326e-06
0.9622999877929688 4.788322742873182e-06
0.9632999877929688 2.441379377463212e-06
0.9642999877929688 3.654327932357167e-06
0.9652999877929688 3.5131766344420612e-06
0.9662999877929688 5.5931837414391335e-06
0.9672999877929688 3.919701945657532e-06
0.9682999877929688 4.117908732344707e-06
0.9692999877929688 1.926672339322977e-06
0.9702999877929688 2.321621965772162e-06
0.9712999877929688 4.599662982703497e-06
0.9722999877929688 3.5764997786221404e-06
0.9732999877929688 4.684509282621245e-06
0.9742999877929688 3.684563368248443e-06
0.9752999877929688 2.7906589578681934e-06
0.9762999877929688 3.450122021604329e-06
0.9772999877929688 3.2266769267152993e-06
0.9782999877929688 2.8240202421632905e-06
0.9792999877929688 3.736130699204902e-06
0.9802999877929688 1.4970919922537482e-06
0.9812999877929688 3.617963908861081e-06
0.9822999877929688 3.024738931950803e-06
0.9832999877929688 3.4245972832043965e-06
0.9842999877929688 3.2159216546763973e-06
0.9852999877929688 2.0902503456454725e-06
0.9862999877929688 1.7582899548755173e-06
0.9872999877929688 1.9986093442033356e-06
0.9882999877929688 2.9116860241629184e-06
0.9892999877929688 2.5664026422115665e-06
0.9902999877929688 3.1626954053839045e-06
0.9912999877929688 3.5075230698566883e-06
0.9922999877929688 4.259137980019053e-06
0.9932999877929688 3.7483507670306908e-06
0.9942999877929688 3.4652323423263924e-06
0.9952999877929688 3.000735305249691e-06
0.9962999877929688 2.7111567032989113e-06
0.9972999877929688 2.585642650956288e-06
0.9982999877929688 2.901847619796172e-06
0.9992999877929688 2.643835711448143e-06
1.0002999877929688 3.0192629492376e-06
1.0012999877929687 3.744889933538313e-06
1.0022999877929688 3.972562650839488e-06
1.0032999877929687 3.085333009948954e-06
1.0042999877929688 3.2905727857723832e-06
1.0052999877929687 4.187358717899769e-06
1.0062999877929688 3.884324687533081e-06
1.0072999877929687 2.745779687150692e-06
1.0082999877929688 3.497850557323545e-06
1.0092999877929687 2.1856316986183327e-06
1.0102999877929688 2.7423516439739615e-06
1.0112999877929687 2.528770710341632e-06
1.0122999877929688 3.539511963026598e-06
1.0132999877929687 1.596129450615417e-06
1.0142999877929688 3.107790738188972e-06
1.0152999877929687 2.793202002067119e-06
1.0162999877929688 2.4225603556260465e-06
1.0172999877929687 2.657709992490709e-06
1.0182999877929688 3.847087015553068e-06
1.0192999877929687 3.820072355059285e-06
1.0202999877929688 2.4391293118242175e-06
1.0212999877929687 4.195209767203778e-06
1.0222999877929688 3.0222296967015912e-06
1.0232999877929687 2.50399728732494e-06
1.024300048828125 2.321372642957916e-06
1.025300048828125 1.7764755223955339e-06
1.026300048828125 2.4779013377459096e-06
1.027300048828125 3.1966207219132533e-06
1.028300048828125 4.3120727059431375e-06
1.029300048828125 2.4165376089513304e-06
1.030300048828125 3.1042959502277273e-06
1.031300048828125 2.6038416641919566e-06
1.032300048828125 1.8919598975723297e-06
1.033300048828125 1.7635709446039982e-06
1.034300048828125 3.689745790325105e-06
1.035300048828125 2.620426336458574e-06
1.036300048828125 2.1512417394357423e-06
1.037300048828125 4.262474734180917e-06
1.038300048828125 3.5876922387008863e-06
1.039300048828125 3.295532951597124e-06
1.040300048828125 4.584247653838247e-06
1.041300048828125 3.485826988859723e-06
1.042300048828125 3.7284742575138806e-06
1.043300048828125 4.341962630860508e-06
1.044300048828125 3.9240453043021265e-06
1.045300048828125 3.9833496945599715e-06
1.046300048828125 3.7254777271300555e-06
1.047300048828125 5.228576289179424e-06
1.048300048828125 4.690714316287389e-06
1.049300048828125 5.952996822694937e-06
1.050300048828125 3.86483094189316e-06
1.051300048828125 5.0552339719918874e-06
1.052300048828125 5.09995132839928e-06
1.053300048828125 4.942514642607421e-06
1.054300048828125 5.216248003610721e-06
1.055300048828125 4.972740716766566e-06
1.056300048828125 4.634165864748259e-06
1.057300048828125 3.823511748729895e-06
1.058300048828125 4.620052350219339e-06
1.059300048828125 3.980273031629622e-06
1.060300048828125 3.0542556487489493e-06
1.061300048828125 4.2792936437763275e-06
1.062300048828125 3.960117076834043e-06
1.063300048828125 3.4832719635839265e-06
1.064300048828125 4.920626427823057e-06
1.065300048828125 2.7829039997110764e-06
1.066300048828125 2.721216975866507e-06
1.067300048828125 2.6507193009213855e-06
1.068300048828125 1.7583031634179255e-06
1.069300048828125 3.1480930435160796e-06
1.070300048828125 3.1917956948745996e-06
1.071300048828125 3.0334700325814385e-06
1.072300048828125 3.4616265232519557e-06
1.073300048828125 3.1771299351627628e-06
1.074300048828125 2.5688406700889273e-06
1.075300048828125 3.5531280445866288e-06
1.076300048828125 3.3713610901031645e-06
1.077300048828125 2.2893967009925595e-06
1.078300048828125 2.7479184306381895e-06
1.079300048828125 3.7961256263467176e-06
1.080300048828125 3.7943940454473096e-06
1.081300048828125 3.3983793885757526e-06
1.082300048828125 2.568980319968735e-06
1.083300048828125 2.5371447069725645e-06
1.084300048828125 3.6699490738101305e-06
1.085300048828125 3.0983053632856654e-06
1.086300048828125 2.824380062520504e-06
1.087300048828125 2.4947250009669615e-06
1.088300048828125 2.5446006232717383e-06
1.089300048828125 3.20634339004755e-06
1.090300048828125 2.3510817603285735e-06
1.091300048828125 3.676548124834274e-06
1.092300048828125 3.32383657223545e-06
1.093300048828125 2.8127176725926502e-06
1.094300048828125 3.6658420382688444e-06
1.095300048828125 3.1454642885364593e-06
1.096300048828125 3.83605908912917e-06
1.097300048828125 3.924213718467702e-06
1.098300048828125 2.783235686365515e-06
1.099300048828125 2.8739476207798968e-06
1.100300048828125 3.1569152876424295e-06
1.101300048828125 2.7926730399485677e-06
1.102300048828125 3.731935964121173e-06
1.103300048828125 3.7439734054108458e-06
1.104300048828125 3.1484132826638717e-06
1.105300048828125 4.334573459345847e-06
1.106300048828125 3.813610043531905e-06
1.107300048828125 3.0894455752180266e-06
1.108300048828125 3.108259067327405e-06
1.109300048828125 2.985535005185132e-06
1.110300048828125 2.382373398480316e-06
1.111300048828125 3.9406715465399125e-06
1.112300048828125 3.154532751068473e-06
1.113300048828125 3.0670913596016665e-06
1.114300048828125 3.581984977548321e-06
1.115300048828125 3.3692804087574285e-06
1.116300048828125 3.6335546368112166e-06
1.117300048828125 2.8203599989258994e-06
1.118300048828125 3.180426623051365e-06
1.119300048828125 4.579318629112095e-06
1.120300048828125 3.553295003560682e-06
1.121300048828125 4.1163437223682805e-06
1.122300048828125 3.875663096550852e-06
1.123300048828125 3.6064296728000044e-06
1.124300048828125 2.965202050593992e-06
1.125300048828125 3.2538614080597955e-06
1.126300048828125 2.865390997612849e-06
1.127300048828125 3.3503700493990133e-06
1.128300048828125 3.448328061494976e-06
1.129300048828125 3.7947440675149365e-06
1.130300048828125 4.335907384908448e-06
1.131300048828125 3.574642081124087e-06
1.132300048828125 4.16257098549977e-06
1.133300048828125 2.895487074662621e-06
1.134300048828125 4.575793379141639e-06
1.135300048828125 3.832037036772818e-06
1.136300048828125 3.942107384015496e-06
1.137300048828125 3.575829032342881e-06
1.138300048828125 3.913914842996746e-06
1.139300048828125 4.1125929177117845e-06
1.140300048828125 3.661746692766125e-06
1.141300048828125 4.831414359311263e-06
1.142300048828125 3.3595614271083223e-06
1.143300048828125 4.251958647121985e-06
1.144300048828125 3.897863498423249e-06
1.145300048828125 3.610751058052604e-06
1.146300048828125 4.040180744292836e-06
1.147300048828125 3.3548049880967785e-06
1.148300048828125 3.219306575677668e-06
1.149300048828125 3.323767353625347e-06
1.150300048828125 4.00991557398811e-06
1.151300048828125 2.8200919526473927e-06
1.152300048828125 3.2774089292312665e-06
1.153300048828125 2.8593060172473387e-06
1.154300048828125 4.534539572584133e-06
1.155300048828125 2.4761500147481756e-06
1.156300048828125 2.8086149783727402e-06
1.157300048828125 2.8228250448592007e-06
1.158300048828125 3.18546134318846e-06
1.159300048828125 2.5828045909292997e-06
1.160300048828125 3.2665093992060673e-06
1.161300048828125 2.9732526551621656e-06
1.162300048828125 2.464481707041462e-06
1.163300048828125 3.437182361570497e-06
1.164300048828125 2.23865808948176e-06
1.165300048828125 2.8538540451942636e-06
1.166300048828125 3.080869015927116e-06
1.167300048828125 2.300391352036968e-06
1.168300048828125 3.4035353261666996e-06
1.169300048828125 2.924137661466375e-06
1.170300048828125 4.238409746903926e-06
1.171300048828125 2.7534480129058165e-06
1.172300048828125 2.8276970745840417e-06
1.173300048828125 2.2866389917908238e-06
1.174300048828125 3.7914169661235065e-06
1.175300048828125 3.3584327320568262e-06
1.176300048828125 3.046667601059501e-06
1.177300048828125 2.2661286493530495e-06
1.178300048828125 2.5382523017469793e-06
1.179300048828125 2.882552022735278e-06
1.180300048828125 2.9976453515700995e-06
1.181300048828125 3.1326229509431868e-06
1.182300048828125 2.951251663034782e-06
1.183300048828125 2.051785001337218e-06
1.184300048828125 3.694531721218179e-06
1.185300048828125 3.1360572999498498e-06
1.186300048828125 3.293707025780653e-06
1.187300048828125 3.3180737227667124e-06
1.188300048828125 3.01392074713173e-06
1.189300048828125 3.874241762484114e-06
1.190300048828125 3.686518078514685e-06
1.191300048828125 4.26546069017301e-06
1.192300048828125 3.874582956389834e-06
1.193300048828125 4.365916732543458e-06
1.194300048828125 3.0062227354695397e-06
1.195300048828125 2.7137776487506927e-06
1.196300048828125 3.0933195860901224e-06
1.197300048828125 3.4299093143393596e-06
1.198300048828125 3.67589639305758e-06
1.199300048828125 3.6835176676201325e-06
1.200300048828125 3.7264789959105354e-06
1.201300048828125 3.786667075473815e-06
1.202300048828125 4.1978327014173075e-06
1.203300048828125 3.2153680513147265e-06
1.204300048828125 3.2156846039773275e-06
1.205300048828125 3.0586619201737146e-06
1.206300048828125 2.7003166906069965e-06
1.207300048828125 1.8357540830038488e-06
1.208300048828125 3.4098938340321183e-06
1.209300048828125 2.848703637331103e-06
1.210300048828125 2.3721639687816302e-06
1.211300048828125 3.0119382912137856e-06
1.212300048828125 2.6521972904447464e-06
1.213300048828125 2.748811384662986e-06
1.214300048828125 2.4445702486749115e-06
1.215300048828125 2.8699480268793805e-06
1.216300048828125 3.10361196170561e-06
1.217300048828125 3.0950183281674982e-06
1.218300048828125 2.189029328292236e-06
1.219300048828125 3.999510954599827e-06
1.220300048828125 2.730910637183115e-06
1.221300048828125 2.963565008637185e-06
1.222300048828125 3.423685945260028e-06
1.223300048828125 3.042701379551242e-06
1.224300048828125 2.567698005198811e-06
1.225300048828125 2.546001996961422e-06
1.226300048828125 2.5690513333150493e-06
1.227300048828125 2.2816480729185664e-06
1.228300048828125 2.2406416489199422e-06
1.229300048828125 3.341052991648515e-06
1.230300048828125 3.3490716305095704e-06
1.231300048828125 3.928361499371628e-06
1.232300048828125 2.6005409987798583e-06
1.233300048828125 2.6987489642730604e-06
1.234300048828125 2.664711986047526e-06
1.235300048828125 3.3266134657120956e-06
1.236300048828125 2.89597301161848e-06
1.237300048828125 2.937037255226945e-06
1.238300048828125 3.2104686154828717e-06
1.239300048828125 2.850435654787968e-06
1.240300048828125 2.9689936976258953e-06
1.241300048828125 4.039640092135717e-06
1.242300048828125 3.367181003947432e-06
1.243300048828125 3.6252026135722797e-06
1.244300048828125 2.7123720307524008e-06
1.245300048828125 2.8486339336571594e-06
1.246300048828125 2.9475370441408204e-06
1.247300048828125 2.608139063037622e-06
1.248300048828125 2.3947146837599577e-06
1.249300048828125 1.9768399943131954e-06
1.250300048828125 2.1259916441825528e-06
1.251300048828125 3.180983379328002e-06
1.252300048828125 2.3197353099628042e-06
1.253300048828125 3.5546263582849253e-06
1.254300048828125 2.4422939653353144e-06
1.255300048828125 2.9005462905236828e-06
1.256300048828125 2.351002985960804e-06
1.257300048828125 3.645816323114559e-06
1.258300048828125 2.9078062895374993e-06
1.259300048828125 3.0326050182338804e-06
1.260300048828125 3.669460032445689e-06
1.261300048828125 2.959968599801262e-06
1.262300048828125 3.050406570158278e-06
1.263300048828125 2.6385750849537242e-06
1.264300048828125 3.5632338646488887e-06
1.265300048828125 2.532174694351852e-06
1.266300048828125 2.9690313385799527e-06
1.267300048828125 3.1421478342963383e-06
1.268300048828125 3.161887580063194e-06
1.269300048828125 3.363661574743067e-06
1.270300048828125 3.0100562920173007e-06
1.271300048828125 2.721552251993368e-06
1.272300048828125 2.9287343689550955e-06
1.273300048828125 3.3499562414363025e-06
1.274300048828125 3.61548998625949e-06
1.275300048828125 3.6825802332411214e-06
1.276300048828125 3.251192732326065e-06
1.277300048828125 3.0798804073128848e-06
1.278300048828125 2.831353049259633e-06
1.279300048828125 3.6629183644739287e-06
1.280300048828125 1.8074907806179633e-06
1.281300048828125 3.6103643166522187e-06
1.282300048828125 3.414420740834127e-06
1.283300048828125 2.62086046859622e-06
1.284300048828125 3.995449369540438e-06
1.285300048828125 2.608099748613313e-06
1.286300048828125 2.3582040739711372e-06
1.287300048828125 2.3640215416283657e-06
1.288300048828125 3.6891104537062346e-06
1.289300048828125 2.9198430517377953e-06
1.290300048828125 2.8094506706111135e-06
1.291300048828125 3.5423859177778166e-06
1.292300048828125 4.773480662455161e-06
1.293300048828125 2.426266340383639e-06
1.294300048828125 3.620617014045517e-06
1.295300048828125 2.7744709708107014e-06
1.296300048828125 2.8976712686320142e-06
1.297300048828125 2.7779103644813104e-06
1.298300048828125 3.04143827330942e-06
1.299300048828125 2.205093745336247e-06
1.300300048828125 3.4614583031119158e-06
1.301300048828125 3.7042220841006683e-06
1.302300048828125 2.4385926856969797e-06
1.303300048828125 3.4777020725111167e-06
1.304300048828125 3.0233516978720824e-06
1.305300048828125 3.4206247558662047e-06
1.306300048828125 2.69487170347323e-06
1.307300048828125 2.4602983709579957e-06
1.308300048828125 2.9167883136930568e-06
1.309300048828125 2.6130733992128325e-06
1.310300048828125 3.442987460099782e-06
1.311300048828125 3.076882567256689e-06
1.312300048828125 3.899381699739024e-06
1.313300048828125 2.9961372880886002e-06
1.314300048828125 2.956022944999859e-06
1.315300048828125 3.479443645725648e-06
1.316300048828125 2.8520089593560744e-06
1.317300048828125 2.045463503842863e-06
1.318300048828125 2.435097436925086e-06
1.319300048828125 3.3309743836677325e-06
1.320300048828125 3.629962399524326e-06
1.321300048828125 2.1128674173572412e-06
1.322300048828125 2.613384252375302e-06
1.323300048828125 4.08817237863938e-06
1.324300048828125 3.183543400761361e-06
1.325300048828125 3.2978510716930033e-06
1.326300048828125 3.142753024197494e-06
1.327300048828125 2.26153361533458e-06
1.328300048828125 2.8654073442642888e-06
1.329300048828125 2.6998912168589114e-06
1.330300048828125 3.0870039578682436e-06
1.331300048828125 3.6470303894020615e-06
1.332300048828125 3.944803320337087e-06
1.333300048828125 2.243694786254006e-06
1.334300048828125 3.2426222848395507e-06
1.335300048828125 4.086492990609258e-06
1.336300048828125 3.518596786307171e-06
1.337300048828125 3.817739294997106e-06
1.338300048828125 3.4548338832488906e-06
1.339300048828125 2.9769703299583245e-06
1.340300048828125 1.8641944673921293e-06
1.341300048828125 2.6316197666650016e-06
1.342300048828125 1.6609791055088864e-06
1.343300048828125 3.2153989013750106e-06
1.344300048828125 3.570519620552659e-06
1.345300048828125 3.624052381686245e-06
1.346300048828125 3.642133669927716e-06
1.347300048828125 2.775203683995642e-06
1.348300048828125 3.1109326422059287e-06
1.349300048828125 2.7727207392066096e-06
1.350300048828125 4.098167022069295e-06
1.351300048828125 3.4246577221589785e-06
1.352300048828125 3.334384018671699e-06
1.353300048828125 2.9408002834922326e-06
1.354300048828125 3.8549018790945414e-06
1.355300048828125 4.191675592058648e-06
1.356300048828125 2.9375109685740124e-06
1.357300048828125 3.148564962126936e-06
1.358300048828125 4.263701751672973e-06
1.359300048828125 3.922238441494604e-06
1.360300048828125 3.094126295763999e-06
1.361300048828125 3.5945889734042185e-06
1.362300048828125 3.1305384133399154e-06
1.363300048828125 3.240041066116343e-06
1.364300048828125 2.4728619852491345e-06
1.365300048828125 3.2479017196844025e-06
1.366300048828125 2.0461090692454794e-06
1.367300048828125 3.191530583232331e-06
1.368300048828125 3.371715041187902e-06
1.369300048828125 3.2664204384976374e-06
1.370300048828125 3.842854639515281e-06
1.371300048828125 2.834764018189162e-06
1.372300048828125 3.1498144380748273e-06
1.373300048828125 3.119293978670612e-06
1.374300048828125 3.1685169475773974e-06
1.375300048828125 3.605463959199066e-06
1.376300048828125 2.7207460273833322e-06
1.377300048828125 4.118931440946956e-06
1.378300048828125 4.506754339672625e-06
1.379300048828125 2.556453515959826e-06
1.380300048828125 3.520861015810321e-06
1.381300048828125 3.4636116955274092e-06
1.382300048828125 3.3586919744266196e-06
1.383300048828125 2.397090788311592e-06
1.384300048828125 2.680212031312597e-06
1.385300048828125 2.619018729698534e-06
1.386300048828125 2.967788993070523e-06
1.387300048828125 4.257455778618653e-06
1.388300048828125 3.254012650965403e-06
1.389300048828125 4.670222697313875e-06
1.390300048828125 2.4505827605025845e-06
1.391300048828125 3.6401736239592238e-06
1.392300048828125 3.687128337332979e-06
1.393300048828125 3.498427928813423e-06
1.394300048828125 4.5158614132863775e-06
1.395300048828125 3.4014243768372883e-06
1.396300048828125 3.1468750482114656e-06
1.397300048828125 2.548309785197489e-06
1.398300048828125 3.967564067958544e-06
1.399300048828125 4.2326576658524576e-06
1.400300048828125 3.0627556164593744e-06
1.401300048828125 3.3661497582215814e-06
1.402300048828125 3.6198347030828397e-06
1.403300048828125 3.580604146312301e-06
1.404300048828125 3.331858072973167e-06
1.405300048828125 4.15232905652374e-06
1.406300048828125 3.2614786080860843e-06
1.407300048828125 3.314605273772031e-06
1.408300048828125 3.6341817758511753e-06
1.409300048828125 4.22704799954469e-06
1.410300048828125 3.459474683040753e-06
1.411300048828125 3.611276624724269e-06
1.412300048828125 3.5349803996117164e-06
1.413300048828125 4.236348080060755e-06
1.414300048828125 3.567214977617065e-06
1.415300048828125 4.174649657215923e-06
1.416300048828125 3.26186724123545e-06
1.417300048828125 2.4118459502157443e-06
1.418300048828125 3.3063571027014405e-06
1.419300048828125 3.383886263084908e-06
1.420300048828125 3.026594398155187e-06
1.421300048828125 2.5044099553876246e-06
1.422300048828125 3.7624244093118857e-06
1.423300048828125 3.680724961062272e-06
1.424300048828125 3.6914660207306342e-06
1.425300048828125 3.5847713782762485e-06
1.426300048828125 3.565620378746341e-06
1.427300048828125 3.502542240312323e-06
1.428300048828125 3.817417600657791e-06
1.429300048828125 2.918780567900588e-06
1.430300048828125 3.57667095765161e-06
1.431300048828125 3.568467606479923e-06
1.432300048828125 2.5731033626167727e-06
1.433300048828125 2.782153242151253e-06
1.434300048828125 2.776675052397574e-06
1.435300048828125 2.8970129884934675e-06
1.436300048828125 3.130011900793761e-06
1.437300048828125 3.7277309456840158e-06
1.438300048828125 3.4598940207312508e-06
1.439300048828125 3.5019722902992116e-06
1.440300048828125 3.3640983747318385e-06
1.441300048828125 2.9506390274036675e-06
1.442300048828125 3.7522649896952014e-06
1.443300048828125 3.746602014871314e-06
1.444300048828125 3.0201656530455993e-06
1.445300048828125 3.5781094144719343e-06
1.446300048828125 1.995036279064758e-06
1.447300048828125 3.257435722237763e-06
1.448300048828125 2.691245317691937e-06
1.449300048828125 2.7818720021362726e-06
1.450300048828125 2.902826963691041e-06
1.451300048828125 3.3654567475120226e-06
1.452300048828125 3.1390377262141555e-06
1.453300048828125 3.1592733769988017e-06
1.454300048828125 4.465263918973505e-06
1.455300048828125 3.4737077658064664e-06
1.456300048828125 3.2990494219120594e-06
1.457300048828125 3.104667315104355e-06
1.458300048828125 2.571204119400742e-06
1.459300048828125 3.198526780276249e-06
1.460300048828125 3.432151667463283e-06
1.461300048828125 3.406823961995542e-06
1.462300048828125 2.927293608081527e-06
1.463300048828125 3.0552176273583124e-06
1.464300048828125 2.6314286757648613e-06
1.465300048828125 4.06752975929218e-06
1.466300048828125 2.439669709322819e-06
1.467300048828125 3.4145586444841075e-06
1.468300048828125 4.301569036518534e-06
1.469300048828125 3.4066102428672214e-06
1.470300048828125 3.1990105829512077e-06
1.471300048828125 3.54383858696868e-06
1.472300048828125 3.016259288415313e-06
1.473300048828125 3.3329526680366443e-06
1.474300048828125 2.601626959706967e-06
1.475300048828125 3.21696832543239e-06
1.476300048828125 2.5353167196347685e-06
1.477300048828125 2.2581777011509986e-06
1.478300048828125 3.976604736332471e-06
1.479300048828125 3.2437311407799524e-06
1.480300048828125 3.2931675862831373e-06
1.481300048828125 3.288088579817365e-06
1.482300048828125 3.6387374469389518e-06
1.483300048828125 1.9124956694819653e-06
1.484300048828125 3.918525665843238e-06
1.485300048828125 3.70274637437736e-06
1.486300048828125 3.2920926848116023e-06
1.487300048828125 3.921979708441843e-06
1.488300048828125 3.5369083828603226e-06
1.489300048828125 3.3798230773148434e-06
1.490300048828125 2.2763793337314077e-06
1.491300048828125 2.563535308581777e-06
1.492300048828125 2.3990066741437962e-06
1.493300048828125 3.956206977212181e-06
1.494300048828125 3.6320946431563543e-06
1.495300048828125 3.2085489753323297e-06
1.496300048828125 3.847827708038191e-06
1.497300048828125 3.1572217024707544e-06
1.498300048828125 2.417273693329965e-06
1.499300048828125 2.7296404005028306e-06
1.500300048828125 4.104608718383436e-06
1.501300048828125 2.5524571780503417e-06
1.502300048828125 3.8759422992977006e-06
1.503300048828125 2.708950681456675e-06
1.504300048828125 3.021872738221039e-06
1.505300048828125 4.164910399898266e-06
1.506300048828125 4.127590897648285e-06
1.507300048828125 2.6875794477139907e-06
1.508300048828125 4.886611131951213e-06
1.509300048828125 4.1410941048525275e-06
1.510300048828125 4.3932569678872825e-06
1.511300048828125 2.708637621253729e-06
1.512300048828125 2.648476026176165e-06
1.513300048828125 4.137004337583979e-06
1.514300048828125 4.036583316822846e-06
1.515300048828125 2.8327399437936645e-06
1.516300048828125 4.554242186713964e-06
1.517300048828125 4.616380707981686e-06
1.518300048828125 2.893706356796126e-06
1.519300048828125 2.77914679221188e-06
1.520300048828125 4.244964802637696e-06
1.521300048828125 3.881195007124916e-06
1.522300048828125 3.408184299284282e-06
1.523300048828125 4.227334672274689e-06
1.524300048828125 2.748273351850609e-06
1.525300048828125 3.4352944445951534e-06
1.526300048828125 2.60512504610233e-06
1.527300048828125 3.3110386478559423e-06
1.528300048828125 3.981139743700624e-06
1.529300048828125 2.6460444132681006e-06
1.530300048828125 3.514326672302559e-06
1.531300048828125 4.691791352039824e-06
1.532300048828125 2.5802605523495003e-06
1.533300048828125 2.7475533230851094e-06
1.534300048828125 4.411648745493342e-06
1.535300048828125 4.914392969415834e-06
1.536300048828125 3.265657724114135e-06
1.537300048828125 4.074734169989824e-06
1.538300048828125 3.467912126022081e-06
1.539300048828125 4.798274603672325e-06
1.540300048828125 4.102033951009314e-06
1.541300048828125 4.343916953075677e-06
1.542300048828125 3.679715349183728e-06
1.543300048828125 2.1529273457302857e-06
1.544300048828125 3.2838803114524734e-06
1.545300048828125 3.107747664519896e-06
1.546300048828125 3.375031762213136e-06
1.547300048828125 3.7314057893430192e-06
1.548300048828125 4.355741354326407e-06
1.549300048828125 3.7277501542121173e-06
1.550300048828125 4.237961062851052e-06
1.551300048828125 5.25758786049361e-06
1.552300048828125 4.332000195669631e-06
1.553300048828125 3.537195734679699e-06
1.554300048828125 2.8962916985619812e-06
1.555300048828125 4.104744390739749e-06
1.556300048828125 5.045315289559463e-06
1.557300048828125 4.534678688893716e-06
1.558300048828125 3.037693677470088e-06
1.559300048828125 4.529534780886024e-06
1.560300048828125 4.09259528775389e-06
1.561300048828125 3.250155714340508e-06
1.562300048828125 4.152068674253921e-06
1.563300048828125 3.4584139454333733e-06
1.564300048828125 4.318783903727308e-06
1.565300048828125 4.086596697258453e-06
1.566300048828125 5.1906413864344355e-06
1.567300048828125 4.061261715833098e-06
1.568300048828125 3.1497187349790084e-06
1.569300048828125 3.396467072889209e-06
1.570300048828125 4.533420433290303e-06
1.571300048828125 4.305425003015747e-06
1.572300048828125 3.0316796376913164e-06
1.573300048828125 4.749012587126344e-06
1.574300048828125 4.445519686366121e-06
1.575300048828125 3.5098167427349834e-06
1.576300048828125 3.812110662693158e-06
1.577300048828125 4.735658876597881e-06
1.578300048828125 4.828150946802149e-06
1.579300048828125 3.7800785503350197e-06
1.580300048828125 3.6392213951330634e-06
1.581300048828125 4.125071282032877e-06
1.582300048828125 4.140933936772247e-06
1.583300048828125 4.495537529389064e-06
1.584300048828125 3.564959915820509e-06
1.585300048828125 2.928741935951014e-06
1.586300048828125 3.6561435748202103e-06
1.587300048828125 4.587932586825142e-06
1.588300048828125 4.643650415043036e-06
1.589300048828125 4.50674066087231e-06
1.590300048828125 4.318220017012209e-06
1.591300048828125 2.316296765153917e-06
1.592300048828125 4.155909070201839e-06
1.593300048828125 2.9375696612987667e-06
1.594300048828125 4.659451369661838e-06
1.595300048828125 3.3503158920211716e-06
1.596300048828125 3.865578667803978e-06
1.597300048828125 3.995112929260358e-06
1.598300048828125 3.5604246659204362e-06
1.599300048828125 4.700579350659003e-06
1.600300048828125 3.508300045117115e-06
1.601300048828125 3.152889063737045e-06
1.602300048828125 3.38918228711312e-06
1.603300048828125 3.6791443805365514e-06
1.604300048828125 2.9520512907765808e-06
1.605300048828125 3.6328583761739236e-06
1.606300048828125 3.6789472020852072e-06
1.607300048828125 3.0143106414470822e-06
1.608300048828125 4.376769647933543e-06
1.609300048828125 3.822452951377879e-06
1.610300048828125 4.295795030581455e-06
1.611300048828125 5.797598084124425e-06
1.612300048828125 3.882027910246204e-06
1.613300048828125 2.8510871440327417e-06
1.614300048828125 4.9363443395122886e-06
1.615300048828125 3.542457028136899e-06
1.616300048828125 4.718098304389666e-06
1.617300048828125 4.710344461879383e-06
1.618300048828125 5.8993546796652176e-06
1.619300048828125 4.309477759913231e-06
1.620300048828125 2.991338648522894e-06
1.621300048828125 3.1549974422280985e-06
1.622300048828125 3.7125930733357863e-06
1.623300048828125 5.168844169626633e-06
1.624300048828125 3.1860661450385423e-06
1.625300048828125 5.561137610735992e-06
1.626300048828125 3.3523694825513913e-06
1.627300048828125 3.842964312449719e-06
1.628300048828125 4.176933725830168e-06
1.629300048828125 4.359732168571402e-06
1.630300048828125 4.8441141067693635e-06
1.631300048828125 3.914299110571543e-06
1.632300048828125 3.4806909873926387e-06
1.633300048828125 3.5546003103566664e-06
1.634300048828125 3.967361214260261e-06
1.635300048828125 3.8060490624047817e-06
1.636300048828125 4.2022759832131366e-06
1.637300048828125 5.654268413006017e-06
1.638300048828125 4.36551539072146e-06
1.639300048828125 3.1437484722118825e-06
1.640300048828125 3.58502657036297e-06
1.641300048828125 3.81142133846879e-06
1.642300048828125 4.395843328287204e-06
1.643300048828125 3.3235613955184816e-06
1.644300048828125 3.857013944070786e-06
1.645300048828125 4.85266384202987e-06
1.646300048828125 2.132535397928829e-06
1.647300048828125 4.8497537500225004e-06
1.648300048828125 2.712588320719078e-06
1.649300048828125 2.225107707139647e-06
1.650300048828125 2.8574249396721523e-06
1.651300048828125 5.395232001319528e-06
1.652300048828125 4.37135395865577e-06
1.653300048828125 3.625096675629417e-06
1.654300048828125 4.47043392341584e-06
1.655300048828125 5.374047420142839e-06
1.656300048828125 3.703903688195472e-06
1.657300048828125 2.5901366704298805e-06
1.658300048828125 4.917444117988149e-06
1.659300048828125 3.865148561696212e-06
1.660300048828125 3.561366320354864e-06
1.661300048828125 2.2357179113896562e-06
1.662300048828125 3.979925046830128e-06
1.663300048828125 3.2455803011544047e-06
1.664300048828125 2.7468110783956947e-06
1.665300048828125 2.8245384601177647e-06
1.666300048828125 4.891834008352211e-06
1.667300048828125 4.994580716205141e-06
1.668300048828125 4.576049735381579e-06
1.669300048828125 4.822095797862858e-06
1.670300048828125 2.972731866369334e-06
1.671300048828125 5.649554659612477e-06
1.672300048828125 2.447452158473122e-06
1.673300048828125 4.858214039510737e-06
1.674300048828125 4.647470292790483e-06
1.675300048828125 3.5246810390769197e-06
1.676300048828125 3.279553639004007e-06
1.677300048828125 3.575192095013335e-06
1.678300048828125 3.701606571363906e-06
1.679300048828125 6.016259818958739e-06
1.680300048828125 3.3167390211019666e-06
1.681300048828125 3.1683947599958627e-06
1.682300048828125 4.889044115164628e-06
1.683300048828125 4.028267624865596e-06
1.684300048828125 5.333057585327575e-06
1.685300048828125 4.41312964539975e-06
1.686300048828125 4.077740013599395e-06
1.687300048828125 5.005438482233634e-06
1.688300048828125 5.6256475121093295e-06
1.689300048828125 4.120071777530636e-06
1.690300048828125 6.490668941599628e-06
1.691300048828125 5.119887549274912e-06
1.692300048828125 6.9889707568412025e-06
1.693300048828125 6.2947493279352785e-06
1.694300048828125 3.2297891690783827e-06
1.695300048828125 6.958644274466982e-06
1.696300048828125 3.096555653125203e-06
1.697300048828125 8.029848298368355e-06
1.698300048828125 5.047974700573832e-06
1.699300048828125 6.0722525813616815e-06
1.700300048828125 5.911157447068642e-06
1.701300048828125 7.549040019512177e-06
1.702300048828125 9.059715860833725e-06
1.703300048828125 5.563597612005348e-06
1.704300048828125 6.24234894833838e-06
1.705300048828125 8.851469804843268e-06
1.706300048828125 6.639159594972929e-06
1.707300048828125 6.002957234159112e-06
1.708300048828125 7.067893457133323e-06
1.709300048828125 5.737724665474767e-06
1.710300048828125 5.745632952312008e-06
1.711300048828125 7.650057086721063e-06
1.712300048828125 8.110964554361999e-06
1.713300048828125 5.295311857480556e-06
1.714300048828125 6.209041263597707e-06
1.715300048828125 6.059389949465791e-06
1.716300048828125 6.886509945616126e-06
1.717300048828125 6.694896631718924e-06
1.718300048828125 6.538399902638048e-06
1.719300048828125 7.1763351055172584e-06
1.720300048828125 4.470770533468264e-06
1.721300048828125 5.461542217138534e-06
1.722300048828125 9.37039110188683e-06
1.723300048828125 7.685727420418212e-06
1.724300048828125 8.038256492000074e-06
1.725300048828125 6.685309005357946e-06
1.726300048828125 8.06738156825304e-06
1.727300048828125 9.427670932685336e-06
1.728300048828125 8.26969121893247e-06
1.729300048828125 8.44005320686847e-06
1.730300048828125 7.048023641497517e-06
1.731300048828125 7.813326180136452e-06
1.732300048828125 9.269328729715199e-06
1.733300048828125 6.2809378626601154e-06
1.734300048828125 9.206805067757765e-06
1.735300048828125 5.997469464394575e-06
1.736300048828125 9.866762751092513e-06
1.737300048828125 6.043618292702982e-06
1.738300048828125 7.575980465238293e-06
1.739300048828125 6.024833855917677e-06
1.740300048828125 7.090353756211698e-06
1.741300048828125 6.010601258215805e-06
1.742300048828125 5.120767921956334e-06
1.743300048828125 9.71497540983061e-06
1.744300048828125 8.342988633861145e-06
1.745300048828125 4.678631691300932e-06
1.746300048828125 5.664855222372959e-06
1.747300048828125 8.3313777577132e-06
1.748300048828125 6.970646985185644e-06
1.749300048828125 4.916415588619808e-06
1.750300048828125 5.076168357239416e-06
1.751300048828125 3.4098358446499334e-06
1.752300048828125 6.638312576493869e-06
1.753300048828125 4.651974886655808e-06
1.754300048828125 4.449460636048268e-06
1.755300048828125 5.570011659680555e-06
1.756300048828125 6.74269588974615e-06
1.757300048828125 6.994221863957743e-06
1.758300048828125 4.868194034012656e-06
1.759300048828125 5.262608465272933e-06
1.760300048828125 6.9721947268893326e-06
1.761300048828125 8.645716588944197e-06
1.762300048828125 6.759712511363128e-06
1.763300048828125 4.987051555265983e-06
1.764300048828125 5.678090528817847e-06
1.765300048828125 5.354612852291515e-06
1.766300048828125 5.753198590052003e-06
1.767300048828125 6.644527214424064e-06
1.768300048828125 7.933601348971327e-06
1.769300048828125 3.692330316929689e-06
1.770300048828125 9.290758365144332e-06
1.771300048828125 6.396286432088042e-06
1.772300048828125 5.004295574811598e-06
1.773300048828125 6.7345277542093156e-06
1.774300048828125 7.394712689953545e-06
1.775300048828125 7.901520390684406e-06
1.776300048828125 8.50409094709903e-06
1.777300048828125 1.0695361997932196e-05
1.778300048828125 8.095605492902299e-06
1.779300048828125 7.559806302500268e-06
1.780300048828125 6.780249629324923e-06
1.781300048828125 9.38740229078879e-06
1.782300048828125 7.663635284795114e-06
1.783300048828125 7.155823113862425e-06
1.784300048828125 4.6130624927058036e-06
1.785300048828125 9.615337670159837e-06
1.786300048828125 1.0483019092741112e-05
1.787300048828125 9.075449003527562e-06
1.788300048828125 6.6821133320142204e-06
1.789300048828125 7.89836524442459e-06
1.790300048828125 5.847082599454249e-06
1.791300048828125 1.1563381218972306e-05
1.792300048828125 1.0439005369941394e-05
1.793300048828125 6.3456590578425675e-06
1.794300048828125 8.367912766213218e-06
1.795300048828125 9.851092278646927e-06
1.796300048828125 1.0024312456759314e-05
1.797300048828125 6.782757991459221e-06
1.798300048828125 8.01599749441569e-06
1.799300048828125 8.08212294941768e-06
1.800300048828125 9.390059082458416e-06
1.801300048828125 9.539707098156215e-06
1.802300048828125 7.647354796063155e-06
1.803300048828125 8.751689068352184e-06
1.804300048828125 6.6277191702586914e-06
1.805300048828125 5.8271963886606195e-06
1.806300048828125 6.5500924635368085e-06
1.807300048828125 1.0165109803589683e-05
1.808300048828125 7.029994352099797e-06
1.809300048828125 5.9828558247924465e-06
1.810300048828125 6.763019773643464e-06
1.811300048828125 7.204860303318128e-06
1.812300048828125 6.89532607793808e-06
1.813300048828125 1.0785914685887595e-05
1.814300048828125 8.461132820229977e-06
1.815300048828125 1.1160907063943643e-05
1.816300048828125 9.266524963701764e-06
1.817300048828125 9.428641060367227e-06
1.818300048828125 7.160010378963003e-06
1.819300048828125 8.982538323228558e-06
1.820300048828125 6.384199659805745e-06
1.821300048828125 7.062916120048613e-06
1.822300048828125 6.210364857300496e-06
1.823300048828125 7.135976096227144e-06
1.824300048828125 4.99566822933654e-06
1.825300048828125 1.03771680733189e-05
1.826300048828125 7.237269795344522e-06
1.827300048828125 6.934387880998353e-06
1.828300048828125 7.673541937644282e-06
1.829300048828125 1.1782896472141146e-05
1.830300048828125 8.382452845883866e-06
1.831300048828125 1.019973075017333e-05
1.832300048828125 9.90131152017663e-06
1.833300048828125 9.500919162140539e-06
1.834300048828125 1.3684641065386434e-05
1.835300048828125 9.099483431782573e-06
1.836300048828125 8.929551695473492e-06
1.837300048828125 1.0652350611053407e-05
1.838300048828125 7.355202784917007e-06
1.839300048828125 1.3930466763364773e-05
1.840300048828125 8.15980388627698e-06
1.841300048828125 1.048251656660189e-05
1.842300048828125 6.954638326230148e-06
1.843300048828125 9.299283168123415e-06
1.844300048828125 7.672976256192972e-06
1.845300048828125 7.1887810675737764e-06
1.846300048828125 1.0960432700812816e-05
1.847300048828125 6.299313293614736e-06
1.848300048828125 9.36700263991952e-06
1.849300048828125 5.811705874900023e-06
1.850300048828125 8.862026928303143e-06
1.851300048828125 8.730632058965663e-06
1.852300048828125 7.460227643605322e-06
1.853300048828125 9.054500066364804e-06
1.854300048828125 6.664302297091732e-06
1.855300048828125 4.6142810606397686e-06
1.856300048828125 1.0617336180681985e-05
1.857300048828125 4.604912440602978e-06
1.858300048828125 9.52680342985938e-06
1.859300048828125 6.979392880263427e-06
1.860300048828125 4.72174502647249e-06
1.861300048828125 1.21175532694906e-05
1.862300048828125 3.448989979612331e-06
1.863300048828125 1.110320328734815e-05
1.864300048828125 6.15467365908747e-06
1.865300048828125 5.546700849663466e-06
1.866300048828125 7.646882925958683e-06
1.867300048828125 6.591471319552511e-06
1.868300048828125 8.106853541297218e-06
1.869300048828125 9.68673344080647e-06
1.870300048828125 5.600098617530117e-06
1.871300048828125 7.823655905667693e-06
1.872300048828125 8.041793674541017e-06
1.873300048828125 9.38087934628129e-06
1.874300048828125 4.494048965473969e-06
1.875300048828125 7.979864409814279e-06
1.876300048828125 6.2344507508290314e-06
1.877300048828125 7.336686054865519e-06
1.878300048828125 8.750005896824102e-06
1.879300048828125 7.7881528219829e-06
1.880300048828125 1.0962958137194316e-05
1.881300048828125 6.412307072120408e-06
1.882300048828125 1.038331111582617e-05
1.883300048828125 6.52844668366015e-06
1.884300048828125 8.054311717084299e-06
1.885300048828125 1.2546232707488041e-05
1.886300048828125 1.0872059889758627e-05
1.887300048828125 1.0521931108087301e-05
1.888300048828125 1.3913443156828483e-05
1.889300048828125 7.507242165350666e-06
1.890300048828125 1.368848509931316e-05
1.891300048828125 9.44104113538439e-06
1.892300048828125 9.133915591519326e-06
1.893300048828125 1.3511604047380388e-05
1.894300048828125 1.0555393043129394e-05
1.895300048828125 1.0259522047514717e-05
1.896300048828125 1.1360572728638847e-05
1.897300048828125 9.394022539102783e-06
1.898300048828125 1.0602100131412347e-05
1.899300048828125 9.87133476883173e-06
1.900300048828125 9.301891550421715e-06
1.901300048828125 1.0089021525345743e-05
1.902300048828125 1.0122066984574001e-05
1.903300048828125 1.2363255373202263e-05
1.904300048828125 9.42846197479715e-06
1.905300048828125 1.0288382472936064e-05
1.906300048828125 7.690997833075623e-06
1.907300048828125 6.673193284211601e-06
1.908300048828125 9.31466328135381e-06
1.909300048828125 9.756535679722825e-06
1.910300048828125 7.412456325255334e-06
1.911300048828125 7.204462793500473e-06
1.912300048828125 1.2342069918910662e-05
1.913300048828125 6.004176781668017e-06
1.914300048828125 7.066568941809237e-06
1.915300048828125 8.284447637076178e-06
1.916300048828125 7.127146721662333e-06
1.917300048828125 4.799130644338827e-06
1.918300048828125 9.48498995664219e-06
1.919300048828125 4.017265649357189e-06
1.920300048828125 8.303542272187769e-06
1.921300048828125 2.0008884231022727e-06
1.922300048828125 7.056090980768204e-06
1.923300048828125 8.76368236883233e-06
1.924300048828125 1.0095661079200607e-05
1.925300048828125 4.9309843840698395e-06
1.926300048828125 1.0141276288777589e-05
1.927300048828125 4.218903765528618e-06
1.928300048828125 5.974352631407479e-06
1.929300048828125 8.827074198052288e-06
1.930300048828125 5.029396076376239e-06
1.931300048828125 6.925733565973738e-06
1.932300048828125 3.064018674194813e-06
1.933300048828125 9.295753358552853e-06
1.934300048828125 4.163319439006348e-06
1.935300048828125 8.969099144451321e-06
1.936300048828125 9.413161846053934e-07
1.937300048828125 1.0149261991803844e-05
1.938300048828125 7.295611818941931e-06
1.939300048828125 5.7375081814825534e-06
1.940300048828125 2.6405500682091798e-06
1.941300048828125 5.763893908200165e-06
1.942300048828125 4.519673432999601e-06
1.943300048828125 5.202470638323575e-06
1.944300048828125 7.253110719223818e-06
1.945300048828125 4.773224451734374e-06
1.946300048828125 5.8431741005430615e-06
1.947300048828125 1.0398281544136504e-05
1.948300048828125 4.218776690928887e-06
1.949300048828125 1.0984254380067188e-05
1.950300048828125 5.152491309369604e-06
1.951300048828125 1.0091547155752778e-05
1.952300048828125 3.2711916328972042e-06
1.953300048828125 8.547182466524342e-06
1.954300048828125 2.7174299854474763e-06
1.955300048828125 3.3433557446678935e-06
1.956300048828125 7.760294829495252e-06
1.957300048828125 9.838357412566741e-06
1.958300048828125 5.218027896868686e-06
1.959300048828125 9.040928562171757e-06
1.960300048828125 9.195565168435374e-06
1.961300048828125 7.446897022115687e-06
1.962300048828125 7.5674313120543954e-06
1.963300048828125 7.039808745806417e-06
1.964300048828125 7.158317409145335e-06
1.965300048828125 8.911761300017437e-06
1.966300048828125 8.584753765414158e-06
1.967300048828125 5.228802813993147e-06
1.968300048828125 7.237099149885276e-06
1.969300048828125 7.207851449493319e-06
1.970300048828125 4.5299275855844214e-06
1.971300048828125 6.706274192159375e-06
1.972300048828125 6.992644921410829e-06
1.973300048828125 7.2323712326275805e-06
1.974300048828125 7.373481057584286e-06
1.975300048828125 5.17399525657917e-06
1.976300048828125 6.844255258329213e-06
1.977300048828125 6.62928136686484e-06
1.978300048828125 7.80782497410352e-06
1.979300048828125 3.024474678617513e-06
1.980300048828125 9.593280653158824e-06
1.981300048828125 3.0582715987481636e-06
1.982300048828125 7.644159874568382e-06
1.983300048828125 9.57639441670229e-06
1.984300048828125 1.0764659576428433e-05
1.985300048828125 5.3582045560081804e-06
1.986300048828125 3.969256989269827e-06
1.987300048828125 1.114523969590664e-05
1.988300048828125 9.085568211351833e-06
1.989300048828125 8.028872931996981e-06
1.990300048828125 8.70914935755233e-06
1.991300048828125 2.3615274013118656e-06
1.992300048828125 8.013161520163217e-06
1.993300048828125 8.160672150552273e-06
1.994300048828125 7.624773231024543e-06
1.995300048828125 7.48785639492174e-06
1.996300048828125 7.86608705917994e-06
1.997300048828125 9.04177645376573e-06
1.998300048828125 7.453577127307653e-06
1.999300048828125 5.92165170625473e-06
2.000300048828125 9.331795154139399e-06
2.001300048828125 8.525350519145527e-06
2.002300048828125 9.438960308519502e-06
2.003300048828125 1.070768591792633e-05
2.004300048828125 6.991747262266776e-06
2.005300048828125 9.84673504717648e-06
2.006300048828125 1.1337100295349955e-05
2.007300048828125 1.4390090170005957e-05
2.008300048828125 5.3861764414856825e-06
2.009300048828125 7.63273739721626e-06
2.010300048828125 9.658561903052031e-06
2.011300048828125 7.078950099336604e-06
2.012300048828125 8.236842695623637e-06
2.013300048828125 3.706006391439587e-06
2.014300048828125 5.1395880291238425e-06
2.015300048828125 8.51774491214504e-06
2.016300048828125 1.0488636326044798e-05
2.017300048828125 6.237483078924319e-06
2.018300048828125 8.144189487211405e-06
2.019300048828125 9.58235798558841e-06
2.020300048828125 1.1502203609173497e-05
2.021300048828125 1.0273975203745066e-05
2.022300048828125 8.125671690019468e-06
2.023300048828125 6.364807777572423e-06
2.024300048828125 1.0447188008887072e-05
2.025300048828125 7.743892298700909e-06
2.026300048828125 1.0958870213168363e-05
2.027300048828125 5.5413298347654436e-06
2.028300048828125 1.3887800353889663e-05
2.029300048828125 7.313033371853332e-06
2.030300048828125 1.2550059861193102e-05
2.031300048828125 1.1827622656710446e-05
2.032300048828125 8.942150161601603e-06
2.033300048828125 1.4259666592503587e-05
2.034300048828125 1.2768203159794211e-05
2.035300048828125 9.473385095285872e-06
2.036300048828125 7.456610813581696e-06
2.037300048828125 7.229782834959527e-06
2.038300048828125 1.1952470134322841e-05
2.039300048828125 7.74417285962651e-06
2.040300048828125 6.91027749174585e-06
2.041300048828125 9.420201531611382e-06
2.042300048828125 3.783435677178204e-06
2.043300048828125 1.544919330626726e-05
2.044300048828125 5.242229332604135e-06
2.045300048828125 6.8799465467842916e-06
2.046300048828125 6.881789692367116e-06
2.047300048828125 8.083806023932994e-06
2.048300048828125 1.1168568938349683e-05
2.049300048828125 7.021302008070052e-06
2.050300048828125 8.185345213860274e-06
2.051300048828125 8.972008557369313e-06
2.052300048828125 1.3184636676063139e-05
2.053300048828125 1.918260978224377e-05
2.054300048828125 7.474381127394736e-06
2.055300048828125 1.0646786540746689e-05
2.056300048828125 1.4172716764733196e-05
2.057300048828125 1.4246702970316012e-05
2.058300048828125 1.3020229913915198e-05
2.059300048828125 1.544611024049421e-05
2.060300048828125 1.2934867991134524e-05
2.061300048828125 1.2452398853686947e-05
2.062300048828125 2.056987335284551e-05
2.063300048828125 1.6696420110141235e-05
2.064300048828125 2.22115870565176e-05
2.065300048828125 2.258365973830223e-05
2.066300048828125 2.3822955942402283e-05
2.067300048828125 2.310254999125997e-05
2.068300048828125 2.8243636867652335e-05
2.069300048828125 3.317842337613305e-05
2.070300048828125 3.1758806823442376e-05
2.071300048828125 3.6184316656241814e-05
2.072300048828125 4.406881673882405e-05
2.073300048828125 5.510658491402865e-05
2.074300048828125 6.604139693081379e-05
2.075300048828125 7.353992356608311e-05
2.076300048828125 0.00010176957584917545
2.077300048828125 0.00011968980232874551
2.078300048828125 0.00014146633135775724
2.079300048828125 0.00019045526782671612
2.080300048828125 0.00023801087091366452
2.081300048828125 0.0003141238043705622
2.082300048828125 0.00042582483341296515
2.083300048828125 0.0005715869988004367
2.084300048828125 0.0007766223947207134
2.085300048828125 0.001089784950017929
2.086300048828125 0.0015582777063051858
2.087300048828125 0.002281138002872467
2.088300048828125 0.0033740015824635823
2.089300048828125 0.005154798527558645
2.090300048828125 0.007816784977912904
2.091300048828125 0.011854556401570637
2.092300048828125 0.018188719749450685
2.093300048828125 0.026398142973581947
2.094300048828125 0.03761476675669352
2.095300048828125 0.05172409375508626
2.096300048828125 0.06867074012756348
2.097300048828125 0.08861639022827149
2.098300048828125 0.11170686721801758
2.099300048828125 0.13575026512145996
2.100300048828125 0.15593093236287436
2.101300048828125 0.17303906122843427
2.102300048828125 0.19166623433430988
2.103300048828125 0.2112943394978841
2.104300048828125 0.23468386967976887
2.105300048828125 0.2650372314453125
2.106300048828125 0.29750520070393877
2.107300048828125 0.3390394719441732
2.108300048828125 0.38472732543945315
2.109300048828125 0.4384536997477213
2.110300048828125 0.4977510706583659
2.111300048828125 0.5679013061523438
2.112300048828125 0.6408086268107097
2.113300048828125 0.7119948832194011
2.114300048828125 0.7876119995117188
2.115300048828125 0.8465146891276042
2.116300048828125 0.8965520985921224
2.117300048828125 0.9300809987386067
2.118300048828125 0.9625572713216145
2.119300048828125 0.9682447560628255
2.120300048828125 0.98154541015625
2.121300048828125 0.985923360188802
2.122300048828125 0.988013203938802
2.123300048828125 0.9901683807373047
2.124300048828125 0.9834698486328125
2.125300048828125 0.9832094573974609
2.126300048828125 0.9742178599039714
2.127300048828125 0.9530320231119792
2.128300048828125 0.9229889424641926
2.129300048828125 0.8771472422281902
2.130300048828125 0.8082447052001953
2.131300048828125 0.7423923238118489
2.132300048828125 0.661550407409668
2.133300048828125 0.5843688583374024
2.134300048828125 0.511082878112793
2.135300048828125 0.4420656077067057
2.136300048828125 0.3777200698852539
2.137300048828125 0.3246157646179199
2.138300048828125 0.2839621671040853
2.139300048828125 0.24571599960327148
2.140300048828125 0.2155904006958008
2.141300048828125 0.1882463264465332
2.142300048828125 0.161259667078654
2.143300048828125 0.13589586893717448
2.144300048828125 0.11337946891784668
2.145300048828125 0.09403926531473795
2.146300048828125 0.07534903049468994
2.147300048828125 0.06019128640492757
2.148300048828125 0.04686998049418132
2.149300048828125 0.035273069540659584
2.150300048828125 0.026048282782236733
2.151300048828125 0.018491872946421305
2.152300048828125 0.012654796441396077
2.153300048828125 0.008377878268559773
2.154300048828125 0.005511477688948313
2.155300048828125 0.0035639766852060954
2.156300048828125 0.0023360823591550193
2.157300048828125 0.0015804073711236319
2.158300048828125 0.0010839619487524033
2.159300048828125 0.0007554330925146739
2.160300048828125 0.0005460748200615248
2.161300048828125 0.0003996491308013598
2.162300048828125 0.0002930843954284986
2.163300048828125 0.00022997602820396424
2.164300048828125 0.00017232717325290042
2.165300048828125 0.00014049453660845755
2.166300048828125 0.00011068321143587431
2.167300048828125 9.127271361649037e-05
2.168300048828125 6.740300760914882e-05
2.169300048828125 5.475716820607583e-05
2.170300048828125 4.825075622648001e-05
2.171300048828125 5.134254073103269e-05
2.172300048828125 3.302517657478651e-05
2.173300048828125 3.0917335922519363e-05
2.174300048828125 2.8437869623303414e-05
2.175300048828125 2.869396315266689e-05
2.176300048828125 2.2221956169232725e-05
2.177300048828125 2.3198946534345546e-05
2.178300048828125 2.0351529819890856e-05
2.179300048828125 1.8263673409819604e-05
2.180300048828125 2.2224329877644778e-05
2.181300048828125 1.8997426765660447e-05
2.182300048828125 2.242588981365164e-05
2.183300048828125 5.997886328259483e-06
2.184300048828125 1.4049002978329857e-05
2.185300048828125 1.2429766744996112e-05
2.186300048828125 1.4868410071358084e-05
2.187300048828125 1.0911228988940519e-05
2.188300048828125 9.876907570287586e-06
2.189300048828125 7.1366858901456e-06
2.190300048828125 1.7945690002913278e-05
2.191300048828125 1.6600056163345774e-05
2.192300048828125 1.3602047013894964e-05
2.193300048828125 6.630088998160014e-06
2.194300048828125 1.627902655551831e-05
2.195300048828125 9.966966269227366e-06
2.196300048828125 1.115627489828815e-05
2.197300048828125 1.3397363169739645e-05
2.198300048828125 1.6131460045774775e-05
2.199300048828125 9.689610063408812e-06
2.200300048828125 1.3740244321525097e-05
2.201300048828125 8.365651786637804e-06
2.202300048828125 1.802731305360794e-05
2.203300048828125 1.6695010708644985e-05
2.204300048828125 1.3634516508318483e-05
2.205300048828125 1.3667766858513158e-05
2.206300048828125 1.4028491956802707e-05
2.207300048828125 8.463991689495742e-06
2.208300048828125 1.390662354727586e-05
2.209300048828125 1.2317261231752734e-05
2.210300048828125 5.965735375260314e-06
2.211300048828125 1.2837063986808061e-05
2.212300048828125 1.8989753055696686e-05
2.213300048828125 5.7583768015205075e-06
2.214300048828125 2.0079717117672165e-05
2.215300048828125 1.0065830817135672e-05
2.216300048828125 1.3970346966137487e-05
2.217300048828125 1.1362279571282368e-05
2.218300048828125 3.045429630825917e-05
2.219300048828125 2.5901926370958487e-05
2.220300048828125 6.083317333578364e-06
2.221300048828125 1.741967163980007e-05
2.222300048828125 1.3278226833790541e-05
2.223300048828125 2.0446413351843754e-05
2.224300048828125 1.0042856059347588e-05
2.225300048828125 1.646708347834647e-05
2.226300048828125 1.356265585248669e-05
2.227300048828125 1.527684663111965e-05
2.228300048828125 2.8301643612582695e-06
2.229300048828125 2.515977947041392e-05
2.230300048828125 1.5711383117983738e-05
2.231300048828125 2.5102150005598866e-05
2.232300048828125 1.2800633946123223e-05
2.233300048828125 1.4656280012180408e-05
2.234300048828125 4.076762270415201e-06
2.235300048828125 1.6233493418743213e-05
2.236300048828125 1.1635285918600857e-05
2.237300048828125 1.7490953129405778e-05
2.238300048828125 9.968160011339933e-06
2.239300048828125 2.334812597837299e-05
2.240300048828125 1.95565369601051e-05
2.241300048828125 2.4310535906503598e-05
2.242300048828125 2.6578373120476805e-05
2.243300048828125 1.0783459777788568e-05
2.244300048828125 1.2797653519858915e-05
2.245300048828125 3.225101623684168e-05
2.246300048828125 2.4536312945807974e-05
2.247300048828125 1.82935797298948e-05
2.248300048828125 1.2483999986822408e-05
2.249300048828125 2.5031006274123986e-05
2.250300048828125 2.7767932818581663e-05
2.251300048828125 2.601953378568093e-05
2.252300048828125 1.0059579581138679e-05
2.253300048828125 1.9899453424538174e-05
2.254300048828125 8.332730309727292e-06
2.255300048828125 1.62844147416763e-05
2.256300048828125 2.2618349952002366e-05
2.257300048828125 9.999999939225291e-11
2.258300048828125 1.6340625394756597e-05
2.259300048828125 1.7277283671622475e-05
2.260300048828125 1.4281080026800434e-05
2.261300048828125 1.32749150119101e-05
2.262300048828125 1.705277517127494e-05
2.263300048828125 1.927023637108505e-05
2.264300048828125 3.955896633366744e-05
2.265300048828125 8.803727541817353e-06
2.266300048828125 1.9519190148760873e-05
2.267300048828125 1.60622534652551e-05
2.268300048828125 8.40817791565011e-06
2.269300048828125 1.7481233226135372e-05
2.270300048828125 1.9602663815021516e-05
2.271300048828125 1.0349082682902615e-05
2.272300048828125 2.8053743299096824e-05
2.273300048828125 2.0780529982099928e-05
2.274300048828125 2.5285663238416115e-05
2.275300048828125 2.9840702967097363e-05
2.276300048828125 1.1285616007323067e-05
2.277300048828125 8.73393650787572e-06
2.278300048828125 2.1977350115776062e-05
2.279300048828125 1.628173980861902e-05
2.280300048828125 1.5723520191386343e-05
2.281300048828125 1.423572190105915e-05
2.282300048828125 1.634354974764089e-05
2.283300048828125 1.4307253489581246e-05
2.284300048828125 1.1253737999747197e-05
2.285300048828125 1.2899560776228708e-05
2.286300048828125 1.7954113039498526e-05
2.287300048828125 3.5372816489331884e-06
2.288300048828125 1.5504647938845057e-05
2.289300048828125 1.6072569803024332e-05
2.290300048828125 1.8793299871807298e-05
2.291300048828125 1.5802667088185745e-05
2.292300048828125 6.367441965267063e-06
2.293300048828125 6.2235273556628575e-06
2.294300048828125 1.7070403167357047e-05
2.295300048828125 1.217933022417128e-05
2.296300048828125 8.538305798235038e-06
2.297300048828125 8.006064842144648e-06
2.298300048828125 2.1613176162530815e-06
2.299300048828125 1.3012656709179282e-05
2.300300048828125 1.1513489298522472e-05
2.301300048828125 7.886668706002334e-06
2.302300048828125 2.3117037623402816e-06
2.303300048828125 1.1572056682780386e-05
2.304300048828125 7.631014062402149e-06
2.305300048828125 4.986122366972267e-06
2.306300048828125 8.777374556909005e-06
2.307300048828125 8.376713958568871e-06
2.308300048828125 8.16522651196768e-06
2.309300048828125 4.664901255940397e-06
2.310300048828125 4.199904748626674e-06
2.311300048828125 8.27920448500663e-06
2.312300048828125 7.028826512396336e-06
2.313300048828125 9.96651981646816e-06
2.314300048828125 4.806220628476391e-06
2.315300048828125 6.002993322908878e-06
2.316300048828125 4.736871536200245e-06
2.317300048828125 8.528989902097569e-07
2.318300048828125 6.716236821375788e-06
2.319300048828125 4.008641020239641e-06
2.320300048828125 5.884819353620211e-06
2.321300048828125 1.5095070072372133e-06
2.322300048828125 3.2206259978314237e-06
2.323300048828125 4.17609762128753e-06
2.324300048828125 2.248250602860935e-06
2.325300048828125 1.8832387528770291e-06
2.326300048828125 4.115019692108035e-06
2.327300048828125 4.547932088219871e-06
2.328300048828125 4.502276909382393e-06
2.329300048828125 3.5668437097532054e-06
2.330300048828125 1.221454304311346e-06
2.331300048828125 1.1665287505214412e-05
2.332300048828125 8.032350451685489e-06
2.333300048828125 5.856626764095078e-06
2.334300048828125 7.796004841414592e-06
2.335300048828125 7.01071733298401e-06
2.336300048828125 5.4523878498002885e-06
2.337300048828125 7.093366390715042e-06
2.338300048828125 4.783663316629827e-06
2.339300048828125 4.750130271228651e-06
2.340300048828125 3.6285113310441374e-06
2.341300048828125 1.916078326757997e-06
2.342300048828125 5.849346828957399e-06
2.343300048828125 7.83225967704008e-06
2.344300048828125 7.5832581690823046e-06
2.345300048828125 4.8857979709282515e-06
2.346300048828125 2.247699643097197e-06
2.347300048828125 7.665196317248047e-06
2.348300048828125 4.3553475795003275e-06
2.349300048828125 7.4337318073958155e-06
2.350300048828125 6.306217013237377e-06
2.351300048828125 3.4223390199864906e-06
2.352300048828125 4.766745939074705e-06
2.353300048828125 5.252991783587882e-06
2.354300048828125 6.789216616501411e-06
2.355300048828125 4.755541158374399e-06
2.356300048828125 5.985153159902742e-06
2.357300048828125 5.653300904668868e-06
2.358300048828125 3.6147194138417643e-06
2.359300048828125 7.452774055612584e-06
2.360300048828125 6.313132083353897e-06
2.361300048828125 3.557179297786206e-06
2.362300048828125 6.420368008548394e-06
2.363300048828125 8.214663054483632e-06
2.364300048828125 5.140966289521506e-06
2.365300048828125 5.283162754494697e-06
2.366300048828125 7.673181632223228e-06
2.367300048828125 8.5599814580443e-06
2.368300048828125 6.91909323601673e-06
2.369300048828125 5.8888510102406145e-06
2.370300048828125 4.855378259283801e-06
2.371300048828125 1.855182708823122e-06
2.372300048828125 4.650685489953806e-06
2.373300048828125 6.146454834379255e-06
2.374300048828125 7.790517605220278e-06
2.375300048828125 4.246015896921899e-06
2.376300048828125 4.1653999748329325e-06
2.377300048828125 5.02775355319803e-06
2.378300048828125 6.576054341470202e-06
2.379300048828125 6.416864149893323e-06
2.380300048828125 5.0569030766685804e-06
2.381300048828125 8.739829063415527e-06
2.382300048828125 9.345127230820558e-06
2.383300048828125 3.5495103023889626e-06
2.384300048828125 5.966294362830619e-06
2.385300048828125 4.821261682081968e-06
2.386300048828125 1.1372522567398847e-05
2.387300048828125 6.065243893923859e-06
2.388300048828125 6.509732144574324e-06
2.389300048828125 9.46867473733922e-06
2.390300048828125 9.050012643759449e-06
2.391300048828125 9.853128964702289e-06
2.392300048828125 3.745873424729022e-06
2.393300048828125 6.329345400191144e-06
2.394300048828125 7.947845927750071e-06
2.395300048828125 1.1205915361642838e-05
2.396300048828125 9.133528219535947e-06
2.397300048828125 1.209585985634476e-05
2.398300048828125 7.142271497286856e-06
2.399300048828125 1.0288223469009001e-05
2.400300048828125 8.493346491983781e-06
2.401300048828125 1.451040307680766e-05
2.402300048828125 1.1904838611371816e-05
2.403300048828125 8.769793591151634e-06
2.404300048828125 1.3258793430092434e-05
2.405300048828125 1.0522095059665541e-05
2.406300048828125 1.2229459243826569e-05
2.407300048828125 9.76715663758417e-06
2.408300048828125 1.1244997343358893e-05
2.409300048828125 1.320353903186818e-05
2.410300048828125 1.2456656550057233e-05
2.411300048828125 1.0937728802673519e-05
2.412300048828125 7.021356432233006e-06
2.413300048828125 1.2913292351489264e-05
2.414300048828125 7.195063323403398e-06
2.415300048828125 1.2515040774208802e-05
2.416300048828125 1.5048906983186801e-05
2.417300048828125 8.929435086126129e-06
2.418300048828125 1.4885229563030105e-05
2.419300048828125 1.0849306515107553e-05
2.420300048828125 8.5367612579527e-06
2.421300048828125 1.437944049636523e-05
2.422300048828125 1.3261558876062434e-05
2.423300048828125 1.2732628189648192e-05
2.424300048828125 1.0850494727492332e-05
2.425300048828125 7.154519310764348e-06
2.426300048828125 1.233893019768099e-05
2.427300048828125 5.406735872384161e-06
2.428300048828125 1.6291410041352113e-05
2.429300048828125 1.3450243471500773e-05
2.430300048828125 1.0012948575119178e-05
2.431300048828125 1.6978209993491572e-05
2.432300048828125 5.2055259584449234e-06
2.433300048828125 8.075791993178427e-06
2.434300048828125 1.622906090536465e-05
2.435300048828125 1.961396619056662e-05
2.436300048828125 1.2061048570709925e-05
2.437300048828125 1.701767633979519e-05
2.438300048828125 1.3601464646247526e-05
2.439300048828125 7.136394560802728e-06
2.440300048828125 1.1171667526165645e-05
2.441300048828125 2.1086063934490085e-05
2.442300048828125 2.0171462868650757e-05
2.443300048828125 1.1963372041160863e-05
2.444300048828125 5.315617648496604e-06
2.445300048828125 1.692788015740613e-05
2.446300048828125 9.708837023936211e-06
2.447300048828125 5.455753331868133e-06
2.448300048828125 8.795253622035186e-06
2.449300048828125 1.1246626381762326e-05
2.450300048828125 1.1919066697979968e-05
2.451300048828125 1.3554914039559662e-05
2.452300048828125 1.5852780003721518e-05
2.453300048828125 1.1016525871430834e-05
2.454300048828125 1.0570166244482e-05
2.455300048828125 1.8614903092384337e-05
2.456300048828125 1.846522674895823e-05
2.457300048828125 4.9503523135966765e-06
2.458300048828125 2.931529345611731e-05
2.459300048828125 1.5128085700174172e-05
2.460300048828125 1.4005452782536547e-05
2.461300048828125 1.8351312804346283e-05
2.462300048828125 1.6482983288976055e-05
2.463300048828125 1.7439720298474034e-05
2.464300048828125 1.2140090305668612e-05
2.465300048828125 2.418338029857026e-06
2.466300048828125 9.373948948147397e-06
2.467300048828125 1.4266140060499311e-05
2.468300048828125 1.494581423078974e-05
2.469300048828125 1.384071132633835e-05
2.470300048828125 1.5533336748679477e-05
2.471300048828125 1.8868922876815004e-05
2.472300048828125 1.767190677734713e-05
2.473300048828125 2.4511447021116815e-05
2.474300048828125 1.1772581686576207e-05
2.475300048828125 2.4825537111610173e-05
2.476300048828125 2.2071670197571315e-05
2.477300048828125 2.444973991562923e-05
2.478300048828125 2.634574348727862e-05
2.479300048828125 1.5494113322347404e-05
2.480300048828125 9.219696900496879e-06
2.481300048828125 2.2042696364223958e-05
2.482300048828125 1.6262033605016767e-05
2.483300048828125 7.119741640053689e-06
2.484300048828125 1.2823969785434504e-05
2.485300048828125 1.5755639954780538e-05
2.486300048828125 2.079707725594441e-05
2.487300048828125 2.7790446765720844e-05
2.488300048828125 2.2716019690657654e-05
2.489300048828125 2.3141619749367237e-05
2.490300048828125 1.9329949476135272e-05
2.491300048828125 2.4395876486475266e-05
2.492300048828125 1.3624484223934513e-05
2.493300048828125 1.865265037243565e-05
2.494300048828125 2.2369643362859883e-05
2.495300048828125 9.983088142083336e-06
2.496300048828125 1.994577314083775e-05
2.497300048828125 2.1632276475429535e-05
2.498300048828125 1.5625468416449922e-05
2.499300048828125 2.1578107650081316e-05
2.500300048828125 2.7528794016689063e-05
2.501300048828125 1.8914859974756837e-05
2.502300048828125 2.7401423236976066e-05
2.503300048828125 3.110823221504688e-05
2.504300048828125 2.2649296637003622e-05
2.505300048828125 2.9683663354565702e-05
2.506300048828125 1.5652473472679654e-05
2.507300048828125 2.9672137073551616e-05
2.508300048828125 2.143657339426378e-05
2.509300048828125 1.148776471382007e-05
2.510300048828125 1.449885972154637e-05
2.511300048828125 2.3802906895677248e-05
2.512300048828125 1.0383950915032377e-05
2.513300048828125 1.5315116033889353e-05
2.514300048828125 1.7299719620496034e-05
2.515300048828125 2.0101077971048654e-05
2.516300048828125 1.9961400733639798e-05
2.517300048828125 1.885458283747236e-05
2.518300048828125 1.4166692271828652e-05
2.519300048828125 1.422191345262706e-05
2.520300048828125 1.9831226284926137e-05
2.521300048828125 1.4080373415102561e-05
2.522300048828125 1.0746147600002587e-05
2.523300048828125 3.093838924542069e-05
2.524300048828125 1.2743746823010345e-05
2.525300048828125 1.449360065938284e-05
2.526300048828125 2.7933473077913125e-05
2.527300048828125 1.98106502648443e-05
2.528300048828125 2.1157156055172285e-05
2.529300048828125 2.1518306651463113e-05
2.530300048828125 3.597259055823088e-05
2.531300048828125 1.7740716342560248e-05
2.532300048828125 4.0659275837242605e-05
2.533300048828125 2.73444134897242e-05
2.534300048828125 2.5093360648800932e-05
2.535300048828125 3.309947399732967e-05
2.536300048828125 2.7762003398189942e-05
2.537300048828125 4.694458407660325e-05
2.538300048828125 3.0150262949367366e-05
2.539300048828125 2.4810803588479756e-05
2.540300048828125 2.7029196498915553e-05
2.541300048828125 3.8878800502667824e-05
2.542300048828125 7.439787053347876e-06
2.543300048828125 3.554562572389841e-05
2.544300048828125 3.6787742283195256e-05
2.545300048828125 3.7924464171131454e-05
2.546300048828125 2.0744679883743325e-05
2.547300048828125 7.769043595896956e-06
2.548300048828125 3.637724012757341e-05
2.549300048828125 1.0705697156178456e-05
2.550300048828125 2.764990359234313e-05
2.551300048828125 1.9181179620015125e-05
2.552300048828125 2.2061284786711135e-05
2.553300048828125 1.9853853542978563e-05
2.554300048828125 5.5836546234786514e-05
2.555300048828125 1.6706270398572086e-05
2.556300048828125 2.1365859914415827e-05
2.557300048828125 5.40232735996445e-05
2.558300048828125 1.5726170192162197e-05
2.559300048828125 4.3462682515382764e-05
2.560300048828125 3.87395437185963e-05
2.561300048828125 3.085951010386149e-05
2.562300048828125 4.361562120417754e-05
2.563300048828125 7.455736941460364e-06
2.564300048828125 4.538623538489143e-05
2.565300048828125 1.4248765267742176e-05
2.566300048828125 3.262175635124246e-05
2.567300048828125 1.2753473090064322e-05
2.568300048828125 5.393219956507285e-05
2.569300048828125 3.72310735595723e-05
2.570300048828125 3.141477005556226e-05
2.571300048828125 2.0445625220114984e-05
2.572300048828125 2.4429636502694883e-05
2.573300048828125 4.022961404795448e-05
2.574300048828125 3.272377032165726e-05
2.575300048828125 2.2201513250668846e-05
2.576300048828125 2.935407334007323e-05
2.577300048828125 1.7873203187616465e-05
2.578300048828125 5.1892969446877644e-05
2.579300048828125 3.641391328225533e-05
2.580300048828125 9.803494128088156e-05
2.581300048828125 8.656784271200498e-05
2.582300048828125 2.1285354741849004e-05
2.583300048828125 6.303031230345368e-05
2.584300048828125 4.639919536809127e-05
2.585300048828125 5.018175269166629e-05
2.586300048828125 9.155076462775468e-05
2.587300048828125 5.681750752652685e-05
2.588300048828125 5.227855717142423e-05
2.589300048828125 7.561942252020041e-05
2.590300048828125 6.464524970700344e-05
2.591300048828125 7.546931505203247e-05
2.592300048828125 4.0829179730887215e-05
2.593300048828125 7.890970290948948e-05
2.594300048828125 5.969820699344079e-05
2.595300048828125 6.127486936748028e-05
2.596300048828125 5.21239001924793e-05
2.597300048828125 6.561739292616646e-05
2.598300048828125 4.770154909541209e-05
