microns transmission
1.940966984 3.403144192727565e-06
1.942575076 4.873054809517955e-06
1.9441831680000001 5.928057748649764e-06
1.94579126 6.446175529738008e-06
1.947399352 6.81111225005836e-06
1.949007444 7.137589639358695e-06
1.950615536 9.063549413708909e-06
1.952223628 1.0640570910963707e-05
1.95383172 7.0906698109120835e-06
1.955439812 5.291870548324233e-06
1.957047904 5.125591416257526e-06
1.958655996 3.942944506690959e-06
1.960264088 2.329781860763602e-06
1.961872179 2.601692856709664e-06
1.9634802709999999 4.2649224534730125e-06
1.965088363 5.642520813859986e-06
1.9666964550000001 7.015161302561983e-06
1.968304547 5.389708381141881e-06
1.969912639 4.060330640733952e-06
1.971520731 4.110424694204193e-06
1.973128823 1.943337202303522e-06
1.974736915 4.9490125807327264e-08
1.976345007 2.2325402253333905e-08
1.977953099 4.783480506634664e-07
1.979561191 1.5247852771604497e-06
1.981169283 5.078319149618942e-07
1.982777375 3.709520495100875e-07
1.984385467 4.530086565612039e-07
1.985993559 6.731813866916982e-07
1.9876016509999999 1.0963435688501389e-06
1.989209743 1.1003029487887795e-07
1.990817835 1.1317885203775542e-08
1.992425927 3.9428315077707675e-08
1.9940340189999999 4.290752605145209e-07
1.99564211 4.509159596256231e-07
1.997250202 5.191435245974548e-07
1.998858294 2.795454652063227e-06
2.0004663860000003 1.783260977923847e-05
2.002074478 1.4724131862771702e-05
2.00368257 1.2277293314825945e-05
2.005290662 1.0623087418492846e-05
2.006898754 6.2264090628588044e-06
2.008506846 2.6879164522120107e-06
2.010114938 5.406415617496368e-07
2.01172303 4.653106015265257e-07
2.013331122 3.842771772490686e-06
2.014939214 5.993820042944853e-06
2.016547306 8.944724678728329e-06
2.018155398 7.403556218403199e-06
2.01976349 8.761717491073832e-06
2.021371582 1.4295481765758723e-05
2.022979674 1.5391950718832597e-05
2.0245877660000002 1.2560911517362514e-05
2.026195858 1.3508780816253981e-05
2.027803949 1.8177046271871e-05
2.029412041 2.1295984334349787e-05
2.031020133 1.9378393545084446e-05
2.032628225 2.1470569431263816e-05
2.034236317 2.6920937355856996e-05
2.035844409 2.897090266656294e-05
2.037452501 2.890682080675543e-05
2.039060593 2.7398268328691458e-05
2.040668685 2.548059366111396e-05
2.042276777 2.8420989826356478e-05
2.0438848689999998 3.434186471631682e-05
2.045492961 3.0571861792616154e-05
2.047101053 2.4589879094542103e-05
2.0487091449999997 2.746585692500407e-05
2.0503172370000002 3.543235295330618e-05
2.0519253290000004 3.485786679635317e-05
2.053533421 3.0072855637502358e-05
2.055141513 2.7760067274749684e-05
2.056749605 2.8396433345907678e-05
2.058357697 2.5935501512794643e-05
2.059965788 2.1863136387306855e-05
2.06157388 2.1419615391292838e-05
2.0631819719999998 2.3323083713511248e-05
2.064790064 2.6952505910789477e-05
2.066398156 3.3018173608992465e-05
2.068006248 3.4358989429045184e-05
2.06961434 3.0372504564994915e-05
2.071222432 2.9893474501572464e-05
2.072830524 3.324341014388217e-05
2.074438616 3.275690220207496e-05
2.076046708 2.6683842699994233e-05
2.0776548 2.4218556601538518e-05
2.079262892 2.7561230764919156e-05
2.080870984 2.948345540047524e-05
2.0824790760000003 2.624626659593919e-05
2.084087168 2.4311295192200028e-05
2.08569526 2.6813645498727236e-05
2.0873033519999997 2.982444092628381e-05
2.088911444 3.235183974223209e-05
2.090519536 3.523814423577017e-05
2.092127627 3.310417104959107e-05
2.0937357189999997 3.121884655942525e-05
2.0953438110000002 3.580823126329402e-05
2.0969519030000003 4.2246153964594805e-05
2.098559995 4.0477779652361164e-05
2.100168087 3.655768682189274e-05
2.101776179 3.8780381010443225e-05
2.103384271 4.46019686934031e-05
2.104992363 4.285898883627865e-05
2.1066004549999997 3.5609234314103145e-05
2.1082085470000003 3.0494314157675934e-05
2.109816639 2.715528381676163e-05
2.111424731 2.3396361500798657e-05
2.113032823 1.8497472796531722e-05
2.114640915 1.4083328372061536e-05
2.116249007 7.985761165570622e-06
2.1178570989999996 4.53274385557647e-06
2.1194651909999997 8.052293371774892e-06
2.1210732830000003 1.4735446169065747e-05
2.122681375 1.339584850333637e-05
2.124289466 1.083486283373475e-05
2.125897558 1.2949725053115165e-05
2.1275056500000002 1.8536106914285754e-05
2.129113742 1.3694243002254425e-05
2.130721834 8.7351343765177e-06
2.1323299259999997 7.140369011508065e-06
2.133938018 8.314637119040977e-06
2.1355461100000004 1.0681133649354308e-05
2.137154202 8.493402241790448e-06
2.138762294 7.311749384948316e-06
2.140370386 3.090485773889772e-06
2.141978478 2.1236954808198756e-06
2.14358657 2.5393549735167644e-06
2.1451946619999998 3.5798207566703037e-06
2.146802754 7.146087756296252e-07
2.1484108460000004 3.486657816072942e-08
2.150018938 1.6842564671011415e-08
2.15162703 2.8585145092460915e-07
2.153235122 3.5408554587897403e-06
2.154843214 1.3676230766590847e-07
2.156451305 1.1479211022260078e-08
2.158059397 1e-08
2.159667489 1e-08
2.161275581 1e-08
2.1628836729999996 1e-08
2.164491765 1e-08
2.1660998570000003 1e-08
2.167707949 1e-08
2.169316041 1e-08
2.170924133 1e-08
2.172532225 1e-08
2.174140317 1e-08
2.1757484089999997 1e-08
2.177356501 1e-08
2.1789645930000003 1e-08
2.180572685 1e-08
2.182180777 1e-08
2.183788869 1e-08
2.185396961 1e-08
2.187005053 1e-08
2.1886131449999997 1e-08
2.1902212359999997 1e-08
2.191829328 1e-08
2.1934374200000004 1.0649789919099392e-08
2.195045512 1.652807053102334e-08
2.196653604 3.1049083148388174e-08
2.198261696 1.8830227885776148e-08
2.199869788 1.1599219494731088e-08
2.20147788 3.2925026975155085e-08
2.203085972 4.1929120512775387e-07
2.204694064 1.670237269303678e-06
2.206302156 1.2205427072948888e-07
2.207910248 1.1928459475046697e-08
2.2095183400000002 9.885555940127385e-08
2.211126432 1.9245304676963806e-06
2.212734524 5.327589901648646e-06
2.2143426159999997 3.186404678350279e-06
2.215950708 2.4085341972280833e-06
2.2175588 3.422613419106699e-06
2.219166892 4.864878669574432e-06
2.220774984 6.193649873227483e-06
2.221786975 3.0571435994825926e-06
2.222987941 1.8897552279483203e-06
2.2241889070000003 1e-08
2.225389873 1e-08
2.226590839 2.1409385608680112e-06
2.227791805 7.604242530871488e-08
2.228992771 1.348667375675084e-06
2.230193737 2.418730213443744e-06
2.231394703 4.292968453564585e-06
2.2325956689999997 3.328208643200792e-06
2.233796635 3.761768727363883e-06
2.234997601 2.102070554068056e-06
2.2361985669999997 1e-08
2.2373995329999996 2.6454257743111167e-06
2.238600498 1e-08
2.239801464 1e-08
2.24100243 1e-08
2.242203396 1e-08
2.243404362 1e-08
2.244605328 1e-08
2.245806294 1e-08
2.2470072599999997 1e-08
2.248208226 1e-08
2.249409192 1e-08
2.2506101579999997 1e-08
2.251811124 1e-08
2.2530120900000004 1e-08
2.254213056 1e-08
2.255414021 1e-08
2.256614987 1e-08
2.2578159529999997 1e-08
2.259016919 1e-08
2.260217885 1e-08
2.2614188509999997 1e-08
2.2626198169999996 1e-08
2.2638207830000003 1e-08
2.265021749 1e-08
2.266222715 1e-08
2.2674236810000004 1e-08
2.268624647 1e-08
2.269825613 1e-08
2.271026579 1e-08
2.2722275450000002 1e-08
2.27342851 1e-08
2.274629476 1e-08
2.2758304419999997 1e-08
2.277031408 1e-08
2.2782323740000003 1e-08
2.27943334 4.60268441608171e-07
2.280634306 1e-08
2.281835272 1e-08
2.283036238 1e-08
2.284237204 1e-08
2.28543817 5.297910133828313e-06
2.286639136 1.424198254252944e-06
2.287840102 1.4203389566398276e-06
2.289041068 1e-08
2.290242034 1.0114137294605844e-06
2.291442999 4.065018970758753e-06
2.2926439650000003 3.187506089140536e-06
2.293844931 1e-08
2.295045897 1e-08
2.296246863 1e-08
2.297447829 1e-08
2.298648795 1e-08
2.299849761 1e-08
2.301050727 1e-08
2.302251693 1.3108948872473218e-08
2.303452659 9.554558187481109e-08
2.304653625 1e-08
2.3058545909999997 1e-08
2.307055557 1e-08
2.308256523 1e-08
2.309457488 1e-08
2.310658454 6.6976724548558e-08
2.3118594199999998 2.229775607349921e-06
2.313060386 7.36212775277883e-07
2.314261352 1e-08
2.315462318 1e-08
2.316663284 1e-08
2.31786425 1e-08
2.319065216 1e-08
2.3202661819999997 1e-08
2.321467148 1e-08
2.322668114 1e-08
2.32386908 1e-08
2.325070046 1e-08
2.3262710120000003 1e-08
2.327471977 1e-08
2.328672943 1e-08
2.329873909 1e-08
2.3310748749999997 1e-08
2.332275841 1e-08
2.333476807 1e-08
2.3346777729999997 1e-08
2.3358787390000004 1e-08
2.3370797050000003 1e-08
2.338280671 1e-08
2.339481637 1e-08
2.3406826030000003 1e-08
2.341883569 1e-08
2.343084535 1e-08
2.344285501 1e-08
2.3454864659999997 1.5207844126386815e-08
2.346687432 2.1288949803743047e-07
2.3478883980000003 1e-08
2.349089364 1e-08
2.35029033 1e-08
2.3514912960000003 1e-08
2.352692262 1e-08
2.353893228 1e-08
2.355094194 1e-08
2.35629516 1e-08
2.357496126 1e-08
2.358697092 1e-08
2.359898058 1e-08
2.361099024 1e-08
2.3622999890000003 1e-08
2.363500955 1e-08
2.364701921 1e-08
2.3659028870000003 1e-08
2.367103853 1e-08
2.368304819 1e-08
2.369505785 1e-08
2.370706751 1.2737292245840177e-05
2.371907717 2.924958728093908e-05
2.373108683 4.609095191972058e-05
2.3743096489999997 9.493894543466651e-05
2.375510615 0.00015255347965960028
2.376711581 0.00023021907836982835
2.3779125469999998 0.00031568466660516695
2.3791135129999996 0.00043522061658895437
2.380314478 0.0005785057940052292
2.381515444 0.00075923511692033
2.38271641 0.0009840682190481787
2.383917376 0.0012703670914182732
2.385118342 0.0016318189010961304
2.386319308 0.0020743944490768905
2.387520274 0.002655809238465865
2.3887212399999997 0.0033820205339984903
2.389922206 0.0043216016073238175
2.391123172 0.00552839938304627
2.3923241379999998 0.007091171019322066
2.3935251039999996 0.009148242386281086
2.3947260700000004 0.011840977193010655
2.3959270360000002 0.015425328996104704
2.397128002 0.020222809913188082
2.398328967 0.02666034369211463
2.3995299329999997 0.03535581022226624
2.400730899 0.04704687066384234
2.401931865 0.06271380856226476
2.4031328309999997 0.08353640616770995
2.4043337969999996 0.11086113630006901
2.405534763 0.1460547811744408
2.406735729 0.19024879170153505
2.407936695 0.2441755673128838
2.4091376610000004 0.3076502256355468
2.4103386270000002 0.37900651761313403
2.411539593 0.4550626804042125
2.412740559 0.5312512162349302
2.4139415250000003 0.6022733390933372
2.415142491 0.6632882895725403
2.416343456 0.7113634957249174
2.4175444219999997 0.7460898319579404
2.4187453879999996 0.7690727580486328
2.4199463540000004 0.783236859456217
2.42114732 0.7917746906913216
2.422348286 0.7970564612689435
2.423549252 0.8007852088631325
2.4247502180000002 0.8041650666823794
2.425951184 0.8077874271126866
2.42715215 0.8118722861513357
2.4283531160000003 0.8164539994036178
2.429554082 0.8214680936326089
2.430755048 0.826675930737761
2.431956014 0.8318847563417441
2.43315698 0.8368590434176849
2.4343579450000004 0.8414567128865247
2.435558911 0.8455772603753815
2.436759877 0.8491319794336265
2.437960843 0.8521953840943723
2.4391618090000002 0.8546176625699483
2.440362775 0.8563972657944806
2.441563741 0.8575656025406146
2.442764707 0.8582954222865853
2.443965673 0.8585953804239237
2.445166639 0.8585341929425029
2.446367605 0.8582035096177674
2.4475685709999997 0.8577181577159153
2.448769537 0.8570948847897928
2.449970503 0.856370134503261
2.4511714689999997 0.8556742050921582
2.452372434 0.8549906184643663
2.4535734000000002 0.8542806910393143
2.454774366 0.8536460796854289
2.455975332 0.8534068277678819
2.457176298 0.853215402974487
2.458377264 0.853067259998751
2.45957823 0.8529904759683892
2.460779196 0.8529773081249499
2.4619801619999997 0.8530079700443675
2.463181128 0.8531126472358129
2.464382094 0.8533031183348957
2.4655830599999997 0.853516546460878
2.466784026 0.8537588808888427
2.4679849920000003 0.8540983174985947
2.469185958 0.8545382161907888
2.470386923 0.8549777041461032
2.471587889 0.855487612073216
2.4727888549999997 0.8560918141391505
2.473989821 0.8568641259284078
2.475190787 0.8578867135222485
2.4763917529999997 0.8590034653060821
2.477592719 0.8601454509426497
2.4787936850000003 0.8612849686049349
2.479994651 0.8624875953371709
2.481195617 0.8637648540855036
2.4823965830000003 0.8649802692264664
2.483597549 0.8661668197466519
2.484798515 0.8673703214839419
2.485999481 0.8684622272556924
2.4872004459999997 0.8694787015066692
2.488401412 0.8704449987086224
2.489602378 0.8713281147158897
2.490803344 0.8719852146774815
2.49200431 0.8725108400323688
2.4932052760000003 0.8731233345191152
2.494406242 0.873699374032883
2.495607208 0.8740737989898821
2.496808174 0.8743807062998762
2.49800914 0.8744406615015999
2.499210106 0.8743079983601975
2.500411072 0.8741149806054317
2.501612038 0.8737885487860616
2.502813004 0.8732691683774568
2.50401397 0.8727172708793721
2.505214935 0.8720773551253167
2.506415901 0.8713409395634288
2.5076168670000003 0.8706124471226218
2.508817833 0.8698885278599814
2.510018799 0.8691264842942741
2.511219765 0.868372430562017
2.512420731 0.8678200977627738
2.513621697 0.8674698501098372
2.514822663 0.867184268367544
2.5160236289999998 0.8670171926912127
2.517224595 0.8669273056931407
2.518425561 0.8668640608002244
2.519626527 0.8669225677723424
2.5208274929999996 0.8670962066724137
2.522028459 0.8672871590636287
2.523229424 0.867562742044704
2.52443039 0.8678944148868731
2.525631356 0.8682495259419425
2.526832322 0.8686733891906642
2.528033288 0.8691548883576552
2.529234254 0.869553941440087
2.5304352199999998 0.8699905043365455
2.531636186 0.8704874312566487
2.532837152 0.8711618259383686
2.534038118 0.8718501523360164
2.5352390839999996 0.8725048630167989
2.53644005 0.8730213382383435
2.5376410160000002 0.8735723604859568
2.538841982 0.87405864976178
2.540042948 0.8744391474610335
2.5412439129999997 0.8747580238828402
2.542444879 0.8749755816153327
2.543645845 0.8751146548099252
2.5448468109999998 0.8752108144903822
2.546047777 0.875245847176271
2.547248743 0.8750840148447872
2.548449709 0.8748953973253432
2.5496506749999996 0.874678690096179
2.5508516410000004 0.8741653743686197
2.5520526070000003 0.87369867445307
2.553253573 0.8733320963118758
2.554454539 0.8727622786064508
2.5556555050000003 0.8720059732640023
2.556856471 0.8710683127659717
2.558057437 0.8698800527543661
2.5592584019999998 0.8685146486970694
2.5604593679999996 0.8669141532733561
2.561660334 0.8651360068973366
2.5628613000000002 0.8633635315962818
2.564062266 0.8615826572831018
2.565263232 0.8597190056527159
2.5664641980000003 0.857997497479807
2.567665164 0.8563927411915085
2.56886613 0.8548268567967041
2.5700670960000003 0.853749282350554
2.571268062 0.8532030147789288
2.572469028 0.8529234282058542
2.573669994 0.8533211644231635
2.57487096 0.8543284555306502
2.576071926 0.8552569247239137
2.5772728910000002 0.8562438589952073
2.578473857 0.8566644865927567
2.579674823 0.8556145019574986
2.5808757890000003 0.8524442140496943
2.582076755 0.8460685359158994
2.583277721 0.8352624028472924
2.584478687 0.8193396307794184
2.585679653 0.7969514015932221
2.586880619 0.7673378008909414
2.588081585 0.7304661921728911
2.5892825509999997 0.6862246001040815
2.590483517 0.6353836851264822
2.591684483 0.5791330538659213
2.5928854489999997 0.5187589805324138
2.594086414 0.456578979494609
2.5952873800000003 0.3938736621982535
2.596488346 0.3344823605451514
2.597689312 0.28014159882880907
2.598890278 0.23139682796080815
2.600091244 0.1890152853912907
2.60129221 0.1531763080477392
2.602493176 0.12338426499750954
2.6036941419999997 0.09917689342733282
2.604895108 0.07972757552278567
2.606096074 0.06393178582117678
2.6072970399999997 0.051534899284204336
2.6084980059999996 0.04166452647531007
2.6096989720000003 0.03376752172668455
2.610899938 0.027497168656967084
2.612100903 0.022481921133203308
2.613301869 0.018441619169403158
2.6145028349999997 0.015233486427151674
2.615703801 0.012597361147264572
2.616904767 0.010482361740324629
2.6181057329999997 0.008759765926532971
2.619306699 0.007342842762536046
2.620507665 0.006200139802346183
2.621708631 0.005244986387475397
2.622909597 0.0044523793516929545
2.6241105630000003 0.0038185244195867757
2.625311529 0.0032727520611272824
2.626512495 0.002821270241251545
2.627713461 0.0024515534826139076
2.628914427 0.0021248306220999517
2.630115392 0.001857877997986116
2.631316358 0.0016275122725798539
2.6325173239999997 0.0014327379027222413
2.63371829 0.0012856260936620109
2.6349192560000003 0.0011308033705570383
2.636120222 0.001000994762688029
2.637321188 0.0009051676785524883
2.638522154 0.0008088178581014971
2.63972312 0.0007434036155772382
2.640924086 0.0006734976855016044
2.642125052 0.0006076147300428562
2.643326018 0.0005714709323945901
2.644526984 0.00051825334755877
2.64572795 0.00047665233121218196
2.646928916 0.00043771860107254804
2.648129881 0.0003916396684169318
2.6493308470000003 0.0003740033265968621
2.650531813 0.0003421657756621812
2.651732779 0.00031523763430167033
2.652933745 0.000303513553263684
2.654134711 0.00026946909191801887
2.655335677 0.00025473025413484045
2.656536643 0.0002425845698759711
2.657737609 0.0002243414263738734
2.658938575 0.00021397242701839684
2.660139541 0.0001943962047416473
2.661340507 0.00018679891280991935
2.662541473 0.0001738335329562353
2.663742439 0.0001620394210540228
2.664943405 0.00016447871753204747
2.66614437 0.0001421962658535509
2.667345336 0.00014195909511733918
2.668546302 0.00015297432220174543
2.669747268 0.0001401373623359056
2.670948234 0.0001355622389043429
2.6721492 0.00012343244285695725
2.673350166 0.00011995969655115029
2.674551132 0.00013662281546714334
2.675752098 0.00012254889703597373
2.6769530639999997 0.00012971757572797176
2.67815403 0.00012064928742103179
2.679354996 0.00010751241612784193
2.680555962 0.00010995851618510076
2.681756928 0.000110719192490409
2.6829578940000003 0.00011991455792633997
2.684158859 0.00011429502762669042
2.685359825 0.00011842516592772102
2.686560791 0.00012577081405705604
2.687761757 0.0001179318594782607
2.688962723 0.0001181736127839407
2.690163689 0.00012094926096040256
2.6913646549999997 0.00012207237666477056
2.6925656210000004 0.0001277254953605808
2.6937665870000003 0.00012401208012482066
2.694967553 0.00012631178612840873
2.696168519 0.00012626872102987244
2.6973694850000003 0.00012274160845139202
2.698570451 0.00012662065345208598
2.699771417 0.00012676137570450942
2.700972383 0.00012513738849466254
2.7021733479999996 0.00012414156944289315
2.703374314 0.0001236060835040076
2.70457528 0.00012453970591706954
2.705776246 0.00011502269163728459
2.706977212 0.00012305867100161468
2.7081781780000003 0.00012123732399141572
2.709379144 0.0001308808623932254
2.71058011 0.00013335390492336173
2.7117810760000003 0.00012830685294144473
2.712982042 0.0001289894090892258
2.714183008 0.00012100802417396749
2.715383974 0.00012507624557640598
2.71658494 0.00012810709408651318
2.717785906 0.000119747954119247
2.7189868710000002 0.00012685169650656866
2.720187837 0.0001309736964115654
2.721388803 0.00012830247744874962
2.7225897690000003 0.00010728504165997716
2.723790735 0.00011625642852068872
2.724991701 0.00011703481939311235
2.726192667 0.00011486178865408085
2.727393633 0.0001256884629035064
2.728594599 0.00012358525628059457
2.729795565 0.0001254949351856817
2.7309965309999997 0.00012113642971532773
2.732197497 0.00010901517709916209
2.733398463 0.00011050158757849997
2.7345994289999997 0.0001050649478363968
2.735800395 0.00011189359684254358
2.7370013600000003 0.00010962904679173374
2.738202326 0.00010291411592180862
2.739403292 0.00010943515113817297
2.740604258 0.00010160968965523901
2.741805224 0.0001007785183470541
2.74300619 9.562137622116598e-05
2.744207156 9.1466675762174e-05
2.7454081219999997 9.001892867517507e-05
2.746609088 9.405585307480079e-05
2.747810054 9.863890994098053e-05
2.7490110199999997 8.951110170800006e-05
2.7502119859999996 8.652080834477251e-05
2.751412952 8.749934697099554e-05
2.752613918 9.630008947459024e-05
2.753814884 9.252607374815065e-05
2.755015849 8.904774300535141e-05
2.756216815 9.262701869901713e-05
2.757417781 8.708653420964469e-05
2.758618747 8.027201142237153e-05
2.7598197129999997 8.282012465773864e-05
2.761020679 9.19232764998528e-05
2.762221645 8.536124768679402e-05
2.7634226109999998 9.376356728518045e-05
2.764623577 9.687961793380099e-05
2.7658245430000004 8.996664908869342e-05
2.767025509 9.393885725318393e-05
2.768226475 9.420115179306671e-05
2.769427441 9.993932533684475e-05
2.7706284070000002 9.522732718495815e-05
2.771829373 9.49114296809199e-05
2.773030338 9.723210100170173e-05
2.7742313039999997 9.515389276983447e-05
2.7754322699999996 9.078841604732692e-05
2.7766332360000003 9.322095599659687e-05
2.777834202 9.79606312613241e-05
2.779035168 9.307375125624545e-05
2.7802361340000004 0.00010148760298123684
2.7814371 9.746314005950669e-05
2.782638066 9.366446986524757e-05
2.783839032 9.642247755910933e-05
2.7850399980000002 9.399494231125192e-05
2.786240964 9.236546726200181e-05
2.78744193 8.925170035746978e-05
2.788642896 9.227097070281397e-05
2.789843862 9.093379222389347e-05
2.7910448270000003 9.595241616619765e-05
2.792245793 9.757483895548361e-05
2.793446759 9.224620946418113e-05
2.794647725 8.740213226315177e-05
2.795848691 8.75003612543979e-05
2.797049657 8.29076328292208e-05
2.798250623 7.763931076204498e-05
2.799451589 8.528698151497511e-05
2.800652555 8.241592146855762e-05
2.801853521 9.460390375204159e-05
2.803054487 0.00010350274939819458
2.804255453 9.75328085208311e-05
2.805456419 9.672242553289375e-05
2.806657385 9.217329334819465e-05
2.8078583509999997 9.058284489248691e-05
2.809059316 9.057743125651009e-05
2.810260282 9.48329048455907e-05
2.811461248 8.709192810896632e-05
2.812662214 8.929894655901252e-05
2.81386318 8.218948956063079e-05
2.815064146 7.349163663684409e-05
2.816265112 7.532167364844876e-05
2.817466078 8.429781132424727e-05
2.8186670439999997 7.885015078947043e-05
2.81986801 7.893511446849043e-05
2.821068976 6.862884337113688e-05
2.8222699419999997 5.878913232025567e-05
2.823470908 6.87712623439806e-05
2.8246718740000003 7.174210180668082e-05
2.825872839 6.997866842341875e-05
2.827073805 6.812198275125628e-05
2.828274771 6.712521129430583e-05
2.829475737 6.1290457929229e-05
2.830676703 5.910398266067595e-05
2.831877669 6.0151026301241045e-05
2.8330786349999997 5.666921202240437e-05
2.834279601 5.934005873512287e-05
2.8354805670000003 6.350693248642605e-05
2.836681533 6.454873216360465e-05
2.837882499 5.046046186300823e-05
2.8390834650000003 5.232662526807809e-05
2.840284431 5.026979566942747e-05
2.841485397 5.432121448534441e-05
2.842686363 5.6551982542015455e-05
2.8438873279999997 5.765665784539342e-05
2.845088294 5.093468825930823e-05
2.84628926 5.0928313877305966e-05
2.8474902259999997 5.424574819458674e-05
2.848691192 5.447726097012981e-05
2.8498921580000003 5.5590492457555625e-05
2.851093124 5.9707173053766036e-05
2.85229409 6.294445846660573e-05
2.8534950560000003 5.530552927769469e-05
2.854696022 5.946828112996673e-05
2.855896988 5.642150945905755e-05
2.857097954 6.022336139529321e-05
2.85829892 5.34221016486638e-05
2.859499886 4.8581243348907703e-05
2.860700852 5.406575729357334e-05
2.861901817 5.4657394897056544e-05
2.863102783 5.045444166045423e-05
2.8643037490000003 5.410968938978228e-05
2.865504715 5.44060889597265e-05
2.866705681 5.2865046126434266e-05
2.867906647 5.10507428015635e-05
2.869107613 4.4884391504611187e-05
2.870308579 4.106596664395389e-05
2.871509545 5.251999829850063e-05
2.872710511 5.816578080900886e-05
2.873911477 6.398439673542078e-05
2.875112443 7.259715303092697e-05
2.8763134089999998 6.696424677866123e-05
2.877514375 7.206929515275921e-05
2.878715341 7.376244391605238e-05
2.879916306 8.145857680530952e-05
2.881117272 7.576918679166739e-05
2.882318238 7.893925267438213e-05
2.883519204 8.075516789239047e-05
2.88472017 8.058942670255917e-05
2.885921136 7.874584809895239e-05
2.8871221019999997 8.167399884276687e-05
2.888323068 9.201665209923699e-05
2.889524034 0.00010427175366839206
2.8907249999999998 9.592383270580559e-05
2.8919259659999996 9.820744985630079e-05
2.893126932 9.138462084816841e-05
2.894327898 8.177467722306072e-05
2.895528864 8.121548974132113e-05
2.8967298300000004 8.627722359543644e-05
2.897930795 8.445047135497032e-05
2.899131761 8.162654585429833e-05
2.900332727 8.477218702467544e-05
2.9015336929999997 9.103589769825679e-05
2.902734659 8.480382996215818e-05
2.903935625 8.400890426233854e-05
2.9051365909999998 8.573263942638238e-05
2.9063375569999996 8.668572635848034e-05
2.9075385230000004 8.651224476697958e-05
2.9087394890000002 8.087296088556994e-05
2.909940455 7.73810100902569e-05
2.911141421 7.382341676145457e-05
2.9123423870000003 7.628422845904068e-05
2.913543353 7.476446863836072e-05
2.914744319 7.418819083731988e-05
2.9159452839999997 6.99304988805566e-05
2.9171462499999996 6.864575150801796e-05
2.918347216 7.040950652558066e-05
2.919548182 7.914653299067498e-05
2.920749148 7.396208159553586e-05
2.9219501140000004 7.31563549066725e-05
2.9231510800000002 6.795038098856722e-05
2.924352046 7.084563178772575e-05
2.925553012 7.863204883825069e-05
2.9267539780000003 7.12252540924915e-05
2.927954944 6.87360832672814e-05
2.92915591 8.12384424516674e-05
2.930356876 8.073187926323131e-05
2.931557842 8.214731486681797e-05
2.932758808 8.046481911268958e-05
2.933959773 8.289967946967666e-05
2.935160739 7.159208289321869e-05
2.936361705 7.388500408206753e-05
2.9375626710000002 7.48234322192003e-05
2.938763637 7.407268063623457e-05
2.939964603 7.318820286413386e-05
2.941165569 7.917283436328988e-05
2.942366535 7.66302914803434e-05
2.943567501 7.737841742474112e-05
2.944768467 8.207281870728824e-05
2.945969433 8.43896498963998e-05
2.947170399 8.048496108427576e-05
2.948371365 8.639599207927267e-05
2.9495723309999997 9.20011914186153e-05
2.950773296 9.273567401606429e-05
2.9519742620000002 8.478181119085405e-05
2.953175228 8.293779431143162e-05
2.954376194 8.284236013848775e-05
2.95557716 8.650691731105367e-05
2.956778126 8.399188227188876e-05
2.957979092 9.601381147632211e-05
2.959180058 9.895646465991057e-05
2.9603810239999997 9.61403187669386e-05
2.96158199 9.406612960683818e-05
2.962782956 0.00010038285552784516
2.9639839219999997 0.00010142431610477324
2.9651848879999996 0.0001027185475948369
2.9663858540000003 9.865337529954153e-05
2.96758682 9.968615306031466e-05
2.968787785 0.00010332712757940765
2.969988751 0.00010478541811807027
2.971189717 9.27605364543685e-05
2.972390683 9.240211309674231e-05
2.973591649 9.235827715908031e-05
2.9747926149999997 9.974419842952535e-05
2.975993581 0.00010140037461704088
2.977194547 9.816277209900067e-05
2.9783955129999997 0.00010081458490738936
2.979596479 0.00010682697328967254
2.9807974450000003 0.00010457369156351806
2.981998411 8.791913406042048e-05
2.983199377 8.99815682051574e-05
2.984400343 0.00010468122740924012
2.985601309 0.00010577351767278564
2.986802274 9.66583830893499e-05
2.98800324 9.170968544522e-05
2.9892042059999997 8.296161159633002e-05
2.990405172 7.947421337304264e-05
2.9916061380000003 8.547162082294578e-05
2.992807104 9.364545521227523e-05
2.99400807 8.628492070121922e-05
2.9952090360000003 8.992994498850562e-05
2.996410002 8.455618126596813e-05
2.997610968 7.728358735917456e-05
2.998811934 7.267820436957267e-05
3.0000129 8.036238327575877e-05
3.001213866 7.958410345219497e-05
3.002414832 7.930662486137783e-05
3.003615798 7.504996809829603e-05
3.004816763 7.578739815980131e-05
3.0060177290000003 7.408110142377437e-05
3.007218695 7.243803195303944e-05
3.008419661 7.082345182192998e-05
3.009620627 7.350932976802685e-05
3.010821593 7.416911524603422e-05
3.012022559 6.059469567388241e-05
3.013223525 5.910114045581602e-05
3.014424491 6.947269911305557e-05
3.015625457 7.879922372704643e-05
3.016826423 7.998866959861803e-05
3.018027389 7.978900662587856e-05
3.019228355 7.725715466840141e-05
3.020429321 7.086435808009473e-05
3.021630287 5.5942524276622964e-05
3.022831252 5.249663263908539e-05
3.024032218 5.291071247823406e-05
3.025233184 5.788832713535552e-05
3.02643415 5.9788742508392645e-05
3.027635116 5.868853059992369e-05
3.0288360819999998 6.006114445934226e-05
3.030037048 6.723499997647394e-05
3.031238014 6.679683652914293e-05
3.03243898 6.594142776223099e-05
3.0336399459999996 6.161405424864432e-05
3.034840912 5.9533039867708555e-05
3.036041878 6.024835466787756e-05
3.0372428439999997 5.228668623308859e-05
3.0384438100000004 4.436259618748628e-05
3.0396447760000003 4.398924572760244e-05
3.040845741 5.3784710132831525e-05
3.042046707 6.679509216789967e-05
3.0432476729999998 6.849604117445335e-05
3.044448639 5.547849579354971e-05
3.045649605 5.756089030433995e-05
3.046850571 6.438722545828974e-05
3.0480515369999996 6.1139624246081e-05
3.049252503 5.2712594206186364e-05
3.0504534690000003 5.894658088435238e-05
3.051654435 5.855513769423381e-05
3.052855401 4.949583390445346e-05
3.0540563670000003 4.15008857457417e-05
3.055257333 3.524871264408872e-05
3.056458299 3.8831169336813846e-05
3.0576592639999998 4.922941244921807e-05
3.0588602299999996 5.334455041854383e-05
3.060061196 3.957706835391515e-05
3.061262162 3.377125782609418e-05
3.062463128 3.6897620095525874e-05
3.0636640940000004 4.659415008950763e-05
3.0648650600000003 4.560197076020913e-05
3.066066026 4.401713365423754e-05
3.067266992 3.346240408012216e-05
3.0684679580000003 2.8452526590238812e-05
3.069668924 3.066288302377313e-05
3.07086989 3.021672533586067e-05
3.072070856 3.297046606260101e-05
3.073271822 2.888503094306553e-05
3.074472788 3.498699788356184e-05
3.0756737530000002 3.3218161326268e-05
3.076874719 2.8960247423994762e-05
3.078075685 2.7246928497808885e-05
3.0792766510000003 2.739158314040428e-05
3.080477617 3.099584848363205e-05
3.081678583 3.5428023634756025e-05
3.0828795490000003 3.232745462020047e-05
3.084080515 3.556963460452919e-05
3.085281481 4.3189040262775755e-05
3.086482447 3.1272081009501e-05
3.087683413 2.2727207531265465e-05
3.088884379 2.2933837866500754e-05
3.090085345 2.9314695505208097e-05
3.0912863109999997 2.7177945743620496e-05
3.092487277 2.397466906125286e-05
3.0936882420000003 3.098530772407395e-05
3.094889208 3.9556590728932986e-05
3.096090174 4.182316106025622e-05
3.09729114 4.552668427878188e-05
3.098492106 4.4239308384229375e-05
3.099693072 3.2574186460685295e-05
3.100894038 2.7687842873792068e-05
3.1020950039999997 3.238915757543431e-05
3.10329597 3.9148601539805663e-05
3.104496936 3.855784914637542e-05
3.1056979019999997 4.596593891732946e-05
3.106898868 5.0739503295030364e-05
3.108099834 5.350683286055109e-05
3.1093008 5.662155481361147e-05
3.110501766 5.292909595083457e-05
3.111702731 4.803351361241254e-05
3.112903697 4.556483607652292e-05
3.114104663 5.610313955640732e-05
3.115305629 5.8363012157688935e-05
3.1165065949999997 6.147602420650318e-05
3.117707561 6.209448940373774e-05
3.118908527 5.949869082109348e-05
3.1201094929999997 6.250992902527856e-05
3.1213104589999996 6.221204430371659e-05
3.1225114250000003 6.406302687652352e-05
3.123712391 7.030264322443563e-05
3.124913357 7.374520255399024e-05
3.126114323 6.44987616299321e-05
3.127315289 6.34772258753552e-05
3.128516255 6.442191036153626e-05
3.12971722 6.431228111582597e-05
3.1309181859999997 6.76436980185369e-05
3.132119152 7.120218272236648e-05
3.133320118 7.543337178154279e-05
3.134521084 7.47644896840899e-05
3.13572205 8.134455365236638e-05
3.1369230160000003 8.389719038631923e-05
3.138123982 8.129947152264318e-05
3.139324948 7.827462169211514e-05
3.140525914 7.484183131335927e-05
3.14172688 7.370476091540813e-05
3.142927846 7.350263390691725e-05
3.144128812 7.338392382083993e-05
3.145329778 7.10076955756429e-05
3.146530744 6.63087565318652e-05
3.1477317090000003 5.163641115590169e-05
3.148932675 4.8189316610013105e-05
3.150133641 5.37373854859095e-05
3.151334607 5.235122387292286e-05
3.152535573 4.753999898142104e-05
3.153736539 4.115976769999772e-05
3.154937505 3.746942143224617e-05
3.1561384710000002 2.899012074609009e-05
3.157339437 2.71668082740226e-05
3.158540403 2.8497876878225652e-05
3.159741369 3.281268504247798e-05
3.160942335 3.560923603349626e-05
3.162143301 2.6688961826342485e-05
3.163344267 2.238196679599769e-05
3.1645452329999997 1.7313878313288854e-05
3.165746198 2.1675493544466602e-05
3.166947164 2.686227920086593e-05
3.16814813 2.1576242640752252e-05
3.169349096 2.5651789127503318e-05
3.170550062 2.177719009594667e-05
3.171751028 8.798239344049472e-06
3.172951994 4.727025016909741e-06
3.17415296 1.0612534120456969e-05
3.1753539259999997 1.526138764373886e-05
3.176554892 1.7867397117363136e-05
3.177755858 2.209028629805931e-05
3.1789568239999997 1.4565486368112551e-05
3.18015779 1.383008545665198e-05
3.1813587560000003 1.7989768518220443e-05
3.182559721 1.9152585668408423e-05
3.183760687 1.4007232299013206e-05
3.184961653 7.721955896995689e-06
3.186162619 6.336232215223189e-06
3.187363585 6.53123262060366e-06
3.188564551 8.341026161434478e-06
3.1897655169999997 5.8182122318663805e-06
3.190966483 6.131040294878393e-06
3.192167449 5.634879565442682e-06
3.193368415 2.3665994180169323e-06
3.194569381 2.497544477608892e-07
3.1957703470000003 3.3828292326413536e-06
3.196971313 7.341664462091101e-06
3.198172279 3.4488862599506746e-06
3.1993732450000003 3.7183199167378024e-06
3.20057421 8.220834696172526e-06
3.201775176 5.0459731661773246e-06
3.202976142 2.363244266769803e-06
3.2041771079999997 1.3352718594852627e-08
3.2053780740000004 3.8236267614323e-06
3.2065790400000003 9.388906215907389e-07
3.207780006 2.5512738291282165e-06
3.208980972 3.3510938544795332e-06
3.2101819380000003 3.3139689552856133e-06
3.211382904 4.7442760168325325e-06
3.21258387 8.756399428195179e-07
3.213784836 1.4974792314449446e-07
3.214985802 2.30263034921595e-07
3.216186768 3.611139405852615e-06
3.217387734 5.059730043194621e-06
3.218588699 2.381859835665735e-07
3.219789665 2.6574653443708353e-06
3.2209906310000003 4.159425830732554e-06
3.222191597 2.1755477717862934e-06
3.223392563 1.57686222774398e-06
3.2245935290000003 8.219953953763617e-07
3.225794495 5.032269859344095e-07
3.226995461 1.0351317659417522e-06
3.228196427 6.657642895102697e-07
3.229397393 4.74299229873981e-07
3.230598359 2.527137900997435e-06
3.231799325 7.335252496990678e-08
3.2330002909999997 1e-08
3.234201257 1e-08
3.235402223 1e-08
3.236603188 1e-08
3.237804154 1e-08
3.23900512 1e-08
3.240206086 9.016257496949298e-07
3.241407052 3.482485444689173e-06
3.242608018 5.667431295536993e-07
3.2438089839999997 6.454355401483849e-07
3.24500995 9.033534019635754e-07
3.246210916 1.6099517252203587e-06
3.2474118819999997 2.7339970160214424e-06
3.248612848 4.7170228156561085e-06
3.249813814 3.418093521190816e-07
3.2510147799999998 1e-08
3.252215746 7.391364046270321e-08
3.2534167120000004 1.2691690168165649e-08
3.254617677 1.1515417187817697e-08
3.255818643 1.5678572637156502e-06
3.257019609 6.941743743814449e-06
3.2582205749999997 3.1026221340742943e-06
3.259421541 2.4411656108474123e-08
3.260622507 1.248069537193017e-06
3.2618234729999998 8.392078870282487e-07
3.2630244389999996 1.2992441735765788e-08
3.2642254050000004 1.717042080841522e-07
3.265426371 8.824602224794176e-07
3.266627337 1.0173724372170982e-06
3.267828303 6.546170412671073e-07
3.2690292690000002 1e-08
3.270230235 1.9659047593772914e-08
3.271431201 9.70020312417561e-07
3.2726321659999997 2.8296657782955185e-07
3.273833132 1.4430652696736563e-08
3.275034098 1e-08
3.2762350639999998 1e-08
3.27743603 3.6275384060378814e-08
3.2786369960000004 5.205066449465435e-06
3.279837962 3.898564267888125e-06
3.281038928 5.178757428080684e-07
3.282239894 1.3208443813209054e-08
3.2834408600000002 1.7412837622595957e-08
3.284641826 3.5082298353082484e-07
3.285842792 1e-08
3.287043758 1e-08
3.288244724 1e-08
3.2894456890000003 1e-08
3.290646655 6.873682256930391e-07
3.291847621 3.185177860841522e-06
3.2930485870000004 5.362015258200415e-06
3.294249553 4.137928732890165e-06
3.295450519 2.9048159040256585e-06
3.296651485 1.6493987729978902e-06
3.2978524510000002 1.7002505893340905e-08
3.299053417 1e-08
3.300254383 1.5413691755989977e-08
3.301455349 4.067170173919603e-06
3.302656315 3.1207254442300563e-06
3.303857281 9.94412725973422e-07
3.305058247 1.740817006226562e-06
3.3062592129999997 1.666829723070858e-06
3.307460178 4.48617284413041e-07
3.308661144 6.139141803172892e-07
3.30986211 1e-08
3.311063076 1e-08
3.312264042 1e-08
3.313465008 2.725473249037718e-07
3.314665974 4.5626984518984995e-06
3.31586694 1.0880128339725095e-06
3.317067906 1.0455580644169904e-08
3.318268872 4.2366540912977477e-07
3.319469838 1e-08
3.3206708039999997 1e-08
3.32187177 1e-08
3.323072736 1.3482467374085781e-07
3.324273702 1.9290533318444098e-06
3.325474667 1.2134946679592072e-08
3.326675633 2.677142910103059e-07
3.327876599 2.3533027549258515e-06
3.329077565 2.4946278837658e-07
3.330278531 1e-08
3.3314794969999997 1e-08
3.332680463 1e-08
3.333881429 1e-08
3.3350823949999997 1e-08
3.336283361 1e-08
3.3374843270000003 1e-08
3.338685293 1e-08
3.339886259 1e-08
3.3410872250000003 1e-08
3.342288191 1e-08
3.343489156 1e-08
3.344690122 1e-08
3.3458910879999997 1e-08
3.347092054 1e-08
3.3482930200000003 1e-08
3.349493986 1e-08
3.350694952 1e-08
3.3518959180000003 1e-08
3.353096884 1e-08
3.35429785 1e-08
3.355498816 1e-08
3.356699782 1e-08
3.357900748 1e-08
3.359101714 1e-08
3.3603026799999998 1e-08
3.361503645 1e-08
3.3627046110000003 1e-08
3.363905577 1e-08
3.365106543 1e-08
3.3663075090000003 1e-08
3.367508475 1e-08
3.368709441 1e-08
3.369910407 1e-08
3.371111373 1e-08
3.372312339 1e-08
3.373513305 1e-08
3.3747142709999998 1e-08
3.375915237 1e-08
3.377116203 1e-08
3.378317169 1e-08
3.379518134 1e-08
3.3807191 1.5087006038006255e-06
3.381920066 2.303792285204193e-06
3.383121032 1e-08
3.384321998 1e-08
3.3855229639999997 1e-08
3.38672393 1e-08
3.387924896 1e-08
3.3891258619999998 1e-08
3.390326828 5.8936816532229885e-08
3.391527794 4.58904347471742e-07
3.39272876 9.088789701450164e-07
3.3939297259999996 1.3001318563465381e-06
3.3951306920000004 8.825933274794718e-07
3.3963316580000003 2.480723918041351e-06
3.397532623 5.989415149090015e-06
3.398733589 7.2521397146057195e-06
3.3999345549999997 4.507166451568343e-06
3.401135521 2.944805539951765e-07
3.402336487 1e-08
3.4035374529999998 1e-08
3.4047384189999996 1e-08
3.405939385 1e-08
3.407140351 1e-08
3.408341317 4.1066515983147753e-07
3.4095422830000004 3.5495083463222897e-06
3.4107432490000003 5.686175054603694e-06
3.411944215 9.0739616617056e-06
3.413145181 1.0248830829115574e-05
3.4143461459999997 7.370051320080992e-06
3.415547112 4.153195533095932e-06
3.416748078 3.8481127788295375e-06
3.4179490439999998 2.402953189912843e-06
3.4191500099999996 1.4261401632463206e-07
3.4203509760000004 1e-08
3.4215519420000002 1e-08
3.422752908 1e-08
3.423953874 1.687214092353191e-07
3.4251548400000003 2.502888260395685e-06
3.426355806 2.6399327624254777e-06
3.427556772 4.755796382093047e-06
3.428757738 6.555319357060981e-06
3.429958704 7.379011461743748e-07
3.43115967 1.0635891915282432e-08
3.432360635 1.021964652318313e-08
3.433561601 7.020981741918242e-08
3.4347625670000004 1.3169304750905603e-06
3.4359635330000002 8.677892018863421e-07
3.437164499 1.6311803545904561e-06
3.438365465 5.2121979364578086e-06
3.4395664310000003 6.634400135167919e-06
3.440767397 6.997739325482951e-06
3.441968363 2.5594315959825887e-07
3.443169329 1e-08
3.444370295 1e-08
3.445571261 7.5092602419781e-08
3.446772227 1.0570812564577129e-06
3.4479731929999997 2.2586529725336525e-06
3.449174159 3.177860186004286e-06
3.4503751240000002 4.409677411442205e-06
3.45157609 5.172349592531708e-06
3.452777056 3.43743778446272e-06
3.453978022 7.845433347198245e-07
3.455178988 1.0484348622518689e-08
3.456379954 1e-08
3.45758092 1e-08
3.458781886 1e-08
3.459982852 1e-08
3.461183818 1.878376815183252e-08
3.4623847839999997 4.2093507505573165e-06
3.46358575 3.94180265688975e-06
3.464786716 1.7967644108437663e-06
3.4659876819999997 1.1306718540117905e-07
3.467188648 1e-08
3.468389613 1e-08
3.469590579 9.398634730122373e-08
3.470791545 3.1867711828605978e-06
3.471992511 5.0219184992108625e-06
3.4731934769999997 5.40511246461081e-06
3.474394443 5.992267416787924e-06
3.475595409 5.750736950929492e-06
3.4767963749999997 6.081226648589161e-06
3.4779973409999996 6.026082466603844e-06
3.4791983070000003 2.6648917104463752e-06
3.480399273 9.301483121807278e-07
3.481600239 5.429392505331843e-06
3.4828012050000003 1.0540810954082692e-05
3.484002171 9.902092127882718e-06
3.485203137 4.332605732830301e-06
3.486404102 2.283492158801157e-06
3.4876050679999997 4.249443733096087e-06
3.488806034 8.441401386850407e-06
3.490007 9.915477308119604e-06
3.491207966 1.3420234192595502e-05
3.492408932 1.0165225255605626e-05
3.4936098980000003 7.023583850975359e-06
3.494810864 1.1472913767705346e-05
3.49601183 4.632427442110215e-06
3.497212796 2.56434983386927e-06
3.498413762 5.1239061870658355e-06
3.499614728 7.303536343544928e-06
3.500815694 5.474644110449343e-06
3.50201666 1.7652887230955092e-06
3.503217626 1e-08
3.5044185910000003 1e-08
3.505619557 1.616513863273381e-08
3.506820523 3.0625357543170413e-06
3.5080214890000003 3.2369881468590025e-06
3.509222455 3.793367660038221e-07
3.510423421 1.3763770413593718e-06
3.511624387 6.698607721909787e-07
3.512825353 2.8672245839168617e-06
3.514026319 1.642943363083292e-06
3.515227285 1.2409946379733202e-06
3.516428251 5.286640754108996e-06
3.517629217 6.132405922124134e-06
3.518830183 4.733774354351843e-06
3.520031149 5.248348341374916e-07
3.521232114 1e-08
3.52243308 1e-08
3.523634046 1e-08
3.524835012 1e-08
3.526035978 2.825848717734329e-08
3.527236944 7.24486426174508e-07
3.52843791 1.0115941998839956e-06
3.529638876 3.2912383561953907e-06
3.530839842 3.4914995428704168e-06
3.532040808 4.487267582419345e-06
3.533241774 2.6778195482747688e-06
3.53444274 1.4798442679009843e-07
3.5356437059999997 1e-08
3.536844672 1e-08
3.5380456380000003 1e-08
3.539246603 1.6317342886349655e-08
3.540447569 3.9094044033816714e-07
3.5416485349999998 2.5571456271404906e-06
3.542849501 2.0715796040284573e-06
3.544050467 2.2336359001861808e-07
3.545251433 1.4991925511934698e-08
3.5464523989999996 2.3824863733531968e-07
3.547653365 1.3398699364335754e-07
3.548854331 1e-08
3.5500552969999997 1e-08
3.5512562630000004 1e-08
3.5524572290000003 1e-08
3.553658195 1.4976776145255057e-08
3.554859161 2.255512817477753e-06
3.5560601270000003 8.278341527884541e-07
3.557261092 1e-08
3.558462058 1e-08
3.559663024 1e-08
3.5608639899999996 1e-08
3.562064956 1e-08
3.5632659220000003 1e-08
3.564466888 1e-08
3.565667854 1e-08
3.5668688200000003 1e-08
3.568069786 1e-08
3.569270752 4.0551772179546403e-07
3.570471718 1.6592209923235247e-06
3.571672684 1.4955678226076642e-08
3.57287365 1e-08
3.574074616 1e-08
3.575275581 1e-08
3.5764765470000004 1e-08
3.5776775130000003 1e-08
3.578878479 1e-08
3.580079445 1e-08
3.5812804110000003 1e-08
3.582481377 1e-08
3.583682343 1e-08
3.584883309 1e-08
3.586084275 1e-08
3.587285241 1e-08
3.588486207 1e-08
3.5896871729999997 1e-08
3.590888139 1e-08
3.592089105 1e-08
3.59329007 1e-08
3.594491036 1e-08
3.595692002 1e-08
3.596892968 1e-08
3.598093934 2.1600933531758805e-08
3.5992949 3.0726794748932637e-06
3.600495866 7.869895101332375e-07
3.601696832 3.527165803750395e-07
3.602897798 9.346261805785511e-07
3.6040987639999997 4.547455598167315e-06
3.60529973 5.298093972208812e-06
3.606500696 2.5648681432951054e-06
3.6077016619999998 1.5641217984797275e-08
3.6089026279999996 1e-08
3.6101035940000004 1.0984959680719954e-06
3.611304559 7.3585692753894765e-06
3.612505525 5.270858962850638e-06
3.613706491 2.3510884353125174e-06
3.6149074569999997 5.186347270991624e-08
3.616108423 1e-08
3.617309389 1e-08
3.6185103549999997 1e-08
3.619711321 1e-08
3.620912287 1e-08
3.622113253 1e-08
3.623314219 1.8458212550444934e-08
3.6245151850000004 8.487718576582805e-07
3.625716151 8.106164011423934e-07
3.626917117 1e-08
3.628118082 1e-08
3.6293190479999997 1e-08
3.630520014 1e-08
3.63172098 4.0492763493185933e-07
3.6329219459999997 1.6740685194882703e-08
3.6341229119999996 1e-08
3.6353238780000003 1.3997575097142598e-07
3.636524844 1.473881622556868e-06
3.63772581 1.1086198504679568e-06
3.638926776 1.123314282853984e-07
3.640127742 1e-08
3.641328708 4.3266216633379e-08
3.642529674 2.1111270051977746e-06
3.6437306400000002 2.511574467717102e-06
3.644931606 2.331294002469743e-07
3.646132571 1e-08
3.647333537 1e-08
3.648534503 1e-08
3.6497354690000003 1e-08
3.650936435 1e-08
3.652137401 1e-08
3.653338367 1e-08
3.6545393330000002 1e-08
3.655740299 1e-08
3.656941265 1e-08
3.658142231 1e-08
3.659343197 1e-08
3.660544163 1e-08
3.661745129 1e-08
3.6629460949999997 1e-08
3.66414706 1e-08
3.665348026 1e-08
3.666548992 1e-08
3.667749958 1e-08
3.6689509240000002 1e-08
3.67015189 1e-08
3.671352856 1e-08
3.672553822 1e-08
3.673754788 1e-08
3.674955754 1e-08
3.67615672 1e-08
3.6773576859999997 2.4047025766936332e-08
3.678558652 9.464911297800512e-07
3.679759618 9.010974654645046e-07
3.680960584 1.7715611486948205e-06
3.682161549 2.7899841350128153e-06
3.683362515 5.146425543551258e-06
3.684563481 6.1380256643252304e-06
3.685764447 2.3690030854807257e-06
3.686965413 1.3357868335016707e-07
3.6881663789999997 3.709998641390424e-07
3.689367345 2.0812923272296316e-06
3.690568311 1.520939010971733e-07
3.6917692769999997 1e-08
3.6929702430000004 1e-08
3.6941712090000003 1e-08
3.695372175 1.0968135150872998e-08
3.696573141 2.559736800930594e-06
3.6977741070000003 3.647893590199634e-06
3.698975073 1.5139112968101846e-06
3.700176038 2.8425306591894748e-08
3.701377004 1e-08
3.7025779699999997 1e-08
3.703778936 5.6512831039593166e-08
3.704979902 3.137866212203702e-06
3.706180868 4.512143337574109e-06
3.707381834 3.5447637479980308e-06
3.7085828000000003 7.674635858596991e-07
3.709783766 1.141604476616965e-08
3.710984732 5.621931213580376e-07
3.712185698 3.013274227607768e-06
3.713386664 3.968878998093869e-06
3.71458763 3.7437410764775137e-06
3.715788596 2.5916321314441083e-06
3.716989562 1.8326877768574262e-06
3.7181905270000004 4.953916593157711e-06
3.7193914930000003 5.0243053938355945e-06
3.720592459 2.227345460236263e-06
3.721793425 1.1177499628543811e-08
3.7229943910000003 1e-08
3.724195357 1e-08
3.725396323 1e-08
3.726597289 1e-08
3.727798255 1e-08
3.728999221 3.914126179473463e-08
3.730200187 3.0567151666262018e-06
3.7314011529999997 1.7707485718669051e-06
3.732602119 1e-08
3.733803085 1e-08
3.7350040509999998 1e-08
3.736205016 1e-08
3.7374059820000003 1e-08
3.738606948 1e-08
3.739807914 3.884234749929071e-08
3.74100888 1.2562917822333146e-06
3.742209846 4.0205217296892763e-07
3.743410812 1.1019015993400865e-08
3.744611778 8.578649621483394e-07
3.7458127439999997 3.719622175806479e-06
3.74701371 2.745015335843418e-06
3.748214676 5.2824747702950506e-08
3.7494156419999998 1e-08
3.7506166079999996 1e-08
3.751817574 1e-08
3.753018539 1e-08
3.754219505 1e-08
3.755420471 1e-08
3.7566214369999997 1e-08
3.757822403 1e-08
3.759023369 1e-08
3.7602243349999998 1e-08
3.761425301 2.3876265441141734e-08
3.762626267 6.400151651525255e-07
3.7638272329999998 3.9393300149067127e-07
3.765028199 1.099413347259292e-08
3.7662291650000004 1e-08
3.7674301310000002 1e-08
3.768631097 1e-08
3.769832063 1e-08
3.7710330279999997 1e-08
3.772233994 1e-08
3.77343496 1e-08
3.7746359259999998 1e-08
3.7758368919999996 1e-08
3.7770378580000004 1e-08
3.778238824 1e-08
3.77943979 1e-08
3.780640756 1e-08
3.7818417220000002 1.6138100840547974e-08
3.783042688 8.190214560604736e-07
3.784243654 2.6896300484644885e-06
3.7854446200000003 1.2438918327085044e-06
3.786645586 2.8384212427329613e-08
3.787846552 1e-08
3.7890475169999998 3.4320462062930446e-08
3.790248483 1.5117428563375066e-07
3.7914494490000004 1e-08
3.792650415 1e-08
3.793851381 1e-08
3.795052347 1e-08
3.7962533130000002 1e-08
3.797454279 1e-08
3.798655245 1e-08
3.799856211 1e-08
3.801057177 1e-08
3.802258143 1e-08
3.803459109 1e-08
3.8046600749999997 1e-08
3.805861041 1e-08
3.807062006 1e-08
3.808262972 1e-08
3.809463938 1e-08
3.8106649040000002 1e-08
3.81186587 1e-08
3.813066836 1e-08
3.814267802 1e-08
3.815468768 1e-08
3.816669734 1e-08
3.8178707 1e-08
3.8190716659999997 1e-08
3.820272632 1e-08
3.821473598 1e-08
3.8226745639999997 1e-08
3.8238755299999996 1e-08
3.825076495 1e-08
3.826277461 1e-08
3.827478427 1e-08
3.828679393 1e-08
3.829880359 1e-08
3.831081325 1e-08
3.832282291 1e-08
3.8334832569999997 1e-08
3.834684223 1e-08
3.835885189 1e-08
3.837086155 1e-08
3.838287121 1e-08
3.8394880870000003 1e-08
3.840689053 1e-08
3.841890019 1e-08
3.843090984 1e-08
3.8442919499999997 1e-08
3.845492916 1e-08
3.846693882 1e-08
3.8478948479999997 1e-08
3.849095814 1e-08
3.8502967800000003 1e-08
3.851497746 1e-08
3.852698712 1e-08
3.8538996780000003 1e-08
3.855100644 1e-08
3.85630161 1e-08
3.857502576 1e-08
3.858703542 1e-08
3.859904507 1e-08
3.8611054730000003 1e-08
3.862306439 1e-08
3.863507405 1e-08
3.8647083710000003 1e-08
3.865909337 1e-08
3.867110303 1e-08
3.868311269 1e-08
3.869512235 1e-08
3.870713201 1e-08
3.871914167 1e-08
3.8731151329999998 1e-08
3.874316099 1e-08
3.875517065 1e-08
3.876718031 1e-08
3.877918996 1e-08
3.8791199620000003 1e-08
3.880320928 1e-08
3.881521894 1e-08
3.88272286 1e-08
3.883923826 1e-08
3.885124792 1e-08
3.886325758 1e-08
3.8875267239999998 1e-08
3.88872769 1e-08
3.889928656 1e-08
3.891129622 1e-08
3.8923305879999996 1e-08
3.893531554 1e-08
3.89473252 1e-08
3.895933485 1e-08
3.897134451 1e-08
3.8983354169999997 1e-08
3.899536383 1e-08
3.900737349 1e-08
3.9019383149999998 1e-08
3.903139281 1e-08
3.904340247 1e-08
3.905541213 1e-08
3.9067421789999996 1e-08
3.9079431450000004 1e-08
3.9091441110000003 1e-08
3.910345077 1e-08
3.911546043 1.3644438194130883e-08
3.9127470090000003 1.6868309382892898e-06
3.913947974 2.6363288434588142e-08
3.91514894 1e-08
3.9163499059999998 1e-08
3.9175508719999996 1e-08
3.918751838 1e-08
3.9199528040000002 1e-08
3.92115377 1e-08
3.922354736 1e-08
3.9235557020000003 1e-08
3.924756668 1e-08
3.925957634 1e-08
3.9271586000000003 1.1847283013246998e-07
3.928359566 1.433133719790514e-06
3.929560532 2.8199207463196647e-06
3.930761498 1.6416233529426482e-06
3.9319624629999996 1.6805899278990136e-08
3.9331634290000004 1e-08
3.9343643950000002 1e-08
3.935565361 1e-08
3.936766327 1e-08
3.9379672930000003 1e-08
3.939168259 1e-08
3.940369225 6.905002421095777e-08
3.941570191 1.0315814213407248e-06
3.942771157 4.439689503032688e-07
3.943972123 1.2274263028181404e-08
3.945173089 1e-08
3.946374055 1e-08
3.947575021 1e-08
3.948775987 1e-08
3.949976952 1e-08
3.951177918 1e-08
3.9523788840000003 1e-08
3.95357985 1e-08
3.954780816 1e-08
3.955981782 1e-08
3.957182748 1e-08
3.958383714 1e-08
3.95958468 1e-08
3.9607856459999997 1e-08
3.961986612 1e-08
3.963187578 1e-08
3.9643885439999997 1e-08
3.9655895099999996 1e-08
3.9667904760000003 1e-08
3.967991441 1e-08
3.969192407 1.9841727272511635e-07
3.970393373 1.146852774702022e-06
3.971594339 1.472383175605722e-07
3.972795305 1.034211858100225e-08
3.973996271 1e-08
3.9751972369999997 1e-08
3.976398203 1e-08
3.977599169 1e-08
3.9788001349999997 1e-08
3.980001101 1e-08
3.9812020670000003 1e-08
3.982403033 1e-08
3.983603999 1e-08
3.984804964 1e-08
3.9860059299999997 1e-08
3.987206896 1e-08
3.988407862 1e-08
3.9896088279999997 1e-08
3.9908097939999996 1e-08
3.9920107600000003 1e-08
3.993211726 1e-08
3.994412692 1e-08
3.9956136580000003 1e-08
3.996814624 1e-08
3.99801559 1e-08
3.999216556 1e-08
4.000417522 1e-08
4.001618488 1e-08
4.002819453 1e-08
4.004020419 1e-08
4.005221385 1e-08
4.006422351 1e-08
4.007623317 1e-08
4.008824283 1e-08
4.010025249 1e-08
4.011226215 1e-08
4.012427181 1e-08
4.0136281469999995 1e-08
4.014829112999999 1e-08
4.016030079 1e-08
4.017231045 1e-08
4.018432011 1e-08
4.0196329770000006 1e-08
4.020833942 1e-08
4.022034908 1e-08
4.023235874 1e-08
4.02443684 1e-08
4.025637806 1e-08
4.026838772 1e-08
4.028039738 1e-08
4.029240704 1e-08
4.03044167 1e-08
4.031642636 1.2064652560111696e-08
4.032843602 7.169681887025169e-07
4.034044568 1.978506998017707e-06
4.035245534 2.158530296405395e-06
4.0364465 2.4972022168478452e-06
4.037647466 2.6620042672186057e-06
4.038848431 2.59275136903145e-06
4.040049397000001 1.5560131533959162e-07
4.0412503630000005 1e-08
4.042451329 1e-08
4.043652295 1e-08
4.044853261 1e-08
4.046054227 1.4623215732208359e-08
4.047255193 1.3708262747436755e-07
4.048456159 1.481227915038556e-08
4.049657125 1e-08
4.050858091 1e-08
4.052059057 1e-08
4.053260023 1e-08
4.054460989 1e-08
4.055661955 1e-08
4.05686292 1e-08
4.058063886 1e-08
4.059264852 1e-08
4.060465818 1e-08
4.061666784 1e-08
4.06286775 1e-08
4.064068716 1e-08
4.065269682 1e-08
4.066470648 1e-08
4.067671614 1e-08
4.06887258 1e-08
4.070073546 1e-08
4.071274512 1e-08
4.072475477999999 1e-08
4.073676444 1e-08
4.074877409 1e-08
4.076078375 1e-08
4.077279341 1e-08
4.0784803069999995 1e-08
4.079681273 1e-08
4.080882239 1e-08
4.082083205 1e-08
4.083284171 1e-08
4.084485137 1e-08
4.085686103 1e-08
4.086887069 1e-08
4.088088035 1e-08
4.089289001 1e-08
4.090489967 1e-08
4.091690932 1e-08
4.0928918979999995 1e-08
4.094092864 1e-08
4.09529383 1e-08
4.096494796 1e-08
4.097695762 1e-08
4.098896728 1e-08
4.1000976940000005 1e-08
4.10129866 1e-08
4.102499626 1e-08
4.103700592 1e-08
4.104901558 1e-08
4.106102524 1e-08
4.1073034900000005 1e-08
4.1085044559999995 1e-08
4.109705420999999 1e-08
4.110906387 1e-08
4.112107353000001 4.1362054402490423e-08
4.113308319 1.1994230384867018e-06
4.1145092850000005 1.6392852865321257e-06
4.115710251 1.6336748798768065e-06
4.116911217 1.9866737561943382e-06
4.118112183 3.129053775806735e-06
4.119313149 3.5318827695983886e-06
4.120514115 1.4445172080583397e-06
4.1217150810000005 1.577142374983243e-07
4.1229160469999995 1e-08
4.124117013 1e-08
4.125317979 1e-08
4.126518945 1e-08
4.12771991 1e-08
4.1289208760000005 1e-08
4.130121841999999 1e-08
4.131322808 1e-08
4.132523774 1e-08
4.13372474 1e-08
4.134925706 1e-08
4.1361266720000005 1.1109067534248176e-08
4.1373276379999995 4.295735416209292e-07
4.138528604 3.0178399278020676e-06
4.13972957 5.092191100761899e-06
4.140930536 4.786191751309171e-06
4.142131502 3.3396316067436575e-06
4.143332468 1.8955952414143876e-07
4.1445334339999995 1e-08
4.145734399 1e-08
4.146935365 1e-08
4.148136331 1e-08
4.149337297 1e-08
4.1505382630000005 1e-08
4.1517392289999995 1e-08
4.152940195 1e-08
4.154141160999999 1e-08
4.155342127 1e-08
4.156543093 1e-08
4.157744059 1e-08
4.158945025 1e-08
4.160145991 1e-08
4.161346957 1.8970933627626436e-08
4.162547923 6.265311388542362e-07
4.163748888 2.7574269506121352e-06
4.1649498540000005 5.122495784125986e-06
4.1661508199999995 5.8301323827579025e-06
4.167351786 5.153295425556827e-06
4.168552751999999 3.823197668188734e-06
4.169753718 3.264611643574637e-06
4.170954684000001 2.93615481455608e-06
4.17215565 3.614402626942882e-06
4.173356616 4.6966872127499325e-06
4.174557582 6.183711383338908e-06
4.175758548 7.40262992970012e-06
4.176959514 6.734755938565773e-06
4.17816048 4.4301739357769346e-06
4.179361446 1.93693970811231e-06
4.1805624120000004 1.1075105794228146e-06
4.181763377 1.0699224295418026e-06
4.182964343 7.131545946181578e-07
4.184165309 1.6106987305411274e-08
4.185366275000001 1e-08
4.186567241 1.899086688647384e-08
4.187768207 5.116182580947859e-07
4.188969173 8.069517927674544e-07
4.190170139 1.1452873533203464e-07
4.191371105 1e-08
4.192572071 1e-08
4.193773037 1e-08
4.1949740030000005 1e-08
4.196174968999999 1e-08
4.197375935 1e-08
4.198576901 1e-08
4.199777866000001 1.088954671395989e-08
4.200978832 2.571534093698946e-07
4.202179798 1.5298765370756666e-06
4.203380764 2.1850772852029107e-06
4.20458173 1.7149061090279577e-06
4.205782696 1.646171665929117e-06
4.206983662 1.3487878938485846e-06
4.208184628 7.926073050488286e-07
4.2093855940000005 2.6088165598577767e-08
4.210586559999999 3.358330042288574e-08
4.211787526 5.361420156565124e-07
4.212988492 1.7709887204017098e-08
4.214189458 1e-08
4.215390424 1e-08
4.216591389 1e-08
4.217792354999999 1e-08
4.218993321 1e-08
4.220194287 1e-08
4.221395253 1e-08
4.222596219 1e-08
4.2237971850000005 1e-08
4.224998150999999 1e-08
4.226199117 1e-08
4.227400083 1e-08
4.228601049 1e-08
4.229802015000001 2.3058007413844057e-07
4.231002981 3.548228486345466e-06
4.232203947 4.250984337474007e-06
4.233404913 2.4544876752051593e-06
4.234605878 2.403833664990905e-07
4.235806844 1e-08
4.23700781 1e-08
4.2382087760000005 1e-08
4.239409741999999 1e-08
4.240610708 1e-08
4.241811673999999 1e-08
4.24301264 1.658009212310459e-08
4.244213606000001 4.4677920901101463e-07
4.245414572 2.16059250114756e-06
4.246615538 3.8008013671838384e-06
4.247816504 2.6409091244701597e-06
4.24901747 4.034121235659749e-08
4.250218436 1e-08
4.251419402000001 1e-08
4.2526203670000005 1e-08
4.253821332999999 5.674798414928363e-08
4.255022299 2.625227967729405e-06
4.256223265 3.228467913728242e-06
4.257424231 3.897758498565302e-06
4.258625197000001 6.717497721725844e-06
4.259826163 6.973559154282295e-06
4.261027129 2.7245535323141295e-06
4.262228095 3.376673219043476e-06
4.263429061 2.2648216492413226e-06
4.264630027 5.4930825915925066e-08
4.265830993 1e-08
4.267031959 1e-08
4.268232925 1e-08
4.269433890999999 1e-08
4.270634856 1e-08
4.271835822 1e-08
4.273036788000001 1e-08
4.274237754 1.1259606383699187e-08
4.27543872 3.207303684406204e-07
4.276639686 3.1448675858984506e-06
4.277840652 7.646005011626653e-06
4.279041618 6.358875176608582e-06
4.280242584 2.621053967625084e-07
4.28144355 2.236558234532996e-06
4.282644516 3.914992338144867e-06
4.283845481999999 1.7460677862640868e-06
4.285046448 2.77094812956862e-07
4.286247414 1.6862052513321955e-06
4.28744838 7.191224762137043e-06
4.288649345 1.0797157203170598e-05
4.289850311 1.460152448963759e-05
4.291051276999999 1.4004281884977672e-05
4.292252243 1.1140984642168466e-05
4.293453209 7.238975631850352e-06
4.294654175 6.634977778998756e-06
4.295855141 6.286149544694036e-06
4.297056107 8.960060482109313e-06
4.298257072999999 1.0035669298489853e-05
4.299458039 1.0051873715778037e-05
4.300659005000001 1.0365503403102548e-05
4.301859971 1.2492883493738834e-05
4.303060937000001 1.477924300027378e-05
4.304261903 1.3939935870604457e-05
4.305462869 1.1730253359142302e-05
4.306663834 7.39564038582921e-06
4.3078648 3.4269410263809278e-06
4.309065766 5.575670435855035e-08
4.310266732 2.726303952379893e-08
4.311467698 8.390622080030271e-07
4.312668663999999 7.975851871435907e-07
4.31386963 1.2841968747514677e-07
4.315070596 1.0357118982198093e-08
4.316271562 5.585472532595685e-07
4.317472528000001 7.671805200671013e-06
4.318673494 1.927635909053401e-05
4.31987446 2.124744701423246e-05
4.321075426 1.792136566374167e-05
4.322276392 1.4138009139373078e-05
4.323477357 8.394833707045072e-06
4.324678323 5.754719420244732e-06
4.325879289 4.446645706407902e-06
4.327080255 5.145203551691367e-06
4.328281221 1.0092237713016803e-05
4.329482187 1.4685567228789366e-05
4.330683153 1.2935264111850104e-05
4.331884119000001 8.988571984733336e-06
4.333085085 7.245899203743863e-06
4.334286051 3.39029961865538e-06
4.335487017 3.9168286168819425e-06
4.336687983 4.368627335403093e-06
4.337888949 5.200090244479321e-06
4.339089915 5.358157000062116e-06
4.340290881 4.681076051954337e-06
4.341491846 2.8512977666528797e-06
4.342692812 2.1190150489074195e-06
4.343893778 4.799264719613848e-06
4.345094744 8.81480500741388e-06
4.346295710000001 1.2000863444067413e-05
4.347496676 1.4702862358836032e-05
4.348697642 1.601342732486859e-05
4.349898608 1.5695864989526662e-05
4.351099574 1.7113970494822645e-05
4.35230054 1.962269305099593e-05
4.353501506 2.1686561880895427e-05
4.354702472 2.170352992758274e-05
4.355903438 2.0038648186113172e-05
4.357104403999999 1.845660123644553e-05
4.35830537 1.7862308870825766e-05
4.359506335 1.869194550245032e-05
4.360707301000001 1.9986180092295296e-05
4.361908267 2.110467107362096e-05
4.363109233 1.9483137120431796e-05
4.364310198999999 1.7155201150385486e-05
4.365511165 1.4356389267196235e-05
4.366712131 1.5630921224347102e-05
4.367913097 1.6668123444497327e-05
4.369114063 1.6480760682603893e-05
4.370315029 1.3665309984807856e-05
4.371515994999999 1.3078947195901517e-05
4.372716961 1.5952799215023157e-05
4.373917927000001 1.9053082529782493e-05
4.375118893 2.2168710036337297e-05
4.3763198590000005 2.2343117030030587e-05
4.377520824 2.3332183444165e-05
4.378721789999999 2.6242318714713733e-05
4.379922756 2.655439250352135e-05
4.381123722 2.4297011474525456e-05
4.382324688 1.8585308360275518e-05
4.383525654 1.4273133017143751e-05
4.38472662 1.0739732889429087e-05
4.385927586 1.167277918308164e-05
4.387128552 1.3290244281546939e-05
4.388329518 1.4362738610990235e-05
4.389530484 1.369014930212709e-05
4.3907314500000005 1.3570174012903268e-05
4.3919324159999995 1.5496360764547317e-05
4.393133382 2.082073732501069e-05
4.394334348 2.5963270077901377e-05
4.395535313 2.9936292804398738e-05
4.396736279 2.373393462518245e-05
4.3979372450000005 1.7956985535729213e-05
4.399138211 1.3361241785274883e-05
4.400339177 1.44442371785889e-05
4.401540143 1.7764089379583048e-05
4.402741109 1.8959269438307324e-05
4.403942075 1.6043351180674386e-05
4.4051430410000005 1.3972544694725442e-05
4.4063440069999995 1.3294577389173191e-05
4.407544973 1.2687596239713596e-05
4.408745939 1.1755823398431001e-05
4.409946905 9.82164766516358e-06
4.411147871 1.15111409166241e-05
4.412348837 1.3869718692775743e-05
4.413549802 1.5197349498571108e-05
4.414750768 1.6092403628065925e-05
4.415951734 1.4569809747555652e-05
4.4171527 9.80677079158748e-06
4.418353666 9.597515625020215e-06
4.4195546320000005 1.083459432901067e-05
4.4207555979999995 1.2381763877429549e-05
4.421956564 1.3982549793606391e-05
4.42315753 1.387121713759763e-05
4.424358496 7.946973210242871e-06
4.425559462 7.559949466676872e-06
4.426760428 2.7268159892397135e-06
4.4279613939999996 2.933429367557639e-07
4.42916236 1.2547010832436855e-08
4.430363325999999 2.3728392868066353e-07
4.431564291 4.859878708566205e-06
4.432765257 8.215999368867752e-06
4.4339662230000005 7.944257801305914e-06
4.4351671889999995 6.074407952877096e-06
4.436368155 5.211543432910447e-06
4.437569121 5.251066514934489e-06
4.438770087 5.4104731939301936e-06
4.439971053 4.192078715370611e-06
4.441172019 4.539491819129248e-06
4.4423729849999996 8.766544997827635e-06
4.443573951 1.374740993721855e-05
4.444774917 1.9603431752748423e-05
4.445975883 2.0547981656979017e-05
4.447176849000001 1.9728753332992356e-05
4.4483778140000005 1.8092069959187517e-05
4.4495787799999995 1.4332440960086223e-05
4.450779746 9.370238157370053e-06
4.451980711999999 8.225946987111842e-06
4.453181678 8.491313549058525e-06
4.454382644 9.506266747338651e-06
4.45558361 9.98129589159071e-06
4.456784576 8.52934182399704e-06
4.457985542 5.901983592568258e-06
4.459186508 5.116845118851637e-06
4.460387474 3.925093258301349e-06
4.461588440000001 4.804516152020621e-06
4.462789406 8.506359867944903e-06
4.4639903720000005 1.3528634564812295e-05
4.4651913379999995 1.7328681842380324e-05
4.466392302999999 1.8585942921941135e-05
4.467593269 1.3560617626518763e-05
4.468794235000001 4.1768990161441544e-06
4.469995201 1.7364964238508798e-06
4.471196167 3.5276329489436616e-06
4.472397133 8.31239348705496e-06
4.473598099 1.274332241220645e-05
4.474799065 1.3009354957875943e-05
4.476000031 1.5032504381513887e-05
4.477200997 1.7779630457760674e-05
4.4784019630000005 1.7408722068019312e-05
4.4796029289999995 1.3749032067668816e-05
4.480803895 9.776586456893362e-06
4.482004861 7.218353655101135e-06
4.483205827 7.173949843315419e-06
4.484406792 7.5063527575773125e-06
4.4856077580000004 8.131318240028546e-06
4.486808724 8.636049675926326e-06
4.48800969 8.43927174888085e-06
4.489210656 8.482323436696314e-06
4.490411622 8.23444688247513e-06
4.491612588 9.266721878406102e-06
4.4928135540000005 9.555488944595667e-06
4.4940145199999995 8.99513115916718e-06
4.495215486 7.088956701938035e-06
4.496416452 8.625864074268548e-06
4.497617418 8.860834405828852e-06
4.498818384 8.835234918321577e-06
4.50001935 9.31380586776639e-06
4.5012203159999995 1.1020876803242107e-05
4.502421281 1.1340083395149733e-05
4.503622247 9.386300684491982e-06
4.504823213 7.20285525261855e-06
4.506024179 6.940984674932083e-06
4.5072251450000005 7.872195139944344e-06
4.5084261109999995 1.010609391976188e-05
4.509627077 1.2795406289670683e-05
4.510828043 1.4749968110522264e-05
4.512029009 1.5335205035139672e-05
4.513229975 1.3002368701124292e-05
4.514430941 1.0676342546204207e-05
4.515631907 9.205087231771783e-06
4.516832873 9.88283842046041e-06
4.518033839 1.0920202434123274e-05
4.519234805 1.0908517329113368e-05
4.52043577 1.0125856547650828e-05
4.5216367360000005 7.165359784502049e-06
4.5228377019999995 2.459735194815208e-06
4.524038668 2.5007404184655534e-06
4.525239633999999 3.924533517772484e-06
4.5264406 5.94202128546924e-06
4.527641566000001 9.089920273950652e-06
4.528842532 9.605292818633375e-06
4.530043498 9.532141940277955e-06
4.531244464 8.954497425041911e-06
4.53244543 8.93864277271042e-06
4.533646396 8.047295296105252e-06
4.534847362000001 4.647968899569791e-06
4.536048328 2.3783447772468816e-06
4.537249294 1.3069552376210849e-06
4.538450259 1.6974166942494383e-06
4.539651224999999 8.582143920646178e-06
4.540852191 1.620332266564774e-05
4.542053157000001 1.9463284545137686e-05
4.543254123 1.8642471783713945e-05
4.544455089 1.7859630443740096e-05
4.545656055 1.606616319512761e-05
4.546857021 1.1228296524901587e-05
4.548057987 8.651701455598143e-06
4.549258953 5.554823707249188e-06
4.550459919 4.81944864008284e-06
4.551660885 5.924356322066563e-06
4.552861850999999 7.467777673509734e-06
4.554062817 9.817044755668113e-06
4.555263782 1.034448141150416e-05
4.556464748000001 9.916297569446319e-06
4.557665714 9.271355987627256e-06
4.55886668 9.39802329689837e-06
4.560067646 1.0852896037420453e-05
4.561268612 1.2607059699036165e-05
4.562469578 1.4196231295021148e-05
4.563670544 1.6769531736711816e-05
4.56487151 1.9887744020090493e-05
4.566072476 2.188481740174037e-05
4.567273441999999 2.3328274219597463e-05
4.568474408 2.3291350431259055e-05
4.569675374 2.187881406072116e-05
4.57087634 1.941849920458987e-05
4.572077306 1.75522095846856e-05
4.573278271 1.813382728865414e-05
4.574479236999999 1.7851156206806823e-05
4.575680203 1.6370198433600102e-05
4.576881169 1.2577204207884242e-05
4.578082135 1.1690756386828191e-05
4.579283101 1.2238284929455095e-05
4.580484067 1.2713467296261392e-05
4.581685032999999 1.371689030330093e-05
4.582885999 1.6409650776444406e-05
4.584086965 1.7805634479543608e-05
4.585287931 1.6158494634273553e-05
4.586488897000001 1.2005033706313507e-05
4.587689863 9.246426682805537e-06
4.588890829 5.099653714984003e-06
4.590091795 5.194894222423063e-06
4.59129276 6.173936106666258e-06
4.592493726 1.1739373352558185e-05
4.593694692 1.4952925449378377e-05
4.594895658 1.8281928243121412e-05
4.596096623999999 2.1832875820891068e-05
4.59729759 2.08846717936192e-05
4.598498555999999 1.810439161264346e-05
4.599699522 1.1913067669278707e-05
4.600900488000001 9.623449641180132e-06
4.602101454 1.0087042639135241e-05
4.60330242 1.2423865274534988e-05
4.604503386 1.4602672526073505e-05
4.605704352 1.263550036923978e-05
4.606905318 1.324824031103287e-05
4.608106284000001 1.5772108539143633e-05
4.609307249 1.800586583506913e-05
4.610508214999999 2.020478157996232e-05
4.611709181 1.6803104249041367e-05
4.612910147 1.5428386880223308e-05
4.614111113 1.527227889251084e-05
4.615312079000001 1.5904752351354212e-05
4.616513045 1.8505981603076952e-05
4.617714011 1.879338333853398e-05
4.618914977 1.838176968079759e-05
4.620115943 1.6600530438806194e-05
4.621316909 1.3096193378577226e-05
4.622517875 9.55405191663568e-06
4.623718841 7.687485704208716e-06
4.624919807 9.570738409481241e-06
4.626120772999999 8.70617974599924e-06
4.627321738 7.036461384511151e-06
4.628522704 5.611105056679235e-06
4.629723670000001 5.549953733202945e-06
4.630924636 6.177910274945472e-06
4.632125602 8.7655553858063e-06
4.633326568 1.660873913959023e-05
4.634527534 2.0071183350539112e-05
4.6357285 2.2771850252147496e-05
4.636929466 2.3255913592768372e-05
4.638130432 2.2173510173506518e-05
4.639331398 2.1902884845899088e-05
4.640532363999999 1.9109052873566798e-05
4.64173333 1.7681913357822895e-05
4.642934296 1.5779335885129042e-05
4.644135262 1.4118324931570405e-05
4.645336227 1.7728164091749503e-05
4.646537193 1.84174523052118e-05
4.647738159 1.7284959976029268e-05
4.648939125 1.5769570559770123e-05
4.650140091 1.9526658421604706e-05
4.651341057 2.3708016286478236e-05
4.652542023 2.4226020270901295e-05
4.653742989 2.1132409658837055e-05
4.654943954999999 1.5285714489303225e-05
4.656144921 1.4618529722094014e-05
4.657345887 1.551170711329147e-05
4.658546853 1.594005572603041e-05
4.659747819000001 1.5820882936086854e-05
4.6609487849999995 1.7656460978952203e-05
4.662149751 2.187849187479764e-05
4.663350716 2.507229825000095e-05
4.664551682 2.7718987518811723e-05
4.665752648 2.5882185347032055e-05
4.666953614 2.3999768825572625e-05
4.66815458 2.246685030551073e-05
4.669355545999999 1.9994790825779156e-05
4.670556512 2.0477587088733152e-05
4.671757478000001 1.923362466157183e-05
4.672958444 1.779637178297451e-05
4.674159410000001 1.6723507810024386e-05
4.6753603759999995 1.5335467565465012e-05
4.676561342 1.409755052698656e-05
4.677762308 1.4894803561835604e-05
4.678963274 1.2116737383205147e-05
4.680164239 7.040932162622125e-06
4.681365205 7.386347753952838e-06
4.682566171 7.838810650690598e-06
4.683767137 8.278112346899173e-06
4.684968103 7.3772030925763975e-06
4.686169069 8.805132713493056e-06
4.687370035 1.368558824673248e-05
4.688571001000001 1.816359203670216e-05
4.6897719669999995 2.1651406805972148e-05
4.690972933 2.0364939921700564e-05
4.692173899 2.095078124586334e-05
4.693374865 1.9019143163506886e-05
4.694575831 1.7633804682980282e-05
4.695776797000001 1.641580812102941e-05
4.696977763 1.705156078617464e-05
4.698178728 1.9438585837461942e-05
4.699379694 2.0842811990779155e-05
4.70058066 2.3302564836564427e-05
4.701781626 2.1646245880270076e-05
4.702982592000001 1.90190425090804e-05
4.7041835579999995 1.6472251207655085e-05
4.705384524 1.1959532613370727e-05
4.70658549 1.1409591156310812e-05
4.707786456 9.382501810633993e-06
4.708987422 7.821490854679268e-06
4.710188388 6.073282995501957e-06
4.711389354 3.041668889205031e-06
4.71259032 4.248747445646812e-06
4.713791285999999 8.951963270728512e-06
4.714992252 1.0262872903759831e-05
4.716193217 9.634061394323637e-06
4.717394183000001 1.092169934594194e-05
4.7185951489999995 1.0678933930885649e-05
4.719796115 1.0170743904095983e-05
4.720997081 8.987192880594426e-06
4.722198047 1.2267747032326418e-05
4.723399013 1.5121234700396135e-05
4.724599979 1.6874120532816812e-05
4.725800945 1.7843349043240957e-05
4.727001911 1.7480913312636164e-05
4.728202876999999 1.719599062866853e-05
4.729403843 1.5433390682470698e-05
4.730604809000001 1.4631998832306796e-05
4.731805775 1.1177519703463463e-05
4.7330067410000005 1.0008034928679884e-05
4.734207706 1.080464110683085e-05
4.735408671999999 1.4020615910611911e-05
4.736609638 1.9686366303106246e-05
4.737810604 2.4725435736333962e-05
4.73901157 2.6668890853639226e-05
4.740212536 2.406779844650264e-05
4.741413502 2.223026178485934e-05
4.742614468 2.299471688697188e-05
4.743815434 2.4479674904741977e-05
4.745016400000001 2.719282881455233e-05
4.746217366 2.979380954742598e-05
4.7474183320000005 3.234358104891738e-05
4.7486192979999995 3.344531170078447e-05
4.749820264 3.4072693023309565e-05
4.75102123 3.211343023677447e-05
4.752222195 3.0428572580979006e-05
4.753423161 2.8854532719766735e-05
4.7546241270000005 2.631744498653544e-05
4.755825093 2.1966052123840525e-05
4.757026059 1.3611890837375085e-05
4.758227025 9.023595508807044e-06
4.759427991 6.668503358344077e-06
4.760628957 5.7553362282856275e-06
4.7618299230000005 4.805000726093911e-06
4.7630308889999995 7.887548722469532e-06
4.764231855 7.4102078781615925e-06
4.765432821 1.0243628754001036e-05
4.766633787 1.3307696213997537e-05
4.767834753 1.5738610112516187e-05
4.769035719000001 1.5291129031527687e-05
4.770236684 9.788390541423926e-06
4.77143765 4.526894023005563e-06
4.772638616 7.973359967897437e-07
4.773839582 1.460284080637726e-06
4.775040548 1.3558291697859395e-06
4.7762415140000005 5.896882452581036e-06
4.7774424799999995 7.067287098635813e-06
4.778643446 8.609061657789704e-06
4.779844412 7.1411400157395454e-06
4.781045378 6.588307919132309e-06
4.782246344 7.1403664693987565e-06
4.78344731 8.787503501653483e-06
4.7846482759999995 1.2025716760497659e-05
4.785849242 1.33952196518468e-05
4.787050207 1.3992985402583737e-05
4.788251173 7.966312036596065e-06
4.789452139 4.281215189458276e-06
4.7906531050000005 1.3102014895435558e-06
4.7918540709999995 7.786050653341087e-07
4.793055037 2.5697370721523875e-06
4.794256003 7.3465895281708646e-06
4.795456969 1.1877390969276265e-05
4.796657935 1.5736391541988505e-05
4.797858901 1.7154419977066584e-05
4.7990598669999995 1.2965788556391798e-05
4.800260833 1.139887973825476e-05
4.801461799 7.457576082792964e-06
4.802662765 4.807038187831891e-06
4.803863731000001 1.4044955166627617e-06
4.8050646960000005 1.965759985568226e-06
4.8062656619999995 2.0975989581481667e-06
4.807466628 2.5852633252551376e-06
4.808667593999999 1.1347427017148385e-06
4.80986856 1.0372087829936409e-06
4.811069526 2.2691987444936816e-06
4.812270492 3.6068842220483383e-06
4.813471458 4.297244110467912e-06
4.814672424 4.3293233617183565e-06
4.81587339 4.011069364374021e-06
4.817074356 4.643033018275424e-06
4.818275322000001 5.672316707781618e-06
4.819476288 5.051708192575575e-06
4.8206772540000005 4.1866615030126325e-06
4.821878219999999 1.8413019659054309e-06
4.823079184999999 1.0007636256958084e-06
4.824280151 1.1989315300599906e-06
4.825481117000001 1.378633919056733e-06
4.826682083 1.464066599858183e-06
4.827883049 1.6141657919658385e-06
4.829084015 1.8564409838587445e-06
4.830284981 2.812311838906983e-06
4.831485947 5.129105076030783e-06
4.832686913 6.4340963259030354e-06
4.833887879 7.274600510802845e-06
4.8350888450000005 7.438479846714197e-06
4.836289810999999 9.190820335358787e-06
4.837490777 7.866625642662854e-06
4.838691743 6.501684095897024e-06
4.839892709 3.715013756597153e-06
4.841093674 1.2954159150127918e-06
4.84229464 2.8928174594393885e-07
4.843495606 3.0861846550713817e-06
4.844696572 4.454307873700655e-06
4.845897538 3.1798122067550554e-06
4.847098504 1.2468665548975933e-06
4.84829947 1.912943809950311e-06
4.8495004360000005 3.284983231346347e-06
4.850701401999999 5.171826264364308e-06
4.851902368 7.583587424766803e-06
4.853103334 9.078159665213974e-06
4.8543043 1.0710105095156367e-05
4.855505266 1.188760428853744e-05
4.8567062320000005 1.592860775527216e-05
4.8579071979999995 1.4547443103645133e-05
4.859108163 1.3092762949155173e-05
4.860309129 9.044994944703675e-06
4.861510095 6.251014265354964e-06
4.862711061 4.577357325389322e-06
4.8639120270000005 3.8060459719664647e-06
4.865112992999999 4.830222155726835e-06
4.866313959 5.63109963541934e-06
4.867514925 4.923242535847001e-06
4.868715891 4.120994897823589e-06
4.869916857 3.5785931791346235e-06
4.871117823 4.999120821530382e-06
4.8723187889999995 8.27438172149942e-06
4.873519755 1.0055620324627781e-05
4.874720721 1.0194319955658265e-05
4.875921687 8.48999374928511e-06
4.877122652 7.776571417998088e-06
4.8783236180000005 2.5003175022170833e-06
4.879524583999999 1.8740037786040388e-06
4.88072555 1.3570240172163596e-06
4.881926516 3.019317121825157e-06
4.883127482 5.424264282188042e-06
4.884328448 9.124187099859077e-06
4.885529414 1.0132406049384892e-05
4.88673038 1.0314081267881135e-05
4.887931346 7.720828494799516e-06
4.889132312 5.62750048301265e-06
4.890333278 3.856143809786394e-06
4.891534244000001 2.725494738043384e-06
4.89273521 2.0247483715455435e-06
4.8939361749999994 3.96480989234877e-07
4.895137141 6.268772824966601e-08
4.896338106999999 2.5047455067673367e-07
4.897539073 1.270499824456244e-06
4.898740039000001 2.219913315813534e-06
4.899941005 2.6123089487769234e-06
4.901141971 4.799792999501368e-06
4.902342937 6.672604056994162e-06
4.903543903 7.041684434329863e-06
4.904744869 6.7805290546952365e-06
4.905945835000001 4.427679437024264e-06
4.907146801 2.6641759176784302e-06
4.908347767 1.2708196502018527e-06
4.909548732999999 2.1896501758516575e-06
4.910749699 2.6712588238503867e-06
4.911950664 3.160202319014656e-06
4.913151630000001 2.1003198668067463e-06
4.914352596 1.1255885552781004e-06
4.915553562 3.251111675510256e-07
4.916754528 5.276633772451196e-06
4.917955494 6.087783321841385e-06
4.91915646 8.552471788147766e-06
4.920357426 1.067425343539017e-05
4.921558392 1.2842224423892415e-05
4.922759358 1.2305608435433504e-05
4.923960323999999 1.0814975492296695e-05
4.92516129 7.832610835686434e-06
4.926362256 5.7812645885351706e-06
4.927563222 4.429021139644479e-06
4.928764188 3.8996434281099545e-06
4.929965153 4.229964201570168e-06
4.931166119 3.749248881406832e-06
4.932367085 2.8874167746046495e-06
4.933568051 1.1158433853538733e-06
4.934769017 2.1619788840039674e-07
4.935969983 4.4781650972383286e-08
4.937170949 1.3392014413611387e-08
4.938371914999999 1e-08
4.939572881 1e-08
4.940773847 2.7620030073162168e-08
4.941974813 3.8258001318198405e-07
4.943175779 5.54499106379429e-07
4.944376745 2.4638913746387163e-07
4.945577711 5.0285469858582424e-08
4.946778677 1.2249629610392437e-08
4.947979642 4.295263734395355e-08
4.949180608 8.84460944180006e-07
4.950381574 3.635848642278257e-06
4.95158254 9.196396530174842e-06
4.952783505999999 1.122958351706717e-05
4.953984472 1.1618525442653922e-05
4.955185438 7.861821417172252e-06
4.956386404 4.922257721907144e-06
4.957587370000001 1.73947985738695e-06
4.958788336 5.687927600028896e-07
4.959989302 5.786310459102947e-08
4.961190268 1.0714491824527631e-08
4.962391234 1e-08
4.9635922 1e-08
4.964793166000001 1.0494974379647874e-07
4.965994131 3.5173264587641023e-06
4.967195096999999 3.3168172073014213e-06
4.968396063 2.7583962018560503e-06
4.969597029 1.0434668788608231e-07
4.970797995 1e-08
4.971998961000001 1e-08
4.973199927 1e-08
4.974400893 1e-08
4.975601859 1.0335033390692501e-08
4.976802825 9.833192047545866e-08
4.978003791 2.0489676444887695e-06
4.979204757000001 3.187264401259576e-06
4.980405723 4.901588323093208e-06
4.981606689 6.041909448204621e-06
4.982807654999999 7.359788219886073e-06
4.98400862 7.3802016534625995e-06
4.985209586 7.19952895050397e-06
4.986410552000001 4.646653469018594e-06
4.987611518 2.466590981663965e-06
4.988812484 8.731135081125318e-08
4.99001345 1e-08
4.991214416 1e-08
4.992415382 1e-08
4.993616348 1e-08
4.994817314 1e-08
4.99601828 1e-08
4.997219245999999 1.0601095963486632e-08
4.998420212 6.830058027464409e-08
4.999621178 8.554224475461776e-07
5.000822144 1.2566860438541e-06
5.002023109 1.5730633153369616e-06
5.003224075 7.49452883028407e-08
5.004425041 1e-08
5.005626007 1e-08
5.006826973 1e-08
5.008027939 1e-08
5.009228905 1.0103122331624583e-08
5.010429871 8.707605255399607e-08
5.011630836999999 1.8853204233289957e-06
5.012831803 9.044963546938633e-08
5.014032769 1.0263561543542671e-08
5.015233735 1e-08
5.0164347010000006 1e-08
5.0176356669999995 5.4145467913850916e-08
5.018836631999999 7.699446673871318e-07
5.020037598 1.411485322948223e-06
5.021238564 7.411494334910738e-06
5.02243953 5.646120149145386e-06
5.023640496 3.78701268313105e-06
5.024841462 1.7788716048972153e-07
5.026042427999999 1.212228204972268e-08
5.027243394 3.5901710227404834e-08
5.028444360000001 3.7461661415350625e-07
5.029645326 6.732995695963593e-07
5.0308462920000006 8.126976669683386e-07
5.0320472579999995 1.0298073883922381e-07
5.033248224 1.3027539969256489e-08
5.03444919 1e-08
5.035650156 1e-08
5.036851121 1e-08
5.038052087 1e-08
5.039253053 1e-08
5.040454019 1e-08
5.041654985 6.203779373902486e-08
5.042855951 1.673431791253536e-06
5.044056917 5.504715736214742e-06
5.0452578830000006 4.592967370857116e-06
5.0464588489999995 3.1673826914295558e-06
5.047659815 3.224615256740093e-06
5.048860781 3.5783565632890796e-06
5.050061747 3.982496107142309e-06
5.051262713 4.6933838302065175e-06
5.052463679000001 5.897676467648364e-06
5.053664645 7.594464396950195e-06
5.05486561 1.0112607360600924e-05
5.056066576 1.2317142249671607e-05
5.057267542 1.301937259261332e-05
5.058468508 1.4436251132314195e-05
5.0596694740000006 1.620436237292758e-05
5.0608704399999995 2.0762636025113807e-05
5.062071406 2.432344100410259e-05
5.063272372 2.7964891836377363e-05
5.064473338 2.8209918628939214e-05
5.065674304 2.841515589102703e-05
5.06687527 2.7852293502664515e-05
5.068076236 2.798492447136e-05
5.069277202 2.5593329361537677e-05
5.070478167999999 2.4985561244901027e-05
5.071679134 2.2768401626500506e-05
5.072880099 2.0898975929516703e-05
5.074081065000001 2.0310941185542612e-05
5.0752820309999995 1.9804532019970866e-05
5.076482997 2.0170254716538618e-05
5.077683963 2.0666115370540353e-05
5.078884929 1.8568007066457776e-05
5.080085895 1.7192022591970914e-05
5.081286861 1.4743832985781955e-05
5.082487827 1.4226456224714773e-05
5.083688793 1.2623465531740809e-05
5.084889758999999 1.1015952301593495e-05
5.086090725 1.1265570720355698e-05
5.087291691000001 1.166972179327462e-05
5.088492657 1.418050255170909e-05
5.0896936230000005 1.9923285149450122e-05
5.090894588 2.531632374023491e-05
5.092095554 2.80206717347747e-05
5.09329652 2.7723151458270515e-05
5.094497486 2.2269773356894192e-05
5.095698452 1.7557630570135042e-05
5.096899418 1.317328623039826e-05
5.098100384 1.0267277381534759e-05
5.099301349999999 9.21640225471501e-06
5.100502316 7.73636122274913e-06
5.101703282000001 7.586062289210893e-06
5.102904248 1.0418273152637058e-05
5.1041052140000005 1.2527111104337507e-05
5.1053061799999995 1.5061804823953776e-05
5.106507146 1.3566026763889812e-05
5.107708112 1.2865405031346896e-05
5.108909077 1.2047809272214629e-05
5.110110043 1.1590997433429424e-05
5.111311009 1.2518156501735814e-05
5.112511975 1.3735666971748542e-05
5.113712941 1.442876025216227e-05
5.114913907 1.4779009068913023e-05
5.116114873000001 1.5625848179170115e-05
5.117315839 1.698921841702245e-05
5.1185168050000005 1.8066785933499697e-05
5.1197177709999995 1.8649405020967205e-05
5.120918737 1.514939445139045e-05
5.122119703 7.55015939326128e-06
5.123320669 2.2984605264861608e-06
5.124521635 1.0806313021625249e-07
5.1257226000000005 1.2955613241121411e-08
5.126923566 3.1206043793128694e-07
5.128124532 9.897691639686968e-06
5.129325498 1.3909052811592214e-05
5.130526464 1.9272551559544024e-05
5.13172743 1.8789598809313342e-05
5.1329283960000005 1.7748850195651653e-05
5.1341293619999995 1.2611520520070048e-05
5.135330328 1.2314062514599225e-05
5.136531294 9.901186999096338e-06
5.13773226 7.070082024158881e-06
5.138933226 9.277962813747795e-07
5.1401341920000005 3.349518851242096e-08
5.1413351579999995 1.435801968827962e-08
5.142536124 6.573405178259511e-08
5.143737089 1.5128185112482132e-07
5.144938055 1.1724493690586432e-07
5.146139021 9.013116794267662e-07
5.1473399870000005 1.2332632348842373e-06
5.1485409529999995 1.5141959095178668e-06
5.149741919 8.81342334465768e-08
5.150942885 1.1075196106052844e-08
5.152143851 1e-08
5.153344817 1e-08
5.154545783 1e-08
5.1557467489999995 1e-08
5.156947715 1e-08
5.158148680999999 1e-08
5.159349647 2.422853615200838e-08
5.160550613000001 4.856349382416472e-07
5.1617515780000005 4.157877062432304e-06
5.1629525439999995 4.886721987956708e-06
5.16415351 5.426672391774368e-06
5.165354476 4.9527308218917105e-06
5.166555442 4.478110143910259e-06
5.167756408 3.6433521693580173e-06
5.168957374 2.9647114538570056e-06
5.1701583399999995 2.841436126521067e-06
5.171359306 2.753338318907202e-06
5.172560272 2.3782776286275103e-07
5.173761238 1.6861702235035076e-08
5.174962204000001 1e-08
5.17616317 1e-08
5.1773641360000004 1.9433575150808678e-08
5.178565101999999 2.0347375910933264e-07
5.179766066999999 1.4706733771873487e-06
5.180967033 2.641369851198757e-06
5.182167999 3.938927486650039e-06
5.183368965 2.4899576933452405e-06
5.184569931 2.1976485676386963e-06
5.185770897 1.4782926790168868e-07
5.186971863 1.2929782279584447e-08
5.188172829 1e-08
5.189373795000001 1e-08
5.190574761 1e-08
5.1917757270000005 1e-08
5.192976692999999 4.047208411748496e-08
5.194177659 9.399082213981177e-07
5.195378625 6.202568590979176e-06
5.196579591 6.029223997801517e-06
5.197780556 6.034923474553084e-06
5.198981522 4.727837824217661e-06
5.200182488 3.7400169977939688e-06
5.201383454 3.844037278995778e-06
5.20258442 3.9509013279298245e-06
5.203785386 2.453316724288968e-07
5.204986352 1.587437905602913e-08
5.2061873180000005 1e-08
5.207388283999999 1e-08
5.20858925 1e-08
5.209790216 1e-08
5.210991182 1e-08
5.212192148 1e-08
5.2133931140000005 1e-08
5.2145940799999995 1e-08
5.215795045 1e-08
5.216996011 5.179411163569881e-08
5.218196977 6.739799122177389e-07
5.219397943 2.084055272640894e-06
5.2205989090000005 4.185025608264583e-06
5.221799874999999 6.142149499451864e-06
5.223000841 7.267805578778419e-06
5.224201807 7.715324080213144e-06
5.225402773 6.9748367921578905e-06
5.226603739 5.754812068655478e-06
5.227804705 3.372462320363168e-06
5.2290056709999995 1.9038257315407811e-06
5.230206637 1.1000435574724565e-07
5.231407603 1.23029750283435e-08
5.232608569 1e-08
5.233809534 1e-08
5.2350105000000005 2.243517984076623e-08
5.236211465999999 1.9953580724669822e-07
5.237412432 1.0626297739092993e-06
5.238613398 1.9069735666876838e-06
5.239814364 1.5539246966553709e-06
5.24101533 7.73214786879317e-08
5.242216296 1e-08
5.243417262 1e-08
5.244618228 1e-08
5.245819194 1e-08
5.24702016 1e-08
5.248221126000001 2.2113438987891173e-08
5.249422092 2.123304142836415e-07
5.250623056999999 3.899869012726168e-07
5.251824023 3.55249003123016e-08
5.253024988999999 1e-08
5.254225955 1e-08
5.255426921000001 1e-08
5.256627887 1e-08
5.257828853 1e-08
5.259029819 1e-08
5.260230785 1e-08
5.261431751 1e-08
5.262632717000001 1e-08
5.263833683 1e-08
5.265034649 1e-08
5.266235614999999 1e-08
5.267436581 1e-08
5.268637546 1e-08
5.269838512000001 1e-08
5.271039478 1e-08
5.272240444 1e-08
5.27344141 1e-08
5.274642376 1e-08
5.275843342 1e-08
5.277044308 1e-08
5.278245274 1e-08
5.27944624 1e-08
5.280647205999999 1e-08
5.281848172 1e-08
5.283049138 1e-08
5.284250104 1e-08
5.28545107 1e-08
5.286652035 1e-08
5.287853001 1e-08
5.289053967 1e-08
5.290254933 1e-08
5.291455899 1e-08
5.292656865 1e-08
5.293857831 1e-08
5.295058796999999 1e-08
5.296259763 1e-08
5.297460729 1e-08
5.298661695 1e-08
5.299862661 1e-08
5.3010636270000004 1e-08
5.302264593 1e-08
5.303465559 1e-08
5.304666524 1e-08
5.30586749 1e-08
5.307068456 1e-08
5.308269422 1e-08
5.309470387999999 1e-08
5.310671354 1e-08
5.31187232 1e-08
5.313073286 1e-08
5.314274252000001 1e-08
5.315475218 1e-08
5.316676184 1e-08
5.31787715 1e-08
5.319078116 1e-08
5.320279082 1e-08
5.321480048000001 1e-08
5.322681013 1e-08
5.323881978999999 1e-08
5.325082945 1e-08
5.326283911000001 1e-08
5.327484877 1e-08
5.328685843000001 1e-08
5.329886809 1e-08
5.331087775 1e-08
5.332288741 1e-08
5.333489707 1e-08
5.334690673 1e-08
5.335891639000001 1e-08
5.337092605 1e-08
5.338293571 1e-08
5.339494536999999 1e-08
5.340695502 1e-08
5.341896468 1e-08
5.343097434000001 1e-08
5.3442984 1e-08
5.345499366 1e-08
5.346700332 1e-08
5.347901298 1e-08
5.349102264 1e-08
5.350303230000001 1e-08
5.351504196 1e-08
5.352705162 1e-08
5.353906127999999 1e-08
5.355107094 1e-08
5.35630806 1e-08
5.357509025000001 1e-08
5.358709991 1.0104800240221576e-08
5.359910957 7.533045255583617e-08
5.361111923 1.3761310612233933e-06
5.362312889 2.3757685898338265e-06
5.363513855 1.467893858237195e-06
5.364714821 4.1988116037550056e-07
5.365915787 1.9865463716919187e-07
5.367116753 2.099286490704833e-06
5.368317718999999 2.1120957936342773e-06
5.369518685 2.1939982134457696e-06
5.370719651 1.9197961732167953e-06
5.371920617 2.136499803543885e-06
5.3731215830000005 1.9271947220936214e-06
5.374322549 1.1365851173778105e-06
5.375523514 8.099277845025498e-07
5.37672448 9.129286146678807e-07
5.377925446 1.0290829210342864e-06
5.379126412 1.9941722095546704e-06
5.380327378 5.3255522693995665e-06
5.381528344 1.3147916513334428e-05
5.382729309999999 1.5448495688939675e-05
5.383930276 1.5974485934708674e-05
5.385131242000001 1.093618130038574e-05
5.386332208 9.668195397343314e-06
5.3875331740000005 9.38369428783806e-06
5.3887341399999995 9.333090175712941e-06
5.389935106 9.539560256691964e-06
5.391136072 9.986073897208816e-06
5.392337038 1.037161665199247e-05
5.393538003 1.0364066771471294e-05
5.394738969 1.0391542697995264e-05
5.395939935 1.0717183374991948e-05
5.397140900999999 1.1531749956280386e-05
5.398341867 1.2997887442677835e-05
5.399542833000001 1.4462249902839512e-05
5.400743799 1.8084950158010266e-05
5.4019447650000005 2.1024898417648823e-05
5.4031457309999995 2.648641276524753e-05
5.404346697 3.132192992815084e-05
5.405547663 3.694747249628431e-05
5.406748629 4.214271031641932e-05
5.407949595 4.496771841906211e-05
5.409150561000001 4.7931028962218344e-05
5.4103515269999995 5.1001878854487064e-05
5.411552492 5.574804680028915e-05
5.412753458 6.0144652379675616e-05
5.413954424 6.489862144296182e-05
5.41515539 6.95617161301291e-05
5.4163563560000005 7.254870459880881e-05
5.4175573219999995 7.591836193942446e-05
5.418758288 8.197159272468527e-05
5.419959254 8.853672749150143e-05
5.42116022 9.625120029165519e-05
5.422361186 0.00010502193083982767
5.423562152000001 0.00011390135052354081
5.4247631179999996 0.00012188701748999745
5.425964084 0.00013050043578559392
5.427165049999999 0.00014020146094204344
5.428366016 0.00015072756360505498
5.429566981 0.0001614280354216116
5.4307679470000005 0.00017241892709893097
5.4319689129999995 0.0001837928518687901
5.433169879 0.00019476543772526512
5.434370845 0.00020654550298281838
5.435571811 0.0002190993134102366
5.436772777 0.0002324844052647042
5.437973743 0.0002452054941294829
5.4391747089999996 0.00025700116181692767
5.440375675 0.0002690522816842264
5.441576640999999 0.0002790707556847161
5.442777607 0.0002894602315402961
5.443978573000001 0.00029886789468018435
5.445179539 0.0003080952834568103
5.4463805050000005 0.00031710908225132775
5.44758147 0.0003255030289203907
5.448782436 0.00033414578340073257
5.449983402 0.0003472845760309507
5.451184368 0.00036105224644069906
5.452385334 0.0003756933296483226
5.4535862999999996 0.00039114693727564554
5.454787266 0.0004058393637267473
5.455988231999999 0.00041560261186340103
5.457189198 0.0004256454895927122
5.458390164000001 0.00043669996710517196
5.45959113 0.0004482923893918476
5.4607920960000005 0.00046115759534117904
5.4619930619999995 0.0004756501346300113
5.463194028 0.0004904201940675137
5.464394994 0.0004992403732848991
5.465595959 0.000508304597781881
5.466796925 0.0005155538835282767
5.4679978909999996 0.0005217021019893115
5.469198857 0.0005277670062416447
5.470399823 0.0005333537642388323
5.471600789 0.0005390401258246238
5.472801755000001 0.0005431771411280728
5.474002721 0.0005470045481706186
5.4752036870000005 0.0005518381830853754
5.4764046529999995 0.000558126728266399
5.477605619 0.0005645226531293586
5.478806585 0.0005680327757271908
5.480007551 0.0005715653854168291
5.481208517 0.0005699491927863776
5.4824094820000004 0.0005649770437483546
5.483610448 0.0005598052563449452
5.484811414 0.0005534994582446016
5.48601238 0.0005472714611254909
5.487213346 0.0005403947705234106
5.488414312 0.0005334056927651489
5.4896152780000005 0.0005256082846315747
5.4908162439999995 0.0005163004280249564
5.49201721 0.0005071697731462021
5.493218176 0.0004992523836722653
5.494419142 0.0004915561895834782
5.495620108 0.00048233876079627945
5.4968210740000005 0.00047176261141278924
5.4980220399999995 0.000461079311979311
5.499223006 0.00044668922934228063
5.500423971 0.0004327543115404533
5.501624937 0.00042081230684287707
5.502825903 0.00041005329235561526
5.5040268690000005 0.0003999946307898276
5.5052278349999995 0.0003914689086896151
5.506428801 0.000383196774474606
5.507629767 0.0003775764104905502
5.508830733 0.00037270262365809444
5.510031699 0.0003688321301846532
5.5112326650000005 0.00036679838053732956
5.5124336309999995 0.0003649720562772863
5.513634597 0.0003562336250451891
5.514835562999999 0.0003471769106609288
5.516036529 0.0003363292377448642
5.517237495000001 0.000323584680522903
5.5184384600000005 0.000311447393403413
5.5196394259999995 0.000303136041955996
5.520840392 0.0002951262190303895
5.522041358 0.00028646413624655457
5.523242324 0.00027742719885749597
5.52444329 0.0002686468845891636
5.525644256 0.00025994158717141243
5.5268452219999995 0.00025156867470331733
5.528046188 0.0002458735938346347
5.529247154 0.00024144630173331596
5.53044812 0.00023704602884066855
5.531649086000001 0.00023242983108058297
5.532850052 0.00022795900760039863
5.534051018 0.00022503046947839274
5.535251984 0.00022256379567516156
5.536452949 0.00022026234200841983
5.537653915 0.00021841233719201316
5.538854881 0.00021677163633564728
5.540055847 0.0002108777573837432
5.541256813 0.0002045434551205036
5.542457779 0.00019808099313507296
5.543658745 0.0001912485846192451
5.544859711 0.0001848381321522345
5.546060677000001 0.00017574308415900343
5.547261643 0.00016686312784935052
5.548462609 0.00015675938060868112
5.549663574999999 0.00014537577332386038
5.550864541 0.00013492296953431215
5.552065507 0.0001348174866639706
5.553266473 0.00013507876528964644
5.554467438 0.00013754526528304354
5.555668404 0.00014234241840077537
5.55686937 0.00014712572705053277
5.558070336 0.0001401340493488105
5.559271302 0.00013351406959130995
5.560472268000001 0.0001248483281291062
5.561673234 0.00011488469084293504
5.5628742 0.00010598400650350607
5.564075165999999 0.00010162979241597177
5.565276132 9.750643372931773e-05
5.566477098 9.568663281403799e-05
5.567678064 9.551711288566418e-05
5.56887903 9.571692761110563e-05
5.5700799960000005 0.0001003719848602176
5.5712809619999994 0.00010530679669595587
5.572481927 0.00010882995166631056
5.573682893 0.00011145716644231142
5.574883859 0.00011364970579374529
5.576084825 0.00010881267844797614
5.577285791 0.0001046680321913384
5.578486756999999 0.00010066668885990908
5.579687723 9.684973259914181e-05
5.580888689 9.35786389488452e-05
5.582089655 9.146180305647928e-05
5.583290621 8.942671565357788e-05
5.5844915870000005 8.724996986402079e-05
5.5856925529999994 8.509309094625805e-05
5.586893519 8.325661256450791e-05
5.588094485 8.30430931084035e-05
5.58929545 8.306524528680738e-05
5.590496416 8.179999807439588e-05
5.591697382 7.968343200728242e-05
5.592898347999999 7.741400952454093e-05
5.594099314 7.153875355766447e-05
5.59530028 6.785757111007573e-05
5.596501246 6.564628602021381e-05
5.597702212 6.399999794260963e-05
5.598903178 6.258577565515753e-05
5.600104144 6.0654116271737266e-05
5.60130511 6.050621321903032e-05
5.602506076 5.982002854393181e-05
5.603707042 5.7218287704776175e-05
5.604908008000001 5.498699807213083e-05
