microns transmission
1.3845671689999999 0.002000766138562499
1.386175261 0.0020281035418977687
1.387783353 0.00212367793674481
1.389391445 0.0020589959783431392
1.390999537 0.0020711844413790845
1.392607629 0.0020054245726498676
1.3942157210000001 0.0020475845996259165
1.395823813 0.002106791655492569
1.397431905 0.00215071706062686
1.399039997 0.002119376476880241
1.400648089 0.0020804094109160252
1.402256181 0.0020398476760350986
1.403864273 0.0021272793313317985
1.405472365 0.0021359580705211136
1.407080457 0.0021161740670021323
1.408688549 0.0020995678216510585
1.410296641 0.00206751508736536
1.411904732 0.0021268109736913947
1.413512824 0.0020745552444034207
1.415120916 0.0021140632108189853
1.4167290080000001 0.002048547792541741
1.4183371 0.0020695178411005107
1.419945192 0.0020697543299816614
1.421553284 0.0020671107628035894
1.423161376 0.0020654099361926367
1.424769468 0.0020236361511197045
1.42637756 0.0020420808283927293
1.427985652 0.0020223317582909713
1.429593744 0.0020456092377858785
1.431201836 0.002024460908915725
1.432809928 0.002016517301389896
1.43441802 0.0019890507237933473
1.436026112 0.0019748393184427916
1.4376342039999999 0.001985390492089857
1.439242296 0.001976608441563276
1.440850388 0.001984912390779843
1.44245848 0.0019522491102717473
1.444066571 0.0019516584005693756
1.445674663 0.0019439517384543248
1.447282755 0.001937517461350166
1.448890847 0.0019130405375888545
1.450498939 0.0018797845907213718
1.452107031 0.0018851828316604979
1.453715123 0.0018684011247681789
1.455323215 0.001878869309641187
1.456931307 0.0018581183825830058
1.458539399 0.0018472940888807662
1.4601474909999999 0.0018465414481577838
1.461755583 0.001823016206776443
1.463363675 0.001847148065266306
1.464971767 0.0018087535480803627
1.4665798589999999 0.0018219247902950108
1.4681879510000002 0.0017977636353643355
1.469796043 0.0017920273157168243
1.471404135 0.0018100311013420146
1.473012227 0.001765878461780209
1.474620319 0.001804868984963928
1.47622841 0.0017337166659338768
1.4778365020000002 0.0017761098829140174
1.479444594 0.0017475698681518495
1.481052686 0.0017424634452623375
1.4826607779999998 0.0017489946302441572
1.4842688700000002 0.0017092747278389022
1.485876962 0.001723110289443034
1.487485054 0.0016863948523059948
1.4890931459999999 0.0016859518510629614
1.4907012380000002 0.001680570233107794
1.49230933 0.0016669079834004542
1.493917422 0.0016802862127353268
1.495525514 0.0016728668529229925
1.497133606 0.0016570761670327819
1.4987416980000001 0.001668384553581154
1.50034979 0.0016121686455025034
1.501957882 0.0016535802701727362
1.503565974 0.0016186391014971554
1.5051740660000001 0.001646430443180761
1.506782158 0.0016272088104605728
1.508390249 0.0016015344983131654
1.509998341 0.0016162857910191244
1.5116064329999999 0.0016043819833573669
1.5132145250000002 0.0016074149367922338
1.514822617 0.001608378654393326
1.516430709 0.0015728072781798295
1.5180388009999999 0.0016018850311901043
1.519646893 0.0015873504914580504
1.5212549850000001 0.0015769182022075724
1.522863077 0.0015821248839597124
1.524471169 0.0015371580631111477
1.526079261 0.001553847364815044
1.5276873530000001 0.001532694038990809
1.529295445 0.0015300730707061305
1.530903537 0.0015375789123358396
1.532511629 0.001501297043708709
1.534119721 0.0015021746601199392
1.535727813 0.001505001194160576
1.537335905 0.0014687379550397306
1.538943997 0.001506094572822517
1.5405520879999999 0.0014788756708968786
1.54216018 0.0014852183279762336
1.543768272 0.001484967169345304
1.545376364 0.0014570132223445517
1.546984456 0.0014713654088729037
1.548592548 0.0014629687200223157
1.5502006400000001 0.0014433497988452116
1.551808732 0.0014684683067346797
1.553416824 0.0014341169935433479
1.555024916 0.001435086884354054
1.556633008 0.0014441663192639126
1.5582411 0.001417914325849063
1.559849192 0.0014543948064566024
1.561457284 0.0014342457381923087
1.563065376 0.0014252337608511136
1.564673468 0.001442462238502518
1.56628156 0.0014279705618565374
1.567889652 0.0014224484569717063
1.569497744 0.001459706261359893
1.5711058359999999 0.0014085963133774757
1.5727139270000001 0.0014473422103693544
1.574322019 0.0014271064364563281
1.575930111 0.0014181014912928577
1.577538203 0.0014295085839943352
1.579146295 0.0014354252842286488
1.580754387 0.0014032363467925244
1.582362479 0.0014412924672103592
1.583970571 0.0013948067567739178
1.585578663 0.0014109246013559603
1.5871867549999998 0.0014258124877386655
1.588794847 0.001402493851493171
1.590402939 0.0014103973144626955
1.592011031 0.0014086337993102541
1.5936191229999999 0.0013861614835373915
1.595227215 0.0013992155835975148
1.596835307 0.0014058109714561184
1.598443399 0.0013732611421487942
1.6000514909999999 0.0014221310153083552
1.6016595830000002 0.0013795873763738922
1.6032676750000001 0.0013857976961267975
1.604875767 0.0013966725827419268
1.606483858 0.0013845499880775756
1.60809195 0.0013696705056790834
1.6097000419999998 0.001404088106862156
1.6113081340000002 0.0013813941944941404
1.612916226 0.0013862446676122856
1.614524318 0.0014113637152364533
1.6161324099999999 0.0013594876773110024
1.6177405020000002 0.0013993579863151998
1.619348594 0.0013974319297222553
1.620956686 0.0013887665447636479
1.6225647779999999 0.0013905782134446467
1.6241728700000002 0.0014016051015642902
1.625780962 0.0013589662736424673
1.627389054 0.0013806434392293276
1.628997146 0.0013883091210312535
1.630605238 0.0013531508937648564
1.6322133300000001 0.0013972723855917599
1.633821422 0.001368753994447126
1.635429514 0.001357982213146821
1.637037606 0.0013657197047384007
1.6386456969999998 0.0013725817380621022
1.6402537890000002 0.001347278661894106
1.641861881 0.0013748656171070931
1.643469973 0.0013783257150609721
1.6450780649999999 0.0013422654937925915
1.646686157 0.0013888802718163258
1.648294249 0.0013507227041273807
1.649902341 0.0013363606853728895
1.6515104329999999 0.001348178377094238
1.653118525 0.0013424493011078527
1.6547266170000001 0.0013217859879219541
1.656334709 0.0013338508827493753
1.657942801 0.0013421453992036741
1.659550893 0.0012924852626072106
1.661158985 0.001337248681089084
1.662767077 0.0013214412618119296
1.664375169 0.0013000096294402727
1.665983261 0.00133270844307345
1.667591353 0.0013018761241670711
1.669199445 0.001283035279505987
1.670807536 0.0012805540618355657
1.672415628 0.0012995881151765896
1.6740237199999999 0.0012453141758967297
1.675631812 0.0012550787425488076
1.6772399040000001 0.001268464989807394
1.678847996 0.0012087030486509604
1.680456088 0.0012381208582730612
1.68206418 0.0012252660578880618
1.683672272 0.001187894399497523
1.685280364 0.0011728917062243534
1.686888456 0.0011725744886674362
1.688496548 0.001151164211757469
1.69010464 0.0011202702661912566
1.691712732 0.0011598957210910605
1.693320824 0.0011247825628244613
1.694928916 0.0011110718642545136
1.696537008 0.0011616908083564171
1.6981450999999999 0.0011193214721206084
1.699753192 0.001107534599871439
1.701361284 0.0011085940881989617
1.702969375 0.0010968058546156451
1.704577467 0.0010616694079750438
1.706185559 0.0010522786724233972
1.707793651 0.0010701598889489288
1.709401743 0.0010013886486714483
1.711009835 0.0010079030010336986
1.712617927 0.0010276975812532928
1.714226019 0.0009797203378699277
1.715834111 0.001005620825315106
1.717442203 0.0010315113242296485
1.719050295 0.0010397866762997276
1.7206583869999998 0.0010361723488494456
1.722266479 0.0010533412737109673
1.723874571 0.0010713614548193535
1.725482663 0.0010298566587248386
1.7270907549999999 0.001063114040865984
1.728698847 0.0010868838198369885
1.730306939 0.001037142719581533
1.731915031 0.0010646200880065405
1.7335231229999999 0.0010747755556472288
1.735131214 0.0010513948300602887
1.736739306 0.0010511807747111068
1.7383473980000002 0.0010568911526249323
1.73995549 0.0010605024601299821
1.741563582 0.0010105248143841318
1.7431716739999998 0.001019938049393162
1.7447797660000002 0.001038823083739099
1.746387858 0.000971583930528798
1.74799595 0.0009779426274926682
1.7496040419999999 0.0009863126228809404
1.7512121340000002 0.0009314788691584801
1.752820226 0.0009213036751458022
1.754428318 0.0009235665970617181
1.7560364099999999 0.0009294803448411397
1.757644502 0.0009186332428453174
1.7592525940000001 0.0009346635995211254
1.760860686 0.0010054799315070858
1.762468778 0.0009758270135711218
1.76407687 0.0009703468429532815
1.7656849620000001 0.0010241493547097353
1.7672930530000002 0.0009808080561042513
1.768901145 0.0009545495362431123
1.770509237 0.0009680199483589215
1.7721173289999999 0.0009643102635158395
1.7737254210000002 0.0009540509315445194
1.775333513 0.0009368670857646712
1.776941605 0.0009598134487341186
1.7785496969999999 0.0009538394137564348
1.780157789 0.0008900322557844787
1.781765881 0.0009230946803298384
1.783373973 0.0009412678725319286
1.784982065 0.0008898685004746297
1.786590157 0.0009048182982113005
1.7881982490000001 0.0009226252781270767
1.789806341 0.000900584599543899
1.791414433 0.0008889643325262482
1.793022525 0.0008867681983154145
1.794630617 0.0009089162372040893
1.796238709 0.000886377269873204
1.797846801 0.0008502538907863465
1.799454893 0.0009013170687930029
1.8010629839999999 0.0008878474212698044
1.802671076 0.0008226374082752764
1.804279168 0.0008593160635295417
1.80588726 0.0008637627451832975
1.8074953519999999 0.0008228615896513558
1.809103444 0.0008154280886171635
1.8107115360000001 0.0008183446128828979
1.812319628 0.0008338197077534441
1.81392772 0.0008115507051287357
1.815535812 0.0007869409009352636
1.817143904 0.0008350785559696459
1.818751996 0.0008202957831315267
1.820360088 0.0007573346374472391
1.82196818 0.0007969193066059366
1.823576272 0.0008062768236859419
1.825184364 0.0007582167571330993
1.826792456 0.0007642068646865363
1.828400548 0.0007818777639164477
1.83000864 0.0007822369049159502
1.8316167319999999 0.0007617278966880916
1.8332248230000001 0.0007268676135237858
1.834832915 0.0007581933979003073
1.836441007 0.0007595777860948777
1.838049099 0.0007002002136370748
1.839657191 0.0007241448929719078
1.841265283 0.0007697528526346369
1.842873375 0.0007125455035217952
1.844481467 0.0006958225578155414
1.846089559 0.0007209882980322917
1.847697651 0.0007053282403830295
1.849305743 0.0006825851797281539
1.850913835 0.0006607085546055345
1.852521927 0.000666237223061162
1.8541300189999999 0.0006937265630857863
1.855738111 0.0006452939183696859
1.857346203 0.0006204461616291804
1.858954295 0.0006752997479319352
1.8605623869999999 0.0006578279961422816
1.862170479 0.000595974598298731
1.863778571 0.0006361428984898613
1.865386662 0.0006635831238061344
1.866994754 0.000635117851519587
1.868602846 0.0006201047051317473
1.870210938 0.0006133398374941682
1.8718190300000002 0.0006252486550974202
1.873427122 0.0006217003930901655
1.875035214 0.0005693390999483453
1.8766433059999998 0.0005735977719290464
1.8782513980000002 0.000622197370190149
1.87985949 0.0005677660305089425
1.881467582 0.0005254838399925855
1.8830756739999999 0.0005827763502910788
1.8846837660000002 0.0005972811366130487
1.886291858 0.0005615170859012753
1.88789995 0.0005630513379427252
1.8895080419999999 0.0005746520679225772
1.891116134 0.0005743143115741824
1.8927242260000001 0.0005607281249246966
1.894332318 0.0005237442105548535
1.89594041 0.0005367099119151777
1.897548501 0.0005812852565671963
1.8991565929999998 0.0005195638532255939
1.9007646850000002 0.000474791472005431
1.902372777 0.0005349234216249121
1.903980869 0.0005465867250419586
1.9055889609999999 0.0004920117871616278
1.9071970530000002 0.0004966580270604496
1.908805145 0.0005272994046969745
1.910413237 0.0005227044707112472
1.9120213289999999 0.0005132168743521787
1.913629421 0.0004919211305124207
1.9152375130000001 0.0004957919206396419
1.916845605 0.0005323574778902723
1.918453697 0.0004979640637919262
1.920061789 0.00043673566803509675
1.9216698810000001 0.0004887234356791402
1.923277973 0.000538988182534278
1.924886065 0.0004749603063657961
1.926494157 0.0004531719677566564
1.928102249 0.0004960962168189612
1.9297103400000002 0.000497675579886134
1.931318432 0.000469163524428109
1.932926524 0.0004523153380868469
1.9345346159999999 0.0004387493473400936
1.936142708 0.00046667678191830654
1.9377508 0.0004783272627315707
1.939358892 0.00042474003482014964
1.940966984 0.00041863209364226473
1.942575076 0.0004819292735324444
1.9441831680000001 0.0004668453962959452
1.94579126 0.0004016575867249665
1.947399352 0.00042938939248685364
1.949007444 0.0004883079705137653
1.950615536 0.00045266068533281553
1.952223628 0.00042147727029207715
1.95383172 0.00042803234678098355
1.955439812 0.0004353749927005845
1.957047904 0.00044445020010936066
1.958655996 0.0004278722594804759
1.960264088 0.0003851120867434785
1.961872179 0.0004055429397808239
1.9634802709999999 0.00046952453051746446
1.965088363 0.0004263206799429716
1.9666964550000001 0.0003610069798810634
1.968304547 0.00041235638637034474
1.969912639 0.00047412956083733144
1.971520731 0.00041648244463217724
1.973128823 0.0003800703182185005
1.974736915 0.00040393866660818955
1.976345007 0.0004194819124052979
1.977953099 0.0004155625235139222
1.979561191 0.00039526469633395197
1.981169283 0.00035802859906024963
1.982777375 0.00036909358869894276
1.984385467 0.0004190760638263199
1.985993559 0.0003828469028183265
1.9876016509999999 0.0003165270259099451
1.989209743 0.00034776136465609057
1.990817835 0.00041169236817793087
1.992425927 0.000340106775917215
1.9940340189999999 0.00026915893756727054
1.99564211 0.0002980214200912813
1.997250202 0.00032634246254879644
1.998858294 0.0002978620377788703
2.0004663860000003 0.00027182075353952866
2.002074478 0.00024748030057440283
2.00368257 0.00023711471613807155
2.005290662 0.0002673320298919518
2.006898754 0.0002603136649904848
2.008506846 0.0001829520001305587
2.010114938 0.00016495284082828756
2.01172303 0.0002249495725094339
2.013331122 0.00021520842950363688
2.014939214 0.00013002117337671277
2.016547306 0.00011673318163389549
2.018155398 0.0001584966288700843
2.01976349 0.0001494561913689079
2.021371582 0.00010306987286432681
2.022979674 8.803452873320039e-05
2.0245877660000002 8.780635993897673e-05
2.026195858 9.912644477119513e-05
2.027803949 0.0001211582679610773
2.029412041 4.355804163098663e-05
2.031020133 1.2713277009068748e-05
2.032628225 1.957407122458292e-05
2.034236317 7.650693363750096e-05
2.035844409 5.316619420467803e-06
2.037452501 4.379021102219974e-08
2.039060593 2.437394920912785e-07
2.040668685 2.460291502356883e-05
2.042276777 2.1589457750352003e-05
2.0438848689999998 6.553618148142635e-06
2.045492961 8.28302443411883e-06
2.047101053 2.358379102644798e-05
2.0487091449999997 4.877849848329943e-05
2.0503172370000002 6.045153013689845e-05
2.0519253290000004 1.7420315456799296e-05
2.053533421 5.356658473610276e-06
2.055141513 8.347752630764286e-06
2.056749605 3.9923486201496304e-05
2.058357697 6.2905343881916674e-06
2.059965788 6.531407231659347e-08
2.06157388 1.3871530581499464e-07
2.0631819719999998 1.2127137065095606e-05
2.064790064 7.927849161905274e-06
2.066398156 9.201334226244588e-08
2.068006248 8.074771132241655e-08
2.06961434 5.231341501162328e-06
2.071222432 4.661490072287427e-05
2.072830524 3.588481081261923e-05
2.074438616 6.791920334189239e-06
2.076046708 1.395450564765145e-07
2.0776548 4.149884881591215e-08
2.079262892 3.506235373089918e-06
2.080870984 3.299196143499303e-05
2.0824790760000003 3.9551642956939503e-07
2.084087168 2.114019945943523e-08
2.08569526 1.854585124465082e-06
2.0873033519999997 7.885241076156735e-05
2.088911444 9.098671019938064e-07
2.090519536 1.0590848024793996e-08
2.092127627 5.978257216589559e-07
2.0937357189999997 3.764320102553806e-05
2.0953438110000002 1.4014033514709667e-05
2.0969519030000003 4.574564486750987e-06
2.098559995 7.002566953942078e-07
2.100168087 6.678335609499932e-07
2.101776179 2.5233611980870296e-06
2.103384271 2.0989211388964704e-05
2.104992363 7.786598052712941e-06
2.1066004549999997 1.1546857130484626e-07
2.1082085470000003 6.263995227404101e-08
2.109816639 5.032210563054857e-06
2.111424731 3.3603939132305515e-05
2.113032823 4.238517311292101e-07
2.114640915 1.809546554181914e-08
2.116249007 1.1817547341942386e-06
2.1178570989999996 7.719066881474217e-05
2.1194651909999997 1.2559424799941596e-06
2.1210732830000003 1.9598037254151392e-08
2.122681375 1.4383819078102472e-07
2.124289466 5.345205565503397e-06
2.125897558 2.419838849479305e-05
2.1275056500000002 4.1386354461698986e-05
2.129113742 8.180246505613847e-06
2.130721834 1.4653902867299537e-07
2.1323299259999997 4.10300388942163e-08
2.133938018 3.0043246637582296e-06
2.1355461100000004 6.344594688588127e-05
2.137154202 8.72273876485572e-07
2.138762294 1.2177237149977224e-08
2.140370386 5.721740795049664e-07
2.141978478 3.993104251082736e-05
2.14358657 4.58212216221383e-06
2.1451946619999998 6.679580018273063e-08
2.146802754 7.822438352199305e-08
2.1484108460000004 3.575038909402663e-06
2.150018938 4.6182949275164625e-05
2.15162703 4.414742303154125e-05
2.153235122 3.3560256084591924e-05
2.154843214 6.437855671968782e-06
2.156451305 1.6212453970804324e-06
2.158059397 6.233378519673906e-06
2.159667489 4.7599525462785726e-05
2.161275581 7.943033161032561e-06
2.1628836729999996 1.1828299356682049e-07
2.164491765 5.7187724373193876e-08
2.1660998570000003 4.000502340645398e-06
2.167707949 7.166136631815888e-05
2.169316041 1.0312419358059204e-06
2.170924133 1.5064766082244538e-08
2.172532225 3.7573029551851546e-07
2.174140317 2.112792767712714e-05
2.1757484089999997 6.972160797804237e-05
2.177356501 4.676448839451665e-05
2.1789645930000003 2.4893159792945552e-05
2.180572685 1.4869551417837645e-05
2.182180777 1.1272054560228787e-05
2.183788869 2.3814316906144843e-05
2.185396961 7.51306394288811e-05
2.187005053 4.466712688378357e-06
2.1886131449999997 7.59316556072656e-08
2.1902212359999997 7.995057286733776e-08
2.191829328 5.1293677771419855e-06
2.1934374200000004 6.442173825656257e-05
2.195045512 1.0096021062314611e-06
2.196653604 1.6095093118933553e-08
2.198261696 3.3426414375920857e-07
2.199869788 1.7943180253829228e-05
2.20147788 4.388340829120688e-05
2.203085972 2.266692082546536e-05
2.204694064 1.5269485360082524e-05
2.206302156 1.5921890291791825e-05
2.207910248 1.6601150382736604e-05
2.2095183400000002 2.396722711960163e-05
2.211126432 4.507794911098677e-05
2.212734524 1.069105247303979e-05
2.2143426159999997 2.1666635579497187e-07
2.215950708 2.342904283409327e-08
2.2175588 1.3943624866835728e-06
2.219166892 8.353257516734088e-05
2.220774984 4.803968669456284e-06
2.222383075 8.185649926137106e-08
2.2239911670000003 6.857687712783105e-08
2.225599259 3.7567079831902417e-06
2.227207351 0.0001021987664566633
2.228815443 1.4481472529823922e-05
2.230423535 3.3868303971274784e-06
2.232031627 5.366764870332893e-06
2.2336397189999997 1.8860888472157478e-05
2.2352478110000003 6.0357151159507415e-05
2.236855903 7.355437187916851e-05
2.238463995 9.216737256064436e-05
2.240072087 1.5708741487758068e-05
2.241680179 3.8064436842557478e-06
2.243288271 4.5091920349819124e-06
2.2448963629999996 2.3558107596080876e-05
2.2465044549999997 0.00012013785488367572
2.2481125470000003 2.0650284682674376e-06
2.249720639 3.622345075068431e-08
2.251328731 1.528616006552715e-07
2.252936823 8.484415888430804e-06
2.2545449140000002 6.507138195233874e-05
2.256153006 1.1757909476530653e-06
2.257761098 2.1729854546515266e-08
2.2593691899999997 1.9376348885567232e-07
2.260977282 8.154634340738769e-06
2.262585374 8.326114371929131e-05
2.264193466 7.100546287960977e-05
2.265801558 6.299776382016423e-05
2.2674096500000003 3.54050431755187e-05
2.269017742 2.6938919571724023e-05
2.270625834 2.982049663788948e-05
2.2722339259999997 5.4624398712460425e-05
2.273842018 0.00018618306556519523
2.2754501100000004 2.2848600197624083e-05
2.277058202 3.9581788098163875e-06
2.278666294 3.659230111509393e-06
2.280274386 2.2387617829853122e-05
2.281882478 0.0002346301569388315
2.28349057 4.8265722929480046e-05
2.285098662 1.7224980216474913e-05
2.286706753 1.5479867115667665e-05
2.288314845 3.8643891697533516e-05
2.2899229369999996 0.00016563392347449858
2.291531029 0.00011030738595996374
2.2931391210000003 8.07641192542418e-05
2.294747213 6.702622756990985e-05
2.296355305 6.406454573629722e-05
2.297963397 6.124487470578248e-05
2.299571489 8.614453446461047e-05
2.301179581 0.00013153051763009562
2.3027876729999996 4.739232302875147e-05
2.304395765 9.571129575287211e-07
2.3060038570000003 1.9865645490756242e-08
2.307611949 2.6148014435517746e-07
2.309220041 1.405905847525244e-05
2.310828133 9.15024103253326e-05
2.312436225 1.705207614173727e-06
2.314044317 3.260061991385072e-08
2.3156524089999997 1.4968085101587034e-07
2.3172605010000003 7.330470151143258e-06
2.318868592 0.00020018466440011165
2.3204766840000004 0.00010337386862547474
2.322084776 5.9587459181135556e-05
2.323692868 5.49628962277795e-05
2.32530096 7.506199850274203e-05
2.326909052 0.00010322515224266261
2.328517144 0.00012713583383153735
2.3301252359999998 0.00015795252178372256
2.331733328 0.00014068483192815218
2.33334142 5.9850698121564394e-05
2.334949512 2.6763051455250452e-05
2.3365576040000002 4.429077548949981e-05
2.338165696 0.00012040243960507626
2.339773788 0.00029012398019890104
2.3413818799999997 6.701389507323644e-05
2.342989972 1.8308416106231768e-05
2.344598064 1.7667223296800327e-05
2.346206156 6.646030245641532e-05
2.347814248 0.0002955930631553527
2.3494223400000003 0.00023125848467524886
2.3510304310000003 0.00015784981066683496
2.352638523 0.00012553628477475037
2.354246615 0.0001781856614085541
2.3558547069999998 0.00026376192743198207
2.357462799 0.00038291722570332005
2.359070891 0.00042380928937440425
2.3606789829999997 0.0004691701133406689
2.3622870750000002 0.0004720438615864933
2.363895167 0.0004677670828724375
2.365503259 0.0004928105209846323
2.367111351 0.0006844605344895521
2.368719443 0.0009551929478129384
2.370327535 0.0011400711753430564
2.371935627 0.0011545160855693393
2.3735437189999997 0.001169132752231283
2.3751518110000003 0.0014672288111411541
2.376759903 0.00194682355879076
2.378367995 0.002548255118047861
2.379976087 0.0028757347869791494
2.381584179 0.0032449069977080964
2.383192271 0.003791368941229969
2.384800362 0.004703619398672576
2.3864084539999997 0.005833976476436189
2.388016546 0.0070997542317415355
2.389624638 0.00854702534263731
2.39123273 0.010286907277958852
2.392840822 0.012426965923854663
2.3944489140000003 0.015015088811006959
2.396057006 0.018132760430367066
2.397665098 0.02185876040880295
2.3992731899999997 0.026343887456097392
2.400881282 0.031434238466791393
2.4024893740000004 0.0369396610030662
2.404097466 0.04339999954535776
2.405705558 0.050669760152685574
2.40731365 0.058927981727872066
2.408921742 0.06851857825986561
2.410529834 0.07828568216790006
2.4121379259999998 0.08914301848981124
2.413746018 0.1014683969075024
2.41535411 0.1150711060334162
2.416962201 0.13047546751061204
2.418570293 0.14782051823347303
2.4201783850000003 0.16712170929161657
2.421786477 0.1889122066197649
2.423394569 0.21369734007015023
2.425002661 0.24196300499072787
2.426610753 0.27392216506606804
2.428218845 0.3093799447772732
2.4298269369999996 0.348910966423839
2.431435029 0.39343044167417424
2.4330431210000003 0.4384681486588721
2.434651213 0.48709607525062815
2.436259305 0.5410416654775247
2.4378673969999998 0.58686703071128
2.439475489 0.6356742844154136
2.441083581 0.6865515040836712
2.4426916729999997 0.7217987901292845
2.4442997650000002 0.758807421337839
2.4459078570000004 0.7930957965131453
2.447515949 0.8131320385387822
2.44912404 0.8336470602810658
2.450732132 0.8498916676342434
2.452340224 0.8576993777309957
2.453948316 0.8655685767667564
2.455556408 0.870678250442589
2.4571644999999998 0.8726210681204681
2.458772592 0.8745655740249361
2.460380684 0.8757189898318575
2.461988776 0.8762817398177424
2.463596868 0.8768441783856104
2.46520496 0.8776119403989859
2.466813052 0.8784836562194566
2.468421144 0.8793548854220152
2.470029236 0.8805303175655895
2.471637328 0.8818088278243913
2.47324542 0.8830878294872071
2.474853512 0.8844167351769913
2.4764616040000003 0.8857564505714443
2.478069696 0.8870968280714067
2.479677788 0.8883136872651501
2.481285879 0.8895124051769788
2.4828939709999998 0.8907120570279574
2.484502063 0.8918140070150745
2.486110155 0.8929084056393951
2.4877182469999997 0.8940013974952278
2.489326339 0.8950406951229638
2.4909344310000003 0.8960777574889037
2.492542523 0.8971146510299981
2.494150615 0.8980381795253372
2.495758707 0.8989592113682625
2.497366799 0.8998818756199921
2.498974891 0.9004590254101201
2.499778162 0.8824312067325515
2.5011293930000003 0.88291588985405
2.502480624 0.8831080226379937
2.5038318559999997 0.8832533429103772
2.505183087 0.8832447795921557
2.506534319 0.8830520291329544
2.50788555 0.8827142150562175
2.509236782 0.8821185679473901
2.510588013 0.8813779482411291
2.511939244 0.8805400589335382
2.5132904760000003 0.8795624184555259
2.514641707 0.8784457004207712
2.515992939 0.8773425934634888
2.51734417 0.8762361948257781
2.5186954019999996 0.8751507982700872
2.5200466329999998 0.8741009762711205
2.521397865 0.8732348018025139
2.522749096 0.872380048181232
2.524100327 0.8715932789984013
2.525451559 0.8712857365116402
2.52680279 0.8709863825851899
2.5281540220000003 0.8710408999822206
2.529505253 0.8712509812692137
2.5308564849999997 0.8716196826114186
2.532207716 0.8721278712221222
2.533558948 0.8733392602778952
2.534910179 0.8746863691002652
2.5362614100000003 0.8756113865163758
2.537612642 0.8778233762224654
2.538963873 0.87959654839507
2.5403151050000004 0.8815045738575141
2.5416663359999996 0.882990182872864
2.5430175680000002 0.8842209266254203
2.544368799 0.8865359583797313
2.54572003 0.8886743494123653
2.547071262 0.8897954456630266
2.548422493 0.8911313442181181
2.549773725 0.8926384958849077
2.551124956 0.8929993065016929
2.552476188 0.8930989854191417
2.553827419 0.894212597040663
2.5551786510000003 0.8946564747021596
2.556529882 0.8942380590734672
2.557881113 0.8936210679569434
2.559232345 0.8921871959639754
2.560583576 0.8888165679122143
2.561934808 0.8864372549922989
2.5632860390000003 0.8849570743805263
2.564637271 0.8830964942278989
2.565988502 0.8829433233544115
2.567339733 0.8808059090318368
2.5686909649999996 0.8773310922201927
2.5700421959999997 0.8738567922403009
2.571393428 0.8735551525462989
2.572744659 0.8693405965839845
2.574095891 0.8672491147710657
2.575447122 0.8668917754758938
2.576798354 0.8634335437944064
2.5781495850000002 0.8639531772532196
2.5795008160000004 0.8633177259572146
2.580852048 0.8608539246591385
2.582203279 0.8611932494868669
2.583554511 0.8584933355870946
2.584905742 0.8606037065323171
2.586256974 0.861911930367612
2.587608205 0.861873225292421
2.588959437 0.8643630451104766
2.590310668 0.8669932048643684
2.591661899 0.8690988783516309
2.593013131 0.870120871626206
2.594364362 0.865470788859081
2.5957155939999996 0.8710152268561323
2.5970668249999997 0.879235862575454
2.598418057 0.8834883997618624
2.599769288 0.886620107149112
2.601120519 0.88842652355662
2.602471751 0.8914483647303924
2.603822982 0.8936821495963089
2.6051742140000003 0.8940329893387462
2.6065254450000004 0.8993652753967823
2.607876677 0.9029014010578651
2.609227908 0.9053353758193823
2.61057914 0.9084356494803417
2.611930371 0.9108392375226992
2.613281602 0.9115838431422576
2.614632834 0.9137244795355453
2.615984065 0.9117254420577063
2.617335297 0.9109490441635876
2.618686528 0.9147538233705393
2.62003776 0.9115246791197421
2.621388991 0.9136449569478005
2.622740222 0.9150968001423485
2.6240914539999998 0.9142573276179529
2.625442685 0.9119277894798182
2.626793917 0.908184688282808
2.628145148 0.9096371060339208
2.62949638 0.9059100512442513
2.630847611 0.9026961742059507
2.6321988430000003 0.9050680649302342
2.6335500740000004 0.9026359710008228
2.634901305 0.9019417443524976
2.636252537 0.9014367350669384
2.637603768 0.9001476127171414
2.6389549999999997 0.8989354871955696
2.640306231 0.8977716715194215
2.641657463 0.8963315269503778
2.643008694 0.8958367217244857
2.6443599250000003 0.8951412470750266
2.645711157 0.893448108901469
2.6470623879999997 0.8945626504052488
2.64841362 0.8950146312487116
2.649764851 0.8952155390055363
2.651116083 0.894935285050944
2.652467314 0.8934692780127471
2.653818546 0.8959393745730551
2.6551697770000002 0.8960624424224132
2.6565210080000004 0.8977946008919723
2.65787224 0.8992827665706388
2.659223471 0.898709320720219
2.6605747030000004 0.9001830669997473
2.6619259339999997 0.9017610243187739
2.663277166 0.9031129686862738
2.664628397 0.8999905622624277
2.6659796289999997 0.9004455252760291
2.66733086 0.90211665797832
2.668682091 0.9066122076602379
2.670033323 0.9015511371952128
2.6713845540000003 0.9058550138456599
2.672735786 0.910457968752334
2.6740870169999997 0.9111354898690912
2.675438249 0.9094864930569441
2.67678948 0.9083750743263834
2.678140711 0.9102041168299082
2.679491943 0.9102185381952304
2.680843174 0.9135668595216312
2.6821944060000003 0.9135401556786235
2.6835456370000004 0.9120218584852653
2.684896869 0.9124094709309416
2.6862481 0.9112977165020273
2.6875993319999996 0.9115646429866338
2.6889505629999997 0.9109895164801937
2.690301794 0.9109026947004363
2.691653026 0.9099047122861651
2.693004257 0.9066921248882412
2.694355489 0.9054146910414592
2.69570672 0.9064033652170174
2.697057952 0.9078845366567724
2.6984091830000003 0.9081070484155106
2.699760414 0.9074723356813594
2.7011116459999998 0.90570212106114
2.702462877 0.9066133664191801
2.703814109 0.9071430308079543
2.70516534 0.9069612980775901
2.706516572 0.9069822841258889
2.707867803 0.9059990963520481
2.7092190350000003 0.9042794962405448
2.7105702660000004 0.9026329137962454
2.7119214969999996 0.9049860263599614
2.713272729 0.9080726292572505
2.71462396 0.9085878972101402
2.7159751919999997 0.9088452917872399
2.717326423 0.9084081925406657
2.718677655 0.9086027577265554
2.720028886 0.9041001367921201
2.7213801170000003 0.9061620555060792
2.722731349 0.909882088055184
2.7240825799999997 0.9070851285928806
2.7254338120000003 0.9088092541083047
2.726785043 0.9119640267811603
2.7281362749999998 0.9130602198750557
2.729487506 0.9133890068632199
2.730838738 0.9134163380264085
2.732189969 0.9134205034660637
2.7335412000000003 0.9126796828194229
2.734892432 0.9104483852083355
2.736243663 0.9122601569890879
2.737594895 0.9115797396373365
2.7389461259999996 0.9075006746353358
2.740297358 0.9059020723047307
2.741648589 0.9072644693856664
2.7429998209999997 0.9094244352723053
2.744351052 0.9095892601387986
2.745702283 0.9087101800465693
2.747053515 0.9080131879574952
2.7484047460000003 0.9071119172887258
2.749755978 0.9064223568028996
2.7511072089999997 0.9048265641082969
2.7524584410000004 0.9039688451788389
2.753809672 0.9021486724503383
2.755160903 0.8971074821096026
2.756512135 0.8985278752633515
2.757863366 0.9007534007094523
2.7592145980000002 0.9003914675747619
2.760565829 0.899357710936799
2.761917061 0.8967423250341545
2.7632682920000002 0.8954135408638073
2.764619524 0.8963096245560975
2.7659707549999997 0.8961232607037499
2.767321986 0.8948146049922916
2.768673218 0.8951299652262749
2.770024449 0.8945681648746211
2.771375681 0.8947359442283743
2.772726912 0.8961311547527431
2.774078144 0.8973702958516651
2.7754293750000003 0.8975942777012165
2.776780606 0.8975729867507818
2.7781318379999997 0.8982587512157135
2.779483069 0.8989414982688707
2.780834301 0.899273999582374
2.782185532 0.9000804517296676
2.783536764 0.9013427900765807
2.784887995 0.9023165579782086
2.786239227 0.9015624368981456
2.787590458 0.9021042538309796
2.788941689 0.9045418641539642
2.7902929210000003 0.9063847527234201
2.791644152 0.9074782374616341
2.7929953839999997 0.9083526403338711
2.794346615 0.9094100456122521
2.795697847 0.9103960012369471
2.797049078 0.9113627767685942
2.7984003090000003 0.9123901157467246
2.799751541 0.9132924562498288
2.801102772 0.9134997194042019
2.8024540040000003 0.9124770741899261
2.803805235 0.9133065609072041
2.8051564669999998 0.9153091446986502
2.806507698 0.9164970019967877
2.80785893 0.9170935844940918
2.8092101609999998 0.9174336021596662
2.810561392 0.9179843649482445
2.811912624 0.9182943323500267
2.813263855 0.9183936031082816
2.814615087 0.9182004357374121
2.8159663179999996 0.9185217378699686
2.8173175500000003 0.9187945018595524
2.818668781 0.9183452846534534
2.8200200129999997 0.9181253909665186
2.821371244 0.9183875742254882
2.822722475 0.9186984262479251
2.824073707 0.9187541575686116
2.8254249380000003 0.9186075350182402
2.82677617 0.9183671286192733
2.828127401 0.9182838995938567
2.8294786330000004 0.9183691956061757
2.830829864 0.9182599786798687
2.8321810949999997 0.9180302676764426
2.833532327 0.9177259101684375
2.834883558 0.9176652713093489
2.83623479 0.9177969394121698
2.837586021 0.9178356934698411
2.838937253 0.9180725170930661
2.8402884840000002 0.9184094715165833
2.841639716 0.9185801388824831
2.8429909469999997 0.9188261822020756
2.8443421779999998 0.919118165003061
2.84569341 0.9194025644530217
2.847044641 0.919626323166846
2.848395873 0.9197801631490938
2.849747104 0.9200575940582878
2.851098336 0.9207145379432881
2.8524495670000003 0.9210898785774111
2.8538007980000004 0.9211789136278573
2.85515203 0.9216477244581013
2.856503261 0.9223503808771001
2.8578544929999996 0.9228808191950647
2.8592057239999997 0.9232066598476955
2.860556956 0.9235312062457643
2.861908187 0.9239977192023775
2.863259419 0.9243927717114114
2.86461065 0.9247432963207194
2.865961881 0.9249305947293471
2.8673131130000002 0.925145696428208
2.868664344 0.9255120998823811
2.8700155759999997 0.925639200194591
2.871366807 0.9255716725177497
2.872718039 0.9257542020735879
2.87406927 0.9259702070755719
2.8754205010000002 0.926008584871052
2.876771733 0.9258799521169253
2.878122964 0.9257931991670705
2.8794741960000003 0.9256980012212399
2.8808254270000004 0.9255480405291384
2.882176659 0.9253910620526626
2.88352789 0.9250693433184012
2.8848791219999996 0.9247625608275825
2.8862303529999997 0.924468790768122
2.887581584 0.9241055438238175
2.888932816 0.9237885325829143
2.890284047 0.9234496511738927
2.891635279 0.9231045626831083
2.89298651 0.9227001700232971
2.8943377420000003 0.9223808846416938
2.895688973 0.9220198960545208
2.8970402049999997 0.9217157339488647
2.898391436 0.92142995486651
2.899742667 0.9208996390694709
2.901093899 0.920486948742647
2.9024451300000003 0.9205117423420326
2.903796362 0.9203690985764144
2.905147593 0.9201777249185307
2.9064988250000003 0.9201692419075796
2.907850056 0.9201417044609405
2.9092012869999997 0.9201283162000762
2.910552519 0.9201693331695047
2.91190375 0.9202075646872823
2.9132549819999998 0.9202654966584249
2.914606213 0.9204618637518304
2.915957445 0.9206992648457833
2.917308676 0.9209218646543483
2.918659908 0.9211897769124936
2.920011139 0.921573055445083
2.9213623699999998 0.9218758655359689
2.922713602 0.9221865256407888
2.924064833 0.9226530401594182
2.925416065 0.923219699865174
2.926767296 0.9237647773971215
2.928118528 0.9242378092553686
2.9294697590000003 0.9247479582069843
2.93082099 0.9252349732112346
2.932172222 0.9257577147262714
2.933523453 0.9262687021445088
2.934874685 0.9266939210806884
2.9362259159999997 0.9271470219984501
2.937577148 0.9275989119095341
2.938928379 0.9280731700081314
2.940279611 0.9284699434172917
2.941630842 0.9288062871778636
2.942982073 0.928991537391784
2.9443333050000002 0.9292453518072606
2.9456845360000004 0.9295235329144803
2.947035768 0.9296554813323303
2.948386999 0.9298923514939638
2.949738231 0.9299587042039269
2.951089462 0.9299386619598391
2.952440694 0.9298693967797186
2.953791925 0.9297637202433894
2.955143156 0.9296580384942236
2.956494388 0.9295295435262676
2.957845619 0.9293405023723089
2.959196851 0.9290701748763014
2.960548082 0.9288028322211239
2.9618993139999996 0.9284364424835165
2.9632505449999997 0.9280516451254429
2.964601776 0.9276485746021668
2.965953008 0.9272933934100535
2.967304239 0.9269006465773377
2.968655471 0.9264141947485304
2.970006702 0.9258931229246873
2.9713579340000003 0.9253545988263323
2.9727091650000004 0.9249285560862676
2.974060397 0.9244771737675467
2.975411628 0.9240692895049658
2.976762859 0.9236020436706421
2.978114091 0.9231534848906802
2.979465322 0.9227270464959338
2.980816554 0.9223780241390035
2.982167785 0.9220814664231561
2.983519017 0.9218401945619007
2.984870248 0.9216060713623606
2.9862214789999997 0.9212928427311458
2.987572711 0.9210673671358525
2.988923942 0.9209118454500599
2.9902751739999998 0.9208587743453627
2.991626405 0.9207648193704127
2.992977637 0.9207620352177861
2.994328868 0.9208136216420264
2.9956801 0.9208504381886662
2.997031331 0.9208589249877821
2.9983825619999998 0.9209578282526429
2.9997337940000004 0.9211805440598824
3.001085025 0.9213898733926936
3.002436257 0.9216593722901842
3.003787488 0.921943792206744
3.0051387199999997 0.9222417335886034
3.006489951 0.9225213893601643
3.007841182 0.9228336682958258
3.009192414 0.9231694026288874
3.0105436450000003 0.92358044511031
3.011894877 0.9239427057528173
3.0132461079999997 0.9243015817182879
3.01459734 0.9246613225176629
3.015948571 0.9249778422544375
3.017299803 0.9252944580538592
3.018651034 0.925631138792928
3.020002265 0.9260105502697623
3.021353497 0.9262947831808624
3.0227047280000003 0.9265642426748347
3.02405596 0.9268529823411074
3.0254071909999998 0.9271211397247567
3.0267584230000004 0.9272449059253693
3.0281096539999997 0.9273416235906715
3.029460886 0.9274426395419316
3.030812117 0.9275251929317305
3.032163348 0.9275330064218142
3.03351458 0.9275671397711672
3.034865811 0.927554957822194
3.036217043 0.9274374758302895
3.0375682740000003 0.9272907839849388
3.038919506 0.9270872050311142
3.0402707369999997 0.9269029323906068
3.041621968 0.9266838272928409
3.0429732 0.9264775412821458
3.044324431 0.9261646980994596
3.045675663 0.9258342044931426
3.047026894 0.9254618764310696
3.0483781260000002 0.9251287743061981
3.0497293570000004 0.9247816235090834
3.051080589 0.9244161385431572
3.05243182 0.9240146195616148
3.053783051 0.9236388300485872
3.0551342829999997 0.9232376924669307
3.056485514 0.9229288325453585
3.057836746 0.9225655234053197
3.059187977 0.9221846458493701
3.060539209 0.921811687299426
3.06189044 0.9214452915388769
3.063241671 0.9210981289001218
3.0645929030000003 0.9208231630094683
3.065944134 0.9205284951181096
3.0672953659999997 0.9202219558870509
3.068646597 0.9200079901887875
3.069997829 0.919804655709305
3.07134906 0.9196458610238046
3.072700292 0.9194440300860147
3.074051523 0.9193621375968256
3.075402754 0.9193155862359192
3.0767539860000004 0.9192832083241547
3.0781052169999996 0.9192747511029341
3.079456449 0.9193318895320529
3.08080768 0.9193085791455605
3.0821589119999997 0.919388306379755
3.083510143 0.919518191298733
3.084861374 0.9196565175593515
3.086212606 0.9198104105132415
3.0875638370000003 0.9200639323248383
3.088915069 0.9203097441852105
3.0902662999999997 0.9206445822305579
3.0916175320000003 0.9209689130283861
3.092968763 0.9212764123367917
3.0943199949999998 0.921511183485661
3.095671226 0.9218408279605206
3.097022457 0.9221536242650746
3.098373689 0.9224827932319861
3.0997249200000003 0.9228169778465748
3.101076152 0.9231845878502685
3.102427383 0.9235155538246222
3.103778615 0.9238466214201462
3.1051298459999996 0.9241075858775116
3.106481078 0.9244431118045786
3.107832309 0.9248121769710599
3.10918354 0.9251260055284679
3.110534772 0.925334058614028
3.111886003 0.9256032031192118
3.113237235 0.9258667729354054
3.1145884660000003 0.9260593805442319
3.115939698 0.9262214639539075
3.1172909289999997 0.926434020360036
3.11864216 0.9265925708265722
3.119993392 0.9267191936775175
3.121344623 0.926783186764174
3.122695855 0.9268293683830048
3.124047086 0.9268492449319444
3.1253983180000002 0.9268598890090449
3.126749549 0.9268221449300285
3.128100781 0.9268157553673627
3.1294520120000002 0.9267567461061621
3.130803243 0.9266955499116385
3.1321544749999997 0.9265895375886162
3.133505706 0.9264714389343242
3.134856938 0.9262915685972155
3.136208169 0.9261522193231077
3.137559401 0.9259837554751766
3.138910632 0.9258053816223388
3.140261863 0.9256128081592112
3.1416130950000003 0.9254409251085433
3.142964326 0.9252201075645202
3.1443155579999997 0.9250241457243351
3.145666789 0.9247437231168516
3.147018021 0.9245577504755333
3.148369252 0.9244257633171746
3.149720484 0.924293137657304
3.151071715 0.9240952694469923
3.152422946 0.9239485016658853
3.153774178 0.9237974793864758
3.155125409 0.9236755550697556
3.1564766410000002 0.9235408875669274
3.157827872 0.9234750134726407
3.1591791039999997 0.9233701508552126
3.160530335 0.9233254984598825
3.161881566 0.9232801743836478
3.163232798 0.9232709609750553
3.1645840290000002 0.9232538984581709
3.165935261 0.923291400096067
3.167286492 0.923335331976948
3.1686377240000003 0.9234239508985257
3.169988955 0.9235189484707003
3.1713401869999998 0.923677032755076
3.172691418 0.923805341679368
3.174042649 0.9238918387612576
3.1753938809999998 0.924018771151603
3.176745112 0.924201800910882
3.178096344 0.924401853845041
3.179447575 0.9246054555095577
3.180798807 0.9248367773936524
3.182150038 0.9250781425152197
3.1835012700000003 0.9253600534422367
3.184852501 0.9256171747116714
3.186203732 0.9258580127462149
3.187554964 0.9260711880357309
3.188906195 0.9263292348585429
3.190257427 0.9265681328582643
3.1916086580000003 0.9268369460320904
3.19295989 0.9271164988096037
3.194311121 0.9274210860814869
3.195662352 0.9276524353481369
3.197013584 0.927889510588874
3.1983648149999997 0.9280917429521556
3.199716047 0.9283432300506359
3.201067278 0.9285484513770502
3.2024185099999998 0.9287508376355841
3.203769741 0.9290045733031309
3.205120973 0.9292048993621158
3.206472204 0.9293289876511334
3.207823435 0.9294909319364392
3.209174667 0.9296078923187423
3.2105258979999998 0.9297312665607911
3.21187713 0.9298540165475948
3.213228361 0.9299175458161035
3.214579593 0.9300024287754589
3.215930824 0.9300930361553147
3.217282055 0.9301694434315262
3.2186332870000003 0.9301716010115798
3.2199845180000004 0.930213721613931
3.22133575 0.9301951387839728
3.222686981 0.9301937093965426
3.2240382129999996 0.9301586893590104
3.2253894439999997 0.9301686375979772
3.226740676 0.9301672115734004
3.228091907 0.9301550813306244
3.229443138 0.9300951252409868
3.23079437 0.9300850958978317
3.232145601 0.9301093455147224
3.2334968330000002 0.9301079375597209
3.234848064 0.9301293693688722
3.2361992959999997 0.9301150797091777
3.237550527 0.9300936436409017
3.238901759 0.9300472453840776
3.24025299 0.9301022089383941
3.2416042210000002 0.9301514820419418
3.242955453 0.9301807900912099
3.244306684 0.9301807956990653
3.2456579160000003 0.9302486306117417
3.2470091470000004 0.9302936226925955
3.248360379 0.9303728737757884
3.24971161 0.93049643409802
3.251062841 0.9306228774329748
3.2524140729999997 0.930750033675319
3.253765304 0.9308378910168248
3.255116536 0.9309979355865313
3.256467767 0.9311437421869977
3.257818999 0.9313524601433888
3.25917023 0.9315440393063283
3.2605214620000003 0.9317499783914159
3.261872693 0.9319330547054899
3.263223924 0.9321956014922965
3.264575156 0.9325126615909933
3.265926387 0.9327897017455176
3.267277619 0.9330517183079262
3.2686288500000003 0.9333310106805459
3.269980082 0.9336641803086395
3.271331313 0.9339480179577112
3.272682544 0.934294325703557
3.274033776 0.9346608144340917
3.2753850069999997 0.9350238241356708
3.276736239 0.9353669054046384
3.27808747 0.9356907213720045
3.2794387019999998 0.9359506965656794
3.280789933 0.9362675209096447
3.282141165 0.9366398193813223
3.283492396 0.9369777354324499
3.2848436270000003 0.9373575115948138
3.286194859 0.9377050392203705
3.2875460899999998 0.9380202851046802
3.288897322 0.938260067963975
3.290248553 0.9384991534637441
3.291599785 0.9387116347544731
3.292951016 0.9389487270654127
3.294302247 0.939188696147889
3.2956534790000003 0.9394243626828775
3.29700471 0.9396514808978104
3.298355942 0.9397791553835789
3.299707173 0.9399342481535276
3.301058405 0.9400749141385809
3.3024096359999997 0.9402177448278318
3.303760868 0.9402978186691594
3.305112099 0.9404111260698744
3.30646333 0.9405525784921845
3.307814562 0.940620432147942
3.309165793 0.9406623217875886
3.3105170250000002 0.9406955227755763
3.3118682560000003 0.9407453061320272
3.313219488 0.9407243477240239
3.3145707189999998 0.9406889852441209
3.315921951 0.9406312244454841
3.317273182 0.9406319053935885
3.318624413 0.9405979393502862
3.319975645 0.9405293576710837
3.321326876 0.9404694246162107
3.322678108 0.9403517442050923
3.324029339 0.9402838924963857
3.325380571 0.940189339905926
3.326731802 0.9401005998865162
3.328083033 0.9400089932047448
3.3294342649999997 0.9399570467011933
3.330785496 0.9399332228480372
3.332136728 0.9398553143155766
3.333487959 0.939783189279289
3.334839191 0.9396944788789086
3.336190422 0.9396324563477334
3.3375416540000002 0.9395300699365928
3.3388928850000004 0.9394767264602684
3.340244116 0.9394803262547866
3.341595348 0.9394904323513105
3.342946579 0.9394789148869251
3.344297811 0.9394349313908151
3.345649042 0.9394356822972467
3.347000274 0.9394227212343408
3.348351505 0.9394558506151718
3.3497027360000002 0.9395062908491169
3.351053968 0.9395942688840104
3.3524051989999997 0.9397586990550648
3.353756431 0.9398964648786126
3.355107662 0.9399888369360427
3.3564588939999997 0.9400502002429242
3.357810125 0.9401512312665661
3.359161357 0.9402284429050256
3.360512588 0.9403468168931015
3.3618638190000003 0.9405070618443869
3.363215051 0.9406622580486066
3.3645662819999997 0.9408868270383287
3.3659175140000004 0.9410984403934576
3.367268745 0.9412999959845558
3.368619977 0.9414633047288861
3.369971208 0.9416504852574716
3.371322439 0.9418586827369124
3.372673671 0.9420466584604839
3.374024902 0.9422671647746658
3.375376134 0.9424891616569028
3.3767273650000003 0.9427488658213771
3.378078597 0.9429949041859732
3.3794298279999997 0.9432613085934607
3.38078106 0.9435270674120243
3.382132291 0.9437552128832688
3.383483522 0.9440043877526664
3.384834754 0.9442391280879724
3.386185985 0.9445167432979104
3.387537217 0.9447668751450885
3.3888884480000003 0.9449952933511948
3.39023968 0.9452259506939896
3.3915909109999998 0.9454240338859959
3.3929421430000004 0.9456199769240216
3.3942933739999996 0.9457200881092608
3.3956446049999998 0.9458078708456178
3.396995837 0.9458746134335974
3.398347068 0.9459058034028874
3.3996983 0.9459479301526015
3.401049531 0.9459697080955773
3.402400763 0.9460117836149667
3.4037519940000003 0.9459935963245543
3.405103225 0.9459333108730488
3.4064544569999997 0.9458599635466719
3.407805688 0.9457779282946871
3.40915692 0.9457046104470429
3.410508151 0.9455920828047824
3.411859383 0.945505719011593
3.413210614 0.9453852590601575
3.4145618460000002 0.9452212461484838
3.4159130770000004 0.9450587240677799
3.4172643079999996 0.944865778138257
3.41861554 0.94469752084084
3.419966771 0.9445090067028741
3.4213180029999997 0.9443002613688186
3.422669234 0.9440712689737688
3.424020466 0.9438560859492253
3.425371697 0.9436829658116259
3.4267229280000002 0.9434627907578398
3.42807416 0.9432563996427439
3.429425391 0.9430565825064282
3.4307766230000003 0.9428966581089169
3.432127854 0.9428041095007235
3.4334790859999997 0.9427274985965721
3.434830317 0.9426530131321048
3.436181549 0.9424620112213882
3.43753278 0.9422182641079492
3.4388840110000003 0.9419984476073557
3.440235243 0.9417844576130153
3.441586474 0.9415835351870794
3.4429377060000004 0.9413761517818375
3.4442889369999996 0.9412403276753974
3.445640169 0.9411269166413938
3.4469914 0.9410077633105556
3.448342631 0.9409341285725243
3.449693863 0.9408380966161299
3.451045094 0.9407760208790761
3.452396326 0.9407190014781684
3.4537475570000002 0.9406763933731821
3.455098789 0.9406670010200879
3.45645002 0.9406417474944156
3.4578012520000003 0.940671379861423
3.459152483 0.9407169055392073
3.460503714 0.9407862401344399
3.461854946 0.9408995959761636
3.463206177 0.940983350400012
3.464557409 0.9410902781629313
3.4659086400000003 0.941203009260638
3.467259872 0.9413229385894862
3.468611103 0.941452249660446
3.469962335 0.9415772445359449
3.4713135659999996 0.9417449207648285
3.4726647969999997 0.9419285514143736
3.474016029 0.9421404169031434
3.47536726 0.9423487190703663
3.476718492 0.9425425887628468
3.478069723 0.9427958238512929
3.479420955 0.9430643197725469
3.4807721860000003 0.9433314362242584
3.482123417 0.9435884662547545
3.483474649 0.9438368920792484
3.48482588 0.9441165744253341
3.486177112 0.9443811089032336
3.487528343 0.9446681822417355
3.488879575 0.9449662236925276
3.490230806 0.9452237345737141
3.491582038 0.9454943641967058
3.492933269 0.945747617139881
3.4942845 0.946010374524394
3.495635732 0.9462725211250403
3.496986963 0.9465042475499381
3.4983381949999997 0.9467570689646664
3.4996894259999998 0.9469837782642343
3.501040658 0.9472076586987157
3.502391889 0.9474374247243869
3.50374312 0.9476512334702106
3.505094352 0.9478759871019254
3.506445583 0.9480847833262593
3.5077968150000003 0.948277590225614
3.509148046 0.9484347382361027
3.5104992779999997 0.9485322395785232
3.511850509 0.9486275932574546
3.513201741 0.9487761269146925
3.514552972 0.9490616849200514
3.515904203 0.949367751219648
3.517255435 0.9494916351298675
3.518606666 0.9495046879298188
3.519957898 0.9494922219392999
3.521309129 0.9495038454010652
3.5226603610000002 0.9495351516665649
3.524011592 0.9495154410474889
3.5253628239999997 0.9494884649508235
3.526714055 0.9494461805433879
3.528065286 0.9493798518483186
3.529416518 0.9493463158041014
3.5307677490000002 0.9492887158664628
3.532118981 0.9492122172112853
3.533470212 0.9491226263237859
3.5348214440000003 0.9490264575886613
3.536172675 0.9489324715137332
3.537523906 0.9487919025650784
3.538875138 0.9486360803895054
3.540226369 0.9484933806209468
3.5415776009999997 0.9483433889347783
3.542928832 0.9482109187291364
3.544280064 0.9480639319096019
3.545631295 0.9479154946223514
3.546982527 0.9477765232072873
3.548333758 0.9476114115454145
3.5496849889999997 0.9474485445709177
3.551036221 0.9472762386712232
3.552387452 0.9471111918845206
3.553738684 0.946973801085485
3.555089915 0.9468080823065657
3.556441147 0.9466540218790608
3.5577923780000003 0.9465377866945596
3.5591436090000004 0.9464252089657584
3.560494841 0.9462988335558623
3.561846072 0.9461499566055306
3.563197304 0.9460337894682463
3.5645485349999997 0.9459459324924496
3.565899767 0.9458268501853309
3.567250998 0.9457245181230205
3.5686022299999998 0.9456316458396975
3.569953461 0.9455627037366549
3.571304692 0.9455278697706571
3.572655924 0.9454691035644684
3.574007155 0.9454175972167564
3.575358387 0.9453856789288347
3.5767096179999998 0.9453523106229198
3.57806085 0.9453515972514235
3.579412081 0.9453356396441096
3.580763312 0.9453138573614847
3.582114544 0.945316026839469
3.583465775 0.9453262031392144
3.5848170070000003 0.9453748408656163
3.5861682380000004 0.9454357800256197
3.58751947 0.945481467261164
3.588870701 0.9455518724881529
3.5902219329999996 0.9456143188187893
3.5915731639999997 0.945676747733566
3.592924395 0.94574424560635
3.594275627 0.9457783508581055
3.595626858 0.9458429500723021
3.59697809 0.9459358929771798
3.598329321 0.9460266523262618
3.5996805530000002 0.9461297345535208
3.601031784 0.9462473811272802
3.602383016 0.9463992139906258
3.603734247 0.9465394237091
3.605085478 0.9466098707964515
3.60643671 0.9466912396564324
3.607787941 0.9467762862356165
3.609139173 0.9468482408180171
3.610490404 0.9469826701903262
3.6118416360000003 0.9471251170381061
3.6131928670000004 0.9472516088252437
3.6145440979999997 0.9473802956082704
3.61589533 0.9474908202966789
3.617246561 0.9476108327059175
3.6185977929999997 0.9477163150613517
3.619949024 0.9477854232268264
3.621300256 0.9478596281445164
3.622651487 0.9479309043157896
3.624002719 0.9480109052885938
3.62535395 0.9481083990407025
3.6267051809999997 0.9481877193233765
3.628056413 0.948291056649217
3.629407644 0.9483936807321411
3.630758876 0.9484475410862722
3.632110107 0.9485152529539068
3.633461339 0.9485662359549571
3.6348125700000002 0.9485953433615354
3.6361638010000004 0.9486586491930495
3.637515033 0.948727080830413
3.638866264 0.948791174252762
3.640217496 0.9488523641898696
3.6415687269999997 0.9488887855067499
3.642919959 0.9489310163931868
3.64427119 0.9489724997771265
3.6456224219999998 0.9489950501375772
3.646973653 0.9490096038599851
3.648324884 0.948997225503647
3.649676116 0.9489957747708491
3.6510273470000003 0.9490380166284715
3.652378579 0.9490613009788319
3.6537298099999997 0.949091156831674
3.655081042 0.9491341502838873
3.656432273 0.9491443540975426
3.657783504 0.9491552775851483
3.659134736 0.9491559879792402
3.660485967 0.9491260977247977
3.6618371990000003 0.9490940322339101
3.66318843 0.9490466780755168
3.664539662 0.9490138968434316
3.665890893 0.9490262855170276
3.667242125 0.9490401302282008
3.6685933559999997 0.9490503171025124
3.669944587 0.9490437402578198
3.671295819 0.9490000230914597
3.67264705 0.948969438319848
3.673998282 0.948935221918329
3.675349513 0.9488667620147062
3.676700745 0.9488128527098213
3.6780519760000003 0.9487676878672728
3.679403208 0.9487261661228252
3.6807544389999998 0.9487123309567909
3.68210567 0.9486795751216442
3.683456902 0.9486402623112167
3.684808133 0.9486111432934355
3.686159365 0.9485376104550405
3.687510596 0.9484575097983746
3.688861828 0.948389051672812
3.690213059 0.948299506476544
3.6915642899999996 0.948224540248042
3.692915522 0.9481633992034988
3.694266753 0.9481015374389865
3.6956179849999997 0.9480637127174464
3.696969216 0.9480106032133261
3.698320448 0.9479407527466832
3.699671679 0.9478767237015076
3.701022911 0.9477814142508698
3.702374142 0.9476708347403252
3.703725373 0.9475719134918229
3.7050766050000004 0.9474511805347084
3.706427836 0.947336259279544
3.707779068 0.9472562593957333
3.709130299 0.9471719326423675
3.710481531 0.9470839895577702
3.711832762 0.9469931404317852
3.713183993 0.9468899341141207
3.714535225 0.9467867322245225
3.7158864560000002 0.9466617515152598
3.717237688 0.9465171770576082
3.7185889189999997 0.9463835281796942
3.719940151 0.9462382711258673
3.721291382 0.9460908489674007
3.7226426139999997 0.9459782863867997
3.723993845 0.9458780867935921
3.725345076 0.9457844477175638
3.726696308 0.945695904707515
3.7280475390000003 0.9455797780229104
3.729398771 0.9454469636130401
3.730750002 0.9453105469437775
3.7321012340000004 0.9451669043164914
3.733452465 0.945042880390597
3.7348036959999997 0.9449290273053741
3.736154928 0.9448187981388462
3.737506159 0.9447470016392886
3.738857391 0.9446824603115328
3.740208622 0.9445990818661625
3.741559854 0.9445273138434499
3.7429110850000002 0.9444519267882936
3.744262317 0.9443562535179307
3.7456135479999997 0.944270012692234
3.746964779 0.9441953777793792
3.748316011 0.9441345209675633
3.749667242 0.9440917705461702
3.751018474 0.944033789152237
3.752369705 0.9439874127207014
3.753720937 0.9439867039736324
3.7550721680000003 0.9439939622303756
3.7564234 0.9440004860609796
3.757774631 0.9440135507384997
3.759125862 0.9440193869122812
3.7604770939999996 0.9440208689084197
3.7618283249999998 0.9440143648596131
3.763179557 0.9440006184191784
3.764530788 0.944011500829631
3.76588202 0.9440448210016672
3.767233251 0.9440955130214036
3.768584482 0.9441860649020316
3.7699357140000003 0.9442875128566159
3.771286945 0.944354929531574
3.7726381769999997 0.9444230899513626
3.773989408 0.944512277396747
3.77534064 0.9445992902999888
3.776691871 0.9446935499682211
3.778043103 0.9447885321720024
3.779394334 0.9448733607318819
3.780745565 0.9449712560907845
3.7820967970000003 0.9450836820995941
3.7834480279999996 0.9451997549726536
3.7847992599999998 0.9453383298590036
3.786150491 0.9454877981953375
3.7875017229999997 0.9456227708483858
3.7888529539999998 0.9457635887370769
3.790204185 0.945898629850683
3.791555417 0.9460068229960733
3.792906648 0.9461113896954477
3.79425788 0.9462188627272429
3.795609111 0.9463364894484714
3.7969603430000003 0.9464853760973218
3.798311574 0.9466248661561631
3.7996628059999997 0.9467491185618115
3.801014037 0.9468922725784971
3.802365268 0.9469991099614458
3.8037165 0.947076158881082
3.8050677310000003 0.947180828788742
3.806418963 0.9472680553156668
3.807770194 0.9473312830216031
3.8091214260000004 0.9474097846821506
3.8104726569999996 0.9474781326374755
3.811823889 0.94753704126417
3.81317512 0.9476097699747886
3.814526351 0.9476752351114142
3.815877583 0.9477363364734951
3.817228814 0.9477908875294516
3.818580046 0.9478148979492359
3.8199312770000002 0.9478105461756896
3.821282509 0.9477989131600405
3.82263374 0.9477778028738493
3.823984971 0.9477530369313298
3.825336203 0.9477319068256823
3.826687434 0.9476889629621966
3.828038666 0.9476322090961173
3.829389897 0.9475943690727822
3.830741129 0.9475376337821921
3.8320923600000003 0.9474321857769132
3.833443592 0.9473267480072333
3.834794823 0.9472133038689822
3.836146054 0.9470838720544219
3.8374972859999996 0.9469719178507603
3.8388485169999997 0.9468294833365936
3.840199749 0.9466609122228807
3.84155098 0.9465199443642872
3.842902212 0.9463782638026663
3.844253443 0.9462184681444681
3.845604674 0.9460557983332304
3.8469559060000003 0.9458662827456219
3.848307137 0.9456514070005233
3.849658369 0.9454373247146275
3.8510096 0.9452240220832426
3.852360832 0.94499770601344
3.853712063 0.944774328505528
3.855063295 0.9445495425126744
3.856414526 0.9443059568848002
3.857765757 0.9440631744859117
3.859116989 0.9438183051029491
3.86046822 0.9435467009671883
3.861819452 0.9432939810764078
3.863170683 0.9430565290481456
3.8645219149999996 0.942797435255651
3.8658731459999998 0.9425376820994968
3.867224377 0.9422700403169675
3.868575609 0.9419894729420473
3.86992684 0.9417162229266692
3.871278072 0.9414459295763352
3.872629303 0.9411626933085911
3.8739805350000003 0.9408831508233864
3.875331766 0.9406195878496539
3.876682998 0.940355392900169
3.878034229 0.9400948839283062
3.87938546 0.9398409338611851
3.880736692 0.939561097417173
3.882087923 0.9392763107609244
3.883439155 0.9390153847941218
3.884790386 0.9387400987193605
3.886141618 0.9384756885896653
3.887492849 0.9382394514927616
3.8888440810000002 0.9379953647942852
3.890195312 0.9377506169150126
3.891546543 0.9375296820209877
3.892897775 0.9373217617687498
3.894249006 0.9371081431937546
3.895600238 0.9368967262574472
3.8969514690000002 0.9366839100660063
3.898302701 0.9364704300667234
3.899653932 0.936294372097296
3.9010051629999998 0.9361406208269925
3.902356395 0.9359897544711958
3.903707626 0.9358705107145524
3.905058858 0.9357642148913321
3.906410089 0.9356636871033039
3.9077613209999997 0.9355818308331311
3.909112552 0.9355035614379728
3.910463784 0.9354202831430085
3.911815015 0.9353621611817478
3.913166246 0.9353571699263954
3.914517478 0.9353715626432643
3.9158687089999997 0.9353967262819879
3.917219941 0.9354541776621049
3.918571172 0.9355008558224153
3.919922404 0.9355611888196096
3.921273635 0.9356588682385091
3.922624866 0.9357644563033791
3.9239760980000002 0.9358808295787374
3.9253273290000004 0.9360266727879518
3.926678561 0.9361940902606033
3.928029792 0.9363694437566562
3.929381024 0.9365743090925405
3.9307322549999997 0.9368137334218067
3.932083487 0.9370445859234815
3.933434718 0.9372812647442604
3.934785949 0.9375086545688983
3.936137181 0.9376943485514712
3.937488412 0.9378613401255375
3.938839644 0.9380283449350851
3.940190875 0.9381845845275784
3.941542107 0.9383185295783734
3.9428933379999997 0.9384265382672742
3.944244569 0.9384841151320308
3.945595801 0.9384869531616584
3.946947032 0.9384429878326058
3.948298264 0.9382960244516062
3.949649495 0.9380439491468057
3.9510007270000003 0.9377084370592564
3.9523519580000004 0.9372636861841106
3.95370319 0.9366782221498288
3.955054421 0.9359516019360602
3.956405652 0.9350805539286084
3.9577568839999997 0.9340081150472501
3.959108115 0.9327113667136409
3.960459347 0.9312034050223899
3.961810578 0.9294367431196262
3.96316181 0.9273957838100513
3.964513041 0.9250674351354274
3.965864273 0.9224170703954333
3.967215504 0.9194235016042164
3.968566735 0.9160915323817386
3.9699179669999998 0.9124004096512103
3.971269198 0.9082667394548856
3.97262043 0.9036633852173268
3.973971661 0.8986169957827268
3.975322893 0.893077005888519
3.976674124 0.8870515407732665
3.978025355 0.8805306309959513
3.9793765870000004 0.8734835943283044
3.9807278179999996 0.8658939749684277
3.98207905 0.8577848348849159
3.983430281 0.8490671131206894
3.9847815129999997 0.839690717742506
3.986132744 0.8297642008012798
3.987483976 0.8192624441932094
3.988835207 0.8081812062683025
3.9901864380000003 0.7965526045108513
3.99153767 0.7844028976260732
3.9928889009999997 0.7717078818234859
3.994240133 0.7584891652511235
3.995591364 0.7447208583506371
3.996942596 0.7304721576277674
3.998293827 0.7157952946497929
3.999645058 0.7007547287696707
4.00099629 0.6853586964420133
4.002347521 0.6696227160388257
4.003698753 0.6536111597021608
4.005049984 0.6373799893219267
4.006401216 0.6208243548133433
4.007752447 0.6041634382241685
4.009103679 0.5874124832064953
4.01045491 0.5705805094822167
4.011806141 0.5537457295579362
4.013157373 0.5369801332952122
4.014508604 0.520280727184304
4.015859836 0.5036141367781024
4.017211067 0.48709061824468786
4.018562299 0.47074606200349534
4.01991353 0.4545894526947734
4.021264761 0.4386899555267911
4.022615993 0.42307075387419424
4.023967224 0.40771590563248267
4.025318456 0.39266574887334876
4.026669687 0.3779738191715847
4.028020919 0.36356247397380964
4.02937215 0.34951146577465214
4.030723382 0.3358764398032044
4.032074613 0.32261756680873704
4.033425844 0.3096982745917328
4.034777076 0.29717428319404876
4.036128307 0.28507296827186435
4.037479539 0.2732742788948762
4.03883077 0.2618856692199269
4.040182002 0.25091178880150483
4.041533233 0.24029779342507634
4.042884465 0.23003390789531294
4.044235696 0.22018764454957362
4.0455869269999996 0.2107171104453722
4.046938159 0.20152334753097928
4.04828939 0.19272491275796758
4.049640622 0.18426944296936879
4.050991853 0.17610462561032678
4.052343085 0.16824239717978937
4.053694316 0.16075405723498534
4.055045547 0.15353840678653088
4.056396779 0.14656566550224714
4.05774801 0.139935268971883
4.059099241999999 0.1335666733243538
4.0604504729999995 0.12742566627619933
4.061801705 0.12154176494866675
4.063152936 0.11597435361760089
4.064504168 0.11057148019564472
4.065855399 0.10538923334032976
4.06720663 0.10047782978749692
4.0685578620000005 0.09575989667571888
4.069909093000001 0.09121081945873323
4.071260325 0.08688126956639099
4.072611556 0.08279559704162383
4.073962788 0.0788005427768744
4.075314019 0.07500359409504181
4.07666525 0.07140588956437786
4.078016482 0.0679507285808602
4.079367713 0.06461242894141037
4.080718945 0.06147606210450804
4.082070176 0.058493109012363494
4.083421408 0.05557698585130095
4.084772639 0.05283484857884603
4.086123871 0.05024579296787745
4.087475102 0.04775269172619841
4.088826333 0.045324070935048866
4.090177565 0.04308718225298673
4.091528796 0.0409237366331424
4.092880028 0.038823745522871336
4.094231259 0.03685567107601164
4.095582491 0.035016865112258995
4.096933722 0.033225055468231485
4.098284953 0.031493173633828385
4.0996361850000005 0.029929450363381557
4.100987416 0.028398344201550994
4.102338648 0.026912493139041885
4.103689878999999 0.025517716843423098
4.105041110999999 0.02424234589047366
4.106392342 0.02294657304386697
4.107743574 0.02173267935989695
4.109094805 0.020629920431912155
4.110446036 0.019558550704866437
4.111797268 0.01850268272851948
4.113148499 0.01753479294874667
4.1144997309999995 0.01665983804189919
4.115850962000001 0.01574198815895414
4.117202194000001 0.014896969467369675
4.118553425 0.014128474882392827
4.119904657 0.013393039190142994
4.121255887999999 0.012625325813753785
4.122607119 0.011982228137248179
4.123958351000001 0.011372900214177105
4.125309582 0.010749277038692868
4.126660814 0.010162913721793903
4.128012045 0.009663818914062684
4.129363277 0.00916669773702822
4.130714508 0.008632035350822291
4.132065739 0.008190551125273657
4.133416971 0.007773039678011071
4.134768202 0.007341659462298815
4.136119434 0.006911689248873992
4.1374706649999995 0.006596960962125903
4.138821897 0.006235215494702787
4.140173128000001 0.005870780241748522
4.14152436 0.0055567766348337275
4.142875591 0.005299758412648287
4.144226821999999 0.004982285042422038
4.145578054 0.004689209272322341
4.146929285000001 0.004467487764703121
4.148280517 0.004232711974921748
4.149631748 0.003974768486217178
4.15098298 0.0037620325956331914
4.152334211 0.0036152931591812987
4.153685442 0.0033935653807894532
4.155036674 0.003197072839277149
4.156387905 0.0030448140730483003
4.157739136999999 0.0029090575274774238
4.159090368 0.0026936656731450775
4.1604416 0.0025640388723747166
4.161792831 0.002454980189579337
4.163144063 0.0023140532850077973
4.164495294 0.0021398079042009473
4.165846525 0.0020528717641230664
4.167197757 0.0019574228490241066
4.1685489879999995 0.0018147502935922436
4.169900220000001 0.0017014661896304164
4.171251451 0.001638744615855378
4.172602683 0.0015470962926793527
4.173953914 0.0014163751757665685
4.1753051459999995 0.0013627283303132723
4.1766563770000005 0.0013069739904534496
4.178007608 0.0012127004410299258
4.17935884 0.0011048949519756042
4.180710071 0.001094456565765983
4.182061303 0.0010265075657950227
4.183412534 0.000943474486027425
4.184763766 0.0008872229609881661
4.186114997 0.0008973118193191728
4.187466228 0.0008095490426015886
4.18881746 0.0007401689414903708
4.190168691 0.0007083356840788427
4.1915199229999995 0.0006857016851290328
4.1928711540000005 0.0005924503858130984
4.194222386000001 0.0005607684455241533
4.195573617 0.000557612575138281
4.196924849 0.0005106353723561043
4.198276079999999 0.00042730273530197947
4.199627311 0.00040433741129508485
4.200978543 0.00040370798014395054
4.202329774 0.00034036278088177307
4.203681006 0.00030023547842059875
4.205032237 0.000311435976880457
4.206383469 0.0003077752442274897
4.2077347 0.00021968678520906882
4.209085931 0.00020685366852690745
4.210437163 0.0002145656437075336
4.211788394 0.00017884401517581023
4.213139626 8.899854753033864e-05
4.2144908569999995 0.00011140360792580085
4.215842089 0.0001189422317781457
4.217193320000001 6.735563994687836e-05
4.218544552 4.109012305825793e-05
4.219895783 6.0365382146814066e-05
4.221247013999999 4.604052603792364e-05
4.2225982459999996 2.3046150508837238e-05
4.223949477 1.317154183122746e-05
4.225300709 3.6622569359664636e-05
4.22665194 1.5868184552867367e-05
4.228003171999999 1.6919674522798514e-07
4.229354403 5.9346178919748586e-08
4.2307056339999995 1.2045121433366679e-05
4.232056866 1.7187369295112018e-08
4.233408097000001 1e-08
4.234759329 1e-08
4.23611056 1e-08
4.237461792 1e-08
4.238813023 1e-08
4.240164255 1e-08
4.241515486 1e-08
4.242866717 1e-08
4.244217949 1e-08
4.24556918 2.3326814835743435e-07
4.246920412000001 1.1474104480617395e-07
4.248271643 1e-08
4.249622875 1e-08
4.250974105999999 1e-08
4.2523253379999995 1e-08
4.2536765690000005 1e-08
4.2550278 1e-08
4.256379032 1e-08
4.257730263 1e-08
4.259081495 1e-08
4.260432726 1e-08
4.261783958 1e-08
4.263135189 1e-08
4.26448642 1e-08
4.265837652 1e-08
4.267188883 1e-08
4.2685401149999995 1e-08
4.2698913460000005 1e-08
4.271242578000001 1e-08
4.272593809 1e-08
4.273945041 1e-08
4.275296271999999 1e-08
4.276647503 1e-08
4.277998735 1e-08
4.279349966 1e-08
4.280701198 1e-08
4.282052429 1e-08
4.283403661 1e-08
4.284754892 1e-08
4.286106123 1e-08
4.287457355 1e-08
4.288808586 1e-08
4.290159818 1e-08
4.2915110489999995 1e-08
4.292862281 1e-08
4.294213512000001 1e-08
4.295564744 1e-08
4.296915975 1e-08
4.298267206 1e-08
4.299618438 1e-08
4.300969669 1e-08
4.302320901 1e-08
4.303672132 1e-08
4.305023363999999 1e-08
4.306374595 1e-08
4.3077258259999995 1e-08
4.309077058 1e-08
4.310428289000001 1e-08
4.311779521 1e-08
4.313130752 1e-08
4.314481984 1e-08
4.315833215 1e-08
4.317184447 1e-08
4.318535678 1e-08
4.319886909 1e-08
4.321238141 1e-08
4.322589372 1e-08
4.323940604000001 1e-08
4.325291835 1e-08
4.326643067 1e-08
4.327994297999999 1e-08
4.329345529999999 1e-08
4.3306967610000004 1e-08
4.332047992 1e-08
4.333399224 1e-08
4.334750455 1e-08
4.336101687 1e-08
4.337452918 1e-08
4.33880415 1e-08
4.340155381 1e-08
4.341506612 1e-08
4.342857844 1e-08
4.344209075 1e-08
4.3455603069999995 1e-08
4.3469115380000005 1e-08
4.34826277 1e-08
4.349614001 1e-08
4.350965233 1e-08
4.352316464 1e-08
4.353667695 1e-08
4.355018927 1e-08
4.356370158 1e-08
4.35772139 1e-08
4.359072621 1e-08
4.360423853 1e-08
4.361775084 1e-08
4.363126315000001 1e-08
4.364477547000001 1e-08
4.365828778 1e-08
4.36718001 1e-08
4.3685312409999995 1e-08
4.369882473 1e-08
4.371233704 1e-08
4.372584936 1e-08
4.373936167 1e-08
4.375287398 1e-08
4.37663863 1e-08
4.377989861 1e-08
4.379341093 1e-08
4.380692324 1e-08
4.382043555999999 1e-08
4.383394787 1e-08
4.3847460179999995 1e-08
4.38609725 1e-08
4.387448481000001 1e-08
4.388799713 1e-08
4.390150944 1e-08
4.391502176 1e-08
4.392853407 1e-08
4.394204639 1e-08
4.39555587 1e-08
4.396907101 1e-08
4.398258332999999 1e-08
4.399609564 1e-08
4.400960796000001 1e-08
4.402312027 1e-08
4.403663259 1e-08
4.405014489999999 1e-08
4.406365721999999 1e-08
4.407716953 1e-08
4.409068184 1e-08
4.410419416 1e-08
4.411770647 1e-08
4.413121879 1e-08
4.41447311 1e-08
4.415824342 1e-08
4.417175573000001 1e-08
4.418526804 1e-08
4.419878036 1e-08
4.421229266999999 1e-08
4.4225804989999995 1e-08
4.4239317300000005 1e-08
4.425282962 1e-08
4.426634193 1e-08
4.427985425 1e-08
4.429336656 1e-08
4.430687887 1e-08
4.432039119 1e-08
4.43339035 1e-08
4.434741582 1e-08
4.436092813 1e-08
4.437444045 1e-08
4.438795276 1e-08
4.440146507000001 1e-08
4.441497739000001 1e-08
4.44284897 1e-08
4.444200202 1e-08
4.445551432999999 1e-08
4.446902665 1e-08
4.448253896 1e-08
4.449605128 3.9425325905393714e-07
4.450956359 3.11906174957988e-07
4.45230759 1e-08
4.453658822 1e-08
4.455010053 1e-08
4.456361285 1e-08
4.457712516 1e-08
4.459063747999999 1e-08
4.460414979 4.0289069353311375e-08
4.4617662110000005 5.117029610010783e-06
4.463117442 3.3832607175006145e-08
4.464468673000001 1e-08
4.465819905 1e-08
4.467171136 1e-08
4.468522368 1e-08
4.469873599 1e-08
4.471224831000001 1e-08
4.472576062 1e-08
4.473927293 1e-08
4.475278524999999 1e-08
4.476629756 1e-08
4.4779809880000006 1e-08
4.479332219 1e-08
4.480683451 1e-08
4.482034682 1e-08
4.483385914 1e-08
4.484737145 1e-08
4.486088376 1e-08
4.487439608 1e-08
4.488790839 1e-08
4.490142071 1e-08
4.491493302 1e-08
4.492844534 1.2880144384926744e-08
4.494195765000001 7.536944344439329e-07
4.495546996 1.2934807285733083e-07
4.496898228 1e-08
4.498249458999999 1e-08
4.4996006909999995 3.509513842484652e-07
4.5009519220000005 1.7905019314673432e-06
4.502303154 1.2223581558216038e-08
4.503654385 1e-08
4.505005617 5.8019539610543785e-08
4.506356848 1.555181051861431e-05
4.507708079 4.974687008255951e-08
4.509059311 1e-08
4.510410542 1.2725747484435776e-08
4.511761774 1.1520523365548168e-06
4.513113005 2.1783303225095315e-07
4.514464237 1.2613718794950864e-08
4.5158154679999996 1.0318120670302233e-07
4.517166699000001 9.137511653572908e-07
4.518517931 9.275142343150689e-07
4.519869162 1.3941913712804791e-08
4.521220394 1.7278468638758348e-07
4.522571624999999 3.0762663775147288e-06
4.523922857 3.308572969636457e-06
4.525274088 4.971652684833866e-08
4.52662532 4.641351936109415e-08
4.527976551 8.856492938453764e-06
4.529327782 4.846902129783333e-08
4.530679014 1e-08
4.532030245 1e-08
4.533381477 1e-08
4.534732708 1e-08
4.53608394 1e-08
4.537435171 1e-08
4.5387864030000005 1.1172288056272078e-07
4.540137634 2.5788430433739724e-06
4.541488865 2.087636130821434e-08
4.542840097 1e-08
4.544191328 1.9925574303737352e-08
4.5455425599999995 3.4676200148992034e-06
4.5468937910000005 1.7145814329062499e-07
4.548245023000001 1e-08
4.549596254 1e-08
4.550947485 3.4646304467341975e-07
4.552298716999999 1.9903381280690227e-06
4.553649948 1.383236870092567e-08
4.5550011800000005 1e-08
4.556352411 3.40296058558262e-08
4.557703643 6.652489282050639e-06
4.559054874 8.79979725018895e-08
4.560406106 3.527712039618117e-08
4.561757337 4.909427920939225e-06
4.563108568 9.173403117022846e-06
4.5644598 9.582848794104113e-07
4.565811031 1.0811010175856641e-08
4.567162263 1e-08
4.568513493999999 3.694916801846288e-08
4.569864726 3.2677713886585294e-06
4.571215957000001 4.27746094230096e-08
4.572567188 6.142267050708066e-08
4.57391842 1.6471022562116907e-05
4.575269650999999 6.930247153891341e-06
4.5766208829999995 4.0118732147949675e-07
4.5779721140000005 1.0135845958001808e-08
4.579323346 3.2607757607017473e-07
4.580674577 2.9248148752912547e-07
4.582025809 1e-08
4.58337704 1e-08
4.584728271 6.242627894818118e-08
4.586079503 1.1158948735614678e-05
4.587430734 5.413322520679336e-08
4.588781966 1e-08
4.590133197 1.0201775146490724e-08
4.591484429 1.1404152183630183e-06
4.5928356599999995 1.0684716157979712e-06
4.5941868910000005 1e-08
4.595538123 1e-08
4.596889354 3.295873457229225e-08
4.598240586 1.7393960704664341e-06
4.599591817 3.668176325708265e-08
4.6009430490000005 1e-08
4.60229428 1e-08
4.603645512 2.3972452181166167e-07
4.604996743 3.652909928651066e-07
4.606347974 1.105812478572405e-08
4.607699206 1e-08
4.609050437 3.639063194240449e-08
4.610401669 5.2875642540138246e-06
4.611752900000001 8.580770524662422e-08
4.613104132 2.0922143388995397e-08
4.614455363 6.096311691797619e-07
4.6158065950000005 1.980460306820651e-06
4.617157826 6.909433556366588e-07
4.618509057 1.399532955954668e-08
4.619860289 9.574534100618826e-08
4.62121152 4.3316147142116155e-07
4.622562751999999 1.4701109135049206e-08
4.6239139830000004 1e-08
4.625265215000001 1.6802296596311055e-08
4.626616446 8.351175117254062e-07
4.627967677 1.209375922875226e-07
4.629318908999999 1e-08
4.63067014 1e-08
4.6320213720000005 1.2500317351555678e-07
4.633372603 5.908592468094477e-06
4.634723835 3.466168429345417e-08
4.636075066 1e-08
4.637426298 1.1366946831741527e-08
4.638777529 7.427394254444575e-07
4.64012876 5.374652380100462e-07
4.641479992 1.0076151361829316e-08
4.642831223 1e-08
4.644182455 3.757942404344266e-08
4.645533685999999 4.0311000721806565e-06
4.646884918 7.58331579782819e-08
4.648236149000001 1e-08
4.64958738 1e-08
4.650938612 1.873294701711993e-07
4.652289842999999 1.3515968655345734e-06
4.6536410749999995 1.794099673927031e-08
4.6549923060000005 1.5421107163975554e-07
4.656343538 9.471495083888102e-06
4.657694769 1.4576941550591895e-05
4.659046001 4.771635438921931e-07
4.660397232 1.2284446894998296e-08
4.661748463 9.850808625407688e-07
4.663099695 1.1194261901299257e-05
4.664450926000001 1.385449736515725e-05
4.665802158 7.214305944620874e-08
4.667153389 4.3958071583098985e-08
4.668504621 8.502475766429245e-06
4.6698558519999995 1.3561018211347618e-05
4.6712070830000005 2.124451068591666e-06
4.672558315 1.7543281396579473e-08
4.673909546 1.4293776153938916e-07
4.675260778 2.0602472304476105e-06
4.676612009 2.3922293700577362e-08
4.6779632410000005 1e-08
4.679314472 1.2237161109108426e-08
4.680665704 1.3282962316046467e-06
4.682016935 9.545824297104328e-07
4.683368166 1.0687302558852113e-08
4.684719398 1e-08
4.686070629 3.3420852866375584e-08
4.687421861 4.913821318957779e-06
4.688773092 1.614558986034387e-07
4.690124324 1e-08
4.691475555 1e-08
4.6928267869999996 1.5710992998213474e-07
4.694178018 9.799553713205633e-06
4.695529249 4.6811045772929726e-08
4.696880481 4.301309541427703e-08
4.698231712 2.865097877867951e-06
4.699582943999999 1.0706641230656157e-05
4.700934175 2.4645131038254925e-06
4.702285407000001 1.5851827077438498e-08
4.703636638 1e-08
4.704987869 1e-08
4.706339100999999 1e-08
4.707690332 1e-08
4.7090415640000005 1e-08
4.710392795 1e-08
4.711744027 4.286759813383671e-08
4.713095258 4.527637916934726e-06
4.71444649 9.396093822433141e-08
4.7157977209999995 2.3659537070672312e-08
4.717148952 2.6390476532824313e-06
4.718500184000001 1.2580356565774087e-05
4.719851415 7.515850652174594e-06
4.721202647 4.249179421400695e-08
4.722553877999999 7.777880618902343e-08
4.72390511 1.7513102862381756e-05
4.725256341000001 1.7599660289884352e-05
4.726607572 2.1873557289286818e-06
4.727958804 1.7619834574329947e-08
4.729310035 2.3925972289882063e-07
4.730661267 1.8323346122712797e-05
4.7320124980000005 8.924241146808988e-06
4.73336373 4.2486928279192425e-07
4.734714961 1.0301711279204232e-08
4.736066193 8.435593004629393e-07
4.737417424 2.1014765179606555e-05
4.738768654999999 1.0640154666130795e-05
4.740119887 5.3032858031052e-06
4.741471118000001 3.8230478446134365e-06
4.74282235 1.596846227268093e-05
4.744173581 1.2710001498440097e-05
4.745524813 2.901374559440283e-06
4.7468760439999995 5.5790103663804694e-08
4.748227276 2.8694701028938027e-08
4.749578507 4.475495755215943e-06
4.750929738 3.3554157896549633e-07
4.75228097 1e-08
4.753632201 1e-08
4.7549834330000005 6.387716691885291e-08
4.756334664 1.3204624767313814e-05
4.757685896 1.6235882716804362e-07
4.759037127 2.122875782109197e-08
4.760388358 2.2424553071819887e-06
4.76173959 1.5952996591724386e-05
4.763090821 1.8495850701244496e-05
4.764442053 8.08575847403133e-08
4.765793284 3.990473262235992e-08
4.767144516 6.36843346557898e-06
4.768495747 1.7768743537846984e-05
4.7698469789999995 6.7531079559891625e-06
4.77119821 3.9681396316211074e-08
4.772549441 8.033667946119626e-08
4.773900673 1.6982876915177985e-05
4.775251904 1.9053059843672564e-05
4.776603135999999 3.1847241280951926e-06
4.777954367 2.378745449622865e-08
4.779305599000001 1.1689005193202434e-07
4.78065683 1.3010360788111627e-05
4.782008061000001 6.8766509779676395e-06
4.783359293 7.272127225434667e-07
4.784710524 1.5108771585468997e-08
4.7860617560000005 2.5205886163209166e-07
4.787412987 2.2030998676189486e-05
4.788764219 1.2559412786584195e-05
4.79011545 4.604336125971249e-06
4.791466682 1.126042032890338e-06
4.7928179129999995 5.210528357425789e-06
4.7941691440000005 6.121910034255206e-06
4.795520376000001 3.503911052176976e-08
4.796871607 1e-08
4.798222839 1e-08
4.799574069999999 6.089165787616775e-07
4.800925302 4.4876646171979585e-06
4.802276533000001 2.662644644460572e-08
4.803627764 6.750646212256967e-08
4.804978996 4.338978862450486e-06
4.806330227 1.319754593116136e-05
4.807681459 3.4700434814309203e-06
4.80903269 2.1663644352468902e-08
4.810383922 1.1262783672625933e-07
4.811735153 9.3202621740476e-06
4.813086384999999 1.6758874105806113e-05
4.814437616 2.8841375094314956e-06
4.815788846999999 2.3480960558177005e-08
4.817140079 1.4861612684503995e-07
4.818491310000001 1.1533944089123423e-05
4.819842542 1.3672393814578743e-05
4.821193773 1.5380987641247151e-06
4.822545005 1.6294282340385627e-08
4.8238962359999995 2.2674675174984585e-07
4.825247468 2.2054085136494035e-05
4.826598699 2.1706517340093675e-05
4.82794993 1.8356710457313936e-06
4.829301162 1.6058118712647516e-08
4.830652393 2.666986361126926e-07
4.8320036250000005 2.6618864621182916e-05
4.833354856 1.932082312963561e-05
4.834706088 1.4885388480959366e-06
4.836057318999999 1.5785803770902834e-08
4.83740855 3.3311810482013675e-07
4.838759782 2.2172851786240148e-05
4.840111013 1.4948701239984088e-05
4.841462245 1.084845053345759e-05
4.842813476 7.383479172678116e-06
4.844164708 1.393880395186964e-05
4.845515939 2.7653904293246534e-05
4.8468671709999995 9.152257032513225e-06
4.8482184020000005 4.612123810043113e-06
4.849569633 4.000939672498168e-06
4.850920865 1.092464605447537e-05
4.852272096 4.084362914999511e-05
4.853623327999999 1.9790210323606857e-05
4.854974559 1.2983859118760974e-05
4.856325791000001 1.1318102736042515e-05
4.857677022 1.69641494107603e-05
4.859028253 3.4609786803237736e-05
4.860379485 1.294112933733585e-05
4.861730716 9.005262481538023e-06
4.863081948 1.5807963999934714e-05
4.864433179 2.2816514230698662e-05
4.865784411 3.8245114043959495e-05
4.867135642 2.693333607210552e-07
4.868486874 2.003775461170788e-08
4.8698381049999995 2.017447538793728e-06
4.8711893360000005 1.9977020775988554e-05
4.872540568000001 2.946999138376875e-05
4.873891799 1.4854224854020683e-05
4.875243031 9.331213729836044e-06
4.876594261999999 2.2627195053735518e-05
4.8779454939999995 3.6262404290140204e-05
4.879296725000001 3.8322717898858283e-05
4.880647956 2.1836013706909135e-05
4.881999188 1.2174709932907624e-05
4.883350419 2.236887788867282e-05
4.884701651 2.9921510863410677e-05
4.8860528819999995 2.477334395407781e-05
4.887404114 1.4088420410585886e-05
4.888755345 6.796181559455745e-06
4.890106576999999 1.8916689789630047e-05
4.891457808 3.7189541750776766e-05
4.892809038999999 2.7470277582453943e-05
4.894160271 1.307913941904015e-05
4.895511502000001 4.4362384627734435e-06
4.896862734 1.0557979374542601e-05
4.898213965 2.865297879888659e-05
4.899565197 1.379979347629405e-05
4.900916428 9.782071347008573e-06
4.902267660000001 9.705795883814629e-06
4.903618891 1.8156235258204638e-05
4.904970122 5.9010386189806065e-05
4.906321354 2.7078252317482528e-05
4.907672585 1.981225488362406e-05
4.9090238170000005 2.011845757709829e-05
4.910375048 2.5335581300176997e-05
4.91172628 4.62526053130909e-05
4.913077511 1.3681679910711294e-05
4.914428742 4.654597914498242e-06
4.915779974 6.82341193388921e-06
4.917131205 1.346874543465947e-05
4.918482437 2.9562695528551134e-05
4.919833668 1.2701691391396703e-06
4.9211849 1.1894191650625831e-08
4.922536131 4.155070108996244e-07
4.9238873629999995 2.2760004222020115e-05
4.9252385940000005 3.261631344073394e-05
4.926589825 2.4166184552068206e-05
4.927941057 8.588810709220106e-06
4.929292288 1.2469198884206842e-05
4.930643519999999 4.4503054881338397e-05
4.931994751 4.919281766319807e-05
4.933345983000001 2.6728068023299103e-05
4.934697214 5.414947095701588e-06
4.936048445 5.684717277774165e-06
4.937399677 2.1821468156492976e-05
4.938750908 2.9545027700677292e-05
4.94010214 2.7060950752337412e-05
4.941453371 1.0372220287579297e-05
4.942804603 7.855965376457366e-06
4.944155834 2.225448012317642e-05
4.945507066 3.743146642600349e-05
4.9468582969999995 2.3770755384320156e-05
4.9482095280000005 4.540496248547624e-07
4.949560760000001 1.3644426145056058e-08
4.950911991 1.462934627087543e-06
4.952263223 2.49063693218255e-05
4.953614453999999 1.517385991260049e-05
4.9549656859999995 1.173209577483129e-05
4.9563169170000005 9.903214891654093e-06
4.957668148 1.8997816383351066e-05
4.95901938 5.307651103921159e-05
4.960370611 2.232331708503513e-05
4.961721843 1.5109232769476173e-05
4.9630730739999995 1.3621450343079138e-05
4.964424306 1.8253562534777382e-05
4.965775537000001 4.223192149012292e-05
4.967126769 2.1498680856122495e-05
4.968478 1.1160977567332752e-05
4.969829230999999 1.578803823414394e-05
4.971180463 2.2823710113633e-05
4.972531694000001 3.603356775289099e-05
4.973882926 3.1189956347194025e-05
4.975234157 1.5550402278157185e-05
4.976585389 1.7558955031880395e-05
4.97793662 2.5606358967607204e-05
4.979287852000001 3.3212011717835896e-05
4.980639083 3.551363437531779e-05
4.981990314 1.4626444299946889e-05
4.983341545999999 1.1888392328427265e-05
4.984692777 2.2526424686796005e-05
4.986044009 3.716598220420934e-05
4.98739524 4.888484523410562e-05
4.988746472 1.900595062096366e-05
4.990097703 1.1484528001333569e-05
4.991448934 2.3128226610038805e-05
4.992800166 4.364415806108559e-05
4.9941513969999995 3.993915209944486e-05
4.995502629 2.8018216723067256e-05
4.99685386 1.7647047233040987e-05
4.998205092 2.47196431808041e-05
4.999556323 4.715210474883868e-05
5.0009075549999995 3.4791887648456534e-05
5.0022587860000005 2.6166245359689637e-05
5.003610017 1.5028666239008035e-05
5.004961249 1.5223756210193099e-05
5.006312479999999 3.41626067958478e-05
5.007663711999999 3.6866319422703425e-05
5.009014943 2.802437786252617e-05
5.010366175 1.8473428379719905e-05
5.011717406 1.2666755273498247e-05
5.013068637 2.520447367268025e-05
5.014419869 3.8839827840179415e-05
5.0157711 2.9474400963785973e-05
5.017122332 2.4700968110361748e-05
5.018473563 2.315169651955912e-05
5.019824795000001 2.864180164538765e-05
5.021176026 4.530680014935591e-05
5.022527258 1.7405477020356616e-05
5.0238784889999994 6.709381539055235e-06
5.0252297200000005 7.164486212304119e-06
5.026580952000001 9.312947520914116e-06
5.027932183 2.1079584986785256e-05
5.029283415 1.3472091839366015e-05
5.030634646 1.8621631058808431e-06
5.031985878 2.3337007552129806e-06
5.033337109 8.829594872334763e-06
5.034688341 1.78484276559874e-05
5.036039572 3.489121216232481e-05
5.037390803 1.264378233838796e-05
5.038742035 7.739056573717014e-06
5.0400932659999995 1.6636915415623523e-05
5.041444498 2.8030706736472053e-05
5.042795729000001 3.3805424953898106e-05
5.044146961 2.0216733294312734e-05
5.045498192 7.683122318650094e-06
5.046849422999999 1.1264368586614574e-05
5.048200655 2.3600404278628726e-05
5.049551886000001 2.4930682446304325e-05
5.050903118 2.4414707021683536e-05
5.052254349 1.1311394176945413e-05
5.053605581 9.64313159813713e-06
5.054956812 2.5004061232167143e-05
5.056308044000001 3.848433486351178e-05
5.057659275 3.575145628336992e-05
5.059010506 2.3340266486603858e-05
5.060361737999999 1.2940127292860629e-05
5.061712969 2.00231023432268e-05
5.063064201 3.5842519571773944e-05
5.064415432 2.481992204203023e-05
5.065766664 1.538958538488223e-05
5.067117895 6.078890125355418e-06
5.068469126 5.416049834084019e-06
5.069820358 1.988778202539813e-05
5.0711715889999995 3.188038608631255e-05
5.072522821 2.454673373246116e-05
5.073874052 1.9904635454004593e-05
5.075225284 1.6512739050413065e-05
5.076576515 2.4622604358154337e-05
5.0779277469999995 4.5976742685075584e-05
5.0792789780000005 2.3861411199952757e-05
5.080630209 1.6003158376769784e-05
5.081981441 1.7950190888789973e-05
5.083332671999999 2.1953356183560688e-05
5.084683904 3.216024548220287e-05
5.086035135 2.197300984856963e-05
5.087386367 6.664838769758997e-06
5.088737598 6.80754092578175e-06
5.090088829 1.3611735559343975e-05
5.091440061 2.3645724122210932e-05
5.092791292 4.32278933882949e-05
5.094142524 2.4187196843991733e-05
5.095493755000001 1.5143943214967198e-05
5.096844987000001 2.283728875402922e-05
5.098196218 3.237108046726164e-05
5.09954745 3.7606744616760726e-05
5.100898680999999 3.188163377390243e-05
5.102249912 1.6213969436371482e-05
5.103601144000001 1.606852330611624e-05
5.104952375 2.920417192204691e-05
5.106303607 3.6322561125316136e-05
5.107654838 3.729515223185149e-05
5.10900607 1.6961274361416363e-05
5.110357301 6.321948625211346e-06
5.111708533 1.4220615418924452e-05
5.113059764 3.344346957558463e-05
5.114410995 3.298804073805645e-05
5.115762227 2.8740577867101585e-05
5.1171134579999995 1.5621010745539964e-05
5.11846469 1.3417962585531844e-05
5.119815921000001 2.8043808928970936e-05
5.121167153 3.856566515902794e-05
5.122518384 3.303515866346976e-05
5.123869614999999 2.190866518674345e-05
5.125220847 1.222673811873402e-05
5.126572078000001 1.6506887066048597e-05
5.12792331 3.126952950998699e-05
5.129274541 2.0015729374036713e-05
5.130625772999999 1.0531803370032636e-05
5.131977004 1.7034106204107177e-07
5.1333282360000005 1.3288781826185366e-08
5.134679467 9.523419211385925e-07
5.136030698 2.9014540221177447e-05
5.137381929999999 1.3266465047508459e-05
5.138733161 8.41459004463621e-06
5.140084393 8.213048971751675e-06
5.141435624 1.1475988656074542e-05
5.142786856 2.5371250745776886e-05
5.144138087 2.4554928411311634e-05
5.145489318 1.2148401536785456e-05
5.14684055 1.1981893410688008e-05
5.148191781 1.6788783695292786e-05
5.149543013000001 2.5860369061325e-05
5.150894244 4.095995181502871e-05
5.152245476 2.5077498585687304e-05
5.153596706999999 1.3472701863817698e-05
5.1549479389999995 1.950581959025355e-05
5.1562991700000005 2.8456587366282433e-05
5.157650401 3.824966281164644e-05
5.159001633 4.5827110876699905e-05
5.160352864 2.7249940821721303e-05
5.161704096 2.1145876285055777e-05
5.163055327 2.8863504926727682e-05
5.164406559 3.596749983772304e-05
5.16575779 3.879076910949495e-05
5.167109021 2.744481156756022e-05
5.168460253 1.2356177211029901e-05
5.169811484 1.2387410712711025e-05
5.1711627159999995 2.2361927698240813e-05
5.172513947000001 2.654311190216943e-05
5.173865179000001 2.5589623926565966e-05
5.17521641 1.3514314995870221e-05
5.176567642 5.896604965550025e-06
5.177918872999999 1.2313069690598799e-05
5.179270104 3.4720869963685806e-05
5.180621336 3.2441965757252886e-05
5.181972567 2.8496095687017307e-05
5.183323799 1.7970199217704588e-05
5.18467503 1.2726860969657472e-05
5.186026262 2.5543012147879432e-05
5.187377493 4.379604153277567e-05
5.188728725 3.6789547934045104e-05
5.190079956 3.020651384484966e-05
5.191431187 2.3232042221850816e-05
5.192782419 2.2426785685442028e-05
5.1941336499999995 3.497046695078464e-05
5.195484882 3.6368243369820744e-05
5.196836113000001 1.890768509361898e-05
5.198187345 1.1840916822467805e-05
5.199538576 8.431624681627868e-06
5.200889806999999 1.1621092506486093e-05
5.202241039 2.7212920474140942e-05
5.20359227 2.7897709027245896e-05
5.204943502 1.738030374820364e-05
5.206294733 1.7567727416652703e-05
5.207645964999999 2.2048755344819393e-05
5.208997196 3.068721161338586e-05
5.2103484280000005 4.6279846003495294e-05
5.211699659 2.5671678539466997e-05
5.213050890000001 1.2068685231409172e-05
5.214402122 1.4254333310541635e-05
5.215753353 1.9060999423360447e-05
5.217104585 2.7091819285446006e-05
5.218455816 5.116072714191296e-05
5.219807048 1.75296655004864e-05
5.221158279 8.464994390347122e-06
5.22250951 1.6429514996554396e-05
5.223860742 3.4633681930617096e-05
5.225211973 4.660844026304536e-05
5.226563205000001 5.006785442908455e-05
5.227914436 2.514585245020533e-05
5.229265668 1.8323810061431938e-05
5.230616898999999 2.7543610913794287e-05
5.2319681309999995 3.732071146760121e-05
5.2333193620000005 3.7939681632701106e-05
5.234670593 3.511926837343137e-05
5.236021825 1.818419724033398e-05
5.237373056 1.5593205780884033e-05
5.238724288 2.8947986931440258e-05
5.240075519 4.0756020513224346e-05
5.241426751 3.6911521232231604e-05
5.242777982 2.8274644707936956e-05
5.244129213 1.7260942846770155e-05
5.245480445 1.7707623593611436e-05
5.246831676 3.3207863950377285e-05
5.2481829079999995 4.221680206774182e-05
5.2495341390000005 3.627626493782697e-05
5.250885371000001 3.0716520210152755e-05
5.252236602 2.567453159720383e-05
5.253587834 3.085140311000561e-05
5.254939064999999 5.222814345388932e-05
5.256290296 5.232260664407728e-05
5.257641528 3.955376338065757e-05
5.258992759 3.231077405173178e-05
5.260343991 2.722733257441341e-05
5.261695222 3.3176855411000336e-05
5.263046454 5.2616558419608825e-05
5.264397685 4.460326953040763e-05
5.265748917 3.0234929922330934e-05
5.267100148000001 2.4750258630145554e-05
5.268451379 2.187253583751827e-05
5.269802611 2.7777130840789915e-05
5.2711538419999995 4.934170935707751e-05
5.272505074 2.993423887124936e-05
5.273856305000001 1.5550927208025154e-05
5.275207537 1.5227896557247732e-05
5.276558768 1.828033529740092e-05
5.277909999 2.5564665561113144e-05
5.279261231 4.2237717972668395e-05
5.280612462 2.4868030003811515e-05
5.281963694 1.250304659990005e-05
5.283314925 1.5311677707142916e-05
5.284666156999999 2.7536969687295225e-05
5.286017388 4.287972845860132e-05
5.2873686200000005 5.575630486087988e-05
5.288719851 2.955936437469369e-05
5.290071082000001 1.8187949875336326e-05
5.291422314 2.398780229419186e-05
5.292773545 3.828374185798312e-05
5.294124777 4.285294282052887e-05
5.295476008 4.4073849624454304e-05
5.29682724 2.480363093451453e-05
5.298178471 1.2024751616422144e-05
5.299529702 1.707174607090342e-05
5.300880933999999 3.4537008515053596e-05
5.302232165 3.9473058725375684e-05
5.303583397000001 3.680372028693733e-05
5.304934628 2.3714107348946298e-05
5.30628586 1.4647812254130245e-05
5.307637090999999 2.210419863923482e-05
5.3089883229999995 4.652891579639165e-05
5.3103395540000005 4.821446839551875e-05
5.311690785 4.466761904427098e-05
5.313042017 3.590239298143491e-05
5.314393248 2.7445569721995586e-05
5.31574448 3.374723713888432e-05
5.317095711 5.2631530761872425e-05
5.318446943 4.509500788390542e-05
5.319798174 3.351258610558666e-05
5.321149405 2.4260687444310178e-05
5.322500637 1.7272070676527547e-05
5.323851867999999 2.2707562942246574e-05
5.3252030999999995 4.5209704737734736e-05
5.3265543310000005 4.1165560252639735e-05
5.327905563 2.945102292311033e-05
5.329256794 2.592611449026134e-05
5.330608026 2.5229783136310383e-05
5.331959257 3.184789657164358e-05
5.333310488 5.024506098769884e-05
5.33466172 4.7767401884875495e-05
5.336012951 3.258386313572868e-05
5.337364183 2.708330507585051e-05
5.338715414 2.5951551382521007e-05
5.340066646 2.864134707591216e-05
5.341417877 3.769865477580273e-05
5.342769109 2.7575794522223013e-05
5.344120340000001 9.565935522545415e-06
5.345471571 6.879704670074736e-06
5.346822803 1.1871011075149899e-05
5.3481740339999995 1.898732024450573e-05
5.349525266 2.759401826262452e-05
5.350876497 1.6134330830585452e-05
5.352227729 1.228627253907798e-06
5.35357896 4.2879801785474643e-07
5.354930191 3.989092912241996e-06
5.356281423 2.2101256425285008e-05
5.357632654 2.80772357616494e-05
5.358983886 2.670574083906508e-05
5.360335117 5.265381900782412e-06
5.361686348999999 1.8354461920683154e-06
5.36303758 7.09444115145343e-06
5.3643888120000005 2.441771419863289e-05
5.365740043 2.3602732282817597e-05
5.367091274000001 2.3064831809464564e-05
5.368442506 1.0737853231718023e-05
5.369793737 5.00285435995644e-06
5.371144969 1.359809574129384e-05
5.3724962 4.9581629783061054e-05
5.373847432 4.103261361404952e-05
5.375198663 3.2403369810856296e-05
5.376549894 1.023305065128e-05
5.377901125999999 3.3163612618375704e-06
5.379252357 7.595713449707028e-06
5.380603589000001 3.257662805407612e-05
5.38195482 3.142115093284405e-05
5.383306052 2.4565288178784204e-05
5.384657282999999 1.9067801141554405e-05
5.386008515 1.4559238285065904e-05
5.3873597460000004 1.980864868971292e-05
5.388710977 4.239353897526958e-05
5.390062209 5.056786863160609e-05
5.39141344 4.007667602947281e-05
5.392764672 3.293446894495923e-05
5.394115903 2.6606979566957848e-05
5.395467135 2.6013734479076445e-05
5.396818366000001 3.498125430606528e-05
5.398169598000001 3.85719021871176e-05
5.399520829 2.2503362707543905e-05
5.400872059999999 1.6459274475576202e-05
5.4022232919999995 2.0678916513882983e-05
5.4035745230000005 2.6281871423746627e-05
5.404925755 3.60508295952858e-05
5.406276986 5.706248776249999e-05
5.407628218 2.1306643280984116e-05
5.408979449 9.808645292160782e-06
5.41033068 1.2830142133821484e-05
5.411681912 1.7242915105912642e-05
5.413033143 2.552623975831096e-05
5.414384375 4.835894906356037e-05
5.415735606 3.172211569562065e-05
5.417086838 2.143386985139446e-05
5.418438069 2.6114554926876885e-05
5.419789301 4.042307766506416e-05
5.421140532000001 5.031922928860884e-05
5.422491763 5.5902465727654746e-05
5.423842995 4.16713633241222e-05
5.4251942259999995 2.052283907315262e-05
5.426545458 1.6983993422229884e-05
5.427896689 2.895092788319231e-05
5.429247921 4.845480323009402e-05
5.430599152 5.380331942236762e-05
5.431950383 4.8502993356872444e-05
5.433301615 2.2679345694568644e-05
5.434652846 1.3588859019413495e-05
5.436004078 2.314153047364087e-05
5.437355309 5.637930772199852e-05
5.438706540999999 4.8755855038869226e-05
5.440057772 4.6698768856189306e-05
5.4414090040000005 3.382599100685555e-05
5.442760235 2.686339913519208e-05
5.444111466000001 3.3275060639777775e-05
5.445462698 5.385643107262465e-05
5.446813929 6.02037229362781e-05
5.4481651609999995 4.4994498221572955e-05
5.4495163920000005 2.8316959073749313e-05
5.450867624000001 2.0462629326315295e-05
5.452218855 2.1830487653367983e-05
5.453570086 4.117695017452146e-05
5.454921317999999 8.508616831234649e-05
5.456272549 5.95069464437176e-05
5.457623781000001 4.4792364185145305e-05
5.458975012 3.5696297529102774e-05
5.460326244 3.116750398320217e-05
5.461677475 4.245346717879195e-05
5.463028707 8.100718117405896e-05
5.464379938 4.3089043650035525e-05
5.465731169 2.9402158498078188e-05
5.467082401 2.728499455112857e-05
5.468433632 2.7579458705911903e-05
5.469784864 3.45742577376223e-05
5.471136094999999 5.296424454594416e-05
5.472487327 5.283513755343899e-05
5.473838558000001 3.446109486647514e-05
5.47518979 2.8579951525261482e-05
5.476541021 3.175402579347363e-05
5.477892251999999 3.948056665516112e-05
5.4792434839999995 5.431750370608927e-05
5.4805947150000005 7.655162464737573e-05
5.481945947 3.167945065358141e-05
5.483297178 1.910220300169157e-05
5.48464841 2.5190655217239092e-05
5.485999641 3.742918344081237e-05
5.487350872 4.9477418222436684e-05
5.488702104 5.976154304277552e-05
5.490053335 4.067859657434216e-05
5.491404567 2.5437857000800803e-05
5.492755798 2.4662547217829588e-05
5.49410703 3.8162247673963015e-05
5.495458261 6.786594292477223e-05
5.496809493 8.071506026649168e-05
5.498160724 7.446746699623194e-05
5.499511955 4.066512294868938e-05
5.500863187 2.904331487512419e-05
5.502214417999999 3.94355476718674e-05
5.50356565 7.514255820006123e-05
5.504916881 9.10096957394874e-05
5.506268113 8.682033637977948e-05
5.507619344 4.663708425343968e-05
5.508970575 3.385341470230424e-05
5.510321807 3.5171236962798985e-05
5.511673038 5.0361140542594084e-05
5.51302427 8.163818965460334e-05
5.514375501000001 7.059612729365617e-05
5.515726733 5.029909771088418e-05
5.517077964 3.0317334164634228e-05
5.5184291960000005 2.22788207055541e-05
5.519780427 3.4525192913225954e-05
5.521131658 7.645732299440867e-05
5.52248289 6.571844523172426e-05
5.523834121 4.8287202533900404e-05
5.5251853529999995 2.841711777756483e-05
5.5265365840000005 1.9967144316897547e-05
5.527887816000001 2.143685903247279e-05
5.529239047 3.7547364825375786e-05
5.530590278 7.515342547324301e-05
5.531941509999999 4.674993717900356e-05
5.533292741 3.4076153386419936e-05
5.5346439730000005 3.482252292739088e-05
5.535995204 3.558513937592255e-05
5.537346436 5.4504248754017403e-05
5.538697667 9.4071011832755e-05
5.540048899 7.721778404562973e-05
5.54140013 5.366505944236857e-05
5.542751361 4.962136667237503e-05
5.544102593 5.6320004634320755e-05
5.545453824 6.717152933774608e-05
5.546805056 8.840376244151348e-05
5.548156286999999 0.00010119813724265245
5.549507519 5.47581920539713e-05
5.550858750000001 4.163115836744353e-05
5.552209982 4.65444243295302e-05
5.553561213 6.024054054598269e-05
5.554912443999999 8.473475517571023e-05
5.5562636759999995 0.00010708999033554651
5.5576149070000005 8.507384691904034e-05
5.558966139 5.016596926272613e-05
5.56031737 4.210696625708394e-05
5.561668602 5.9686730100093315e-05
5.563019833 9.254830805339003e-05
5.564371064 0.0001031966153807342
5.565722296 0.00011519534882074446
5.567073527 6.0184289104493436e-05
5.568424759000001 3.91205347117164e-05
5.56977599 4.2511563587518525e-05
5.571127222 6.5270460239849e-05
5.5724784529999996 0.00010227106220043565
5.573829685 0.00010577348921924779
5.575180916 9.329796859449722e-05
5.576532147 6.82254008406956e-05
5.577883379 5.5196251435668494e-05
5.57923461 8.094335468866336e-05
5.5805858420000005 0.0001287947313395096
5.581937073 0.00012848750136865573
5.583288305 0.00011409142319556402
5.584639536 7.56292379403051e-05
5.585990767 5.078869808525604e-05
5.587341999 4.804547683900414e-05
5.58869323 7.322920203835626e-05
5.590044462 0.00012568440490342192
5.591395693000001 9.953141649263329e-05
5.592746925 8.158468496190219e-05
5.594098156 6.588815971226712e-05
5.595449388 5.716645302354578e-05
5.596800619 7.123053228505705e-05
5.59815185 0.00010651491152772826
5.599503082 0.00011623028636617462
5.600854313 8.889177966341988e-05
5.6022055449999995 7.185342697962808e-05
5.6035567760000005 6.423829142242065e-05
5.604908008000001 6.047599629585769e-05
