microns transmission
1.3845671689999999 1e-08
1.386175261 4.885620273623623e-07
1.387783353 3.557258462856689e-06
1.389391445 9.872937464083673e-08
1.390999537 1e-08
1.392607629 1e-08
1.3942157210000001 3.3859643035618307e-08
1.395823813 1.2291212840749964e-06
1.397431905 1.0984271234967311e-07
1.399039997 1.517583835410197e-06
1.400648089 3.274434651231561e-06
1.402256181 2.5001707006477674e-06
1.403864273 2.4334599732333242e-08
1.405472365 1.3135169091387115e-08
1.407080457 2.7165737097775273e-06
1.408688549 1.0265174682121086e-05
1.410296641 5.822887526507977e-06
1.411904732 5.785505774430293e-07
1.413512824 5.383266884220592e-06
1.415120916 8.085539000909592e-06
1.4167290080000001 7.271317499737776e-06
1.4183371 6.3571202389986286e-06
1.419945192 5.043719416802378e-06
1.421553284 7.1264073618203785e-06
1.423161376 3.0789339913948046e-06
1.424769468 4.071453220557421e-06
1.42637756 6.748790814947928e-06
1.427985652 8.075555744001504e-06
1.429593744 3.6930606219618576e-06
1.431201836 1.2951458120666566e-07
1.432809928 1.3038131100560847e-07
1.43441802 1.9671064462209113e-06
1.436026112 1.2330082123762796e-06
1.4376342039999999 1.8952519288660397e-06
1.439242296 2.6409300512308125e-06
1.440850388 2.286462001728713e-06
1.44245848 3.6639268445590605e-06
1.444066571 1.0403788261646576e-05
1.445674663 9.737817580044739e-06
1.447282755 6.468109056117878e-06
1.448890847 9.067293273849903e-07
1.450498939 1.3766010485604854e-07
1.452107031 7.794574970295532e-06
1.453715123 1.3482701402168621e-05
1.455323215 1.5852966854678767e-06
1.456931307 2.525507617015598e-06
1.458539399 2.171989947358693e-06
1.4601474909999999 2.026216677045498e-06
1.461755583 8.604133465985611e-06
1.463363675 1.213395045337889e-05
1.464971767 9.315731873101507e-06
1.4665798589999999 5.613277785078444e-06
1.4681879510000002 6.1413478604482206e-06
1.469796043 8.032147001537294e-06
1.471404135 4.722534231545283e-06
1.473012227 5.4846889912068935e-06
1.474620319 8.497207916688525e-06
1.47622841 8.58947221702619e-06
1.4778365020000002 1.1263056889800778e-05
1.479444594 8.246440460153214e-06
1.481052686 5.693008827992542e-06
1.4826607779999998 1.7094051176616286e-06
1.4842688700000002 4.171927907734572e-06
1.485876962 5.119478756729167e-06
1.487485054 6.853461675152256e-06
1.4890931459999999 4.964491488213889e-06
1.4907012380000002 1.8722420906038822e-06
1.49230933 1.8030801084228777e-07
1.493917422 3.1024107207027075e-06
1.495525514 5.884859446157429e-06
1.497133606 4.091129307296844e-06
1.4987416980000001 3.1396979687040047e-07
1.50034979 1.3858783691128965e-08
1.501957882 3.3566276222251848e-06
1.503565974 4.761132658445977e-06
1.5051740660000001 2.1861133725903493e-06
1.506782158 1.583957356960359e-06
1.508390249 1.0443828896358735e-06
1.509998341 3.157156339910131e-08
1.5116064329999999 1.0065041140245345e-07
1.5132145250000002 1.0031752136308521e-07
1.514822617 1e-08
1.516430709 2.1437763502429405e-08
1.5180388009999999 3.038262531171206e-07
1.519646893 1e-08
1.5212549850000001 1e-08
1.522863077 1e-08
1.524471169 5.284655236452569e-07
1.526079261 1.8279646442619608e-06
1.5276873530000001 4.081633455816462e-06
1.529295445 1.6928809999424666e-06
1.530903537 4.6909252896582353e-07
1.532511629 6.229074016746158e-07
1.534119721 3.1619998449229663e-06
1.535727813 3.341005613815636e-06
1.537335905 3.360563853748158e-06
1.538943997 2.9554016707774183e-06
1.5405520879999999 7.383897323789726e-07
1.54216018 1.4948947234579155e-07
1.543768272 3.2412993328924194e-06
1.545376364 4.1216170126859475e-06
1.546984456 7.3211636028738e-06
1.548592548 8.935033615543473e-06
1.5502006400000001 1.227616580328548e-05
1.551808732 1.5092623129223714e-05
1.553416824 1.907826841445069e-05
1.555024916 2.2888711702556774e-05
1.556633008 2.6618678022681482e-05
1.5582411 2.9208277506818752e-05
1.559849192 3.2625635053907864e-05
1.561457284 4.276870450487806e-05
1.563065376 5.893786452682165e-05
1.564673468 7.639126525733272e-05
1.56628156 0.00010015154975323062
1.567889652 0.00013548159898617572
1.569497744 0.00018274234298327905
1.5711058359999999 0.00024227230603163414
1.5727139270000001 0.00030883905486078225
1.574322019 0.0003862298741326369
1.575930111 0.00047648039205863945
1.577538203 0.000573565622273269
1.579146295 0.0006672536626459946
1.580754387 0.0007492329918484813
1.582362479 0.0007976825774025393
1.583970571 0.0008281129933326259
1.585578663 0.0008475884813214907
1.5871867549999998 0.0008601282641067215
1.588794847 0.0008697423219386819
1.590402939 0.0008799030866364478
1.592011031 0.0008725493058961111
1.5936191229999999 0.0008623016788941164
1.595227215 0.0008517261699049557
1.596835307 0.0008426905832989888
1.598443399 0.0008369481228407353
1.6000514909999999 0.0008375570393313208
1.6016595830000002 0.0008400701757078495
1.6032676750000001 0.0008453588758573793
1.604875767 0.0008511813875356735
1.606483858 0.0008573887745147301
1.60809195 0.0008672889773964155
1.6097000419999998 0.0008840062938586691
1.6113081340000002 0.000903758881859388
1.612916226 0.0009228734145849976
1.614524318 0.0009407802744883493
1.6161324099999999 0.0009601095944975446
1.6177405020000002 0.0009806725910641394
1.619348594 0.0009990999184863803
1.620956686 0.0010174567404565716
1.6225647779999999 0.0010350337724572372
1.6241728700000002 0.0010473868024330536
1.625780962 0.0010576635768555704
1.627389054 0.0010678433296127123
1.628997146 0.0010793422675148372
1.630605238 0.0010919174566156734
1.6322133300000001 0.0011003256324529178
1.633821422 0.0011028165958476021
1.635429514 0.0011058341478260452
1.637037606 0.0011093678374134324
1.6386456969999998 0.0011120344482719547
1.6402537890000002 0.0011155959577125278
1.641861881 0.001116042421982253
1.643469973 0.0011179229883135665
1.6450780649999999 0.0011228399532451892
1.646686157 0.001126738399740706
1.648294249 0.0011243233560514548
1.649902341 0.0011227286143993
1.6515104329999999 0.001122812782416261
1.653118525 0.0011230373526758548
1.6547266170000001 0.001125811756983231
1.656334709 0.0011266397670284321
1.657942801 0.0011264172795351728
1.659550893 0.0011268332589492473
1.661158985 0.001124718231951285
1.662767077 0.00112331482369295
1.664375169 0.001124862240336652
1.665983261 0.0011316426244638138
1.667591353 0.0011288297142103287
1.669199445 0.001121756685943246
1.670807536 0.0011127583587678285
1.672415628 0.001104116286262448
1.6740237199999999 0.0010973463578005465
1.675631812 0.0010903267483575512
1.6772399040000001 0.0010837962491344816
1.678847996 0.0010787498791235122
1.680456088 0.0010708104114986322
1.68206418 0.0010600561665595897
1.683672272 0.0010481090486617057
1.685280364 0.001037982270944014
1.686888456 0.0010275499077567014
1.688496548 0.0010199433838914635
1.69010464 0.0010151147143724027
1.691712732 0.001010678071328131
1.693320824 0.0010081613948675456
1.694928916 0.001006511759102519
1.696537008 0.0010052764454186083
1.6981450999999999 0.0010001880438975676
1.699753192 0.0009919584887111096
1.701361284 0.0009808390355138823
1.702969375 0.0009664368120280188
1.704577467 0.0009561591227853455
1.706185559 0.0009455361359859228
1.707793651 0.000933973319476149
1.709401743 0.0009256313076414908
1.711009835 0.0009155312056320016
1.712617927 0.0009053038168485434
1.714226019 0.0008970862154421259
1.715834111 0.0009029363923258534
1.717442203 0.0009122459080412626
1.719050295 0.000922884116998554
1.7206583869999998 0.0009339752373585303
1.722266479 0.0009419762721689233
1.723874571 0.0009474458264995905
1.725482663 0.0009507705567609443
1.7270907549999999 0.0009522836933642094
1.728698847 0.0009523673884652857
1.730306939 0.0009507055973852689
1.731915031 0.0009482505845730493
1.7335231229999999 0.0009439860271413873
1.735131214 0.0009376324767571377
1.736739306 0.0009280457828752808
1.7383473980000002 0.0009145856719890176
1.73995549 0.0008989448038917431
1.741563582 0.0008889424271700486
1.7431716739999998 0.0008810347239480704
1.7447797660000002 0.0008740734296259817
1.746387858 0.000866618580184747
1.74799595 0.0008642078808084151
1.7496040419999999 0.0008661697367421604
1.7512121340000002 0.0008751568624109659
1.752820226 0.0008899306560562555
1.754428318 0.000906811277458126
1.7560364099999999 0.0009248570872101936
1.757644502 0.0009471875331091761
1.7592525940000001 0.0009664400461025329
1.760860686 0.0009785116296527202
1.762468778 0.0009756939184731987
1.76407687 0.000962931159971279
1.7656849620000001 0.0009382551422913821
1.7672930530000002 0.000894521060671047
1.768901145 0.0008474526675304476
1.770509237 0.000798235680247397
1.7721173289999999 0.00074508615108134
1.7737254210000002 0.0006923389452677605
1.775333513 0.0006398164038024904
1.776941605 0.0005872784188448864
1.7785496969999999 0.0005382572858358589
1.780157789 0.0004928201265698847
1.781765881 0.0004470840419782527
1.783373973 0.00040397088344827083
1.784982065 0.0003631324707579042
1.786590157 0.00032490597760454756
1.7881982490000001 0.00028936930498514574
1.789806341 0.0002551785139910467
1.791414433 0.00022703242362196686
1.793022525 0.00020151218105002926
1.794630617 0.00017455518055416858
1.796238709 0.00015110328598260753
1.797846801 0.000131300855946997
1.799454893 0.00011822094533971386
1.8010629839999999 0.0001071794222908067
1.802671076 9.780219697800102e-05
1.804279168 8.54753281572267e-05
1.80588726 7.346038401608902e-05
1.8074953519999999 6.179275206903927e-05
1.809103444 5.4312497120743616e-05
1.8107115360000001 4.662172637183847e-05
1.812319628 3.7489831421067904e-05
1.81392772 3.0574843496685085e-05
1.815535812 2.525611666386578e-05
1.817143904 2.182190370832121e-05
1.818751996 1.9938121457864997e-05
1.820360088 1.8935033304948335e-05
1.82196818 1.613088313473613e-05
1.823576272 1.3658274630341385e-05
1.825184364 1.3005306638156278e-05
1.826792456 1.5020945373525521e-05
1.828400548 1.803023412403978e-05
1.83000864 1.4285719974212976e-05
1.8316167319999999 1.2522398334246508e-05
1.8332248230000001 1.1978032489455987e-05
1.834832915 1.165953405696965e-05
1.836441007 1.272771555912559e-05
1.838049099 1.1350319287134465e-05
1.839657191 6.922057551061623e-06
1.841265283 6.182232350644427e-06
1.842873375 6.44970544594683e-06
1.844481467 6.688717039871648e-06
1.846089559 6.890918442540702e-06
1.847697651 6.453563868508749e-06
1.849305743 6.139479580955142e-06
1.850913835 6.956970014597802e-06
1.852521927 7.206243573941264e-06
1.8541300189999999 8.801973397088693e-06
1.855738111 1.1131888270045526e-05
1.857346203 1.2053051888002504e-05
1.858954295 9.599211583470515e-06
1.8605623869999999 6.639259825471804e-06
1.862170479 7.108528644205765e-06
1.863778571 9.14997140548956e-06
1.865386662 8.877827705156066e-06
1.866994754 7.3764765236793485e-06
1.868602846 6.279831107602198e-06
1.870210938 5.104181635491425e-06
1.8718190300000002 3.4075345657275622e-06
1.873427122 2.7200224611979858e-06
1.875035214 3.836534132447094e-06
1.8766433059999998 5.175526380302236e-06
1.8782513980000002 6.743933455073043e-06
1.87985949 7.991596016192994e-06
1.881467582 1.090977474478484e-05
1.8830756739999999 1.1616494089353656e-05
1.8846837660000002 9.047840514677173e-06
1.886291858 7.949874745841325e-06
1.88789995 8.564498444877715e-06
1.8895080419999999 9.583275427523848e-06
1.891116134 9.52190663252546e-06
1.8927242260000001 9.44626442923978e-06
1.894332318 9.36651525502768e-06
1.89594041 8.690315965820558e-06
1.897548501 7.992096120742314e-06
1.8991565929999998 8.554695267557456e-06
1.9007646850000002 1.0198803096076882e-05
1.902372777 1.2137441214717423e-05
1.903980869 1.2567637420324851e-05
1.9055889609999999 1.0687439865352176e-05
1.9071970530000002 8.559485411272911e-06
1.908805145 6.957651830903806e-06
1.910413237 6.270652721005179e-06
1.9120213289999999 6.08179569434201e-06
1.913629421 7.281488812070501e-06
1.9152375130000001 8.78522507049252e-06
1.916845605 9.979091772650488e-06
1.918453697 1.1801781841880613e-05
1.920061789 1.3889422889852866e-05
1.9216698810000001 1.4033567125887247e-05
1.923277973 1.4912897417915847e-05
1.924886065 1.3999990897669262e-05
1.926494157 1.0614953761481355e-05
1.928102249 1.1414618001948408e-05
1.9297103400000002 1.148009851522269e-05
1.931318432 1.007167122235941e-05
1.932926524 8.47707905986037e-06
1.9345346159999999 7.292768498119778e-06
1.936142708 4.5396423701639024e-06
1.9377508 4.764316406068535e-06
1.939358892 4.452237055687866e-06
1.940966984 3.845304958753312e-06
1.942575076 2.6446603566868777e-06
1.9441831680000001 1.7524395574848245e-06
1.94579126 1.0899217738917769e-06
1.947399352 1.5452249602083523e-06
1.949007444 4.225763885409774e-06
1.950615536 6.030622263586566e-06
1.952223628 8.266658105403093e-06
1.95383172 9.829476807434354e-06
1.955439812 8.511564054859532e-06
1.957047904 5.644358062315905e-06
1.958655996 2.417680739303878e-06
1.960264088 5.605046602684918e-07
1.961872179 9.412030318463002e-08
1.9634802709999999 4.890118461131875e-07
1.965088363 1.338208285285224e-06
1.9666964550000001 2.0562979699750614e-06
1.968304547 2.2803958986148447e-06
1.969912639 1.9550636443441994e-06
1.971520731 1.848609906905287e-07
1.973128823 2.122082474040331e-06
1.974736915 3.5827591786392005e-06
1.976345007 5.107636383945848e-06
1.977953099 5.161904966778103e-06
1.979561191 4.864352416498145e-06
1.981169283 4.583454652292315e-06
1.982777375 4.526516348920081e-06
1.984385467 3.6620828364370297e-06
1.985993559 4.333356557108443e-06
1.9876016509999999 5.867632955700555e-06
1.989209743 7.365334774251278e-06
1.990817835 9.156377968125075e-06
1.992425927 7.847879426417921e-06
1.9940340189999999 6.427172236529575e-06
1.99564211 5.189686995094302e-06
1.997250202 3.800398232172639e-06
1.998858294 1.9859441376915798e-06
2.0004663860000003 1.2685357941264038e-06
2.002074478 3.088971615275854e-07
2.00368257 6.008483513366539e-07
2.005290662 1.0772724041510996e-06
2.006898754 1.8845725810701459e-06
2.008506846 2.7666114572452858e-06
2.010114938 3.656002282125977e-06
2.01172303 3.619793018728693e-06
2.013331122 2.469010907648077e-06
2.014939214 1.2090927118561717e-06
2.016547306 6.103966504378272e-07
2.018155398 3.0112492926756037e-07
2.01976349 7.443545882377808e-08
2.021371582 1.4819071640532078e-08
2.022979674 1e-08
2.0245877660000002 1e-08
2.026195858 1e-08
2.027803949 1e-08
2.029412041 3.598064383650529e-08
2.031020133 8.710905255135747e-07
2.032628225 2.249472852677539e-06
2.034236317 1.7167794179797196e-06
2.035844409 7.686899608913628e-07
2.037452501 3.7050409398016685e-07
2.039060593 3.894688895399669e-07
2.040668685 8.147212762401104e-07
2.042276777 1.1114821329243332e-06
2.0438848689999998 1.1954254677075073e-06
2.045492961 1.423702215023552e-06
2.047101053 1.7733867472960788e-06
2.0487091449999997 1.61391411622996e-06
2.0503172370000002 1.2726288867188987e-06
2.0519253290000004 1.8604888739537246e-06
2.053533421 4.051469529269673e-06
2.055141513 5.5161766006033065e-06
2.056749605 6.854796547971551e-06
2.058357697 7.022007009572414e-06
2.059965788 6.276352007656566e-06
2.06157388 5.2753578682050146e-06
2.0631819719999998 4.248169342105069e-06
2.064790064 4.164255174732671e-06
2.066398156 5.275141883826755e-06
2.068006248 8.396949714023407e-06
2.06961434 9.798191552952357e-06
2.071222432 6.123672880025119e-06
2.072830524 3.892659254012833e-06
2.074438616 3.613040516618993e-06
2.076046708 4.723143931073723e-06
2.0776548 6.043021283410194e-06
2.079262892 7.3900385823058026e-06
2.080870984 8.667694369777582e-06
2.0824790760000003 9.079859832755789e-06
2.084087168 1.0715352879117294e-05
2.08569526 9.554801331038256e-06
2.0873033519999997 8.770095896398484e-06
2.088911444 8.633004119880181e-06
2.090519536 8.540168650961451e-06
2.092127627 7.689651330324075e-06
2.0937357189999997 7.026630943171077e-06
2.0953438110000002 3.888808524498059e-06
2.0969519030000003 2.1344422672250896e-06
2.098559995 2.864369518947421e-06
2.100168087 5.495740266672727e-06
2.101776179 6.731316631102324e-06
2.103384271 6.1847918098872525e-06
2.104992363 4.713893235313783e-06
2.1066004549999997 3.242246531759856e-06
2.1082085470000003 2.649327664052443e-06
2.109816639 3.1796936117740446e-06
2.111424731 3.562560166895797e-06
2.113032823 2.9326290959372977e-06
2.114640915 2.4733185214113487e-06
2.116249007 2.4576847721443505e-06
2.1178570989999996 3.13290475689971e-06
2.1194651909999997 2.869887956781608e-06
2.1210732830000003 3.3944262052847027e-06
2.122681375 3.984565604508532e-06
2.124289466 4.653485547260546e-06
2.125897558 4.388165952896948e-06
2.1275056500000002 3.734871329452484e-06
2.129113742 3.5472629387230823e-06
2.130721834 3.985488772518708e-06
2.1323299259999997 4.771766178320561e-06
2.133938018 4.140354844055954e-06
2.1355461100000004 3.953258739607444e-06
2.137154202 3.625274748428496e-06
2.138762294 3.930598888646124e-06
2.140370386 4.734587776264499e-06
2.141978478 5.964892426636785e-06
2.14358657 5.530860167332465e-06
2.1451946619999998 4.612007818256911e-06
2.146802754 4.3096008079217695e-06
2.1484108460000004 4.417823685162372e-06
2.150018938 4.9280833709429255e-06
2.15162703 6.510107147123777e-06
2.153235122 8.482722691095093e-06
2.154843214 9.385787822669126e-06
2.156451305 1.0409262212979582e-05
2.158059397 5.850161074044187e-06
2.159667489 3.782791217304136e-06
2.161275581 2.893777299033668e-06
2.1628836729999996 2.373380559017513e-06
2.164491765 2.05875022900899e-06
2.1660998570000003 1.9977073489223303e-06
2.167707949 2.605880176132195e-06
2.169316041 2.7940926264027584e-06
2.170924133 3.083029846287327e-06
2.172532225 3.2257024492229007e-06
2.174140317 3.522219959841155e-06
2.1757484089999997 2.2533982388824936e-06
2.177356501 2.9662537945515173e-06
2.1789645930000003 4.215874446617383e-06
2.180572685 5.211573527582144e-06
2.182180777 6.337984320780627e-06
2.183788869 5.450305209692945e-06
2.185396961 4.762696166285354e-06
2.187005053 4.313976345030023e-06
2.1886131449999997 4.578460767382378e-06
2.1902212359999997 7.498382530895573e-06
2.191829328 9.097156743630126e-06
2.1934374200000004 1.070257756309961e-05
2.195045512 1.103420514088576e-05
2.196653604 1.1603317498178773e-05
2.198261696 1.0464557442579383e-05
2.199869788 9.362079023319568e-06
2.20147788 6.019911023090312e-06
2.203085972 4.907957713801256e-06
2.204694064 4.5870532579339434e-06
2.206302156 5.013291272760802e-06
2.207910248 6.245618850300027e-06
2.2095183400000002 5.731675500273368e-06
2.211126432 4.981835026609886e-06
2.212734524 4.8187110045279165e-06
2.2143426159999997 5.289163252324838e-06
2.215950708 5.917008677134737e-06
2.2175588 4.719198074988215e-06
2.219166892 4.45884967416093e-06
2.220774984 3.186502838367742e-06
2.222383075 2.1629198088014816e-06
2.2239911670000003 1.8981059290807406e-06
2.225599259 2.2624676084650865e-06
2.227207351 3.0446807375798925e-06
2.228815443 2.789071675015969e-06
2.230423535 3.0161250217067345e-06
2.232031627 2.7283286497232135e-06
2.2336397189999997 2.3464214740975645e-06
2.2352478110000003 2.108258351949759e-06
2.236855903 1.8557708058743226e-06
2.238463995 1.7115345757664405e-06
2.240072087 2.28001379618154e-06
2.241680179 3.32936941822923e-06
2.243288271 3.16929167694305e-06
2.2448963629999996 2.4139449231184617e-06
2.2465044549999997 2.5787085586151063e-06
2.2481125470000003 1.8550086448700924e-06
2.249720639 1.4320779356493159e-06
2.251328731 1.477988722414044e-06
2.252936823 1.7375816816909818e-06
2.2545449140000002 2.0956344647367984e-06
2.256153006 2.732904530512249e-06
2.257761098 3.5632316255675344e-06
2.2593691899999997 3.838862949472904e-06
2.260977282 3.948858421586444e-06
2.262585374 2.626422073035044e-06
2.264193466 7.926796961904277e-07
2.265801558 2.428997646006362e-07
2.2674096500000003 5.3069953684766534e-08
2.269017742 1.5357126272841277e-08
2.270625834 1e-08
2.2722339259999997 1e-08
2.273842018 1e-08
2.2754501100000004 1e-08
2.277058202 1e-08
2.278666294 2.256740347117643e-08
2.280274386 1.9348591938184157e-07
2.281882478 1.9226588945274207e-06
2.28349057 2.0972577504385535e-06
2.285098662 2.3623466118095797e-06
2.286706753 1.167018824171375e-06
2.288314845 3.7669410732633966e-07
2.2899229369999996 1.8391013746696874e-07
2.291531029 4.1384132936538625e-07
2.2931391210000003 1.0050095933506018e-06
2.294747213 1.9485948613909614e-06
2.296355305 2.874609718970679e-06
2.297963397 4.921846001044855e-06
2.299571489 2.8885565651935047e-06
2.301179581 1.7706506813161199e-06
2.3027876729999996 1.423868629885986e-06
2.304395765 1.715751992225547e-06
2.3060038570000003 2.067209967206336e-06
2.307611949 1.4749935330848608e-06
2.309220041 9.409847301310214e-07
2.310828133 3.9359251662631807e-07
2.312436225 5.55431268661029e-08
2.314044317 1.2858506949389526e-08
2.3156524089999997 1e-08
2.3172605010000003 1e-08
2.318868592 1e-08
2.3204766840000004 1e-08
2.322084776 1e-08
2.323692868 1e-08
2.32530096 1e-08
2.326909052 1e-08
2.328517144 1e-08
2.3301252359999998 1e-08
2.331733328 1e-08
2.33334142 1e-08
2.334949512 1e-08
2.3365576040000002 1e-08
2.338165696 1e-08
2.339773788 1.0712507052905878e-08
2.3413818799999997 2.9479527192476658e-08
2.342989972 1.349941700938294e-07
2.344598064 4.789925498139298e-07
2.346206156 1.1078832561482016e-06
2.347814248 2.5711432941473536e-06
2.3494223400000003 3.4731145218136884e-07
2.3510304310000003 3.3039922355431805e-08
2.352638523 1e-08
2.354246615 1e-08
2.3558547069999998 1e-08
2.357462799 1e-08
2.359070891 1e-08
2.3606789829999997 1e-08
2.3622870750000002 1e-08
2.363895167 1e-08
2.365503259 1e-08
2.367111351 1e-08
2.368719443 1e-08
2.370327535 1e-08
2.371935627 1e-08
2.3735437189999997 1e-08
2.3751518110000003 1e-08
2.376759903 1e-08
2.378367995 1.0600416570283223e-08
2.379976087 3.347369943900851e-08
2.381584179 1.8887395517495222e-07
2.383192271 3.092526074411555e-07
2.384800362 5.141488467828827e-08
2.3864084539999997 1.3301373618436383e-08
2.388016546 1e-08
2.389624638 1e-08
2.39123273 1e-08
2.392840822 1e-08
2.3944489140000003 1e-08
2.396057006 1.1296802641458941e-08
2.397665098 4.707209781416584e-08
2.3992731899999997 3.5824713901637385e-07
2.400881282 1.4940083359500045e-06
2.4024893740000004 2.075172477641952e-06
2.404097466 2.8821492754279033e-06
2.405705558 2.7167818247097405e-06
2.40731365 2.027422053903359e-06
2.408921742 1.5140015340457219e-06
2.410529834 2.358313796209812e-07
2.4121379259999998 3.269370461420699e-08
2.413746018 1.0433260103118082e-08
2.41535411 4.280430318084213e-08
2.416962201 3.523390987663292e-07
2.418570293 1.5650013807074533e-06
2.4201783850000003 7.817541886075933e-07
2.421786477 3.9253998098041287e-07
2.423394569 1.3845432620791797e-07
2.425002661 3.470600398369097e-08
2.426610753 1.2644623095242051e-08
2.428218845 1e-08
2.4298269369999996 1e-08
2.431435029 1e-08
2.4330431210000003 2.1372774471051178e-08
2.434651213 1.0274838142877865e-07
2.436259305 6.328604406642172e-07
2.4378673969999998 1.2397982990315083e-07
2.439475489 2.475609095501359e-08
2.441083581 1e-08
2.4426916729999997 1e-08
2.4442997650000002 1e-08
2.4459078570000004 1e-08
2.447515949 1e-08
2.44912404 1e-08
2.450732132 1.3149602831495207e-08
2.452340224 4.8734170723245864e-08
2.453948316 2.7897174783542203e-07
2.455556408 5.174441515572686e-07
2.4571644999999998 2.4396776333533226e-07
2.458772592 1.1702464736706188e-07
2.460380684 4.922275927228101e-08
2.461988776 2.094806541828001e-08
2.463596868 1.146619704964865e-08
2.46520496 1e-08
2.466813052 1e-08
2.468421144 1e-08
2.470029236 1e-08
2.471637328 1e-08
2.47324542 1e-08
2.474853512 1e-08
2.4764616040000003 1e-08
2.478069696 1e-08
2.479677788 1e-08
2.481285879 1e-08
2.4828939709999998 1e-08
2.484502063 1e-08
2.486110155 1e-08
2.4877182469999997 1e-08
2.489326339 1e-08
2.4909344310000003 1e-08
2.492542523 1e-08
2.494150615 1e-08
2.495758707 1e-08
2.497366799 1e-08
2.498974891 1e-08
2.499778162 1.4229581533022106e-05
2.5011293930000003 1.885698081269919e-05
2.502480624 1.0294799064186658e-05
2.5038318559999997 1.4289594685994264e-05
2.505183087 2.436019264963066e-05
2.506534319 2.209382686667669e-05
2.50788555 9.551368187916655e-06
2.509236782 1.5922399573816767e-05
2.510588013 1.632615505477034e-05
2.511939244 1.9505473185683623e-05
2.5132904760000003 1.5162588568929335e-05
2.514641707 1.8797399736904916e-05
2.515992939 1.760354108583089e-05
2.51734417 1.7808304404942154e-05
2.5186954019999996 1.9080435452356086e-05
2.5200466329999998 9.085915757694707e-06
2.521397865 8.189438948089477e-06
2.522749096 1.3711489419226872e-05
2.524100327 5.5041534846145216e-06
2.525451559 4.320331111703959e-06
2.52680279 5.689097712668848e-06
2.5281540220000003 4.7596222875037764e-06
2.529505253 6.545734048757611e-06
2.5308564849999997 1.2753505298273417e-05
2.532207716 1.4531074354229307e-05
2.533558948 1.2491638457589463e-05
2.534910179 1.2501077939277878e-05
2.5362614100000003 1.8120290683173335e-05
2.537612642 1.7998936557868703e-05
2.538963873 2.6701840891635146e-05
2.5403151050000004 1.931262304766736e-05
2.5416663359999996 2.769920331324676e-05
2.5430175680000002 2.290576815725599e-05
2.544368799 1.915395766293982e-05
2.54572003 2.8388969738741073e-05
2.547071262 2.758945959943056e-05
2.548422493 1.532436181781863e-05
2.549773725 1.7072627200380935e-05
2.551124956 1.862703708396613e-05
2.552476188 1.6169420581597273e-05
2.553827419 2.3356230926516053e-05
2.5551786510000003 1.7330817892643205e-05
2.556529882 1.7684807799492555e-05
2.557881113 2.33005724281818e-05
2.559232345 2.4618512842932936e-05
2.560583576 1.537568558948836e-05
2.561934808 9.526532726424223e-06
2.5632860390000003 1.7162803823705957e-05
2.564637271 1.3861695126559581e-05
2.565988502 2.6682464802508646e-05
2.567339733 1.848344535417311e-05
2.5686909649999996 1.629329485205143e-05
2.5700421959999997 1.6061186584070643e-05
2.571393428 1.3133736022991726e-05
2.572744659 1.6277051964046893e-05
2.574095891 6.3312021777684946e-06
2.575447122 6.777372673150626e-06
2.576798354 1.5331160124358237e-05
2.5781495850000002 1.0200213303649817e-05
2.5795008160000004 2.0614843607765515e-05
2.580852048 1.4719313064355378e-05
2.582203279 1.9368107477618346e-05
2.583554511 1.743123789589822e-05
2.584905742 1.6244353507735206e-05
2.586256974 1.3918902909235032e-05
2.587608205 1.0963638755254976e-05
2.588959437 1.1531037532154099e-05
2.590310668 1.7506156144481535e-05
2.591661899 1.2711714269811373e-05
2.593013131 1.566137699961007e-05
2.594364362 1.708776374467103e-05
2.5957155939999996 1.289273045514772e-05
2.5970668249999997 8.43375391058333e-06
2.598418057 9.12088086740415e-06
2.599769288 1.551011963662233e-05
2.601120519 1.1744974209440901e-05
2.602471751 1.3284168818738575e-05
2.603822982 6.883379948416676e-06
2.6051742140000003 6.964421358465193e-07
2.6065254450000004 8.054788900372853e-06
2.607876677 8.26813675499609e-06
2.609227908 1.4157842977390606e-05
2.61057914 1.0817881264038094e-05
2.611930371 7.796687652753122e-06
2.613281602 7.549494032697804e-06
2.614632834 5.6656026475649985e-06
2.615984065 5.288601817232392e-06
2.617335297 6.447851257168005e-06
2.618686528 1.9239428799145107e-06
2.62003776 4.524302746937671e-06
2.621388991 6.228657349358764e-06
2.622740222 2.9656992354710944e-06
2.6240914539999998 4.604488488759344e-06
2.625442685 1.354408174987785e-06
2.626793917 3.3597839584380258e-06
2.628145148 5.206236191324541e-07
2.62949638 4.892153334999032e-06
2.630847611 7.036236428985743e-06
2.6321988430000003 2.7987839386838387e-06
2.6335500740000004 4.503018846226713e-06
2.634901305 8.865725201340749e-06
2.636252537 1.3876284856423269e-05
2.637603768 5.5209213066300146e-06
2.6389549999999997 5.4283273811928155e-06
2.640306231 3.227509959561709e-06
2.641657463 5.516171014455991e-06
2.643008694 9.055324693856925e-07
2.6443599250000003 1e-08
2.645711157 5.081237210886955e-07
2.6470623879999997 4.2474411840170076e-07
2.64841362 1.3859455717425097e-06
2.649764851 3.454032710858372e-06
2.651116083 2.0777353646599636e-06
2.652467314 2.6484602503269667e-06
2.653818546 7.511254583928255e-06
2.6551697770000002 2.282464844085831e-06
2.6565210080000004 7.550424836806961e-07
2.65787224 4.517385377646631e-06
2.659223471 1.2200493831343952e-06
2.6605747030000004 4.6356940008709716e-06
2.6619259339999997 9.033500458019532e-07
2.663277166 2.3575265518187414e-06
2.664628397 1e-08
2.6659796289999997 2.349248361163042e-06
2.66733086 1.9859714705779874e-07
2.668682091 6.7530547483463835e-06
2.670033323 6.580861070393934e-06
2.6713845540000003 1.3491871740269857e-07
2.672735786 2.916470725153033e-06
2.6740870169999997 4.428738013118696e-06
2.675438249 8.783172497985638e-08
2.67678948 5.236534879962125e-06
2.678140711 2.2168845595371112e-08
2.679491943 1.0009931231551351e-08
2.680843174 1.3053394688062164e-06
2.6821944060000003 2.239013883882488e-06
2.6835456370000004 5.403832287199837e-06
2.684896869 5.03372292254935e-06
2.6862481 4.9718780830387145e-06
2.6875993319999996 6.388181498117012e-06
2.6889505629999997 8.146298194119153e-06
2.690301794 4.541953355320235e-06
2.691653026 8.602423159444344e-06
2.693004257 3.097337439886228e-06
2.694355489 1.7101768940107493e-06
2.69570672 4.4549699926049036e-08
2.697057952 4.186975336996647e-08
2.6984091830000003 6.58943879961887e-07
2.699760414 4.7343753697979413e-07
2.7011116459999998 4.40639382499664e-06
2.702462877 1.8608631740778907e-06
2.703814109 1.2444309799985858e-05
2.70516534 4.3302852043348575e-06
2.706516572 4.824410097547175e-06
2.707867803 2.6626392622980777e-08
2.7092190350000003 1.2773644444731643e-07
2.7105702660000004 3.282690403221315e-06
2.7119214969999996 5.522615159603996e-06
2.713272729 2.421086251536034e-06
2.71462396 4.6816045778893675e-07
2.7159751919999997 4.7202668850145135e-06
2.717326423 1.0413221060910974e-06
2.718677655 1.3095539521363807e-07
2.720028886 1e-08
2.7213801170000003 1e-08
2.722731349 1.9093925890292478e-07
2.7240825799999997 4.2813956828072295e-08
2.7254338120000003 1e-08
2.726785043 1e-08
2.7281362749999998 1e-08
2.729487506 1e-08
2.730838738 7.484255314389679e-07
2.732189969 1e-08
2.7335412000000003 1e-08
2.734892432 1e-08
2.736243663 1e-08
2.737594895 1e-08
2.7389461259999996 1e-08
2.740297358 1e-08
2.741648589 1e-08
2.7429998209999997 1e-08
2.744351052 1e-08
2.745702283 1e-08
2.747053515 1e-08
2.7484047460000003 1e-08
2.749755978 1e-08
2.7511072089999997 1e-08
2.7524584410000004 1e-08
2.753809672 1e-08
2.755160903 1e-08
2.756512135 1e-08
2.757863366 1e-08
2.7592145980000002 1e-08
2.760565829 1e-08
2.761917061 1e-08
2.7632682920000002 1e-08
2.764619524 1e-08
2.7659707549999997 1e-08
2.767321986 1e-08
2.768673218 1e-08
2.770024449 1e-08
2.771375681 1e-08
2.772726912 1e-08
2.774078144 1e-08
2.7754293750000003 1e-08
2.776780606 1e-08
2.7781318379999997 1e-08
2.779483069 1e-08
2.780834301 1e-08
2.782185532 1e-08
2.783536764 1e-08
2.784887995 1e-08
2.786239227 1e-08
2.787590458 1e-08
2.788941689 1e-08
2.7902929210000003 1e-08
2.791644152 1e-08
2.7929953839999997 1e-08
2.794346615 1e-08
2.795697847 1e-08
2.797049078 1e-08
2.7984003090000003 1e-08
2.799751541 1e-08
2.801102772 1e-08
2.8024540040000003 1e-08
2.803805235 1e-08
2.8051564669999998 1e-08
2.806507698 1e-08
2.80785893 1e-08
2.8092101609999998 1e-08
2.810561392 1e-08
2.811912624 1e-08
2.813263855 1e-08
2.814615087 1e-08
2.8159663179999996 1e-08
2.8173175500000003 1e-08
2.818668781 1e-08
2.8200200129999997 1e-08
2.821371244 1e-08
2.822722475 1e-08
2.824073707 1e-08
2.8254249380000003 1e-08
2.82677617 1e-08
2.828127401 1e-08
2.8294786330000004 1e-08
2.830829864 1e-08
2.8321810949999997 1e-08
2.833532327 1e-08
2.834883558 1e-08
2.83623479 1e-08
2.837586021 1e-08
2.838937253 1e-08
2.8402884840000002 1e-08
2.841639716 1e-08
2.8429909469999997 1e-08
2.8443421779999998 1e-08
2.84569341 1e-08
2.847044641 1e-08
2.848395873 1e-08
2.849747104 1e-08
2.851098336 1e-08
2.8524495670000003 1e-08
2.8538007980000004 1e-08
2.85515203 1e-08
2.856503261 1e-08
2.8578544929999996 1e-08
2.8592057239999997 1e-08
2.860556956 1e-08
2.861908187 1e-08
2.863259419 1e-08
2.86461065 1e-08
2.865961881 1e-08
2.8673131130000002 1e-08
2.868664344 1e-08
2.8700155759999997 1e-08
2.871366807 1e-08
2.872718039 1e-08
2.87406927 1e-08
2.8754205010000002 1e-08
2.876771733 1e-08
2.878122964 1e-08
2.8794741960000003 1e-08
2.8808254270000004 1e-08
2.882176659 1e-08
2.88352789 1e-08
2.8848791219999996 1e-08
2.8862303529999997 1e-08
2.887581584 1e-08
2.888932816 1e-08
2.890284047 1e-08
2.891635279 1e-08
2.89298651 1e-08
2.8943377420000003 1e-08
2.895688973 1e-08
2.8970402049999997 1e-08
2.898391436 1e-08
2.899742667 1e-08
2.901093899 1e-08
2.9024451300000003 1e-08
2.903796362 1e-08
2.905147593 1e-08
2.9064988250000003 1e-08
2.907850056 1e-08
2.9092012869999997 1e-08
2.910552519 1e-08
2.91190375 1e-08
2.9132549819999998 1e-08
2.914606213 1e-08
2.915957445 1e-08
2.917308676 1.8984991049379232e-07
2.918659908 1e-08
2.920011139 1e-08
2.9213623699999998 2.107129766374951e-07
2.922713602 2.7328166484034343e-06
2.924064833 1.3366434375047458e-08
2.925416065 1e-08
2.926767296 1.945621735220936e-06
2.928118528 3.42527026391109e-06
2.9294697590000003 1.722435383882052e-06
2.93082099 5.087719903703441e-06
2.932172222 6.562029662820031e-06
2.933523453 8.998820858116565e-06
2.934874685 9.548454274054614e-06
2.9362259159999997 7.531203029270131e-06
2.937577148 6.51822214783626e-06
2.938928379 9.01054764130947e-06
2.940279611 1.0581797407431405e-05
2.941630842 4.303997062773482e-06
2.942982073 6.646615691445614e-06
2.9443333050000002 1.189066946185627e-05
2.9456845360000004 5.6796792291537915e-06
2.947035768 4.2240467746666405e-06
2.948386999 1.0319019059669354e-05
2.949738231 8.819747333659134e-06
2.951089462 1.3067315280783545e-05
2.952440694 1.5032506156686867e-05
2.953791925 1.8031146706235583e-05
2.955143156 2.1450417154506535e-05
2.956494388 2.353876991884723e-05
2.957845619 1.7917663012391023e-05
2.959196851 1.960963079882112e-05
2.960548082 2.266952819798935e-05
2.9618993139999996 2.1740220403241575e-05
2.9632505449999997 2.284754209851985e-05
2.964601776 2.545877395673736e-05
2.965953008 2.2170034041491776e-05
2.967304239 2.9522615259925896e-05
2.968655471 3.072719958630078e-05
2.970006702 2.731264525104846e-05
2.9713579340000003 3.080298110796725e-05
2.9727091650000004 3.119611874054438e-05
2.974060397 3.1459208255587666e-05
2.975411628 3.664660594668452e-05
2.976762859 3.928759520654212e-05
2.978114091 4.68902443518137e-05
2.979465322 5.4516862876976384e-05
2.980816554 6.398932784365661e-05
2.982167785 7.825850415215169e-05
2.983519017 6.897261863336539e-05
2.984870248 6.378182070217289e-05
2.9862214789999997 5.540643960412307e-05
2.987572711 4.887176142465984e-05
2.988923942 4.534112313970201e-05
2.9902751739999998 5.3489678302222545e-05
2.991626405 7.811409655473088e-05
2.992977637 0.00010239716737100166
2.994328868 0.00011306213093754414
2.9956801 0.00011139443929341943
2.997031331 0.00010984626646502064
2.9983825619999998 0.00010583488998570284
2.9997337940000004 0.00010628689328333732
3.001085025 0.00010939559562547261
3.002436257 0.00011240518049578382
3.003787488 0.00011966057116293909
3.0051387199999997 0.00011454021093496776
3.006489951 0.00011024371806618005
3.007841182 0.00012050520207776446
3.009192414 0.00013860933740747461
3.0105436450000003 0.00014585613485494373
3.011894877 0.00014603589740093542
3.0132461079999997 0.00015032177639132943
3.01459734 0.00015757532597141178
3.015948571 0.00016978645680561875
3.017299803 0.0001748544989803954
3.018651034 0.00018256733123397361
3.020002265 0.00018010215533157314
3.021353497 0.00018028099091214872
3.0227047280000003 0.00017946372596900956
3.02405596 0.0001735796522470408
3.0254071909999998 0.0001914823341202309
3.0267584230000004 0.00020617670263161465
3.0281096539999997 0.0002157495462381749
3.029460886 0.0002343317424622261
3.030812117 0.00025051256355179815
3.032163348 0.000256728368078545
3.03351458 0.00027326369977837185
3.034865811 0.0002921056354581451
3.036217043 0.0003067508351887292
3.0375682740000003 0.00032351977590304134
3.038919506 0.00034111826285206657
3.0402707369999997 0.000364692889320263
3.041621968 0.0003868361573377542
3.0429732 0.0004143865170436884
3.044324431 0.0004380897632683873
3.045675663 0.00047528053294633324
3.047026894 0.0005142618858992257
3.0483781260000002 0.0005536173737668151
3.0497293570000004 0.0005867387188662168
3.051080589 0.0006195608867580377
3.05243182 0.0006567223532642473
3.053783051 0.000703925999834291
3.0551342829999997 0.0007541190551659086
3.056485514 0.0008056595893681513
3.057836746 0.0008613572165406401
3.059187977 0.0009363687247772417
3.060539209 0.0010027341350325452
3.06189044 0.0010731185266415616
3.063241671 0.0011464221293499429
3.0645929030000003 0.0012263985882255191
3.065944134 0.0013122970648029183
3.0672953659999997 0.0013923837640746714
3.068646597 0.0014704360126587622
3.069997829 0.0015616343270570534
3.07134906 0.0016609732732049724
3.072700292 0.0017595914565661452
3.074051523 0.0018680000915333142
3.075402754 0.00198710611462213
3.0767539860000004 0.00211580305327478
3.0781052169999996 0.002244627277329153
3.079456449 0.0023831648935528716
3.08080768 0.0025178341163997926
3.0821589119999997 0.002656795515900392
3.083510143 0.0028062486734607866
3.084861374 0.00297271159003131
3.086212606 0.0031495418514184024
3.0875638370000003 0.0033395447351446256
3.088915069 0.003529259742640729
3.0902662999999997 0.0037358039451285746
3.0916175320000003 0.003958844805736115
3.092968763 0.0042023201708949135
3.0943199949999998 0.004458430014255145
3.095671226 0.004726180817991382
3.097022457 0.0050169240654697154
3.098373689 0.005348212362162089
3.0997249200000003 0.005719579194280729
3.101076152 0.006101171166194643
3.102427383 0.006504274190833151
3.103778615 0.006962655166410797
3.1051298459999996 0.007463177996283461
3.106481078 0.008000048095581325
3.107832309 0.008607508874281163
3.10918354 0.009275816230249057
3.110534772 0.010006269044394769
3.111886003 0.010811570639337915
3.113237235 0.011701909810251541
3.1145884660000003 0.012713503799630448
3.115939698 0.013853388344157917
3.1172909289999997 0.015121009892894938
3.11864216 0.016527092097251922
3.119993392 0.018100157324074023
3.121344623 0.019868825939191013
3.122695855 0.021863759283209362
3.124047086 0.02409982719363796
3.1253983180000002 0.02663267902083207
3.126749549 0.02948911012586242
3.128100781 0.032709266560098614
3.1294520120000002 0.03634499402395759
3.130803243 0.04046350239682853
3.1321544749999997 0.04514457314395695
3.133505706 0.05043968336593001
3.134856938 0.05643584826374382
3.136208169 0.06324712795819357
3.137559401 0.07097254024151123
3.138910632 0.07972246693963601
3.140261863 0.08961393858779843
3.1416130950000003 0.10079451886788092
3.142964326 0.11341027489200359
3.1443155579999997 0.12760071861862968
3.145666789 0.14349719013228004
3.147018021 0.16123118360326483
3.148369252 0.18088832033203722
3.149720484 0.202579180277203
3.151071715 0.22623464654112144
3.152422946 0.2518858061085878
3.153774178 0.2793998824535412
3.155125409 0.30852459812107336
3.1564766410000002 0.33915926184199807
3.157827872 0.37058178319745677
3.1591791039999997 0.4026960789936509
3.160530335 0.4348245114693254
3.161881566 0.46647293117691524
3.163232798 0.4974934470560833
3.1645840290000002 0.526821845349641
3.165935261 0.554761506617215
3.167286492 0.5807506494864373
3.1686377240000003 0.6046326014490639
3.169988955 0.6266747750621924
3.1713401869999998 0.6463732391140259
3.172691418 0.6643153291584442
3.174042649 0.6804840288174185
3.1753938809999998 0.6950019057495855
3.176745112 0.7082835235398128
3.178096344 0.7202318557473258
3.179447575 0.7312567623298076
3.180798807 0.741463009511476
3.182150038 0.7509669307360973
3.1835012700000003 0.7599543014893975
3.184852501 0.7684833758329933
3.186203732 0.7766568606847041
3.187554964 0.7846076575165593
3.188906195 0.7922371696822581
3.190257427 0.7996566931757652
3.1916086580000003 0.8068806388300572
3.19295989 0.8139005021033618
3.194311121 0.820725610316357
3.195662352 0.8273259840706537
3.197013584 0.8336953024681754
3.1983648149999997 0.8398473638727414
3.199716047 0.8457065444936562
3.201067278 0.85129815952819
3.2024185099999998 0.856598621895976
3.203769741 0.861548446199334
3.205120973 0.866203021701939
3.206472204 0.8705005053038986
3.207823435 0.8744923715484488
3.209174667 0.8781587077376554
3.2105258979999998 0.8814560566162102
3.21187713 0.884429708018143
3.213228361 0.8871368936850628
3.214579593 0.8894979267114274
3.215930824 0.8916256902857809
3.217282055 0.8934876698668124
3.2186332870000003 0.8950841503341752
3.2199845180000004 0.8964639654861298
3.22133575 0.8976908785963461
3.222686981 0.8987442612361256
3.2240382129999996 0.8996524883321223
3.2253894439999997 0.9004261783622753
3.226740676 0.9010497203809053
3.228091907 0.9016121125259925
3.229443138 0.9020855516368169
3.23079437 0.9024941170017636
3.232145601 0.9028384408991685
3.2334968330000002 0.9031773440590745
3.234848064 0.9034761660179295
3.2361992959999997 0.903771605677694
3.237550527 0.9040455984586139
3.238901759 0.9043175950611991
3.24025299 0.9045737516224013
3.2416042210000002 0.9048320189030487
3.242955453 0.9050868948834085
3.244306684 0.9053460599212313
3.2456579160000003 0.9056115342849411
3.2470091470000004 0.9058416331659446
3.248360379 0.9060794404769994
3.24971161 0.9062866990298473
3.251062841 0.9064821620265998
3.2524140729999997 0.9066714041237917
3.253765304 0.9068788049386347
3.255116536 0.9070667540965711
3.256467767 0.9072442890713917
3.257818999 0.9073856318710268
3.25917023 0.9075256237119249
3.2605214620000003 0.907666376451219
3.261872693 0.907763950167578
3.263223924 0.90783709965801
3.264575156 0.9078656318282878
3.265926387 0.9078948830369192
3.267277619 0.9079032611992026
3.2686288500000003 0.907887926384398
3.269980082 0.9078419287197302
3.271331313 0.9078077867652496
3.272682544 0.9077429969752057
3.274033776 0.9076454402387371
3.2753850069999997 0.9075339389734016
3.276736239 0.9074176005686998
3.27808747 0.9073103425424206
3.2794387019999998 0.9071766682830337
3.280789933 0.907027694034813
3.282141165 0.9068536664237355
3.283492396 0.9066887006888038
3.2848436270000003 0.906509854471049
3.286194859 0.9063345424105432
3.2875460899999998 0.9061536673172311
3.288897322 0.9059867428722232
3.290248553 0.9058240482641401
3.291599785 0.9056586179427559
3.292951016 0.9054980811065287
3.294302247 0.9053208746059193
3.2956534790000003 0.9051617485198513
3.29700471 0.9049859664264482
3.298355942 0.9048373020359111
3.299707173 0.9046762168973974
3.301058405 0.9045005928536948
3.3024096359999997 0.9043395321828506
3.303760868 0.9041903020572228
3.305112099 0.9040466571859151
3.30646333 0.9038836114897486
3.307814562 0.9037615110869445
3.309165793 0.9036207033321968
3.3105170250000002 0.9034750686199982
3.3118682560000003 0.9033488312013667
3.313219488 0.9032614605522353
3.3145707189999998 0.903174126078096
3.315921951 0.9030694899765167
3.317273182 0.9029877303872418
3.318624413 0.9029045548916504
3.319975645 0.9028248680482038
3.321326876 0.902718859426097
3.322678108 0.9026447143399349
3.324029339 0.9025969020161818
3.325380571 0.9025719682288631
3.326731802 0.9025685326133397
3.328083033 0.9025498441983401
3.3294342649999997 0.9025325023613697
3.330785496 0.9025068717273177
3.332136728 0.9025207643599475
3.333487959 0.9025512604605791
3.334839191 0.9026067117200783
3.336190422 0.9026635416407719
3.3375416540000002 0.9027272472108383
3.3388928850000004 0.9028235581304989
3.340244116 0.9029060451469542
3.341595348 0.9030107122759228
3.342946579 0.9030828136582598
3.344297811 0.9031625590936356
3.345649042 0.9032755631095521
3.347000274 0.9033962058591685
3.348351505 0.9035265864121872
3.3497027360000002 0.9036507402847548
3.351053968 0.9037818427117204
3.3524051989999997 0.9038900663379108
3.353756431 0.9039962665265467
3.355107662 0.9040830606294874
3.3564588939999997 0.9041601037283791
3.357810125 0.9042454795124877
3.359161357 0.9043301609391142
3.360512588 0.9044287446824238
3.3618638190000003 0.9044898458568871
3.363215051 0.9045398300540647
3.3645662819999997 0.9045725049357866
3.3659175140000004 0.9045836711381715
3.367268745 0.9045913401359092
3.368619977 0.9045802309802936
3.369971208 0.9045774408383477
3.371322439 0.9045642490442937
3.372673671 0.904548262895643
3.374024902 0.9045177012752207
3.375376134 0.9044781681133007
3.3767273650000003 0.9044261253975061
3.378078597 0.9043601898200161
3.3794298279999997 0.9043261919922526
3.38078106 0.9043095489634868
3.382132291 0.9043199994189673
3.383483522 0.9043394506599687
3.384834754 0.9043713576733016
3.386185985 0.904404653724488
3.387537217 0.9044289294777371
3.3888884480000003 0.9044809988028595
3.39023968 0.9045198951591437
3.3915909109999998 0.9045747633150382
3.3929421430000004 0.9046476695839819
3.3942933739999996 0.9047372453119743
3.3956446049999998 0.9048483897457682
3.396995837 0.9049505183983781
3.398347068 0.9050699837236026
3.3996983 0.905199889425705
3.401049531 0.9053555603320433
3.402400763 0.9055154312206644
3.4037519940000003 0.905671138821328
3.405103225 0.9058490878871704
3.4064544569999997 0.9060263719030444
3.407805688 0.9062287926043041
3.40915692 0.9064291894174851
3.410508151 0.9066101015238189
3.411859383 0.9067910338004544
3.413210614 0.9069671343407997
3.4145618460000002 0.9071404665290895
3.4159130770000004 0.9072748238046386
3.4172643079999996 0.9073966816638666
3.41861554 0.9074893291080122
3.419966771 0.9075366705813559
3.4213180029999997 0.9075561326807968
3.422669234 0.9075143194389574
3.424020466 0.9074223863356956
3.425371697 0.9072677668698903
3.4267229280000002 0.9070609410408069
3.42807416 0.9068200733764354
3.429425391 0.9065375219308873
3.4307766230000003 0.906243226544302
3.432127854 0.9059351314924197
3.4334790859999997 0.9056215929449282
3.434830317 0.9051948788603084
3.436181549 0.9046024065153123
3.43753278 0.9039319562624105
3.4388840110000003 0.9032155644498271
3.440235243 0.9024685669680794
3.441586474 0.9016834080741616
3.4429377060000004 0.900880934606882
3.4442889369999996 0.9000791879299049
3.445640169 0.8992595382981433
3.4469914 0.898450982681439
3.448342631 0.8976321377687658
3.449693863 0.8968229929243091
3.451045094 0.8960620234865041
3.452396326 0.8953339918854601
3.4537475570000002 0.894662187518066
3.455098789 0.8940567789429538
3.45645002 0.8935656061458751
3.4578012520000003 0.8931891741707347
3.459152483 0.8928890040641284
3.460503714 0.8926923917012853
3.461854946 0.8926074452012078
3.463206177 0.8926800834902469
3.464557409 0.8929130912521872
3.4659086400000003 0.8932757174270342
3.467259872 0.8937949062542957
3.468611103 0.8944558208226527
3.469962335 0.8952896746403457
3.4713135659999996 0.8962742443709226
3.4726647969999997 0.8973804555234569
3.474016029 0.8986521971052794
3.47536726 0.9000361976479063
3.476718492 0.9015136163967863
3.478069723 0.9030717827614677
3.479420955 0.9046992944664964
3.4807721860000003 0.9063965227063261
3.482123417 0.9080864803150662
3.483474649 0.9097293109538775
3.48482588 0.9112673985445069
3.486177112 0.9126511529998383
3.487528343 0.9138468723855105
3.488879575 0.9147660316464418
3.490230806 0.9153249405712658
3.491582038 0.9154688487524648
3.492933269 0.9151441080147209
3.4942845 0.9143035159795272
3.495635732 0.9128476304409792
3.496986963 0.9107108772840269
3.4983381949999997 0.9078025983659963
3.4996894259999998 0.9039463285173492
3.501040658 0.899206005975157
3.502391889 0.8934921598283876
3.50374312 0.88676788737173
3.505094352 0.8789945290908066
3.506445583 0.8701338187327262
3.5077968150000003 0.8601976356405306
3.509148046 0.8490151446798793
3.5104992779999997 0.8367248074542664
3.511850509 0.8233715773297122
3.513201741 0.8089812066197415
3.514552972 0.7936548302572858
3.515904203 0.7775092498636902
3.517255435 0.7606662072736782
3.518606666 0.7430984439062048
3.519957898 0.7248017976840786
3.521309129 0.7059270837341047
3.5226603610000002 0.6865693881323602
3.524011592 0.6668411162246433
3.5253628239999997 0.6468590250738356
3.526714055 0.6267166675736817
3.528065286 0.6065247420773289
3.529416518 0.5863156454697215
3.5307677490000002 0.5662203187467971
3.532118981 0.5463334025953949
3.533470212 0.5266859413254111
3.5348214440000003 0.5073691140828316
3.536172675 0.4884494909088178
3.537523906 0.46994710518590277
3.538875138 0.4519082840307357
3.540226369 0.4343407915528582
3.5415776009999997 0.4172694612916655
3.542928832 0.40073405802893747
3.544280064 0.38472455106718306
3.545631295 0.3692421071689538
3.546982527 0.35428727266215054
3.548333758 0.3398522989624066
3.5496849889999997 0.3259371540057394
3.551036221 0.3125255420463745
3.552387452 0.29960346586870823
3.553738684 0.2871647817642955
3.555089915 0.2751778828904789
3.556441147 0.2636288010507494
3.5577923780000003 0.25250511187397545
3.5591436090000004 0.24179250745141065
3.560494841 0.23147326001676904
3.561846072 0.22151941264880495
3.563197304 0.21191877558851455
3.5645485349999997 0.20266097444711362
3.565899767 0.19372699050268058
3.567250998 0.18511292922450678
3.5686022299999998 0.17680737729834659
3.569953461 0.16879453928167076
3.571304692 0.1610593975545747
3.572655924 0.15358555949477848
3.574007155 0.14637459531206787
3.575358387 0.13942416092928517
3.5767096179999998 0.13272264363659697
3.57806085 0.12626810207513148
3.579412081 0.12004394816466052
3.580763312 0.11404491843706296
3.582114544 0.10828234038829367
3.583465775 0.10274963546291889
3.5848170070000003 0.09743850740693911
3.5861682380000004 0.09234420569756631
3.58751947 0.0874578894364776
3.588870701 0.08277921803188876
3.5902219329999996 0.07830736816462287
3.5915731639999997 0.07404503578123246
3.592924395 0.06999085444848943
3.594275627 0.06612306343670116
3.595626858 0.062440013601140015
3.59697809 0.058943146945265985
3.598329321 0.05562302421630361
3.5996805530000002 0.052477152828950324
3.601031784 0.04949757758201113
3.602383016 0.046678753967362346
3.603734247 0.04401803144306267
3.605085478 0.041501204110154157
3.60643671 0.039128521227070404
3.607787941 0.036898318165020004
3.609139173 0.03479019120070245
3.610490404 0.03280388495990249
3.6118416360000003 0.030938640548182263
3.6131928670000004 0.029186760856821814
3.6145440979999997 0.027546492293684825
3.61589533 0.026003572194209013
3.617246561 0.024552052447976255
3.6185977929999997 0.02319238133851341
3.619949024 0.02191319130684663
3.621300256 0.02071158267534946
3.622651487 0.01958625597554142
3.624002719 0.018532073209939215
3.62535395 0.017547730356624436
3.6267051809999997 0.0166210423867574
3.628056413 0.015747589253954135
3.629407644 0.014933426861898991
3.630758876 0.014171929191418157
3.632110107 0.013461891774237482
3.633461339 0.012793799120602014
3.6348125700000002 0.012158057406119138
3.6361638010000004 0.011563930446885307
3.637515033 0.011007298098955644
3.638866264 0.0104828716843209
3.640217496 0.009998067744924403
3.6415687269999997 0.009541656347384752
3.642919959 0.009104531637297096
3.64427119 0.008694387115172607
3.6456224219999998 0.008310280025182588
3.646973653 0.007949061620375134
3.648324884 0.007609500845515923
3.649676116 0.0072913013565057225
3.6510273470000003 0.006995352620262452
3.652378579 0.0067111028446109776
3.6537298099999997 0.006440589133054028
3.655081042 0.006193449166784441
3.656432273 0.005958225684683427
3.657783504 0.005733023206728923
3.659134736 0.005522819865959226
3.660485967 0.005323868499420393
3.6618371990000003 0.005138877596774077
3.66318843 0.004961569912911563
3.664539662 0.0047845127836543995
3.665890893 0.00462021324183599
3.667242125 0.004470299555555007
3.6685933559999997 0.004325982770293489
3.669944587 0.00418983648146682
3.671295819 0.004061522745165485
3.67264705 0.00393925921238879
3.673998282 0.003821639482811087
3.675349513 0.0037046943045623533
3.676700745 0.003595934379325776
3.6780519760000003 0.003497936814080389
3.679403208 0.003401474390073011
3.6807544389999998 0.0033071821632507875
3.68210567 0.003216445836659542
3.683456902 0.0031327152730336906
3.684808133 0.003062771535887521
3.686159365 0.0029915240568422737
3.687510596 0.002909772542490863
3.688861828 0.0028313054538781296
3.690213059 0.0027617581507020845
3.6915642899999996 0.002702050149936555
3.692915522 0.002647492190297666
3.694266753 0.002587444627719339
3.6956179849999997 0.002527185278675478
3.696969216 0.002472003809988362
3.698320448 0.002416496862965244
3.699671679 0.002363365158316666
3.701022911 0.002313569921295188
3.702374142 0.002262406069836945
3.703725373 0.002210408429611182
3.7050766050000004 0.0021573761244308817
3.706427836 0.002107703328568132
3.707779068 0.0020667635241435937
3.709130299 0.002025176205096901
3.710481531 0.0019757467322176468
3.711832762 0.0019234684960401035
3.713183993 0.0018721460906248875
3.714535225 0.0018236723680531894
3.7158864560000002 0.0017781203168637984
3.717237688 0.001735897114899277
3.7185889189999997 0.0016979819746503787
3.719940151 0.0016574688856074134
3.721291382 0.0016133328879869443
3.7226426139999997 0.0015732000102874543
3.723993845 0.0015324137587503447
3.725345076 0.0014884205644242296
3.726696308 0.0014481357619843796
3.7280475390000003 0.0014068284045486317
3.729398771 0.001361000144048309
3.730750002 0.0013161292286206947
3.7321012340000004 0.0012715291493715162
3.733452465 0.0012294105307573044
3.7348036959999997 0.0011911576931137484
3.736154928 0.0011492763978932004
3.737506159 0.0011069209241161633
3.738857391 0.0010691446646130531
3.740208622 0.0010289503714156962
3.741559854 0.0009853719996476605
3.7429110850000002 0.0009421831345471062
3.744262317 0.000903064950032501
3.7456135479999997 0.0008739795251757588
3.746964779 0.000846674431045605
3.748316011 0.0008116899682445894
3.749667242 0.0007777496586768973
3.751018474 0.0007466510847301114
3.752369705 0.0007136649636500965
3.753720937 0.0006848966941353904
3.7550721680000003 0.0006582904049171101
3.7564234 0.0006280742349846365
3.757774631 0.0006019918862953774
3.759125862 0.0005819533332603379
3.7604770939999996 0.0005630637482824959
3.7618283249999998 0.000545352412625727
3.763179557 0.0005242687658012701
3.764530788 0.0004986539928422188
3.76588202 0.0004764861015150321
3.767233251 0.00045600136785857616
3.768584482 0.00043157249563661017
3.7699357140000003 0.00040798602960542574
3.771286945 0.0003896203127933961
3.7726381769999997 0.0003764855536028667
3.773989408 0.00036734360779520073
3.77534064 0.0003581259066303797
3.776691871 0.00034657904772721564
3.778043103 0.00033240637207548017
3.779394334 0.0003135363529642989
3.780745565 0.0002953361831127784
3.7820967970000003 0.0002859946361375034
3.7834480279999996 0.00028164392476205826
3.7847992599999998 0.00027523329833361877
3.786150491 0.00026715883038084013
3.7875017229999997 0.0002581759119701843
3.7888529539999998 0.00024955885225020366
3.790204185 0.00024236610520837588
3.791555417 0.0002333848565146604
3.792906648 0.0002243796552048145
3.79425788 0.0002185846065846068
3.795609111 0.00021234853291770032
3.7969603430000003 0.00020810112646449359
3.798311574 0.00021006331791795268
3.7996628059999997 0.00020868093643935115
3.801014037 0.0002006112377322442
3.802365268 0.00019527701820360856
3.8037165 0.00019377832619349824
3.8050677310000003 0.0001918443296799587
3.806418963 0.00018880686867207678
3.807770194 0.00018497953521897525
3.8091214260000004 0.0001810687947542023
3.8104726569999996 0.00017548689523194763
3.811823889 0.00016839403579055955
3.81317512 0.0001628351424725037
3.814526351 0.00015901022914871537
3.815877583 0.00015619448141616338
3.817228814 0.00015393411426024693
3.818580046 0.00015017733024155243
3.8199312770000002 0.00014630535173692548
3.821282509 0.0001453448637580642
3.82263374 0.00014559247971730014
3.823984971 0.00014602483484483342
3.825336203 0.00014847133357400385
3.826687434 0.00015029681753318773
3.828038666 0.00014780071020931916
3.829389897 0.00014527682102672107
3.830741129 0.00014375909704502358
3.8320923600000003 0.0001404537082809712
3.833443592 0.00014034322175086726
3.834794823 0.0001441739454587351
3.836146054 0.00014238534744712923
3.8374972859999996 0.00013602308416504048
3.8388485169999997 0.00012838309805897455
3.840199749 0.000120483744574578
3.84155098 0.00011883601008134301
3.842902212 0.00012100240716888528
3.844253443 0.00012187487478199298
3.845604674 0.0001231583633159664
3.8469559060000003 0.0001223777195544349
3.848307137 0.00011634975326470153
3.849658369 0.00011221841690380383
3.8510096 0.00011473063468027172
3.852360832 0.00012017742277874265
3.853712063 0.0001240703652360411
3.855063295 0.00012713449367117858
3.856414526 0.00012668669229715286
3.857765757 0.00011997826270214606
3.859116989 0.00011063930620456871
3.86046822 0.00010130515488070962
3.861819452 9.598798691268166e-05
3.863170683 9.693115070972231e-05
3.8645219149999996 9.75532057716907e-05
3.8658731459999998 9.661428261578493e-05
3.867224377 9.553959349242549e-05
3.868575609 9.591356125164759e-05
3.86992684 9.629489547323678e-05
3.871278072 9.5540434401382e-05
3.872629303 9.514439016364874e-05
3.8739805350000003 9.633126644158908e-05
3.875331766 0.00010101350643744485
3.876682998 0.0001015490007217172
3.878034229 9.632256078179135e-05
3.87938546 9.28815032225373e-05
3.880736692 9.325896657203589e-05
3.882087923 9.412514365929455e-05
3.883439155 9.302776090484391e-05
3.884790386 8.711493129286296e-05
3.886141618 7.887055622361825e-05
3.887492849 7.319879980400502e-05
3.8888440810000002 7.26467249178718e-05
3.890195312 7.650931072715142e-05
3.891546543 8.486781635577886e-05
3.892897775 8.982917223748066e-05
3.894249006 9.005815248714792e-05
3.895600238 9.091816742499768e-05
3.8969514690000002 9.178482476191317e-05
3.898302701 8.774037334907558e-05
3.899653932 8.33840396828262e-05
3.9010051629999998 8.169101298333105e-05
3.902356395 8.011171911084183e-05
3.903707626 8.324461831331982e-05
3.905058858 8.726801471012284e-05
3.906410089 8.668876057963486e-05
3.9077613209999997 8.722242318590525e-05
3.909112552 9.28645046252123e-05
3.910463784 9.723827442398859e-05
3.911815015 9.631442008024671e-05
3.913166246 9.449859715389498e-05
3.914517478 9.353466100724828e-05
3.9158687089999997 9.19608682276928e-05
3.917219941 9.482570543171567e-05
3.918571172 9.82470960378949e-05
3.919922404 9.842576386510906e-05
3.921273635 9.988277466574826e-05
3.922624866 0.00010266727528581745
3.9239760980000002 0.0001043365289951743
3.9253273290000004 0.00010476246972973696
3.926678561 0.00010327424266318734
3.928029792 0.00010015798152488575
3.929381024 9.711293884781194e-05
3.9307322549999997 9.527735622227191e-05
3.932083487 8.910180624594308e-05
3.933434718 8.293380490457515e-05
3.934785949 8.297572103947374e-05
3.936137181 8.716986555823906e-05
3.937488412 9.457809528021979e-05
3.938839644 0.00010291541673798777
3.940190875 0.00010749790548520163
3.941542107 0.0001061313969740694
3.9428933379999997 0.00010242396032389909
3.944244569 9.909394339946924e-05
3.945595801 9.7069329744935e-05
3.946947032 9.952706412360886e-05
3.948298264 0.00010115064628413319
3.949649495 9.97209085120649e-05
3.9510007270000003 9.959326968172496e-05
3.9523519580000004 0.00010024668785758991
3.95370319 9.973704561479095e-05
3.955054421 9.891211401342883e-05
3.956405652 0.00010175368591513656
3.9577568839999997 0.00010832526154039762
3.959108115 0.00011746633438763439
3.960459347 0.00012341658512888667
3.961810578 0.00011934108934194796
3.96316181 0.00011267856745746807
3.964513041 0.00011048259393709925
3.965864273 0.0001107618360607443
3.967215504 0.00011092089084260798
3.968566735 0.00011310146997130165
3.9699179669999998 0.00011769987025391366
3.971269198 0.00011592152856074575
3.97262043 0.00011380954049939854
3.973971661 0.00011703887873053693
3.975322893 0.00011724449642833272
3.976674124 0.00011303930755894073
3.978025355 0.0001088552819506368
3.9793765870000004 0.00010686926974683938
3.9807278179999996 0.00010667836699019261
3.98207905 0.00010921964369798002
3.983430281 0.00011347252219650292
3.9847815129999997 0.00011552171285830253
3.986132744 0.00011807345229449535
3.987483976 0.00011873241732092025
3.988835207 0.00011531856536431418
3.9901864380000003 0.00011016865867265606
3.99153767 0.00010772923688993995
3.9928889009999997 0.00010987698073912575
3.994240133 0.00011727593896843372
3.995591364 0.0001260255678694962
3.996942596 0.00012518869068816607
3.998293827 0.00011959353064760972
3.999645058 0.00011840483442384484
4.00099629 0.00012140312147989363
4.002347521 0.00012277223745653688
4.003698753 0.00012101012775122965
4.005049984 0.00012134135676947571
4.006401216 0.00012030009886172158
4.007752447 0.00011872898850297069
4.009103679 0.00011956631999332314
4.01045491 0.0001202465431364484
4.011806141 0.00011952393352625131
4.013157373 0.00011842857114759052
4.014508604 0.00011750869894913703
4.015859836 0.00011361867686082039
4.017211067 0.00011066878404201332
4.018562299 0.00010902469079700105
4.01991353 0.00010504615153072843
4.021264761 0.00010182083310695434
4.022615993 0.0001027827496940995
4.023967224 0.00010759421690734598
4.025318456 0.00011203010232083301
4.026669687 0.00011537513839409643
4.028020919 0.0001170812902045746
4.02937215 0.00011798320388084223
4.030723382 0.00012015560991291107
4.032074613 0.00012275991374220447
4.033425844 0.00012304260718525394
4.034777076 0.00012138301770597015
4.036128307 0.00012445936710279136
4.037479539 0.00012967431606165797
4.03883077 0.00013348962863262153
4.040182002 0.00013542177384076343
4.041533233 0.00013425286067997734
4.042884465 0.00012936204619027486
4.044235696 0.00012304127084324803
4.0455869269999996 0.00012045918890828872
4.046938159 0.0001225277810130207
4.04828939 0.00012852106407790372
4.049640622 0.00013498831321627762
4.050991853 0.0001382234012863442
4.052343085 0.00013823713689844973
4.053694316 0.00013911028570741325
4.055045547 0.00014030093617232523
4.056396779 0.0001371537044796895
4.05774801 0.0001343055275167456
4.059099241999999 0.00013252300131001148
4.0604504729999995 0.0001311450902679434
4.061801705 0.0001300974502669624
4.063152936 0.00013127336302247604
4.064504168 0.0001294411467772444
4.065855399 0.00012439652909568714
4.06720663 0.00012317476775035053
4.0685578620000005 0.000125567197952028
4.069909093000001 0.00012903608417183318
4.071260325 0.00013138740735105952
4.072611556 0.00013529505002307784
4.073962788 0.00013615039624381272
4.075314019 0.00013307249499857636
4.07666525 0.00012925387789479206
4.078016482 0.0001257728788275274
4.079367713 0.00012302351406288765
4.080718945 0.000122832476749256
4.082070176 0.00012801861355583912
4.083421408 0.00013102862398872434
4.084772639 0.00013132455744888376
4.086123871 0.0001308668640913297
4.087475102 0.00013147697017929695
4.088826333 0.0001331552309108018
4.090177565 0.00013704411995997998
4.091528796 0.00013934170008466908
4.092880028 0.00013793620986742112
4.094231259 0.0001351964156937053
4.095582491 0.0001324560397196734
4.096933722 0.00012886335641338733
4.098284953 0.00012497379582165818
4.0996361850000005 0.00012883267911835173
4.100987416 0.00013319967187764515
4.102338648 0.00013211667914318518
4.103689878999999 0.0001259308461995562
4.105041110999999 0.00012051418943919312
4.106392342 0.00011760832190652459
4.107743574 0.00011412770301279685
4.109094805 0.00011416123790453365
4.110446036 0.00011606930046565925
4.111797268 0.00011670877473731645
4.113148499 0.00011326963889700177
4.1144997309999995 0.00011091484167702933
4.115850962000001 0.00011020142453187101
4.117202194000001 0.00011042199186972447
4.118553425 0.00011250662700823596
4.119904657 0.00011663469844292782
4.121255887999999 0.0001207339632380186
4.122607119 0.00012304159932605767
4.123958351000001 0.0001243128688184983
4.125309582 0.00012283488819171773
4.126660814 0.00011939402964537238
4.128012045 0.00011554994994179085
4.129363277 0.00011218824115983711
4.130714508 0.00010815557211018583
4.132065739 0.0001078789125555374
4.133416971 0.00011002572691603396
4.134768202 0.00011236558065071638
4.136119434 0.00011132769948797263
4.1374706649999995 0.00010912547483869015
4.138821897 0.0001059668191793372
4.140173128000001 0.00010201862417007256
4.14152436 9.965476217315359e-05
4.142875591 0.00010018563201767103
4.144226821999999 0.00010100874994665249
4.145578054 9.893291279650564e-05
4.146929285000001 9.851998946807068e-05
4.148280517 9.876739137548252e-05
4.149631748 9.856083875427013e-05
4.15098298 9.714403237853834e-05
4.152334211 9.842971759017503e-05
4.153685442 9.876591819120501e-05
4.155036674 9.804951505285401e-05
4.156387905 9.779967973767317e-05
4.157739136999999 9.948324731875883e-05
4.159090368 0.00010139681287087204
4.1604416 0.0001042647348645931
4.161792831 0.00010761956600762076
4.163144063 0.00010880181016775853
4.164495294 0.00010634081640091396
4.165846525 0.00010309244087938069
4.167197757 0.00010186696597889907
4.1685489879999995 9.936945144645935e-05
4.169900220000001 9.714515787593648e-05
4.171251451 9.693114488790907e-05
4.172602683 0.00010004644196651563
4.173953914 0.00010160583500660154
4.1753051459999995 0.0001020307930232193
4.1766563770000005 9.987109658564936e-05
4.178007608 9.503732704446083e-05
4.17935884 8.836231280666858e-05
4.180710071 8.899036071479016e-05
4.182061303 9.130775525044362e-05
4.183412534 9.141193630592249e-05
4.184763766 8.891699696880214e-05
4.186114997 8.76974348665744e-05
4.187466228 8.766832290584352e-05
4.18881746 8.696548864709485e-05
4.190168691 8.76471215338641e-05
4.1915199229999995 8.972672860781452e-05
4.1928711540000005 9.089587420239623e-05
4.194222386000001 8.785969416560125e-05
4.195573617 8.499332133150633e-05
4.196924849 8.316967616759016e-05
4.198276079999999 8.284923198862904e-05
4.199627311 8.47246029758854e-05
4.200978543 8.646274519019445e-05
4.202329774 8.656888404893877e-05
4.203681006 8.807859887621237e-05
4.205032237 9.326965372138927e-05
4.206383469 9.957362769065861e-05
4.2077347 9.684072657575934e-05
4.209085931 9.27591819121359e-05
4.210437163 9.030943720159812e-05
4.211788394 9.066102266876448e-05
4.213139626 8.851364175768142e-05
4.2144908569999995 8.87332508332621e-05
4.215842089 9.130909753416941e-05
4.217193320000001 9.369596081148063e-05
4.218544552 9.212338565135159e-05
4.219895783 8.984064617116588e-05
4.221247013999999 8.928601904437637e-05
4.2225982459999996 8.896410227285063e-05
4.223949477 8.823947795029803e-05
4.225300709 8.845707276020983e-05
4.22665194 8.643940612689443e-05
4.228003171999999 8.324409109237817e-05
4.229354403 8.139337841592384e-05
4.2307056339999995 8.286605350479778e-05
4.232056866 8.437123662768215e-05
4.233408097000001 8.263320096851762e-05
4.234759329 8.191933806526323e-05
4.23611056 8.200818319530936e-05
4.237461792 8.212559876073089e-05
4.238813023 8.27637615272652e-05
4.240164255 8.502155966932808e-05
4.241515486 8.465550176213918e-05
4.242866717 7.999001310096626e-05
4.244217949 7.360886963752142e-05
4.24556918 7.338239303426655e-05
4.246920412000001 7.376141975144098e-05
4.248271643 7.312903026835612e-05
4.249622875 7.156741124367278e-05
4.250974105999999 7.510508806061289e-05
4.2523253379999995 7.879705147456708e-05
4.2536765690000005 8.196087651862299e-05
4.2550278 8.395368945792307e-05
4.256379032 8.523707738918502e-05
4.257730263 8.340985073005747e-05
4.259081495 8.084218719461602e-05
4.260432726 7.812964746049154e-05
4.261783958 7.535747898173046e-05
4.263135189 7.00439270159255e-05
4.26448642 6.72766099579435e-05
4.265837652 6.736265956720114e-05
4.267188883 7.051990458033198e-05
4.2685401149999995 7.207574415266141e-05
4.2698913460000005 7.166947985231688e-05
4.271242578000001 6.88211747194744e-05
4.272593809 6.3898643193727e-05
4.273945041 5.9420371972893626e-05
4.275296271999999 6.088979776179071e-05
4.276647503 6.386130141514453e-05
4.277998735 6.704488043122869e-05
4.279349966 6.872783750076997e-05
4.280701198 7.059018817852609e-05
4.282052429 6.960558784171833e-05
4.283403661 6.617986772392428e-05
4.284754892 6.134228033550058e-05
4.286106123 5.909654912926768e-05
4.287457355 5.6951844959059634e-05
4.288808586 5.4978838176895194e-05
4.290159818 5.4362306305526176e-05
4.2915110489999995 5.600185990430364e-05
4.292862281 5.601847402238611e-05
4.294213512000001 5.6274072017794475e-05
4.295564744 5.776912919233084e-05
4.296915975 6.088123531970048e-05
4.298267206 6.031039753726287e-05
4.299618438 5.9167052150976704e-05
4.300969669 5.8800911062190756e-05
4.302320901 6.0454262880442574e-05
4.303672132 5.986430009442646e-05
4.305023363999999 5.891180478874607e-05
4.306374595 5.6976680704306545e-05
4.3077258259999995 5.241826737815138e-05
4.309077058 4.451644334716756e-05
4.310428289000001 4.2406550938057843e-05
4.311779521 4.60687615862106e-05
4.313130752 5.572337170919702e-05
4.314481984 5.8132968742001356e-05
4.315833215 5.55894721524208e-05
4.317184447 5.070422838730353e-05
4.318535678 4.6315800442622204e-05
4.319886909 4.5506798449057665e-05
4.321238141 4.595302688081647e-05
4.322589372 4.5697003499703775e-05
4.323940604000001 4.105050231458227e-05
4.325291835 3.4009769262791e-05
4.326643067 3.1291209576882266e-05
4.327994297999999 3.252681340522778e-05
4.329345529999999 3.4945230547378644e-05
4.3306967610000004 3.544759359685569e-05
4.332047992 3.6418536300276916e-05
4.333399224 3.797652852325645e-05
4.334750455 3.978372645754775e-05
4.336101687 4.18523585743847e-05
4.337452918 4.287134303009557e-05
4.33880415 4.261728423514807e-05
4.340155381 3.635707831742043e-05
4.341506612 3.153373294171769e-05
4.342857844 3.266904943612824e-05
4.344209075 3.89436890848832e-05
4.3455603069999995 4.4251159325464734e-05
4.3469115380000005 4.6144942470903916e-05
4.34826277 4.8539945943043585e-05
4.349614001 4.923693611471023e-05
4.350965233 4.864790273809338e-05
4.352316464 4.918380289363446e-05
4.353667695 5.068829315811779e-05
4.355018927 5.222686591493938e-05
4.356370158 4.981208563756375e-05
4.35772139 4.478853189300404e-05
4.359072621 4.0260926829718344e-05
4.360423853 3.561549622143889e-05
4.361775084 2.897149263867522e-05
4.363126315000001 2.8486403919639955e-05
4.364477547000001 2.629060825958898e-05
4.365828778 2.1952615194248234e-05
4.36718001 1.891074755065961e-05
4.3685312409999995 2.486879837705279e-05
4.369882473 3.1094361284715446e-05
4.371233704 3.174973876256414e-05
4.372584936 2.3535139346007214e-05
4.373936167 1.6544949954432902e-05
4.375287398 1.3279387792116389e-05
4.37663863 1.3672449222562764e-05
4.377989861 1.7613210836181686e-05
4.379341093 2.6136595595124586e-05
4.380692324 2.8812224739474722e-05
4.382043555999999 2.323777776404014e-05
4.383394787 2.229726448801531e-05
4.3847460179999995 2.3883604848206468e-05
4.38609725 2.8189410457059103e-05
4.387448481000001 2.852074253650606e-05
4.388799713 2.835813474932362e-05
4.390150944 2.8998204651237182e-05
4.391502176 2.7606395606023434e-05
4.392853407 2.3102080049913624e-05
4.394204639 2.0287707197738644e-05
4.39555587 2.0704818115627612e-05
4.396907101 2.4062132466752527e-05
4.398258332999999 2.6018264590543337e-05
4.399609564 2.7553428314943705e-05
4.400960796000001 2.9080965298507895e-05
4.402312027 2.7280737601624733e-05
4.403663259 2.325019202937868e-05
4.405014489999999 1.6909573710999054e-05
4.406365721999999 1.2092368570107408e-05
4.407716953 1.3330136456261627e-05
4.409068184 1.6772101584330714e-05
4.410419416 2.0917623468553795e-05
4.411770647 2.4283983229504377e-05
4.413121879 2.589633504717104e-05
4.41447311 3.028087262584472e-05
4.415824342 2.70483793575905e-05
4.417175573000001 2.386115924105476e-05
4.418526804 2.4784404414312916e-05
4.419878036 2.7021017872319294e-05
4.421229266999999 2.683586855511107e-05
4.4225804989999995 2.86452138230021e-05
4.4239317300000005 3.0466363455345077e-05
4.425282962 3.0140617096836243e-05
4.426634193 2.6278780967195272e-05
4.427985425 2.298324007896557e-05
4.429336656 2.056568124398242e-05
4.430687887 1.9958132971184408e-05
4.432039119 2.0436328941274056e-05
4.43339035 2.1696389393044342e-05
4.434741582 2.3532520440810362e-05
4.436092813 2.6930034864285078e-05
4.437444045 2.955557900424781e-05
4.438795276 3.397962710473722e-05
4.440146507000001 3.7961146107196e-05
4.441497739000001 3.879020662118887e-05
4.44284897 3.6528847846841616e-05
4.444200202 3.0587654656732155e-05
4.445551432999999 2.445750594572204e-05
4.446902665 2.109153768827347e-05
4.448253896 2.107784550568276e-05
4.449605128 2.0799035521355827e-05
4.450956359 2.1172918848617276e-05
4.45230759 2.0128602910459077e-05
4.453658822 1.8928546931320904e-05
4.455010053 1.8511988378679468e-05
4.456361285 1.767382467873365e-05
4.457712516 1.5469812859881985e-05
4.459063747999999 1.3987873071510338e-05
4.460414979 1.3097407221226422e-05
4.4617662110000005 1.4569302235659465e-05
4.463117442 1.3161390855417537e-05
4.464468673000001 9.893371318596911e-06
4.465819905 8.081728213787913e-06
4.467171136 8.180837216685417e-06
4.468522368 7.042584276938548e-06
4.469873599 5.695833335457148e-06
4.471224831000001 5.731189350727716e-06
4.472576062 8.465964156106446e-06
4.473927293 1.0404404588469143e-05
4.475278524999999 1.2079913956811184e-05
4.476629756 1.4186843268725497e-05
4.4779809880000006 1.7085973328437826e-05
4.479332219 1.89670447878614e-05
4.480683451 1.5269928501956547e-05
4.482034682 1.2726368371426287e-05
4.483385914 1.3409759074982485e-05
4.484737145 1.926709222187677e-05
4.486088376 2.597260958944475e-05
4.487439608 3.046806255655649e-05
4.488790839 3.256265881791752e-05
4.490142071 2.7261412831180647e-05
4.491493302 2.343763146632227e-05
4.492844534 2.023408835960081e-05
4.494195765000001 2.1854689339902764e-05
4.495546996 2.2409652332963168e-05
4.496898228 2.2719958626606353e-05
4.498249458999999 1.7569279541579497e-05
4.4996006909999995 1.4657810084898158e-05
4.5009519220000005 1.1198002178821451e-05
4.502303154 9.997939247281064e-06
4.503654385 7.208928107407049e-06
4.505005617 7.581030455108446e-06
4.506356848 1.2699527827387771e-05
4.507708079 1.756289491968335e-05
4.509059311 2.255009900185143e-05
4.510410542 2.6759125928895234e-05
4.511761774 2.8204621975709116e-05
4.513113005 2.3181703595186623e-05
4.514464237 1.5981086794580625e-05
4.5158154679999996 8.868158367580755e-06
4.517166699000001 9.772914838685847e-06
4.518517931 1.740285838844251e-05
4.519869162 2.5258741535179114e-05
4.521220394 2.8000299177168685e-05
4.522571624999999 2.8840159212519567e-05
4.523922857 2.8937756387831178e-05
4.525274088 2.9031649467765054e-05
4.52662532 2.8090343777359678e-05
4.527976551 2.6212067109807036e-05
4.529327782 1.994880609508409e-05
4.530679014 1.8706371972927778e-05
4.532030245 1.9252465614488695e-05
4.533381477 1.7161420945193796e-05
4.534732708 1.2937087640290753e-05
4.53608394 9.17475888000741e-06
4.537435171 8.835479431878626e-06
4.5387864030000005 1.223354544159505e-05
4.540137634 2.6365942253026278e-05
4.541488865 3.294200318133585e-05
4.542840097 3.169987831402347e-05
4.544191328 2.6498848404592578e-05
4.5455425599999995 2.0409474160935325e-05
4.5468937910000005 1.3670131078065012e-05
4.548245023000001 6.951777300602085e-06
4.549596254 5.685334371640609e-06
4.550947485 5.947712095892146e-06
4.552298716999999 6.846747932142089e-06
4.553649948 5.826689152153305e-06
4.5550011800000005 3.7257803270417095e-06
4.556352411 3.1099379690264465e-06
4.557703643 3.125116380481994e-06
4.559054874 4.2446542784793865e-06
4.560406106 6.2539078837568556e-06
4.561757337 8.487050624804687e-06
4.563108568 8.446353969205706e-06
4.5644598 7.784162385239666e-06
4.565811031 6.664678803976996e-06
4.567162263 8.018840577925113e-06
4.568513493999999 8.397128369982978e-06
4.569864726 8.41204897832101e-06
4.571215957000001 5.372590903915403e-06
4.572567188 3.6564303485125e-06
4.57391842 2.6689161123425363e-06
4.575269650999999 4.15681857982075e-06
4.5766208829999995 9.377371530738783e-06
4.5779721140000005 1.2795916450849301e-05
4.579323346 1.4321371376676215e-05
4.580674577 1.4579687464360626e-05
4.582025809 1.3284494907033293e-05
4.58337704 1.0840339129652521e-05
4.584728271 1.2762819658420983e-05
4.586079503 1.6479164561899893e-05
4.587430734 1.7384840903851768e-05
4.588781966 1.6715780854898623e-05
4.590133197 1.4478268179188638e-05
4.591484429 1.0137513985454294e-05
4.5928356599999995 7.729675348619305e-06
4.5941868910000005 5.864995498728417e-06
4.595538123 4.832945538222735e-06
4.596889354 8.716431817380556e-06
4.598240586 1.5038722682726454e-05
4.599591817 1.2708959417297549e-05
4.6009430490000005 8.489217541890302e-06
4.60229428 5.471226148693819e-06
4.603645512 1.3337750243177285e-06
4.604996743 6.010532699933695e-06
4.606347974 6.913984538045832e-06
4.607699206 5.107812568240897e-06
4.609050437 3.850059228234848e-06
4.610401669 3.109116339996176e-06
4.611752900000001 5.869857389961705e-08
4.613104132 1e-08
4.614455363 1e-08
4.6158065950000005 2.0153476422397007e-07
4.617157826 4.564083428278639e-06
4.618509057 6.095859748381855e-06
4.619860289 3.892936980451691e-06
4.62121152 1.3824132281225845e-06
4.622562751999999 3.4179207739301716e-06
4.6239139830000004 3.6507369553959087e-06
4.625265215000001 2.0287066793583465e-06
4.626616446 5.755899991696407e-07
4.627967677 1.036772259863968e-06
4.629318908999999 3.1102452427262896e-06
4.63067014 4.203983424897919e-06
4.6320213720000005 5.101128406845629e-06
4.633372603 5.739839341882862e-06
4.634723835 6.602450552294826e-06
4.636075066 5.880464754663908e-06
4.637426298 3.3375644476341138e-06
4.638777529 1.5206123393883283e-06
4.64012876 1.2607961382828461e-06
4.641479992 3.0970420147656093e-06
4.642831223 2.2188137270369215e-06
4.644182455 2.891088307603747e-06
4.645533685999999 3.5689687533238127e-06
4.646884918 5.1814687614394965e-06
4.648236149000001 6.487393936091691e-06
4.64958738 6.2053256614657245e-06
4.650938612 4.963449442105654e-06
4.652289842999999 4.828122513963662e-06
4.6536410749999995 6.427359607696836e-06
4.6549923060000005 8.288526291479045e-06
4.656343538 1.0019222628497164e-05
4.657694769 1.051609327987196e-05
4.659046001 8.584757935225957e-06
4.660397232 5.054659513571567e-06
4.661748463 1.911356869684118e-06
4.663099695 1.6131112380181817e-06
4.664450926000001 1.8706917204738e-06
4.665802158 3.141920772654562e-06
4.667153389 4.784057207033708e-06
4.668504621 6.437033447271595e-06
4.6698558519999995 7.010740979573082e-06
4.6712070830000005 6.83173093510907e-06
4.672558315 5.616975197089338e-06
4.673909546 1.2689235430643804e-06
4.675260778 1.639203205326226e-07
4.676612009 1.5605786212470617e-08
4.6779632410000005 1e-08
4.679314472 1e-08
4.680665704 1e-08
4.682016935 4.372097792402571e-08
4.683368166 3.4717584706659664e-06
4.684719398 4.047200477732952e-06
4.686070629 2.434292471697486e-06
4.687421861 6.873165043404299e-07
4.688773092 4.334323934276344e-08
4.690124324 1e-08
4.691475555 1e-08
4.6928267869999996 1e-08
4.694178018 1.2069365329162981e-08
4.695529249 3.0436317803036274e-07
4.696880481 2.0098040927941428e-06
4.698231712 2.3738764404514494e-06
4.699582943999999 3.4115931962342473e-06
4.700934175 4.387389186088497e-06
4.702285407000001 4.722644393378382e-06
4.703636638 5.159543303296289e-06
4.704987869 5.8250421591528135e-06
4.706339100999999 7.22333498357694e-06
4.707690332 7.116456208333726e-06
4.7090415640000005 5.484209032515455e-06
4.710392795 9.332185545397205e-07
4.711744027 9.727727869442051e-08
4.713095258 4.781685543687314e-08
4.71444649 1.6946941973838806e-08
4.7157977209999995 1e-08
4.717148952 1e-08
4.718500184000001 1e-08
4.719851415 1.3052296585783242e-08
4.721202647 5.522558421133075e-07
4.722553877999999 4.885738062346803e-06
4.72390511 8.212665129074077e-06
4.725256341000001 6.97782891662395e-06
4.726607572 4.419674118179521e-06
4.727958804 1.5945926715253795e-06
4.729310035 7.729724222693529e-08
4.730661267 1e-08
4.7320124980000005 1e-08
4.73336373 1e-08
4.734714961 1e-08
4.736066193 1e-08
4.737417424 1e-08
4.738768654999999 1e-08
4.740119887 1e-08
4.741471118000001 1e-08
4.74282235 1e-08
4.744173581 1e-08
4.745524813 1e-08
4.7468760439999995 1e-08
4.748227276 1e-08
4.749578507 1e-08
4.750929738 1e-08
4.75228097 1e-08
4.753632201 1e-08
4.7549834330000005 1e-08
4.756334664 1e-08
4.757685896 1e-08
4.759037127 1e-08
4.760388358 1e-08
4.76173959 1e-08
4.763090821 1e-08
4.764442053 1e-08
4.765793284 1e-08
4.767144516 1e-08
4.768495747 1e-08
4.7698469789999995 1e-08
4.77119821 1e-08
4.772549441 1e-08
4.773900673 1e-08
4.775251904 1e-08
4.776603135999999 1e-08
4.777954367 1e-08
4.779305599000001 1e-08
4.78065683 1e-08
4.782008061000001 1e-08
4.783359293 1e-08
4.784710524 1e-08
4.7860617560000005 1e-08
4.787412987 1e-08
4.788764219 1e-08
4.79011545 1e-08
4.791466682 1e-08
4.7928179129999995 1e-08
4.7941691440000005 1e-08
4.795520376000001 1e-08
4.796871607 1e-08
4.798222839 1e-08
4.799574069999999 1e-08
4.800925302 1e-08
4.802276533000001 1e-08
4.803627764 1e-08
4.804978996 1e-08
4.806330227 1e-08
4.807681459 1e-08
4.80903269 1e-08
4.810383922 1e-08
4.811735153 1e-08
4.813086384999999 1e-08
4.814437616 1e-08
4.815788846999999 1e-08
4.817140079 1e-08
4.818491310000001 1e-08
4.819842542 1e-08
4.821193773 1e-08
4.822545005 1e-08
4.8238962359999995 1e-08
4.825247468 1e-08
4.826598699 1e-08
4.82794993 1e-08
4.829301162 1e-08
4.830652393 1e-08
4.8320036250000005 1e-08
4.833354856 1e-08
4.834706088 1e-08
4.836057318999999 1e-08
4.83740855 1e-08
4.838759782 1e-08
4.840111013 1e-08
4.841462245 1e-08
4.842813476 1e-08
4.844164708 1e-08
4.845515939 1e-08
4.8468671709999995 1e-08
4.8482184020000005 1e-08
4.849569633 1e-08
4.850920865 1e-08
4.852272096 1e-08
4.853623327999999 1e-08
4.854974559 1e-08
4.856325791000001 1e-08
4.857677022 1e-08
4.859028253 1e-08
4.860379485 1e-08
4.861730716 1e-08
4.863081948 1e-08
4.864433179 1e-08
4.865784411 1e-08
4.867135642 1e-08
4.868486874 1e-08
4.8698381049999995 1e-08
4.8711893360000005 1e-08
4.872540568000001 1e-08
4.873891799 1e-08
4.875243031 1e-08
4.876594261999999 1e-08
4.8779454939999995 1e-08
4.879296725000001 1e-08
4.880647956 1e-08
4.881999188 1e-08
4.883350419 1e-08
4.884701651 1e-08
4.8860528819999995 1e-08
4.887404114 1e-08
4.888755345 1e-08
4.890106576999999 1e-08
4.891457808 1e-08
4.892809038999999 1e-08
4.894160271 1e-08
4.895511502000001 1e-08
4.896862734 1e-08
4.898213965 1e-08
4.899565197 1e-08
4.900916428 1e-08
4.902267660000001 1e-08
4.903618891 1e-08
4.904970122 1e-08
4.906321354 1e-08
4.907672585 1e-08
4.9090238170000005 1e-08
4.910375048 1e-08
4.91172628 1e-08
4.913077511 1e-08
4.914428742 1e-08
4.915779974 1e-08
4.917131205 1e-08
4.918482437 1e-08
4.919833668 1e-08
4.9211849 1e-08
4.922536131 1e-08
4.9238873629999995 1e-08
4.9252385940000005 1e-08
4.926589825 1e-08
4.927941057 1e-08
4.929292288 1e-08
4.930643519999999 1e-08
4.931994751 1e-08
4.933345983000001 1e-08
4.934697214 1e-08
4.936048445 1e-08
4.937399677 1e-08
4.938750908 1e-08
4.94010214 1e-08
4.941453371 1e-08
4.942804603 1e-08
4.944155834 1e-08
4.945507066 1e-08
4.9468582969999995 1e-08
4.9482095280000005 1e-08
4.949560760000001 1e-08
4.950911991 1e-08
4.952263223 1e-08
4.953614453999999 1e-08
4.9549656859999995 1e-08
4.9563169170000005 1e-08
4.957668148 1e-08
4.95901938 1e-08
4.960370611 1e-08
4.961721843 1e-08
4.9630730739999995 1e-08
4.964424306 1e-08
4.965775537000001 1e-08
4.967126769 1e-08
4.968478 1e-08
4.969829230999999 1e-08
4.971180463 1e-08
4.972531694000001 1e-08
4.973882926 1e-08
4.975234157 1e-08
4.976585389 1e-08
4.97793662 1e-08
4.979287852000001 1e-08
4.980639083 1e-08
4.981990314 1e-08
4.983341545999999 1e-08
4.984692777 1e-08
4.986044009 1e-08
4.98739524 1e-08
4.988746472 1e-08
4.990097703 1e-08
4.991448934 1e-08
4.992800166 1e-08
4.9941513969999995 1e-08
4.995502629 1e-08
4.99685386 1e-08
4.998205092 1e-08
4.999556323 1e-08
5.0009075549999995 1e-08
5.0022587860000005 1e-08
5.003610017 1e-08
5.004961249 1e-08
5.006312479999999 1e-08
5.007663711999999 1e-08
5.009014943 1e-08
5.010366175 1e-08
5.011717406 1e-08
5.013068637 1e-08
5.014419869 1e-08
5.0157711 1e-08
5.017122332 1e-08
5.018473563 1e-08
5.019824795000001 1e-08
5.021176026 1e-08
5.022527258 1e-08
5.0238784889999994 1e-08
5.0252297200000005 1e-08
5.026580952000001 1e-08
5.027932183 1e-08
5.029283415 1e-08
5.030634646 1e-08
5.031985878 1e-08
5.033337109 1e-08
5.034688341 1e-08
5.036039572 1e-08
5.037390803 1e-08
5.038742035 1e-08
5.0400932659999995 1e-08
5.041444498 1e-08
5.042795729000001 1e-08
5.044146961 1e-08
5.045498192 1e-08
5.046849422999999 1e-08
5.048200655 1e-08
5.049551886000001 1e-08
5.050903118 1.096655072319973e-08
5.052254349 2.9376646328370598e-08
5.053605581 4.646911115138763e-08
5.054956812 1.4216245862699938e-08
5.056308044000001 1e-08
5.057659275 1e-08
5.059010506 1e-08
5.060361737999999 1e-08
5.061712969 1e-08
5.063064201 1e-08
5.064415432 1e-08
5.065766664 1e-08
5.067117895 1e-08
5.068469126 1e-08
5.069820358 1e-08
5.0711715889999995 1.957463066023509e-08
5.072522821 1.7210027609520204e-07
5.073874052 6.798336267660485e-08
5.075225284 1.1463909970030739e-08
5.076576515 1e-08
5.0779277469999995 1e-08
5.0792789780000005 1e-08
5.080630209 1e-08
5.081981441 1e-08
5.083332671999999 1.5088405032654972e-08
5.084683904 1.423553865572788e-07
5.086035135 1.5595828141924207e-07
5.087386367 5.869732427318758e-08
5.088737598 3.175394812893489e-07
5.090088829 2.253189025252613e-06
5.091440061 4.912036379363591e-06
5.092791292 7.848141361384399e-06
5.094142524 7.113739158995949e-06
5.095493755000001 4.357973866097728e-06
5.096844987000001 8.096785253489593e-08
5.098196218 1e-08
5.09954745 1e-08
5.100898680999999 1e-08
5.102249912 1e-08
5.103601144000001 1e-08
5.104952375 1e-08
5.106303607 1e-08
5.107654838 1e-08
5.10900607 1e-08
5.110357301 1e-08
5.111708533 1e-08
5.113059764 1e-08
5.114410995 1e-08
5.115762227 1.3034251582651004e-08
5.1171134579999995 1.4914202085286656e-07
5.11846469 3.996839498894218e-07
5.119815921000001 2.9905893940533046e-07
5.121167153 1.527885681294317e-06
5.122518384 1.3608009867572048e-06
5.123869614999999 2.0018260729450345e-07
5.125220847 1.4715199967351504e-08
5.126572078000001 1e-08
5.12792331 1e-08
5.129274541 1e-08
5.130625772999999 1e-08
5.131977004 1e-08
5.1333282360000005 1e-08
5.134679467 1e-08
5.136030698 1e-08
5.137381929999999 1e-08
5.138733161 1e-08
5.140084393 1e-08
5.141435624 1e-08
5.142786856 1e-08
5.144138087 1e-08
5.145489318 1e-08
5.14684055 1e-08
5.148191781 1e-08
5.149543013000001 1e-08
5.150894244 1e-08
5.152245476 1e-08
5.153596706999999 1e-08
5.1549479389999995 1e-08
5.1562991700000005 1e-08
5.157650401 1e-08
5.159001633 1e-08
5.160352864 1e-08
5.161704096 1e-08
5.163055327 1e-08
5.164406559 1e-08
5.16575779 1e-08
5.167109021 1e-08
5.168460253 1e-08
5.169811484 1e-08
5.1711627159999995 1e-08
5.172513947000001 2.380626915450718e-08
5.173865179000001 2.050781232067619e-07
5.17521641 5.452932023015605e-07
5.176567642 9.280847797317358e-07
5.177918872999999 8.678958241244924e-08
5.179270104 1.0735639078412126e-08
5.180621336 1e-08
5.181972567 1e-08
5.183323799 1e-08
5.18467503 1e-08
5.186026262 1e-08
5.187377493 1e-08
5.188728725 1e-08
5.190079956 1e-08
5.191431187 1e-08
5.192782419 1e-08
5.1941336499999995 1e-08
5.195484882 1e-08
5.196836113000001 1e-08
5.198187345 1e-08
5.199538576 1e-08
5.200889806999999 1e-08
5.202241039 1e-08
5.20359227 1e-08
5.204943502 1e-08
5.206294733 1e-08
5.207645964999999 1e-08
5.208997196 1e-08
5.2103484280000005 1e-08
5.211699659 1e-08
5.213050890000001 1e-08
5.214402122 1e-08
5.215753353 1e-08
5.217104585 1e-08
5.218455816 1e-08
5.219807048 1e-08
5.221158279 1e-08
5.22250951 1e-08
5.223860742 1e-08
5.225211973 1e-08
5.226563205000001 1e-08
5.227914436 1e-08
5.229265668 1e-08
5.230616898999999 1e-08
5.2319681309999995 1e-08
5.2333193620000005 1e-08
5.234670593 1e-08
5.236021825 1e-08
5.237373056 1e-08
5.238724288 1e-08
5.240075519 1e-08
5.241426751 1e-08
5.242777982 1e-08
5.244129213 1e-08
5.245480445 1e-08
5.246831676 1e-08
5.2481829079999995 1e-08
5.2495341390000005 1e-08
5.250885371000001 1e-08
5.252236602 1e-08
5.253587834 1e-08
5.254939064999999 1e-08
5.256290296 1e-08
5.257641528 1e-08
5.258992759 1e-08
5.260343991 1e-08
5.261695222 1e-08
5.263046454 1e-08
5.264397685 1e-08
5.265748917 1e-08
5.267100148000001 1e-08
5.268451379 1e-08
5.269802611 1e-08
5.2711538419999995 1e-08
5.272505074 1e-08
5.273856305000001 1e-08
5.275207537 1e-08
5.276558768 1e-08
5.277909999 1e-08
5.279261231 1e-08
5.280612462 1e-08
5.281963694 1e-08
5.283314925 3.671931471404139e-08
5.284666156999999 5.108653941826196e-07
5.286017388 1.5303746579942363e-06
5.2873686200000005 2.9016345182508212e-06
5.288719851 2.203249552181738e-07
5.290071082000001 1.3412641944430504e-08
5.291422314 1e-08
5.292773545 1e-08
5.294124777 1e-08
5.295476008 1e-08
5.29682724 1e-08
5.298178471 1e-08
5.299529702 1e-08
5.300880933999999 1e-08
5.302232165 1e-08
5.303583397000001 1e-08
5.304934628 1e-08
5.30628586 1e-08
5.307637090999999 1e-08
5.3089883229999995 1e-08
5.3103395540000005 1e-08
5.311690785 1e-08
5.313042017 1e-08
5.314393248 1e-08
5.31574448 4.510439785826278e-08
5.317095711 1.0753271372743243e-06
5.318446943 2.577609037714291e-07
5.319798174 1.5728618412798733e-08
5.321149405 1e-08
5.322500637 1e-08
5.323851867999999 1e-08
5.3252030999999995 1e-08
5.3265543310000005 1e-08
5.327905563 1e-08
5.329256794 1e-08
5.330608026 1e-08
5.331959257 1e-08
5.333310488 1e-08
5.33466172 1e-08
5.336012951 1e-08
5.337364183 1e-08
5.338715414 1e-08
5.340066646 1e-08
5.341417877 1e-08
5.342769109 1e-08
5.344120340000001 1e-08
5.345471571 1e-08
5.346822803 1e-08
5.3481740339999995 1.9747238956548217e-08
5.349525266 4.3026744096387016e-07
5.350876497 4.174868548017983e-06
5.352227729 4.546289223270594e-06
5.35357896 1.6246526138450367e-06
5.354930191 5.2868557038495784e-08
5.356281423 1e-08
5.357632654 1e-08
5.358983886 1e-08
5.360335117 1e-08
5.361686348999999 1e-08
5.36303758 1e-08
5.3643888120000005 1e-08
5.365740043 1e-08
5.367091274000001 1e-08
5.368442506 1e-08
5.369793737 1e-08
5.371144969 1e-08
5.3724962 1e-08
5.373847432 1e-08
5.375198663 1e-08
5.376549894 1e-08
5.377901125999999 1e-08
5.379252357 1e-08
5.380603589000001 1e-08
5.38195482 3.992762401058808e-08
5.383306052 7.266969213623431e-07
5.384657282999999 2.446490147766557e-07
5.386008515 1.7693929988319174e-08
5.3873597460000004 1e-08
5.388710977 1e-08
5.390062209 1e-08
5.39141344 1e-08
5.392764672 1e-08
5.394115903 1e-08
5.395467135 1e-08
5.396818366000001 1e-08
5.398169598000001 1e-08
5.399520829 1e-08
5.400872059999999 1e-08
5.4022232919999995 1e-08
5.4035745230000005 1e-08
5.404925755 1e-08
5.406276986 1e-08
5.407628218 1e-08
5.408979449 1e-08
5.41033068 1e-08
5.411681912 1e-08
5.413033143 1e-08
5.414384375 1e-08
5.415735606 1e-08
5.417086838 1e-08
5.418438069 1e-08
5.419789301 1e-08
5.421140532000001 1e-08
5.422491763 1e-08
5.423842995 1e-08
5.4251942259999995 1e-08
5.426545458 1e-08
5.427896689 1e-08
5.429247921 1e-08
5.430599152 1e-08
5.431950383 1e-08
5.433301615 1e-08
5.434652846 1e-08
5.436004078 1e-08
5.437355309 1e-08
5.438706540999999 1e-08
5.440057772 1e-08
5.4414090040000005 1e-08
5.442760235 1e-08
5.444111466000001 1e-08
5.445462698 1e-08
5.446813929 1e-08
5.4481651609999995 1e-08
5.4495163920000005 1e-08
5.450867624000001 1e-08
5.452218855 1.8206877554891756e-08
5.453570086 2.5439674802478144e-07
5.454921317999999 2.5172910666329822e-06
5.456272549 3.7999453046099423e-06
5.457623781000001 5.279605643063231e-06
5.458975012 4.711072125916766e-06
5.460326244 4.213397699567651e-06
5.461677475 4.0378982255802995e-06
5.463028707 3.869800422591663e-06
5.464379938 2.6014956803365156e-06
5.465731169 1.6839241772612229e-06
5.467082401 1.7285584678772856e-07
5.468433632 1.6102771241676693e-08
5.469784864 1e-08
5.471136094999999 1e-08
5.472487327 1e-08
5.473838558000001 1e-08
5.47518979 1e-08
5.476541021 1e-08
5.477892251999999 1e-08
5.4792434839999995 1e-08
5.4805947150000005 1e-08
5.481945947 1e-08
5.483297178 1e-08
5.48464841 1e-08
5.485999641 1e-08
5.487350872 1e-08
5.488702104 1e-08
5.490053335 1e-08
5.491404567 1e-08
5.492755798 1e-08
5.49410703 1e-08
5.495458261 1e-08
5.496809493 1e-08
5.498160724 1e-08
5.499511955 1e-08
5.500863187 1e-08
5.502214417999999 1e-08
5.50356565 1e-08
5.504916881 1e-08
5.506268113 1e-08
5.507619344 1e-08
5.508970575 1e-08
5.510321807 1e-08
5.511673038 1e-08
5.51302427 1e-08
5.514375501000001 1e-08
5.515726733 1e-08
5.517077964 1e-08
5.5184291960000005 1e-08
5.519780427 1e-08
5.521131658 1e-08
5.52248289 1e-08
5.523834121 1e-08
5.5251853529999995 1e-08
5.5265365840000005 1e-08
5.527887816000001 1e-08
5.529239047 1e-08
5.530590278 1e-08
5.531941509999999 1e-08
5.533292741 1e-08
5.5346439730000005 1e-08
5.535995204 1e-08
5.537346436 1e-08
5.538697667 1e-08
5.540048899 1e-08
5.54140013 1e-08
5.542751361 1e-08
5.544102593 1e-08
5.545453824 1e-08
5.546805056 1e-08
5.548156286999999 1e-08
5.549507519 1e-08
5.550858750000001 1e-08
5.552209982 1e-08
5.553561213 1e-08
5.554912443999999 1e-08
5.5562636759999995 1e-08
5.5576149070000005 1e-08
5.558966139 1e-08
5.56031737 1e-08
5.561668602 1e-08
5.563019833 1e-08
5.564371064 1e-08
5.565722296 1e-08
5.567073527 1e-08
5.568424759000001 1e-08
5.56977599 1e-08
5.571127222 1e-08
5.5724784529999996 1e-08
5.573829685 1e-08
5.575180916 1e-08
5.576532147 1e-08
5.577883379 1e-08
5.57923461 1e-08
5.5805858420000005 1e-08
5.581937073 1e-08
5.583288305 1e-08
5.584639536 1.6420464399829157e-08
5.585990767 5.9399820396078686e-08
5.587341999 7.824585101918723e-08
5.58869323 1.992795583911458e-08
5.590044462 1e-08
5.591395693000001 1e-08
5.592746925 1e-08
5.594098156 1e-08
5.595449388 1e-08
5.596800619 1e-08
5.59815185 1e-08
5.599503082 1e-08
5.600854313 1e-08
5.6022055449999995 1e-08
5.6035567760000005 1e-08
5.604908008000001 1e-08
