microns transmission
1.0780311919999999 9.526021489984906e-05
1.078745593 9.226126224537055e-05
1.079459994 8.728555330618031e-05
1.080174395 8.047137391140165e-05
1.080888796 7.597442573199241e-05
1.081603198 7.602613144014156e-05
1.082317599 7.480315666075834e-05
1.083032 7.26014113333888e-05
1.0837464010000002 7.144847225694985e-05
1.0844608020000002 7.205540502949867e-05
1.085175203 7.110851283321059e-05
1.085889604 7.176405342719595e-05
1.0866040049999999 7.315419089574956e-05
1.087318406 7.435759620388587e-05
1.088032807 8.179018134648018e-05
1.088747208 8.985840223673084e-05
1.089461609 9.597914116371087e-05
1.09017601 0.00010121880631052583
1.0908904110000002 0.00010813001179775473
1.0916048120000001 0.00011066955430557564
1.092319213 0.00011271363453259056
1.0930336139999999 0.00011560751436318568
1.0937480149999999 0.00011805300612096824
1.094462416 0.00012245334636880407
1.0951768179999999 0.00012507851402318695
1.095891219 0.00012935933177847905
1.09660562 0.00013528481486911853
1.097320021 0.0001419798639929469
1.098034422 0.00014235709060389157
1.098748823 0.00013660357974970542
1.0994632240000002 0.00012685122112702227
1.100177625 0.00011775321138827174
1.100892026 0.00011214613728703223
1.1016064269999999 0.0001113455422670158
1.1023208279999999 0.00011582247503699194
1.103035229 0.00012230674993461807
1.10374963 0.00012641001538819487
1.104464031 0.0001273028993601084
1.105178432 0.0001274222382755161
1.1058928330000002 0.00012687274529649324
1.1066072340000002 0.00012717621259540016
1.107321635 0.00012499603931210077
1.108036037 0.0001161659020870458
1.108750438 0.0001037312765425462
1.109464839 9.468642893023825e-05
1.11017924 9.1804406194378e-05
1.1108936409999999 8.552121131737007e-05
1.111608042 7.673167698806429e-05
1.11279963 6.66390592192422e-05
1.1149437519999998 5.087473878418916e-05
1.117087875 4.167688470700053e-05
1.1192319970000002 3.484842911033916e-05
1.1213761199999999 3.258095793167875e-05
1.123520243 2.7206568804717747e-05
1.125664365 2.5944425104611524e-05
1.1278084879999999 2.4478113715164707e-05
1.1299526100000001 2.5483927802688755e-05
1.132096733 2.860598940084313e-05
1.134240856 2.489812439919554e-05
1.1363849780000002 2.4716213637046505e-05
1.138529101 2.30739825306652e-05
1.140673223 2.240867683452407e-05
1.142817346 2.1168281381722292e-05
1.144961469 2.5178076517631273e-05
1.147105591 2.5069042367902582e-05
1.149249714 2.4447750722508777e-05
1.151393836 2.454783032498781e-05
1.153537959 2.265315742451769e-05
1.155682082 2.2022853629197595e-05
1.157826204 2.4014656015662722e-05
1.159970327 2.7423891832948157e-05
1.162114449 2.42638236850307e-05
1.164258572 2.1934687772590328e-05
1.166402695 2.2718459302635145e-05
1.168546817 2.675854448796698e-05
1.1706909399999998 2.6970702416471824e-05
1.172835062 2.5515508087952647e-05
1.174979185 2.3437125711791504e-05
1.1771233079999999 1.9556528817331766e-05
1.1792674300000001 1.8055775216696953e-05
1.181411553 1.9094560042970177e-05
1.183555675 2.0747332566048217e-05
1.1856997980000001 1.84758959778801e-05
1.1878439209999998 1.6369840677992113e-05
1.189988043 1.7091330039577837e-05
1.1921321660000002 1.9214325181319327e-05
1.1942762889999998 2.079074916718511e-05
1.196420411 2.2170093824617247e-05
1.1985645340000002 2.132831373993457e-05
1.200708656 2.0728286589939153e-05
1.202852779 2.279511600565151e-05
1.204996902 2.7054478882156703e-05
1.207141024 2.648547217282087e-05
1.2092851470000001 2.5178735005364553e-05
1.211429269 2.5075660319562307e-05
1.213573392 2.5148011459856668e-05
1.2157175150000001 2.6045464803744605e-05
1.217861637 2.441562989182946e-05
1.22000576 2.291622647629806e-05
1.2221498819999999 2.2330280547022447e-05
1.224294005 2.18244050313458e-05
1.226438128 2.1137324307679904e-05
1.2285822499999999 2.1023120511751357e-05
1.230726373 1.8772691242411474e-05
1.2328704949999998 1.8887012239080806e-05
1.235014618 2.2768314156719434e-05
1.237158741 2.3391710896609968e-05
1.2393028629999998 2.455638063594209e-05
1.241446986 2.3840337684267317e-05
1.2435911080000002 2.3449776635752303e-05
1.245735231 2.62080465926884e-05
1.247879354 2.7673950517418234e-05
1.250023476 2.591818780946633e-05
1.252167599 2.156921933365815e-05
1.254311721 1.8670743405443235e-05
1.256455844 1.7600815986987642e-05
1.258599967 1.885102362783293e-05
1.2607440890000001 1.9840719295951956e-05
1.262888212 1.5109912626458929e-05
1.265032334 1.5944766728351184e-05
1.267176457 1.8715028195680684e-05
1.26932058 2.1583467818635247e-05
1.271464702 2.3494960239269022e-05
1.273608825 2.0358300681963872e-05
1.275752947 2.0696256136204074e-05
1.27789707 1.935581593350687e-05
1.280041193 2.0183096375267572e-05
1.282185315 1.953902312364534e-05
1.2843294379999999 1.8212814169649598e-05
1.28647356 1.4753110352818235e-05
1.288617683 1.3250178603346903e-05
1.290761806 1.6352404397156158e-05
1.292905928 1.61804851851573e-05
1.295050051 1.607076035069089e-05
1.297194173 1.5490492395960572e-05
1.299338296 1.4453407928176239e-05
1.3014824189999998 1.508571803213304e-05
1.303626541 1.5670363991165175e-05
1.305770664 1.3970346354404348e-05
1.307914786 1.0837786237629335e-05
1.310058909 1.0772626978017311e-05
1.312203032 1.6115719107916084e-05
1.314347154 1.6738110154649933e-05
1.3164912770000001 1.5737894327674185e-05
1.318635399 1.72496565652062e-05
1.320779522 1.615945842554048e-05
1.3229236450000001 1.77549076003015e-05
1.325067767 1.7588453248405152e-05
1.32721189 1.8605617054660673e-05
1.3293560119999999 1.4078481239157978e-05
1.331500135 1.3727455067695585e-05
1.333644258 1.5731393334649223e-05
1.3357883799999999 1.439504101051323e-05
1.337932503 1.5489861153354585e-05
1.340076625 1.4301271809555263e-05
1.342220748 1.3866774940464413e-05
1.344364871 1.1395008203112853e-05
1.3465089929999998 1.2382713607572933e-05
1.348653116 1.4201293067022912e-05
1.3507972380000002 1.4328691380935998e-05
1.3529413609999998 1.2677243175270621e-05
1.355085484 1.157045305055898e-05
1.3572296060000002 1.5069169396340917e-05
1.3593737289999999 1.901278118197153e-05
1.3615178510000001 2.1744868801651268e-05
1.363661974 2.2175130206094564e-05
1.3658060969999999 2.0949804771455736e-05
1.3679502190000001 1.9638255940406727e-05
1.370094342 1.8971817106542037e-05
1.372238464 1.8080494017195993e-05
1.3743825870000002 1.4530218922910612e-05
1.37652671 1.1734436265093299e-05
1.378670832 1.221120273519477e-05
1.380814955 1.1298262454631932e-05
1.382959077 1.2591461888924835e-05
1.3851032 1.4332346013313634e-05
1.387247323 1.4670286606571773e-05
1.389391445 1.6137386251021294e-05
1.3915355680000001 1.7284116718663095e-05
1.39367969 1.7586747084920834e-05
1.395823813 1.5743107816204547e-05
1.397967936 1.556198198515294e-05
1.400112058 1.420906278335067e-05
1.402256181 1.4266777287750554e-05
1.4044003029999998 1.5300194985355613e-05
1.406544426 1.4499347988862323e-05
1.408688549 1.484106933370595e-05
1.4108326709999999 1.528640943433757e-05
1.412976794 1.4239263044685277e-05
1.415120916 1.298825537782157e-05
1.417265039 1.332109790409112e-05
1.419409162 1.1851373710458511e-05
1.421553284 1.1601587476784043e-05
1.4236974070000001 1.22657708470739e-05
1.425841529 1.162181751353021e-05
1.427985652 1.1871585325451159e-05
1.4301297750000002 1.255222859732826e-05
1.432273897 1.3530589611479382e-05
1.43441802 1.2593069767694634e-05
1.436562142 1.1985871044179101e-05
1.438706265 1.1990175600982526e-05
1.440850388 1.2360806847081377e-05
1.44299451 1.231905062901341e-05
1.445138633 1.0767878504017962e-05
1.447282755 9.708250680071877e-06
1.449426878 8.350113488991025e-06
1.451571001 9.282842621702744e-06
1.453715123 1.0535903995825697e-05
1.455859246 9.526883399425437e-06
1.458003368 9.958373313175959e-06
1.4601474909999999 1.0593249112494638e-05
1.462291614 1.2202951596720133e-05
1.464435736 1.4410612882480302e-05
1.4665798589999999 1.4476385807515723e-05
1.4687239810000001 1.4671462506864529e-05
1.470868104 1.4137192174090967e-05
1.473012227 1.3496630509991291e-05
1.4751563490000001 1.2203006916353376e-05
1.4773004719999998 1.1074510256061639e-05
1.479444594 1.0528530435768347e-05
1.4815887170000002 1.0896065280237718e-05
1.4837328399999998 1.286532239752835e-05
1.485876962 1.2855523506051442e-05
1.4880210850000002 1.2896381340902515e-05
1.490165207 1.4306507272315174e-05
1.49230933 1.4002120764418931e-05
1.494453453 1.3026231722489655e-05
1.496597575 1.1647505790178907e-05
1.4987416980000001 1.0204393952242684e-05
1.50088582 9.866029952864414e-06
1.503029943 9.32082645700779e-06
1.5051740660000001 9.519123240284475e-06
1.507318188 8.980248844221113e-06
1.509462311 1.0082552043717464e-05
1.5116064329999999 1.1232489061860195e-05
1.513750556 1.229696804740881e-05
1.515894679 1.314429239901341e-05
1.5180388009999999 1.4400299540941126e-05
1.520182924 1.611589454571481e-05
1.522327046 1.6464094746693696e-05
1.524471169 1.5974191882414898e-05
1.526615292 1.4386863008118558e-05
1.528759414 1.3375682150299803e-05
1.530903537 1.3159484525835089e-05
1.5330476590000002 1.3372001732246872e-05
1.535191782 1.196924079269883e-05
1.537335905 9.790296321889883e-06
1.539480027 8.517319910489719e-06
1.54162415 7.762180298200545e-06
1.543768272 7.916620483312056e-06
1.545912395 9.604231334536096e-06
1.548056518 1.1316642581189503e-05
1.5502006400000001 1.2474161861310236e-05
1.552344763 1.2775719727392666e-05
1.554488885 1.326585382924602e-05
1.556633008 1.3966837093332258e-05
1.558777131 1.5019746621819669e-05
1.560921253 1.6031792693829582e-05
1.563065376 1.569978042994528e-05
1.565209498 1.4460493483837788e-05
1.567353621 1.1355962091871366e-05
1.569497744 9.073442464498249e-06
1.571641866 7.532033790925249e-06
1.5737859889999999 7.905705488778736e-06
1.575930111 9.218971040275956e-06
1.578074234 9.655590863853287e-06
1.580218357 9.158749562489452e-06
1.582362479 9.233636432353578e-06
1.5845066019999998 1.080350473717846e-05
1.586650724 1.2558817782799178e-05
1.588794847 1.4795668568979356e-05
1.5909389699999998 1.4928824344721522e-05
1.593083092 1.4271836153668742e-05
1.595227215 1.3938340825727549e-05
1.597371337 1.3071100494316621e-05
1.5995154600000001 1.1663919340750278e-05
1.6016595830000002 1.1979449385035807e-05
1.603803705 1.0945725658799237e-05
1.6059478280000001 8.62746835291509e-06
1.60809195 7.4754429393850794e-06
1.610236073 6.7022607312951776e-06
1.6123801960000002 5.948090062939207e-06
1.614524318 6.792455459536128e-06
1.616668441 8.49572088000261e-06
1.6188125629999999 8.188219353423382e-06
1.620956686 7.971627460204338e-06
1.623100809 8.38858142240048e-06
1.625244931 8.437021257236723e-06
1.627389054 8.25681098618162e-06
1.6295331759999998 8.704117878208955e-06
1.631677299 9.070504468844695e-06
1.633821422 8.731098856038982e-06
1.6359655439999998 9.29232160957968e-06
1.638109667 1.0367413817778978e-05
1.6402537890000002 1.114949408235241e-05
1.6423979119999998 1.1970825007245194e-05
1.644542035 1.2023665272520414e-05
1.646686157 1.1916174715823144e-05
1.6488302799999999 1.1223334812586553e-05
1.6509744020000001 1.0687759440240535e-05
1.653118525 9.445935226855694e-06
1.655262648 8.081454153395191e-06
1.6574067700000001 7.525500239120821e-06
1.659550893 7.5149287755074165e-06
1.661695015 9.1792894568803e-06
1.663839138 1.0851646715700355e-05
1.665983261 1.3150526589118926e-05
1.668127383 1.4974978649104513e-05
1.670271506 1.54431209316723e-05
1.672415628 1.653569464234588e-05
1.674559751 1.704785355147086e-05
1.676703874 1.6210022132215967e-05
1.678847996 1.444686738517116e-05
1.680992119 1.3086653848378899e-05
1.683136241 1.2542948553858784e-05
1.685280364 1.1824943961069118e-05
1.687424487 1.1069558065303894e-05
1.689568609 1.0440682905057117e-05
1.691712732 1.0154639449048824e-05
1.693856854 1.068187864887903e-05
1.696000977 1.1614930262401493e-05
1.6981450999999999 1.1602427044676065e-05
1.700289222 1.073530379352203e-05
1.702433345 1.0759225658896962e-05
1.704577467 1.1371895720587674e-05
1.7067215900000001 1.228269065907352e-05
1.708865713 1.258982032304123e-05
1.711009835 1.2296988939745055e-05
1.7131539580000001 1.194033506304717e-05
1.71529808 1.2381719797107874e-05
1.717442203 1.2447252600858483e-05
1.7195863260000002 1.1852631898662828e-05
1.721730448 1.173442224334353e-05
1.723874571 1.0908519250297912e-05
1.7260186929999999 1.0484460436173107e-05
1.728162816 1.132222450092664e-05
1.730306939 1.1862697777936188e-05
1.732451061 1.0941997862070528e-05
1.734595184 1.0019241735634865e-05
1.736739306 8.87640404778453e-06
1.738883429 7.72530168713439e-06
1.741027552 7.537160816412395e-06
1.7431716739999998 8.492603252795027e-06
1.745315797 7.5520156007686906e-06
1.747459919 5.886985487496359e-06
1.7496040419999999 5.336368369747394e-06
1.751748165 5.330062941857525e-06
1.753892287 5.685078991246788e-06
1.7560364099999999 6.474828872681598e-06
1.7581805320000001 6.841275413139185e-06
1.7603246549999998 6.535548800045692e-06
1.762468778 6.796314497048315e-06
1.7646129000000002 7.853890384782735e-06
1.7667570229999998 1.0455495880255971e-05
1.768901145 1.1548707400578067e-05
1.7710452680000002 1.1751450317761567e-05
1.7731893909999998 1.15972796690814e-05
1.775333513 1.1710109718231572e-05
1.777477636 1.1746136081811725e-05
1.779621758 1.2013543637182707e-05
1.781765881 1.233832098554545e-05
1.783910004 1.0457450726929716e-05
1.786054126 9.586636523465639e-06
1.7881982490000001 1.048751531384215e-05
1.790342371 1.2221804619701503e-05
1.792486494 1.3212016790257825e-05
1.794630617 1.3113939975583477e-05
1.796774739 1.2574995110538657e-05
1.798918862 1.1935810351879053e-05
1.8010629839999999 1.2079195836618383e-05
1.803207107 1.246391944701073e-05
1.80535123 1.2378588370849633e-05
1.8074953519999999 1.110531584071708e-05
1.809639475 1.0673247466240939e-05
1.811783597 1.177696721462167e-05
1.81392772 1.3350878857369368e-05
1.816071843 1.4580369436973158e-05
1.818215965 1.5356352108532306e-05
1.820360088 1.620935463632954e-05
1.82250421 1.6460995752561943e-05
1.824648333 1.7275814732629157e-05
1.826792456 1.7923811116609264e-05
1.828936578 1.755446352219593e-05
1.831080701 1.6555529981155827e-05
1.8332248230000001 1.550228373071246e-05
1.835368946 1.4780645135989305e-05
1.837513069 1.4464785172160442e-05
1.839657191 1.5205598619888382e-05
1.841801314 1.5413620838077602e-05
1.843945436 1.4855799584538324e-05
1.846089559 1.3318859186347201e-05
1.848233682 1.261048944161322e-05
1.850377804 1.2726146078102366e-05
1.852521927 1.2883405188588285e-05
1.854666049 1.1715353220113667e-05
1.8568101719999999 9.687605129202674e-06
1.858954295 8.741939900460269e-06
1.861098417 8.551684552618345e-06
1.86324254 8.785874005479186e-06
1.865386662 8.423034406873447e-06
1.867530785 8.271062616250603e-06
1.869674908 8.538859234764746e-06
1.8718190300000002 9.101618069730153e-06
1.8739631529999998 9.515407321530108e-06
1.876107275 9.584914394200736e-06
1.8782513980000002 1.0136012077553468e-05
1.8803955209999998 1.1987106705696134e-05
1.882539643 1.41450527129102e-05
1.8846837660000002 1.5173598453716843e-05
1.886827888 1.5184266197800884e-05
1.8889720110000001 1.5305195972585117e-05
1.891116134 1.5238556347315826e-05
1.893260256 1.5058940620955154e-05
1.8954043790000001 1.4147313948210121e-05
1.897548501 1.2354289041066252e-05
1.899692624 1.1098998107363125e-05
1.9018367470000002 1.0306569637862614e-05
1.903980869 9.427010249949484e-06
1.906124992 8.437238566836573e-06
1.9082691139999999 7.83510414481672e-06
1.910413237 7.150483076963852e-06
1.91255736 6.317529247743344e-06
1.914701482 5.815776929543461e-06
1.916845605 5.278257292749654e-06
1.9189897269999998 4.737040400618443e-06
1.92113385 5.164349800448317e-06
1.923277973 5.682373303465824e-06
1.9254220949999998 5.879079254876168e-06
1.927566218 6.1267645887144336e-06
1.9297103400000002 6.840700066219483e-06
1.9318544629999999 7.723208840391609e-06
1.933998586 7.90819519632812e-06
1.936142708 7.692655914916155e-06
1.9382868309999999 7.300124768412393e-06
1.9404309530000001 7.503016486103644e-06
1.942575076 8.42871547199611e-06
1.944719199 9.471851430235906e-06
1.9468633210000001 9.926543842081938e-06
1.949007444 9.457782579076777e-06
1.951151566 8.828717412782114e-06
1.953295689 8.504204800549885e-06
1.955439812 7.84472147657381e-06
1.957583934 7.273866766199707e-06
1.959728057 6.473038025252706e-06
1.961872179 5.598549247184228e-06
1.964016302 5.186700875167577e-06
1.966160425 5.711156714815986e-06
1.968304547 6.684385031098862e-06
1.97044867 7.848946260437406e-06
1.972592792 9.171477568551144e-06
1.974736915 9.738355701527161e-06
1.976881038 9.255504161481279e-06
1.97902516 8.624507164892876e-06
1.981169283 8.312779005720895e-06
1.983313406 7.752117318958282e-06
1.985457528 7.3040153957222725e-06
1.9876016509999999 6.628542753426675e-06
1.989745773 6.044278582009818e-06
1.991889896 6.074341313577117e-06
1.9940340189999999 6.72354104926303e-06
1.9961781410000001 7.10289648581382e-06
1.998322264 6.8304423255461516e-06
2.0004663860000003 6.7236003588825305e-06
2.002610509 6.4901673486798505e-06
2.004754632 6.220714029824811e-06
2.006898754 5.82641908545149e-06
2.009042877 5.329692645453016e-06
2.011186999 4.9178160298004616e-06
2.013331122 4.266016357539e-06
2.015475245 4.003512466213411e-06
2.017619367 4.0675482714150604e-06
2.01976349 4.5358833272047976e-06
2.021907612 5.527879735888312e-06
2.024051735 5.977567308735339e-06
2.026195858 6.180077469593836e-06
2.02833998 6.62393106945561e-06
2.030484103 7.746508883498838e-06
2.032628225 8.584227984807663e-06
2.034772348 8.632936543264152e-06
2.036916471 8.35471693837422e-06
2.039060593 7.673377033132055e-06
2.0412047159999998 7.885454060093371e-06
2.043348838 7.825349414869563e-06
2.045492961 7.374103151196797e-06
2.0476370839999998 7.087127195983191e-06
2.049781206 7.0699796239206405e-06
2.0519253290000004 7.5087923030724236e-06
2.0540694509999997 7.813783780690165e-06
2.056213574 8.100787924909153e-06
2.058357697 8.331037070956016e-06
2.060501819 8.724098881251365e-06
2.062645942 9.017266448974895e-06
2.064790064 8.91375417322833e-06
2.0669341869999998 8.902866691459744e-06
2.06907831 8.761971759354269e-06
2.071222432 8.669477851666996e-06
2.073366555 8.868395879592038e-06
2.075510677 9.084515600228297e-06
2.0776548 9.845689213886307e-06
2.079798923 1.062743046294035e-05
2.081943045 1.1431792540282314e-05
2.084087168 1.1844840109674944e-05
2.08623129 1.1560722087255757e-05
2.088375413 1.1005151839210334e-05
2.090519536 9.969424540479086e-06
2.0926636579999998 8.487087198300682e-06
2.094807781 7.05839265545604e-06
2.0969519030000003 6.6603828159553175e-06
2.0990960260000002 6.9271035136202836e-06
2.101240149 7.594661375732799e-06
2.103384271 9.079356079550881e-06
2.105528394 1.0758892877976187e-05
2.107672516 1.2309734430618765e-05
2.109816639 1.3863382028120263e-05
2.1119607620000003 1.4972273863962734e-05
2.114104884 1.5322298862027214e-05
2.116249007 1.4869384852974595e-05
2.118393129 1.3869741957352959e-05
2.120537252 1.2785242279215679e-05
2.122681375 1.1927439090364438e-05
2.124825497 1.1480528952779501e-05
2.1269696199999997 1.112838711836648e-05
2.129113742 1.1020306672566605e-05
2.1312578650000003 1.0860936956881192e-05
2.133401988 1.0869011870374359e-05
2.1355461100000004 1.0960901535326322e-05
2.137690233 1.032929813201951e-05
2.139834355 9.260934618317837e-06
2.141978478 7.91546901154076e-06
2.144122601 6.485860506000041e-06
2.146266723 5.2621141391448694e-06
2.1484108460000004 4.848190664257592e-06
2.150554968 5.155323948178162e-06
2.152699091 5.548741421685288e-06
2.154843214 6.2043139204006726e-06
2.1569873360000003 7.161616199969095e-06
2.159131459 8.514668432654437e-06
2.161275581 1.0243935265774266e-05
2.163419704 1.1313012937079576e-05
2.165563827 1.1276115738064474e-05
2.167707949 1.0135459578746956e-05
2.1698520720000003 9.145775706350107e-06
2.1719961939999997 9.146329453018226e-06
2.174140317 9.11714376983065e-06
2.17628444 8.810260917443117e-06
2.178428562 8.164808979162152e-06
2.180572685 7.959081872116408e-06
2.182716807 7.93478901600988e-06
2.1848609299999997 7.952602080735743e-06
2.187005053 7.768749161263873e-06
2.189149175 7.156215653423725e-06
2.191293298 6.702114530370109e-06
2.1934374200000004 6.428930828015315e-06
2.195581543 6.061713869695595e-06
2.1977256659999997 5.495038723355075e-06
2.199869788 4.782435837237353e-06
2.202013911 4.52433116699521e-06
2.204158033 4.801514367499097e-06
2.206302156 5.409404483688702e-06
2.208446279 5.900843997301261e-06
2.210590401 5.702375993688436e-06
2.212734524 5.568316930379718e-06
2.2148786460000003 5.58408622682538e-06
2.217022769 6.110425596790868e-06
2.219166892 6.578086856418627e-06
2.221311014 7.800727079234025e-06
2.2234551369999997 8.893259621691519e-06
2.225599259 9.27018292485965e-06
2.2277433820000003 9.941921454283363e-06
2.229887505 1.0335001004426636e-05
2.232031627 1.0888051884128907e-05
2.23417575 1.1420166250859219e-05
2.236319872 1.2006760786261947e-05
2.238463995 1.1492974071146673e-05
2.240608118 1.0546116185849553e-05
2.2427522399999997 1.0078134859951796e-05
2.2448963629999996 1.0295190204949549e-05
2.247040485 1.0862509139842962e-05
2.249184608 1.1230239280735233e-05
2.251328731 1.1729755707309856e-05
2.2534728530000003 1.1760656600436208e-05
2.2556169759999998 1.1394414705021445e-05
2.257761098 1.041367490154055e-05
2.259905221 9.629970415090795e-06
2.2620493440000002 8.720414595040278e-06
2.264193466 8.104340781937277e-06
2.2663375890000004 7.538219075951865e-06
2.2684817109999997 6.675291336371628e-06
2.270625834 6.195780260694559e-06
2.272769957 6.367220004683769e-06
2.274914079 7.324060366275516e-06
2.277058202 8.1289919454384e-06
2.279202324 8.560272899030882e-06
2.2813464469999998 8.122820162934762e-06
2.28349057 7.326322816955085e-06
2.285634692 6.497169327228599e-06
2.2877788150000002 5.662005868415125e-06
2.2899229369999996 4.684219070278925e-06
2.29206706 4.025273018203916e-06
2.294211183 3.54148435255879e-06
2.296355305 3.164657622897771e-06
2.298499428 3.3039737590616e-06
2.3006435499999998 3.7318296360039247e-06
2.3027876729999996 4.355271708229445e-06
2.304931796 5.4902764774647965e-06
2.307075918 6.7013253417598775e-06
2.309220041 7.642483379264937e-06
2.3113641630000004 8.636447066727573e-06
2.3135082860000002 9.374570954740679e-06
2.3156524089999997 9.961040842638294e-06
2.317796531 1.056510903823036e-05
2.319940654 1.1296881185570096e-05
2.322084776 1.1887586341075813e-05
2.3242288990000004 1.2722833071609873e-05
2.3263730220000003 1.3398979158298195e-05
2.328517144 1.377695284023445e-05
2.330661267 1.3956560285557883e-05
2.3328053890000002 1.3964837150307941e-05
2.334949512 1.3652566728167026e-05
2.337093635 1.2891103838446955e-05
2.339237757 1.1624968503457789e-05
2.3413818799999997 1.0166507949341984e-05
2.343526002 8.930656534533721e-06
2.3456701250000003 8.056010507747693e-06
2.347814248 7.65200916574274e-06
2.34995837 7.827986480857137e-06
2.352102493 8.326253067405701e-06
2.354246615 9.229505763117284e-06
2.356390738 9.897754393607613e-06
2.358534861 1.0150003401803796e-05
2.3606789829999997 9.88341012800365e-06
2.362823106 9.276161960407614e-06
2.364967228 8.54914052949992e-06
2.367111351 7.614778093222072e-06
2.369255474 6.785352009676084e-06
2.3713995960000003 5.952199069006415e-06
2.3735437189999997 5.612596630402991e-06
2.375687841 5.550829245331764e-06
2.377831964 5.925295613870419e-06
2.379976087 6.735227735573564e-06
2.382120209 7.783478860498432e-06
2.3842643320000003 8.972618150811242e-06
2.3864084539999997 9.783692800845337e-06
2.388552577 1.0090013774803174e-05
2.3906967 1.0208938392824896e-05
2.392840822 1.0241838764643833e-05
2.394984945 1.0145907147201505e-05
2.397129067 9.790320650030124e-06
2.3992731899999997 9.238168661814814e-06
2.401417313 8.47998661463659e-06
2.403561435 8.042156535535248e-06
2.405705558 7.990563421109672e-06
2.40784968 8.130760234005963e-06
2.409993803 8.290711908502423e-06
2.4121379259999998 8.193075329890374e-06
2.414282048 7.782643947357391e-06
2.416426171 7.404937067317621e-06
2.418570293 6.8137095112628995e-06
2.4207144159999996 6.641922148165715e-06
2.422858539 6.6178927814115874e-06
2.425002661 6.7505503800610755e-06
2.427146784 6.908727947634858e-06
2.4292909060000003 7.591073668829116e-06
2.431435029 8.582119678894389e-06
2.4335791519999996 9.526493955035349e-06
2.435723274 1.0414636516438424e-05
2.4378673969999998 1.0461336144831219e-05
2.440011519 9.57298261061477e-06
2.4421556420000003 8.276114361095353e-06
2.4442997650000002 7.115870124188493e-06
2.446443887 5.8061179857210195e-06
2.44858801 4.694088483719578e-06
2.450732132 3.80168604673498e-06
2.452876255 3.4854728085049227e-06
2.455020378 3.4780522458639504e-06
2.4571644999999998 4.432221735742146e-06
2.459308623 5.9603857419650505e-06
2.461452745 7.627676966091051e-06
2.463596868 9.282772136998049e-06
2.465740991 1.0587988713007894e-05
2.467885113 1.163660354897246e-05
2.470029236 1.1861451528320859e-05
2.472173358 1.1676120300956149e-05
2.474317481 1.11253657867028e-05
2.4764616040000003 1.0351909976505094e-05
2.4786057259999996 9.437715709410531e-06
2.480749849 8.702394132216465e-06
2.4828939709999998 8.18610904918121e-06
2.485038094 7.716847626149906e-06
2.487182217 7.462808804481327e-06
2.489326339 7.295788912323681e-06
2.491470462 6.9939658567133314e-06
2.493614584 6.3800217505197574e-06
2.495758707 5.672114574527642e-06
2.49790283 9.486138856006934e-06
2.500046952 1.3108949503478898e-05
2.5021910750000003 1.6676130047780498e-05
2.5038318559999997 2.2013635147852943e-05
2.505183087 2.647248373332297e-05
2.506534319 3.093720815350838e-05
2.50788555 3.380709098948188e-05
2.509236782 3.891707736095837e-05
2.510588013 3.9416589938236117e-05
2.511939244 3.968182798337544e-05
2.5132904760000003 4.081263583092998e-05
2.514641707 4.2563322241151445e-05
2.515992939 4.3007117856453367e-05
2.51734417 4.1935912619293176e-05
2.5186954019999996 4.4089888508130525e-05
2.5200466329999998 4.44604224830117e-05
2.521397865 4.4173290430142574e-05
2.522749096 4.3842164448934936e-05
2.524100327 4.4930716976355305e-05
2.525451559 4.2915537662234475e-05
2.52680279 4.221849123070807e-05
2.5281540220000003 4.4618405213298834e-05
2.529505253 4.625213880491422e-05
2.5308564849999997 4.623822177762374e-05
2.532207716 4.708828917320268e-05
2.533558948 4.899852631313952e-05
2.534910179 4.784343968055062e-05
2.5362614100000003 4.692192979163683e-05
2.537612642 4.8080029154239136e-05
2.538963873 4.895184974144597e-05
2.5403151050000004 5.012121754126046e-05
2.5416663359999996 5.101411231440158e-05
2.5430175680000002 5.1532975288773563e-05
2.544368799 5.180306395911995e-05
2.54572003 5.26106511351281e-05
2.547071262 5.609781606553319e-05
2.548422493 5.810906180206816e-05
2.549773725 5.63582570100081e-05
2.551124956 5.504873953412476e-05
2.552476188 5.511200977791251e-05
2.553827419 5.371214623169371e-05
2.5551786510000003 5.203767493257926e-05
2.556529882 5.0621402266013037e-05
2.557881113 4.690104527823019e-05
2.559232345 4.518779198418819e-05
2.560583576 4.611603868643426e-05
2.561934808 4.5630189980226024e-05
2.5632860390000003 4.536297249725952e-05
2.564637271 4.5838274275023155e-05
2.565988502 4.8075858828193644e-05
2.567339733 5.1206380586562086e-05
2.5686909649999996 5.330496190063783e-05
2.5700421959999997 5.458077145106936e-05
2.571393428 5.647397751604863e-05
2.572744659 5.88431036033083e-05
2.574095891 6.097491696420256e-05
2.575447122 6.336405204839864e-05
2.576798354 6.266986139289117e-05
2.5781495850000002 6.165196304625892e-05
2.5795008160000004 6.363638286271386e-05
2.580852048 6.480110175364053e-05
2.582203279 6.55028185902982e-05
2.583554511 6.495146475323592e-05
2.584905742 6.474567192020368e-05
2.586256974 6.284563746502122e-05
2.587608205 6.193786933326785e-05
2.588959437 6.085362453582072e-05
2.590310668 5.847689432452217e-05
2.591661899 5.669571573335932e-05
2.593013131 5.2889079701028385e-05
2.594364362 4.83479847550683e-05
2.5957155939999996 4.226709645163587e-05
2.5970668249999997 4.008835935232472e-05
2.598418057 3.798104410944975e-05
2.599769288 3.517624612014076e-05
2.601120519 3.205762297276067e-05
2.602471751 2.8060541199425995e-05
2.603822982 2.620210647192642e-05
2.6051742140000003 2.5298715954484243e-05
2.6065254450000004 2.637353237245042e-05
2.607876677 2.5154003853721904e-05
2.609227908 2.367784618726703e-05
2.61057914 2.3997694366937288e-05
2.611930371 2.335250637398336e-05
2.613281602 2.2249938891863537e-05
2.614632834 2.1441437099575586e-05
2.615984065 2.179234381687747e-05
2.617335297 2.0769161049355452e-05
2.618686528 2.284988031782119e-05
2.62003776 2.476897866345261e-05
2.621388991 2.453970030686459e-05
2.622740222 2.519820607794685e-05
2.6240914539999998 2.8123274921333245e-05
2.625442685 2.993957795730675e-05
2.626793917 3.017349883148537e-05
2.628145148 3.153139828365681e-05
2.62949638 3.104667769269015e-05
2.630847611 3.051751149806174e-05
2.6321988430000003 2.9812743193201467e-05
2.6335500740000004 2.9056446447040528e-05
2.634901305 2.7455463864041285e-05
2.636252537 2.660329764244255e-05
2.637603768 2.6645245911041635e-05
2.6389549999999997 2.63631612950456e-05
2.640306231 2.5138809893270252e-05
2.641657463 2.384416070685008e-05
2.643008694 2.336649658780055e-05
2.6443599250000003 2.2918584787486318e-05
2.645711157 2.2595556572866357e-05
2.6470623879999997 2.2148465360879747e-05
2.64841362 2.1393477464533205e-05
2.649764851 2.1069495591714244e-05
2.651116083 2.0560531325800624e-05
2.652467314 2.0037665293228102e-05
2.653818546 1.951695436255425e-05
2.6551697770000002 1.908051568482213e-05
2.6565210080000004 1.6782897309235158e-05
2.65787224 1.585520141523593e-05
2.659223471 1.7917629202184256e-05
2.6605747030000004 1.8404127477719006e-05
2.6619259339999997 1.8857542590330433e-05
2.663277166 2.0438180747021652e-05
2.664628397 2.1866419280245587e-05
2.6659796289999997 2.2759968068296763e-05
2.66733086 2.523483735183973e-05
2.668682091 2.646782130363283e-05
2.670033323 2.32010500258641e-05
2.6713845540000003 2.1045784856535326e-05
2.672735786 2.0891754943266654e-05
2.6740870169999997 1.8940601244993847e-05
2.675438249 1.6340056802911122e-05
2.67678948 1.4106076992057087e-05
2.678140711 1.2618543089942042e-05
2.679491943 1.0155795412849554e-05
2.680843174 9.259849408364609e-06
2.6821944060000003 8.792420347258637e-06
2.6835456370000004 7.0505642248613196e-06
2.684896869 6.707828662221511e-06
2.6862481 7.312607578383581e-06
2.6875993319999996 8.03901861355004e-06
2.6889505629999997 7.47781424710088e-06
2.690301794 6.859071103782252e-06
2.691653026 6.553443590962134e-06
2.693004257 7.337071835400573e-06
2.694355489 6.761314154179729e-06
2.69570672 5.638963384963556e-06
2.697057952 5.40903200687824e-06
2.6984091830000003 4.764048834873372e-06
2.699760414 4.5540491375432986e-06
2.7011116459999998 5.560413035057883e-06
2.702462877 5.5171998641163804e-06
2.703814109 4.172138505309004e-06
2.70516534 3.970444649166716e-06
2.706516572 3.929003138375151e-06
2.707867803 2.9624521312279926e-06
2.7092190350000003 2.4982838856537953e-06
2.7105702660000004 1.839859002513931e-06
2.7119214969999996 8.886468212017058e-07
2.713272729 8.883703156684549e-07
2.71462396 8.810363105179122e-07
2.7159751919999997 2.087915555643755e-06
2.717326423 2.0691759899866876e-06
2.718677655 2.302031352743915e-06
2.720028886 2.2986664058081005e-06
2.7213801170000003 2.3627955050089825e-06
2.722731349 2.364951711827497e-06
2.7240825799999997 2.3646541917940967e-06
2.7254338120000003 1.9999979551190427e-06
2.726785043 5.189568236399073e-07
2.7281362749999998 5.177273504757206e-07
2.729487506 2.95714443569649e-07
2.730838738 6.180961462559564e-07
2.732189969 1.2984362884986587e-06
2.7335412000000003 1.2495595082075075e-06
2.734892432 1.281398042965722e-06
2.736243663 1.281093481334399e-06
2.737594895 1.439119845629399e-06
2.7389461259999996 1.921402839400381e-06
2.740297358 1.9072884929826113e-06
2.741648589 2.1534386909388924e-06
2.7429998209999997 1.4141425762508495e-06
2.744351052 1.4057114335211269e-06
2.745702283 1.3740629652940322e-06
2.747053515 1.7930949074208505e-06
2.7484047460000003 1.7878472423041783e-06
2.749755978 2.3880609989403e-06
2.7511072089999997 3.3280525615259542e-06
2.7524584410000004 3.0412715323995616e-06
2.753809672 3.036098405644021e-06
2.755160903 3.3439975226975657e-06
2.756512135 3.966690260479636e-06
2.757863366 3.979442642626273e-06
2.7592145980000002 4.333556729848819e-06
2.760565829 3.397274166604004e-06
2.761917061 3.3634182193351993e-06
2.7632682920000002 4.877028110451143e-06
2.764619524 5.727079014815024e-06
2.7659707549999997 6.112570360575923e-06
2.767321986 6.667836482924741e-06
2.768673218 7.259168277188703e-06
2.770024449 7.794153338016716e-06
2.771375681 7.647745597957083e-06
2.772726912 6.769350666786139e-06
2.774078144 5.37308655433008e-06
2.7754293750000003 5.409131268294524e-06
2.776780606 6.0078277295391776e-06
2.7781318379999997 5.539217031830021e-06
2.779483069 5.755835790568016e-06
2.780834301 5.462464194023619e-06
2.782185532 6.172142154932748e-06
2.783536764 7.847264241085667e-06
2.784887995 8.841110305575614e-06
2.786239227 8.713441832522557e-06
2.787590458 8.627831213744645e-06
2.788941689 8.907579025477863e-06
2.7902929210000003 8.928382975729942e-06
2.791644152 9.981599007112332e-06
2.7929953839999997 1.1042468278147402e-05
2.794346615 1.097967736240285e-05
2.795697847 1.1525310093823016e-05
2.797049078 1.2506532430444633e-05
2.7984003090000003 1.3761892929206611e-05
2.799751541 1.4791169019846992e-05
2.801102772 1.4535719738309308e-05
2.8024540040000003 1.33321372955852e-05
2.803805235 1.2449348222450887e-05
2.8051564669999998 1.2155718549283015e-05
2.806507698 1.1327669437765247e-05
2.80785893 1.1161998493811793e-05
2.8092101609999998 9.765098575321434e-06
2.810561392 9.342398622986558e-06
2.811912624 1.0086601138685533e-05
2.813263855 1.0909888774988234e-05
2.814615087 1.1832724513539494e-05
2.8159663179999996 1.1687056617817864e-05
2.8173175500000003 1.1317572274742304e-05
2.818668781 1.0763859780715804e-05
2.8200200129999997 1.1976239681340644e-05
2.821371244 1.2147218029936679e-05
2.822722475 1.2411612681625688e-05
2.824073707 1.212352728343974e-05
2.8254249380000003 1.230798706707686e-05
2.82677617 1.3551420511173001e-05
2.828127401 1.4185648426862149e-05
2.8294786330000004 1.4853943953585817e-05
2.830829864 1.4288275896883167e-05
2.8321810949999997 1.3627621486138159e-05
2.833532327 1.2764507832089135e-05
2.834883558 1.2418506986214407e-05
2.83623479 1.11156139267654e-05
2.837586021 1.060851414428697e-05
2.838937253 1.0864425736996997e-05
2.8402884840000002 1.1308901827998855e-05
2.841639716 1.1605242043981573e-05
2.8429909469999997 1.2990233088096534e-05
2.8443421779999998 1.4074574795018473e-05
2.84569341 1.5222389684727184e-05
2.847044641 1.6328889374569986e-05
2.848395873 1.4498657563488795e-05
2.849747104 1.3852512719761373e-05
2.851098336 1.4520630887309992e-05
2.8524495670000003 1.4946473088156248e-05
2.8538007980000004 1.3354766249811895e-05
2.85515203 1.1982409559958247e-05
2.856503261 1.153455338168323e-05
2.8578544929999996 1.0860448328462235e-05
2.8592057239999997 1.1521330723992448e-05
2.860556956 1.2107340715279611e-05
2.861908187 1.058231213006629e-05
2.863259419 8.52084874134768e-06
2.86461065 8.027178370185837e-06
2.865961881 9.300170592698224e-06
2.8673131130000002 9.060643357962161e-06
2.868664344 8.582066085462081e-06
2.8700155759999997 8.887880680749596e-06
2.871366807 8.013150137623174e-06
2.872718039 7.28105842856171e-06
2.87406927 8.12483743681478e-06
2.8754205010000002 8.14929591379681e-06
2.876771733 6.889133492267757e-06
2.878122964 6.420026602818134e-06
2.8794741960000003 7.214375014465882e-06
2.8808254270000004 7.798939171685058e-06
2.882176659 8.337241134227398e-06
2.88352789 8.955797043463397e-06
2.8848791219999996 9.491766440395414e-06
2.8862303529999997 1.1020303311486985e-05
2.887581584 1.1851941748382096e-05
2.888932816 1.1820264068956108e-05
2.890284047 1.248222147530537e-05
2.891635279 1.2415459534639478e-05
2.89298651 1.2114498816456235e-05
2.8943377420000003 1.1358654130035142e-05
2.895688973 1.0897461961638325e-05
2.8970402049999997 1.1040426838040527e-05
2.898391436 1.1234151492494093e-05
2.899742667 1.4449158104540094e-05
2.901093899 1.6323105832057517e-05
2.9024451300000003 1.6796751841213296e-05
2.903796362 1.7977497981698664e-05
2.905147593 1.9995567138651977e-05
2.9064988250000003 2.156725050202463e-05
2.907850056 2.2138342250747193e-05
2.9092012869999997 2.2456681517475934e-05
2.910552519 2.077620139017871e-05
2.91190375 1.9759748982863508e-05
2.9132549819999998 2.1574629547165192e-05
2.914606213 2.368772536737175e-05
2.915957445 2.5144030035746597e-05
2.917308676 2.5965091999699654e-05
2.918659908 2.7242356993714654e-05
2.920011139 2.7904039159654827e-05
2.9213623699999998 2.8715366555385073e-05
2.922713602 2.9281116094229844e-05
2.924064833 2.914063705065863e-05
2.925416065 2.935731942437953e-05
2.926767296 3.0141793174561833e-05
2.928118528 3.122149204765637e-05
2.9294697590000003 3.130793240074244e-05
2.93082099 3.2533289959519416e-05
2.932172222 3.365019707349496e-05
2.933523453 3.409377018568773e-05
2.934874685 3.319666893020887e-05
2.9362259159999997 3.227229785309178e-05
2.937577148 3.1317746630585366e-05
2.938928379 3.0172304977136398e-05
2.940279611 3.09397376761401e-05
2.941630842 3.1926708029369515e-05
2.942982073 3.210731154979647e-05
2.9443333050000002 3.2182067987674204e-05
2.9456845360000004 3.276965409417868e-05
2.947035768 3.2532681104944945e-05
2.948386999 3.231133649631974e-05
2.949738231 3.361822603453748e-05
2.951089462 3.372310461731407e-05
2.952440694 3.3699646133728055e-05
2.953791925 3.348603251676801e-05
2.955143156 3.35184420065548e-05
2.956494388 3.338345580929593e-05
2.957845619 3.3345488526061116e-05
2.959196851 3.467186027469842e-05
2.960548082 3.485820114731884e-05
2.9618993139999996 3.521200096494896e-05
2.9632505449999997 3.571944241370275e-05
2.964601776 3.710928682324755e-05
2.965953008 3.839477378935664e-05
2.967304239 4.1973667165688105e-05
2.968655471 4.4982329683016e-05
2.970006702 4.592412601125285e-05
2.9713579340000003 4.748738460900782e-05
2.9727091650000004 4.9863888591458654e-05
2.974060397 5.157276214675596e-05
2.975411628 5.3943611075852884e-05
2.976762859 5.6444636779516795e-05
2.978114091 5.820725873581605e-05
2.979465322 6.216865172120712e-05
2.980816554 6.696175307103202e-05
2.982167785 7.095324352230961e-05
2.983519017 7.565604824124159e-05
2.984870248 8.3727230887431e-05
2.9862214789999997 9.120476733570769e-05
2.987572711 9.966419718609829e-05
2.988923942 0.00010914631038367573
2.9902751739999998 0.00011707131607219742
2.991626405 0.00012630623709830466
2.992977637 0.00013711264602893228
2.994328868 0.00014801287847446338
2.9956801 0.00015700805855429687
2.997031331 0.00016657486972596248
2.9983825619999998 0.00017868328015143925
2.9997337940000004 0.00019148237990054695
3.001085025 0.00020741582419839792
3.002436257 0.00022403613635834318
3.003787488 0.0002408608729817224
3.0051387199999997 0.0002596209794646404
3.006489951 0.00028120583315297047
3.007841182 0.0003042077422288323
3.009192414 0.0003283318159695674
3.0105436450000003 0.0003539380183145188
3.011894877 0.0003808455797265497
3.0132461079999997 0.0004089050258038221
3.01459734 0.0004393900437225255
3.015948571 0.0004715641670537728
3.017299803 0.0005049930044798036
3.018651034 0.0005409173405655303
3.020002265 0.000577827046358746
3.021353497 0.0006173582976800798
3.0227047280000003 0.0006584895436635284
3.02405596 0.0007034754256652912
3.0254071909999998 0.000752927248252128
3.0267584230000004 0.0008037493659613566
3.0281096539999997 0.0008570217837641181
3.029460886 0.0009162890115158261
3.030812117 0.0009788810789394477
3.032163348 0.0010455917347600909
3.03351458 0.0011177787280588325
3.034865811 0.0011943198850139713
3.036217043 0.0012744863229370363
3.0375682740000003 0.001361489992967416
3.038919506 0.0014555076873272665
3.0402707369999997 0.0015563789854768741
3.041621968 0.0016647614477519554
3.0429732 0.0017801839455929046
3.044324431 0.001906080257228825
3.045675663 0.00204100419295575
3.047026894 0.0021866373031352586
3.0483781260000002 0.0023442657727197388
3.0497293570000004 0.002514917049988621
3.051080589 0.002697376091714604
3.05243182 0.0028953111999308312
3.053783051 0.0031101841168992626
3.0551342829999997 0.003342261362617791
3.056485514 0.0035947329857117186
3.057836746 0.0038679255406724295
3.059187977 0.004163469078307206
3.060539209 0.004484110855709119
3.06189044 0.004831793004960143
3.063241671 0.005210577352236654
3.0645929030000003 0.00562122480261474
3.065944134 0.006064517727695746
3.0672953659999997 0.006544997103493849
3.068646597 0.0070677480259853445
3.069997829 0.007635451001284322
3.07134906 0.008252197591771242
3.072700292 0.008922994221895592
3.074051523 0.009652330126992148
3.075402754 0.010446140724327585
3.0767539860000004 0.011310788809407911
3.0781052169999996 0.012253732323674795
3.079456449 0.013280887919285332
3.08080768 0.014399878230897136
3.0821589119999997 0.015619260841621675
3.083510143 0.016949446176616024
3.084861374 0.018400379470287526
3.086212606 0.019984775956449492
3.0875638370000003 0.02171317533911045
3.088915069 0.023597439569248983
3.0902662999999997 0.025653021633824012
3.0916175320000003 0.02789716580947745
3.092968763 0.030347696547580474
3.0943199949999998 0.03302439128075366
3.095671226 0.03594648210798826
3.097022457 0.039135897069832816
3.098373689 0.04262478816128109
3.0997249200000003 0.046440160417557885
3.101076152 0.0506116859348971
3.102427383 0.055171079740731634
3.103778615 0.060157269115134235
3.1051298459999996 0.06560748467264725
3.106481078 0.0715673292028455
3.107832309 0.07808216883861242
3.10918354 0.08519716464691461
3.110534772 0.09296553047319084
3.111886003 0.10144763285020676
3.113237235 0.11070119284633305
3.1145884660000003 0.12078638620663362
3.115939698 0.13176274759045273
3.1172909289999997 0.143696772792419
3.11864216 0.15664798249933853
3.119993392 0.17068287779073757
3.121344623 0.18585542887593362
3.122695855 0.20222299762810367
3.124047086 0.21982475804070872
3.1253983180000002 0.23869108518957446
3.126749549 0.2588420939043268
3.128100781 0.2802770398412906
3.1294520120000002 0.3029851495665306
3.130803243 0.32692216377163236
3.1321544749999997 0.35202359149023205
3.133505706 0.3781956995678472
3.134856938 0.4053094200260734
3.136208169 0.43324177559365656
3.137559401 0.46176923024368044
3.138910632 0.4907235624303754
3.140261863 0.5198570242862284
3.1416130950000003 0.5489562269319838
3.142964326 0.577773552154863
3.1443155579999997 0.6060414532868277
3.145666789 0.6335450620753983
3.147018021 0.6600323807663503
3.148369252 0.6853549031129966
3.149720484 0.7093332209647906
3.151071715 0.7318288100441255
3.152422946 0.7527541533687245
3.153774178 0.7720079819089227
3.155125409 0.7896139868858999
3.1564766410000002 0.8055492064536154
3.157827872 0.8198655193211536
3.1591791039999997 0.8326228969971174
3.160530335 0.8438732457663817
3.161881566 0.8537401751945001
3.163232798 0.8623095210913496
3.1645840290000002 0.8697279886488003
3.165935261 0.876086255096444
3.167286492 0.8815089676635012
3.1686377240000003 0.8860956410936812
3.169988955 0.8899432857806109
3.1713401869999998 0.8931578374359809
3.172691418 0.8958398625962539
3.174042649 0.898046361409813
3.1753938809999998 0.8998694469421687
3.176745112 0.9013499524735394
3.178096344 0.9025692780257321
3.179447575 0.9035625095207982
3.180798807 0.9043931860520243
3.182150038 0.905072341223058
3.1835012700000003 0.9056383080076253
3.184852501 0.9060972316340319
3.186203732 0.9064914485945447
3.187554964 0.9068341528386017
3.188906195 0.90712648102404
3.190257427 0.907363538405931
3.1916086580000003 0.9075700599045119
3.19295989 0.9077614498779023
3.194311121 0.9079386075447258
3.195662352 0.9081062919859137
3.197013584 0.9082534472870647
3.1983648149999997 0.9083927300256168
3.199716047 0.9085204295830961
3.201067278 0.9086578782957635
3.2024185099999998 0.9087779987316766
3.203769741 0.9088993145194663
3.205120973 0.9090015802185281
3.206472204 0.9091083392081903
3.207823435 0.9091863994981425
3.209174667 0.9092652707735059
3.2105258979999998 0.9093304456336131
3.21187713 0.9094122331291716
3.213228361 0.9094888243200345
3.214579593 0.9095760791712628
3.215930824 0.9096598448366897
3.217282055 0.9097687338681102
3.2186332870000003 0.909913938763136
3.2199845180000004 0.9100875872598028
3.22133575 0.9102900915428498
3.222686981 0.9104982748320246
3.2240382129999996 0.9107371481282373
3.2253894439999997 0.9109974749748863
3.226740676 0.9113036389644441
3.228091907 0.9116145452966609
3.229443138 0.9119552206434381
3.23079437 0.9122996837747088
3.232145601 0.9126884968237126
3.2334968330000002 0.9131018618962308
3.234848064 0.9135580218218603
3.2361992959999997 0.9140283092437038
3.237550527 0.914534755292719
3.238901759 0.9150783761482358
3.24025299 0.9156554298587903
3.2416042210000002 0.9162688684146992
3.242955453 0.9168897196998381
3.244306684 0.9175376258298674
3.2456579160000003 0.9181796722725133
3.2470091470000004 0.9188414957373168
3.248360379 0.9194845943945071
3.24971161 0.9201462227541473
3.251062841 0.9207942761111056
3.2524140729999997 0.9214499693087855
3.253765304 0.9220982947869542
3.255116536 0.9227615233235964
3.256467767 0.9234341122457066
3.257818999 0.9241080657992283
3.25917023 0.9247917480400926
3.2605214620000003 0.9254534140009106
3.261872693 0.926106501753021
3.263223924 0.9267285196759865
3.264575156 0.9273565025544996
3.265926387 0.9279477191553042
3.267277619 0.9285424808696823
3.2686288500000003 0.9291138258866666
3.269980082 0.929672898561208
3.271331313 0.9302144077531408
3.272682544 0.9307545354446887
3.274033776 0.9312938701794715
3.2753850069999997 0.9318128238741616
3.276736239 0.9323323033676354
3.27808747 0.932815633929112
3.2794387019999998 0.9333064910176111
3.280789933 0.9337767626269668
3.282141165 0.9342589018835973
3.283492396 0.934718172648034
3.2848436270000003 0.9351754091086053
3.286194859 0.9356227312349106
3.2875460899999998 0.9360673058763844
3.288897322 0.9365248458631416
3.290248553 0.9369722988887097
3.291599785 0.937436797704087
3.292951016 0.937883291325264
3.294302247 0.9383585398495058
3.2956534790000003 0.9388185577481704
3.29700471 0.9392797450659808
3.298355942 0.9397211973853166
3.299707173 0.940156840576224
3.301058405 0.9405916557828157
3.3024096359999997 0.9410096392855181
3.303760868 0.9414372020693493
3.305112099 0.941837180215895
3.30646333 0.9422546914011007
3.307814562 0.9426645059883062
3.309165793 0.9430985376240968
3.3105170250000002 0.9435271445949783
3.3118682560000003 0.9439581523497533
3.313219488 0.9443954750499735
3.3145707189999998 0.9448201762094388
3.315921951 0.9452481467215662
3.317273182 0.9456412401307754
3.318624413 0.9460318785209256
3.319975645 0.9463863058597931
3.321326876 0.94673470158956
3.322678108 0.947056637345314
3.324029339 0.9473591698140055
3.325380571 0.9476460693606822
3.326731802 0.9479015818974994
3.328083033 0.9481585334748601
3.3294342649999997 0.9483903250555636
3.330785496 0.9486317819515406
3.332136728 0.9488432531906769
3.333487959 0.9490452588649211
3.334839191 0.9492288577367651
3.336190422 0.9493965678012773
3.3375416540000002 0.9495641433267643
3.3388928850000004 0.9496984259214993
3.340244116 0.9498307341998918
3.341595348 0.9499296244929326
3.342946579 0.9500313965897936
3.344297811 0.9501124900453167
3.345649042 0.9501799988033264
3.347000274 0.9502368612066125
3.348351505 0.9502725468168598
3.3497027360000002 0.9503288127904738
3.351053968 0.9503672246705277
3.3524051989999997 0.9504146191086994
3.353756431 0.9504438725732592
3.355107662 0.9504761000954525
3.3564588939999997 0.9505135024847793
3.357810125 0.9505501724009484
3.359161357 0.9506009138442131
3.360512588 0.950627361262472
3.3618638190000003 0.9506717729554055
3.363215051 0.9507093068953614
3.3645662819999997 0.9507627963535156
3.3659175140000004 0.9508263130633839
3.367268745 0.9508904571347832
3.368619977 0.9509730261081921
3.369971208 0.9510536404910614
3.371322439 0.95117151109581
3.372673671 0.9512902584655165
3.374024902 0.9514307205781434
3.375376134 0.9515842135824932
3.3767273650000003 0.9517437924946484
3.378078597 0.951935144087619
3.3794298279999997 0.9521316192498681
3.38078106 0.9523611962258565
3.382132291 0.95259363423259
3.383483522 0.9528488692300828
3.384834754 0.9531153158188055
3.386185985 0.9533844893319054
3.387537217 0.9536807568714378
3.3888884480000003 0.9539654042476865
3.39023968 0.9542646840615697
3.3915909109999998 0.9545528875675702
3.3929421430000004 0.954838710243184
3.3942933739999996 0.9551179470309819
3.3956446049999998 0.9553763587508238
3.396995837 0.9556416259249526
3.398347068 0.9558798114109588
3.3996983 0.9561197129847869
3.401049531 0.9563444962231898
3.402400763 0.9565603565414494
3.4037519940000003 0.9567810482528878
3.405103225 0.9569885731099399
3.4064544569999997 0.9572090251587947
3.407805688 0.9574081515543276
3.40915692 0.9576068763873026
3.410508151 0.9577933578882849
3.411859383 0.957961856464456
3.413210614 0.9581307815768302
3.4145618460000002 0.9582713617719532
3.4159130770000004 0.9584142479485834
3.4172643079999996 0.958538472080038
3.41861554 0.9586520482639745
3.419966771 0.9587576628605209
3.4213180029999997 0.9588436898656747
3.422669234 0.9589381741268639
3.424020466 0.9590086468032453
3.425371697 0.9590794070262406
3.4267229280000002 0.9591461660475373
3.42807416 0.9592101899123362
3.429425391 0.9592902191826262
3.4307766230000003 0.9593508181205266
3.432127854 0.9594064684994976
3.4334790859999997 0.9594271934119548
3.434830317 0.9594269834595724
3.436181549 0.9594165108623818
3.43753278 0.9593723794097235
3.4388840110000003 0.9593217142075258
3.440235243 0.959243363362645
3.441586474 0.9591636424123997
3.4429377060000004 0.9590862090457858
3.4442889369999996 0.9590058456245635
3.445640169 0.9589484841747776
3.4469914 0.9588846518609304
3.448342631 0.9588320293666949
3.449693863 0.9587750862528501
3.451045094 0.9587109772601914
3.452396326 0.9586631706082435
3.4537475570000002 0.9586112471858894
3.455098789 0.9585783332084502
3.45645002 0.9585423411980797
3.4578012520000003 0.9585050632472778
3.459152483 0.9584786504557619
3.460503714 0.9584416750024606
3.461854946 0.9584175748313517
3.463206177 0.9583873983151889
3.464557409 0.9583604387835338
3.4659086400000003 0.9583398275982202
3.467259872 0.9583098380151159
3.468611103 0.9582950015394964
3.469962335 0.9582752653342851
3.4713135659999996 0.958261681475704
3.4726647969999997 0.9582542621535368
3.474016029 0.9582410553816453
3.47536726 0.9582456015996338
3.476718492 0.958250349148665
3.478069723 0.9582606303880195
3.479420955 0.9582745265504655
3.4807721860000003 0.9582825608419644
3.482123417 0.9582999777365457
3.483474649 0.9583075572221119
3.48482588 0.9583113773269383
3.486177112 0.9583091467569492
3.487528343 0.9582892769310501
3.488879575 0.9582712511382154
3.490230806 0.9582380426587966
3.491582038 0.9582003286984313
3.492933269 0.9581600535096532
3.4942845 0.9581056503488895
3.495635732 0.9580543099832003
3.496986963 0.9579856049679276
3.4983381949999997 0.9579141497753156
3.4996894259999998 0.9578454685562228
3.501040658 0.9577729646359273
3.502391889 0.9577094039801978
3.50374312 0.9576376768513413
3.505094352 0.9575631864123412
3.506445583 0.9574876213471013
3.5077968150000003 0.9574041089484158
3.509148046 0.9573325318001846
3.5104992779999997 0.9572665604697123
3.511850509 0.9572032507184987
3.513201741 0.9571326845570867
3.514552972 0.9570388264697849
3.515904203 0.9569461983052231
3.517255435 0.9568483616441218
3.518606666 0.9567466036713174
3.519957898 0.9566332810121664
3.521309129 0.9564897607135856
3.5226603610000002 0.9563355220291493
3.524011592 0.9561785456361318
3.5253628239999997 0.9560274663105404
3.526714055 0.9558886962035252
3.528065286 0.9557476727265404
3.529416518 0.9556173238076461
3.5307677490000002 0.9555000929848867
3.532118981 0.9553934176610115
3.533470212 0.9552983799612498
3.5348214440000003 0.9552006641169182
3.536172675 0.9551110933342548
3.537523906 0.955028938718946
3.538875138 0.9549481593104513
3.540226369 0.9548781855036226
3.5415776009999997 0.9548137041356725
3.542928832 0.9547609432278638
3.544280064 0.9547262126814172
3.545631295 0.9547044718204164
3.546982527 0.9547005668550581
3.548333758 0.9547025851211035
3.5496849889999997 0.9547071455729974
3.551036221 0.9547214032624542
3.552387452 0.9547425287800658
3.553738684 0.9547752922347011
3.555089915 0.954814096193736
3.556441147 0.9548596692904239
3.5577923780000003 0.9549205322845179
3.5591436090000004 0.9549887902721195
3.560494841 0.9550675496592963
3.561846072 0.9551558294289962
3.563197304 0.9552425384854533
3.5645485349999997 0.9553331659667887
3.565899767 0.9554285713966469
3.567250998 0.955531971954688
3.5686022299999998 0.9556439249015645
3.569953461 0.9557610350988017
3.571304692 0.9558902631430616
3.572655924 0.9560245413933643
3.574007155 0.9561546708285086
3.575358387 0.9562871971680531
3.5767096179999998 0.9564188413429743
3.57806085 0.9565448211501174
3.579412081 0.9566677078154591
3.580763312 0.9567885829122423
3.582114544 0.9569089224622307
3.583465775 0.9570270141267074
3.5848170070000003 0.9571500986820516
3.5861682380000004 0.9572727347035237
3.58751947 0.9573859110644065
3.588870701 0.9574922959693175
3.5902219329999996 0.9575973285573118
3.5915731639999997 0.9576950337666288
3.592924395 0.9577878890966225
3.594275627 0.9578777353027121
3.595626858 0.9579647437598027
3.59697809 0.9580501080966444
3.598329321 0.9581373058841501
3.5996805530000002 0.9582288145385677
3.601031784 0.9583143795734204
3.602383016 0.9583912367608324
3.603734247 0.9584608404711737
3.605085478 0.9585253098797406
3.60643671 0.9585827158730613
3.607787941 0.9586400601377543
3.609139173 0.9586964122289254
3.610490404 0.958747610932615
3.6118416360000003 0.9587969634888074
3.6131928670000004 0.9588484268166196
3.6145440979999997 0.9588979560801024
3.61589533 0.9589433545706089
3.617246561 0.9589892167411586
3.6185977929999997 0.9590283673849731
3.619949024 0.9590620984823549
3.621300256 0.959095099506413
3.622651487 0.9591330686847169
3.624002719 0.959176466103862
3.62535395 0.9592217950836103
3.6267051809999997 0.9592741985253584
3.628056413 0.9593274028368939
3.629407644 0.9593780159862615
3.630758876 0.9594328725833506
3.632110107 0.9594893957539202
3.633461339 0.9595408683929493
3.6348125700000002 0.9595953928530345
3.6361638010000004 0.9596541639890881
3.637515033 0.9597133122829746
3.638866264 0.9597801037043864
3.640217496 0.9598517769800111
3.6415687269999997 0.9599272161655514
3.642919959 0.9600035612715863
3.64427119 0.9600792731161627
3.6456224219999998 0.9601573894501392
3.646973653 0.9602319058062395
3.648324884 0.9603103028212588
3.649676116 0.9603951605094675
3.6510273470000003 0.9604763341101407
3.652378579 0.9605619508154661
3.6537298099999997 0.9606549468440193
3.655081042 0.9607451706870755
3.656432273 0.9608381636789826
3.657783504 0.9609343010689042
3.659134736 0.9610196708263689
3.660485967 0.9611034899223649
3.6618371990000003 0.9611895386925248
3.66318843 0.9612741310129949
3.664539662 0.9613639929759726
3.665890893 0.9614546857995636
3.667242125 0.9615449134119791
3.6685933559999997 0.9616353201818464
3.669944587 0.9617206623907927
3.671295819 0.9618028907883143
3.67264705 0.9618782056874852
3.673998282 0.9619457755822051
3.675349513 0.9620116873686244
3.676700745 0.9620689299502614
3.6780519760000003 0.9621249056183641
3.679403208 0.9621875458960275
3.6807544389999998 0.9622444612883334
3.68210567 0.9623071057511009
3.683456902 0.9623749252793238
3.684808133 0.9624285270128553
3.686159365 0.9624793666521267
3.687510596 0.9625313197841556
3.688861828 0.9625720138272008
3.690213059 0.9626167780171461
3.6915642899999996 0.9626679135770015
3.692915522 0.9627109090387864
3.694266753 0.962759255954821
3.6956179849999997 0.9628103801217912
3.696969216 0.9628571813858267
3.698320448 0.9629091816346311
3.699671679 0.9629559226789877
3.701022911 0.9629927668226748
3.702374142 0.9630277582497716
3.703725373 0.9630574055534504
3.7050766050000004 0.9630902988613194
3.706427836 0.9631312253174826
3.707779068 0.9631719532801855
3.709130299 0.9632194105294251
3.710481531 0.9632726855775827
3.711832762 0.9633251363034472
3.713183993 0.9633823882176371
3.714535225 0.9634345451258437
3.7158864560000002 0.9634762616959474
3.717237688 0.9635186414523542
3.7185889189999997 0.9635581650750439
3.719940151 0.96359759566259
3.721291382 0.9636430284641554
3.7226426139999997 0.9636847728450598
3.723993845 0.9637276528241199
3.725345076 0.9637766557248736
3.726696308 0.9638218706017561
3.7280475390000003 0.9638677227148774
3.729398771 0.96391116267355
3.730750002 0.9639427773318759
3.7321012340000004 0.963974037859613
3.733452465 0.9640028996608501
3.7348036959999997 0.9640225149848498
3.736154928 0.9640439711591516
3.737506159 0.9640595054096248
3.738857391 0.964062110856198
3.740208622 0.964061232326374
3.741559854 0.9640457607789722
3.7429110850000002 0.9640125528087745
3.744262317 0.9639715094486425
3.7456135479999997 0.9639119978668923
3.746964779 0.963835406320785
3.748316011 0.9637520971033646
3.749667242 0.9636535709167887
3.751018474 0.963545642291871
3.752369705 0.9634333914074945
3.753720937 0.9633031393784579
3.7550721680000003 0.9631595244437893
3.7564234 0.9630030405289205
3.757774631 0.9628207663550273
3.759125862 0.9626220269983772
3.7604770939999996 0.9624066326379292
3.7618283249999998 0.9621629486673742
3.763179557 0.9619064127978751
3.764530788 0.9616410223536875
3.76588202 0.9613577226998793
3.767233251 0.9610699788728483
3.768584482 0.9607756969852203
3.7699357140000003 0.9604631859591912
3.771286945 0.9601429838324549
3.7726381769999997 0.9598111581719045
3.773989408 0.9594584866467183
3.77534064 0.9590979441258893
3.776691871 0.9587291769780415
3.778043103 0.9583496974256016
3.779394334 0.9579750498300074
3.780745565 0.9576001884197897
3.7820967970000003 0.9572214197934101
3.7834480279999996 0.9568538942296696
3.7847992599999998 0.9564888050631373
3.786150491 0.9561204448714432
3.7875017229999997 0.9557617495145387
3.7888529539999998 0.955402268503867
3.790204185 0.9550420618974533
3.791555417 0.954701381117721
3.792906648 0.9543717107298878
3.79425788 0.9540569405674287
3.795609111 0.9537749887215474
3.7969603430000003 0.9535075403487006
3.798311574 0.9532563965702693
3.7996628059999997 0.9530380257657199
3.801014037 0.9528345909794805
3.802365268 0.9526497069329355
3.8037165 0.9524971649458089
3.8050677310000003 0.9523586746415375
3.806418963 0.9522419784992615
3.807770194 0.9521689208447371
3.8091214260000004 0.9521249660074595
3.8104726569999996 0.9521138413331072
3.811823889 0.9521476028500251
3.81317512 0.9522048693543017
3.814526351 0.9522902199314651
3.815877583 0.9524145513053476
3.817228814 0.9525556038866302
3.818580046 0.952714307302621
3.8199312770000002 0.9529025431796392
3.821282509 0.9531079756410584
3.82263374 0.9533376616961552
3.823984971 0.9536036032604623
3.825336203 0.9538893586917112
3.826687434 0.9541985278896915
3.828038666 0.9545391815263858
3.829389897 0.9548876958634461
3.830741129 0.9552434611208818
3.8320923600000003 0.9556134783582948
3.833443592 0.9559741010805101
3.834794823 0.9563303005115177
3.836146054 0.9566916003996588
3.8374972859999996 0.9570396352339252
3.8388485169999997 0.9573794705679736
3.840199749 0.9577234894943542
3.84155098 0.9580493594385723
3.842902212 0.9583513775631536
3.844253443 0.9586423884808482
3.845604674 0.9588997821885543
3.8469559060000003 0.9591183986208803
3.848307137 0.959306486728121
3.849658369 0.9594409323934984
3.8510096 0.9595203331815269
3.852360832 0.9595626288231885
3.853712063 0.9595523529913832
3.855063295 0.9594861879784691
3.856414526 0.9593773068702783
3.857765757 0.9592026722924143
3.859116989 0.9589581995061738
3.86046822 0.9586572753132738
3.861819452 0.9582815011176823
3.863170683 0.9578245145441656
3.8645219149999996 0.9573018519400032
3.8658731459999998 0.9567034542170749
3.867224377 0.9560203395300317
3.868575609 0.9552768716440951
3.86992684 0.9544675194796342
3.871278072 0.9535808335064531
3.872629303 0.9526380938764256
3.8739805350000003 0.9516296348624255
3.875331766 0.9505381611965867
3.876682998 0.949384490733511
3.878034229 0.948166135181398
3.87938546 0.9468700026281396
3.880736692 0.9455168417227319
3.882087923 0.9441086551896349
3.883439155 0.9426393231394847
3.884790386 0.9411284904544651
3.886141618 0.9395865506194454
3.887492849 0.9379988014680467
3.8888440810000002 0.9363775112267558
3.890195312 0.9347354609041006
3.891546543 0.9330514246965871
3.892897775 0.9313365373762398
3.894249006 0.9296041481747989
3.895600238 0.927832247602134
3.8969514690000002 0.9260313383942983
3.898302701 0.9242194776695171
3.899653932 0.9223827044543249
3.9010051629999998 0.9205259763113639
3.902356395 0.9186624713468072
3.903707626 0.9167791591186772
3.905058858 0.9148656301136734
3.906410089 0.9129382933078816
3.9077613209999997 0.9109825839938429
3.909112552 0.9089769757959003
3.910463784 0.9069352376363414
3.911815015 0.9048420268224022
3.913166246 0.9026755514922779
3.914517478 0.9004475004883707
3.9158687089999997 0.898142912036164
3.917219941 0.8957370925660624
3.918571172 0.8932255014139711
3.919922404 0.8905952813701894
3.921273635 0.8878112888361129
3.922624866 0.8848567534620525
3.9239760980000002 0.8817213079527564
3.9253273290000004 0.8783570664104197
3.926678561 0.8747457607567425
3.928029792 0.8708761101481555
3.929381024 0.8666988240602075
3.9307322549999997 0.8621883320992242
3.932083487 0.8573237187973095
3.933434718 0.8520646909473739
3.934785949 0.8463777668314829
3.936137181 0.8402489315658124
3.937488412 0.8336423463427084
3.938839644 0.8265116096510596
3.940190875 0.8188522500536988
3.941542107 0.8106347466235718
3.9428933379999997 0.8018099534624586
3.944244569 0.792374215507445
3.945595801 0.7823094169343046
3.946947032 0.7715916777669172
3.948298264 0.7602205304483056
3.949649495 0.7482044285685329
3.9510007270000003 0.7355324987705303
3.9523519580000004 0.7222132426475961
3.95370319 0.7082918721408771
3.955054421 0.6937661138961003
3.956405652 0.6786538625172267
3.9577568839999997 0.6630018688475598
3.959108115 0.6468395123750311
3.960459347 0.6302054051574548
3.961810578 0.6131578553574194
3.96316181 0.5957525827143836
3.964513041 0.5780332103583392
3.965864273 0.5600754249304767
3.967215504 0.5419500992872602
3.968566735 0.5236927533552594
3.9699179669999998 0.5053757527412117
3.971269198 0.4870647649846573
3.97262043 0.4688108926769703
3.973971661 0.4506707376459934
3.975322893 0.43270746076418554
3.976674124 0.4149693786439815
3.978025355 0.3975012762590378
3.9793765870000004 0.38036744074572526
3.9807278179999996 0.3635944835020753
3.98207905 0.34720997325681474
3.983430281 0.3312516256295911
3.9847815129999997 0.31574467161210945
3.986132744 0.3007038205832525
3.987483976 0.28614640985822276
3.988835207 0.27209166551992736
3.9901864380000003 0.25854121167278676
3.99153767 0.2455035234499393
3.9928889009999997 0.2329871789425919
3.994240133 0.22098385466183412
3.995591364 0.20948837075839452
3.996942596 0.1984978798847561
3.998293827 0.18800310169256942
3.999645058 0.1779868221322541
4.00099629 0.1684423336717804
4.002347521 0.15936025680438554
4.003698753 0.15071974867198798
4.005049984 0.14250991241918481
4.006401216 0.13471664124993038
4.007752447 0.1273214616078141
4.009103679 0.12030807861237576
4.01045491 0.11366617592636827
4.011806141 0.1073772254299595
4.013157373 0.10142082491843364
4.014508604 0.09578722777901852
4.015859836 0.09046001121415133
4.017211067 0.08542237138689292
4.018562299 0.08066110471387625
4.01991353 0.07616403534767466
4.021264761 0.07191383156286123
4.022615993 0.06789806280410059
4.023967224 0.0641095548498519
4.025318456 0.06053215337965674
4.026669687 0.057154359181918316
4.028020919 0.05396824353630261
4.02937215 0.050964562951959495
4.030723382 0.048130434633044075
4.032074613 0.04545734507350163
4.033425844 0.04293639249102968
4.034777076 0.0405550829483144
4.036128307 0.038308398788835775
4.037479539 0.0361912037807376
4.03883077 0.03419516762110133
4.040182002 0.03231039731392693
4.041533233 0.03053269390673059
4.042884465 0.028856337662483873
4.044235696 0.02727499559422862
4.0455869269999996 0.025786595400245443
4.046938159 0.024385182180822928
4.04828939 0.023062509991939137
4.049640622 0.02181203975457322
4.050991853 0.02063357168920895
4.052343085 0.019522458398736495
4.053694316 0.018474180580885718
4.055045547 0.01748682486213828
4.056396779 0.01655577165799506
4.05774801 0.015675979850983793
4.059099241999999 0.014844727171957886
4.0604504729999995 0.014061808282061408
4.061801705 0.01332072536383483
4.063152936 0.01261901997753314
4.064504168 0.011956429634523891
4.065855399 0.011330861257803367
4.06720663 0.010739265678223184
4.0685578620000005 0.010180789887924513
4.069909093000001 0.009654977971085606
4.071260325 0.009157404583055188
4.072611556 0.008687967235030824
4.073962788 0.008245853940216978
4.075314019 0.007828833826228626
4.07666525 0.007434215096266815
4.078016482 0.007062527610082304
4.079367713 0.006711942713094716
4.080718945 0.006379358445158562
4.082070176 0.006065070879952937
4.083421408 0.0057684937450758885
4.084772639 0.005487026030917822
4.086123871 0.00521758074150031
4.087475102 0.004961643890407526
4.088826333 0.0047179096823513145
4.090177565 0.004485873268792923
4.091528796 0.004265988194674025
4.092880028 0.004058680907369157
4.094231259 0.0038632723358714882
4.095582491 0.003679733995198629
4.096933722 0.0035084311590729135
4.098284953 0.003345749620447826
4.0996361850000005 0.003190211983022097
4.100987416 0.003042938037083231
4.102338648 0.0029053596156876278
4.103689878999999 0.0027746088304847266
4.105041110999999 0.0026496873229672523
4.106392342 0.002530513920367576
4.107743574 0.002417040426096523
4.109094805 0.0023092828956560465
4.110446036 0.0022089713568144574
4.111797268 0.002115272726315692
4.113148499 0.0020252401040854917
4.1144997309999995 0.0019397403966717414
4.115850962000001 0.001858944928800898
4.117202194000001 0.001782013545016203
4.118553425 0.001707479322595161
4.119904657 0.001637433557836068
4.121255887999999 0.0015706604491620407
4.122607119 0.0015059826568532139
4.123958351000001 0.0014434917465006517
4.125309582 0.0013840072494872076
4.126660814 0.0013263589984933944
4.128012045 0.0012703755930988225
4.129363277 0.0012180989967970374
4.130714508 0.0011688458550628902
4.132065739 0.0011220931061075893
4.133416971 0.0010782796358941953
4.134768202 0.0010384191747298225
4.136119434 0.001000769729426733
4.1374706649999995 0.0009654614253692997
4.138821897 0.0009330530621112182
4.140173128000001 0.0009028723642971341
4.14152436 0.0008716676154326537
4.142875591 0.000840213959580188
4.144226821999999 0.0008098726663882497
4.145578054 0.0007809032703043696
4.146929285000001 0.0007529242107885747
4.148280517 0.000726169755451932
4.149631748 0.0007007324822798237
4.15098298 0.0006759893750050898
4.152334211 0.000654121119642242
4.153685442 0.0006347475339869316
4.155036674 0.0006154430595359176
4.156387905 0.0005939733384211352
4.157739136999999 0.000572870867651594
4.159090368 0.0005534756027013274
4.1604416 0.000535667386544674
4.161792831 0.0005187479646785232
4.163144063 0.0005034653920102964
4.164495294 0.0004887250011871072
4.165846525 0.00047464926211100754
4.167197757 0.0004624956645542859
4.1685489879999995 0.0004523082588211445
4.169900220000001 0.00044265308480582474
4.171251451 0.0004324329768778008
4.172602683 0.0004223111510024375
4.173953914 0.0004112773786779831
4.1753051459999995 0.0003991259727030877
4.1766563770000005 0.0003876969719858592
4.178007608 0.00037818359122000316
4.17935884 0.0003685803338675219
4.180710071 0.000358030054736311
4.182061303 0.00034729417014809917
4.183412534 0.0003377799184001345
4.184763766 0.0003287036461932589
4.186114997 0.0003207424799360839
4.187466228 0.00031331265756356767
4.18881746 0.00030610487519429857
4.190168691 0.0002983720373707023
4.1915199229999995 0.00029145854342254354
4.1928711540000005 0.0002855563684461603
4.194222386000001 0.00027946772564394227
4.195573617 0.00027342269599514753
4.196924849 0.000268514398746544
4.198276079999999 0.00026400628772678284
4.199627311 0.00025857364365272894
4.200978543 0.0002531220649094663
4.202329774 0.00024862675766280164
4.203681006 0.0002446677979026872
4.205032237 0.0002407323364709666
4.206383469 0.00023778384096776424
4.2077347 0.0002356240630259975
4.209085931 0.00023381775865096192
4.210437163 0.0002322679236572094
4.211788394 0.00023181237962121806
4.213139626 0.00023113186330117488
4.2144908569999995 0.0002292780037920458
4.215842089 0.0002263617408900435
4.217193320000001 0.0002239021277584587
4.218544552 0.0002213324708943339
4.219895783 0.0002188195821496149
4.221247013999999 0.00021639119429308907
4.2225982459999996 0.00021390754852576154
4.223949477 0.00021048731957148782
4.225300709 0.00020681828398910081
4.22665194 0.00020348474809742188
4.228003171999999 0.00019982224395504177
4.229354403 0.00019624851120860032
4.2307056339999995 0.00019395542644807948
4.232056866 0.0001936587523588976
4.233408097000001 0.0001937386965206894
4.234759329 0.00019301897111695341
4.23611056 0.00019275207662728614
4.237461792 0.00019262528272970833
4.238813023 0.00019081346893697342
4.240164255 0.0001858324794363329
4.241515486 0.00017965526082064132
4.242866717 0.0001730718557069374
4.244217949 0.00016740964572062894
4.24556918 0.00016380721754367586
4.246920412000001 0.00016123979189866853
4.248271643 0.00015900893101821362
4.249622875 0.00015763460982416285
4.250974105999999 0.0001581724172309252
4.2523253379999995 0.00015876857510847622
4.2536765690000005 0.00015727593182734926
4.2550278 0.000153459872218185
4.256379032 0.00014864264476893114
4.257730263 0.000143869133501756
4.259081495 0.00013886296821691464
4.260432726 0.0001344604231486657
4.261783958 0.00013116601900975452
4.263135189 0.00012880087899212934
4.26448642 0.00012678424699122116
4.265837652 0.0001254856253266395
4.267188883 0.00012443876284880535
4.2685401149999995 0.00012233783431659626
4.2698913460000005 0.00011871172123351582
4.271242578000001 0.00011473936061133863
4.272593809 0.00011075783588811338
4.273945041 0.00010660829423306105
4.275296271999999 0.00010326796843852038
4.276647503 0.00010118094804962594
4.277998735 9.993868164646597e-05
4.279349966 9.90627505319955e-05
4.280701198 9.933448533109857e-05
4.282052429 0.00010099658361497638
4.283403661 0.00010285499796134627
4.284754892 0.00010393908035006197
4.286106123 0.00010462924576517453
4.287457355 0.00010550827441684844
4.288808586 0.00010603735209267687
4.290159818 0.000106330639800209
4.2915110489999995 0.00010707012826045944
4.292862281 0.0001077499533368883
4.294213512000001 0.00010772898661448477
4.295564744 0.00010720881188695877
4.296915975 0.00010681585162838791
4.298267206 0.00010635435253905118
4.299618438 0.00010462134852232019
4.300969669 0.00010254412578755957
4.302320901 0.00010009200371695153
4.303672132 9.649016740979377e-05
4.305023363999999 9.260506636668272e-05
4.306374595 8.891443215220573e-05
4.3077258259999995 8.554219504215116e-05
4.309077058 8.236600978683813e-05
4.310428289000001 8.035312159372536e-05
4.311779521 7.8662146732241e-05
4.313130752 7.832037667347134e-05
4.314481984 7.871637452267212e-05
4.315833215 7.927496867356141e-05
4.317184447 8.000338768878597e-05
4.318535678 8.084890368329326e-05
4.319886909 8.081115600485568e-05
4.321238141 8.076586445682209e-05
4.322589372 8.155024077662377e-05
4.323940604000001 8.216459092973057e-05
4.325291835 8.168090401154483e-05
4.326643067 8.060698086765308e-05
4.327994297999999 7.971418577879113e-05
4.329345529999999 7.94427985197584e-05
4.3306967610000004 7.911986868440074e-05
4.332047992 7.827012358520458e-05
4.333399224 7.737764735899292e-05
4.334750455 7.70684913707988e-05
4.336101687 7.772336189548957e-05
4.337452918 7.873557611145875e-05
4.33880415 7.933776175759425e-05
4.340155381 7.906899607311225e-05
4.341506612 7.800292803532727e-05
4.342857844 7.67888564243628e-05
4.344209075 7.51334839153812e-05
4.3455603069999995 7.279962072609363e-05
4.3469115380000005 6.954989390113632e-05
4.34826277 6.627445234982333e-05
4.349614001 6.330293543287077e-05
4.350965233 6.122410781422396e-05
4.352316464 6.0137636764916095e-05
4.353667695 6.023258385129736e-05
4.355018927 6.103634270988905e-05
4.356370158 6.218510775082806e-05
4.35772139 6.332172905171212e-05
4.359072621 6.476286292359967e-05
4.360423853 6.61713271828651e-05
4.361775084 6.667834194017283e-05
4.363126315000001 6.576365004136407e-05
4.364477547000001 6.383070565132439e-05
4.365828778 6.135204317174735e-05
4.36718001 5.849393757174745e-05
4.3685312409999995 5.5651772336132155e-05
4.369882473 5.258355798570698e-05
4.371233704 4.9553003352828104e-05
4.372584936 4.6781593114900155e-05
4.373936167 4.515659001407656e-05
4.375287398 4.442530658520375e-05
4.37663863 4.4711864328176806e-05
4.377989861 4.5404394468256895e-05
4.379341093 4.672368425615502e-05
4.380692324 4.8159539221354685e-05
4.382043555999999 4.948627428381451e-05
4.383394787 5.0163308036524606e-05
4.3847460179999995 5.055586827727384e-05
4.38609725 5.066027983138221e-05
4.387448481000001 5.028209772027623e-05
4.388799713 4.91623525325524e-05
4.390150944 4.758476536118344e-05
4.391502176 4.590710099340526e-05
4.392853407 4.423799882008699e-05
4.394204639 4.260174416678419e-05
4.39555587 4.1040419055847064e-05
4.396907101 4.055302069858633e-05
4.398258332999999 4.105079793042929e-05
4.399609564 4.224655220650557e-05
4.400960796000001 4.306412353257566e-05
4.402312027 4.3490592559921546e-05
4.403663259 4.3929319103922376e-05
4.405014489999999 4.486267819516615e-05
4.406365721999999 4.562892334456709e-05
4.407716953 4.566597575276449e-05
4.409068184 4.5403849058686245e-05
4.410419416 4.5306884434238306e-05
4.411770647 4.550361548555266e-05
4.413121879 4.6807845280279556e-05
4.41447311 4.851111802315693e-05
4.415824342 5.0112604696173496e-05
4.417175573000001 5.018408910893082e-05
4.418526804 4.9252867426760915e-05
4.419878036 4.714438931263547e-05
4.421229266999999 4.4745448030441766e-05
4.4225804989999995 4.286196200249737e-05
4.4239317300000005 4.074211111932862e-05
4.425282962 3.906419943563042e-05
4.426634193 3.74765372342327e-05
4.427985425 3.7781884879980246e-05
4.429336656 3.904833768297163e-05
4.430687887 4.130465227410577e-05
4.432039119 4.31509124100428e-05
4.43339035 4.4637758798653515e-05
4.434741582 4.5633100343957015e-05
4.436092813 4.6856041250166145e-05
4.437444045 4.888197623899838e-05
4.438795276 5.143245974051321e-05
4.440146507000001 5.4184175283099594e-05
4.441497739000001 5.674617688663418e-05
4.44284897 5.989369552526361e-05
4.444200202 6.306598868956324e-05
4.445551432999999 6.631515402689168e-05
4.446902665 6.782409822510171e-05
4.448253896 6.73481135759345e-05
4.449605128 6.42688478504912e-05
4.450956359 6.011094229041219e-05
4.45230759 5.532586484856374e-05
4.453658822 5.0633731048209796e-05
4.455010053 4.63136687951887e-05
4.456361285 4.2619245666492255e-05
4.457712516 4.07938539414356e-05
4.459063747999999 4.025634754897903e-05
4.460414979 4.118777038731713e-05
4.4617662110000005 4.197375393757033e-05
4.463117442 4.3132214740469716e-05
4.464468673000001 4.362740572384531e-05
4.465819905 4.3375958580422826e-05
4.467171136 4.1523384037098646e-05
4.468522368 3.853656509571752e-05
4.469873599 3.554837638887478e-05
4.471224831000001 3.3336734970446144e-05
4.472576062 3.144556374098318e-05
4.473927293 2.8909167401419533e-05
4.475278524999999 2.70596892171916e-05
4.476629756 2.5456184684379892e-05
4.4779809880000006 2.488202375730317e-05
4.479332219 2.4166676579282375e-05
4.480683451 2.3904795958447112e-05
4.482034682 2.3048315888180045e-05
4.483385914 2.22841221460845e-05
4.484737145 2.1846102885443587e-05
4.486088376 2.1285476864127186e-05
4.487439608 2.1461583715026005e-05
4.488790839 2.115595421714303e-05
4.490142071 2.1334790523712442e-05
4.491493302 2.1787838562015294e-05
4.492844534 2.3072759304268985e-05
4.494195765000001 2.4019608138829244e-05
4.495546996 2.4740978146276985e-05
4.496898228 2.5217271005391586e-05
4.498249458999999 2.5818525767585873e-05
4.4996006909999995 2.605813559516635e-05
4.5009519220000005 2.490335352721665e-05
4.502303154 2.255779414569027e-05
4.503654385 1.944153051696585e-05
4.505005617 1.64423181296883e-05
4.506356848 1.3911551909737677e-05
4.507708079 1.1710798207410482e-05
4.509059311 9.317525854594902e-06
4.510410542 7.777172343979539e-06
4.511761774 6.850758266876728e-06
4.513113005 6.3889570414608635e-06
4.514464237 7.009700565515226e-06
4.5158154679999996 8.887467731967422e-06
4.517166699000001 1.0733495204444132e-05
4.518517931 1.248580506824157e-05
4.519869162 1.4821925743861366e-05
4.521220394 1.7339323921695437e-05
4.522571624999999 2.002930494179652e-05
4.523922857 2.2335445836789296e-05
4.525274088 2.4403070817255973e-05
4.52662532 2.5851494651558355e-05
4.527976551 2.671993365806831e-05
4.529327782 2.695294152739741e-05
4.530679014 2.6647254707952386e-05
4.532030245 2.6996132788979855e-05
4.533381477 2.7693869196145344e-05
4.534732708 2.865324349877192e-05
4.53608394 2.9124298163882054e-05
4.537435171 2.9139785172381333e-05
4.5387864030000005 2.778829264750905e-05
4.540137634 2.6070171040569284e-05
4.541488865 2.3815214570493207e-05
4.542840097 2.095440865029498e-05
4.544191328 1.804782183663696e-05
4.5455425599999995 1.5151893060198376e-05
4.5468937910000005 1.2688897458243932e-05
4.548245023000001 1.17569340186372e-05
4.549596254 1.343318203434952e-05
4.550947485 1.5818886698972933e-05
4.552298716999999 1.8553803998554694e-05
4.553649948 2.132842873591969e-05
4.5550011800000005 2.4003846509544705e-05
4.556352411 2.6885245728324957e-05
4.557703643 2.9274465614109054e-05
4.559054874 3.085135585388043e-05
4.560406106 3.14730620862418e-05
4.561757337 3.173147451457313e-05
4.563108568 3.171680281597908e-05
4.5644598 3.170515557354575e-05
4.565811031 3.208681557037998e-05
4.567162263 3.162056492521965e-05
4.568513493999999 3.079073703764295e-05
4.569864726 2.9322127616689204e-05
4.571215957000001 2.8735242362608344e-05
4.572567188 2.891448220512642e-05
4.57391842 2.9167550381495886e-05
4.575269650999999 2.8405869800623603e-05
4.5766208829999995 2.6847004469652817e-05
4.5779721140000005 2.6015624012131725e-05
4.579323346 2.602221504583983e-05
4.580674577 2.6878000310180967e-05
4.582025809 2.7219037024492462e-05
4.58337704 2.710419304084207e-05
4.584728271 2.7101592525576703e-05
4.586079503 2.7836212214463388e-05
4.587430734 2.9386205343210625e-05
4.588781966 3.082818656029664e-05
4.590133197 3.1555672117653835e-05
4.591484429 2.9932038811630932e-05
4.5928356599999995 2.7318402923039993e-05
4.5941868910000005 2.527530771488553e-05
4.595538123 2.4310139373560696e-05
4.596889354 2.399584162854373e-05
4.598240586 2.3031969119590977e-05
4.599591817 2.1658024419064533e-05
4.6009430490000005 2.043208263905666e-05
4.60229428 2.0894707943499864e-05
4.603645512 2.1582608596175135e-05
4.604996743 2.1644835173727266e-05
4.606347974 2.091371037936467e-05
4.607699206 1.9558324373427568e-05
4.609050437 1.8123424833021087e-05
4.610401669 1.6704832387318647e-05
4.611752900000001 1.559555433902595e-05
4.613104132 1.4562967713206821e-05
4.614455363 1.3493419589313717e-05
4.6158065950000005 1.2213137445794515e-05
4.617157826 1.0778898561632554e-05
4.618509057 1.0259664565444212e-05
4.619860289 1.0124588355587437e-05
4.62121152 1.0132347116258945e-05
4.622562751999999 9.7129152015183e-06
4.6239139830000004 9.502457856571633e-06
4.625265215000001 9.856118311979243e-06
4.626616446 1.035605944379141e-05
4.627967677 1.0915602337861327e-05
4.629318908999999 1.0762601847702681e-05
4.63067014 1.0736847950286794e-05
4.6320213720000005 1.0817282698648202e-05
4.633372603 1.0903530559382656e-05
4.634723835 1.0433953246292824e-05
4.636075066 9.822751922673174e-06
4.637426298 9.876175834985412e-06
4.638777529 9.707386689116017e-06
4.64012876 9.445027089732742e-06
4.641479992 8.949384914784914e-06
4.642831223 8.68938614063936e-06
4.644182455 8.621393935699929e-06
4.645533685999999 9.03093828451227e-06
4.646884918 9.268347007230694e-06
4.648236149000001 8.261822995715869e-06
4.64958738 7.276908972739132e-06
4.650938612 6.309136673831005e-06
4.652289842999999 5.248241598962979e-06
4.6536410749999995 3.932063443309813e-06
4.6549923060000005 2.6530031481815452e-06
4.656343538 2.3042213120336227e-06
4.657694769 2.375714830408517e-06
4.659046001 3.1860692220395978e-06
4.660397232 3.93613791809565e-06
4.661748463 3.941793642853606e-06
4.663099695 3.94249368709482e-06
4.664450926000001 3.952320505958165e-06
4.665802158 4.055795097394787e-06
4.667153389 3.1885031189371413e-06
4.668504621 2.054252200865795e-06
4.6698558519999995 1.0416634725700218e-06
4.6712070830000005 2.91532350024604e-07
4.672558315 3.598984952406223e-07
4.673909546 6.163977976365406e-07
4.675260778 8.558314956773924e-07
4.676612009 1.2561440284656034e-06
4.6779632410000005 2.116385099109944e-06
4.679314472 3.9810008295794874e-06
4.680665704 5.350836030873775e-06
4.682016935 6.126832378640197e-06
4.683368166 6.7871606932122136e-06
4.684719398 6.984920657219797e-06
4.686070629 6.906557917573026e-06
4.687421861 6.642387712714071e-06
4.688773092 6.225317052870721e-06
4.690124324 5.512805138870804e-06
4.691475555 5.813566887144902e-06
4.6928267869999996 7.582768222789944e-06
4.694178018 9.242402496444552e-06
4.695529249 1.1290303514810854e-05
4.696880481 1.354978474670709e-05
4.698231712 1.542503244884903e-05
4.699582943999999 1.5578645850900815e-05
4.700934175 1.4677344622420541e-05
4.702285407000001 1.3214542343058984e-05
4.703636638 1.0929423944669141e-05
4.704987869 8.89536637437725e-06
4.706339100999999 6.723069383778204e-06
4.707690332 4.751657130551858e-06
4.7090415640000005 4.020165621967908e-06
4.710392795 5.077546226563816e-06
4.711744027 6.425940953229337e-06
4.713095258 7.177392537618444e-06
4.71444649 7.223432590418785e-06
4.7157977209999995 7.28243045274726e-06
4.717148952 7.120381994331662e-06
4.718500184000001 6.676963859776101e-06
4.719851415 5.283091912636511e-06
4.721202647 3.5551026419717245e-06
4.722553877999999 2.9415637560978172e-06
4.72390511 3.0798904515379465e-06
4.725256341000001 3.621453947933248e-06
4.726607572 3.8012324492373064e-06
4.727958804 4.163087267867774e-06
4.729310035 4.4791189556033105e-06
4.730661267 4.67955677998435e-06
4.7320124980000005 4.8354352077231305e-06
4.73336373 4.183244735019444e-06
4.734714961 3.7761052870697578e-06
4.736066193 3.3557927048068445e-06
4.737417424 2.872775603905002e-06
4.738768654999999 2.3442529223877664e-06
4.740119887 2.012672613280478e-06
4.741471118000001 1.8121778107828943e-06
4.74282235 1.58472078462068e-06
4.744173581 1.2923071885045342e-06
4.745524813 1.0487033216934406e-06
4.7468760439999995 1.6201476160302167e-06
4.748227276 2.688380328731871e-06
4.749578507 3.377321465477347e-06
4.750929738 3.626101195519188e-06
4.75228097 3.6835313846447067e-06
4.753632201 3.682881978615447e-06
4.7549834330000005 3.6405333221097404e-06
4.756334664 3.1937036868344524e-06
4.757685896 2.2046241238012055e-06
4.759037127 1.529886480729138e-06
4.760388358 1.2333531944937122e-06
4.76173959 1.0433502621492417e-06
4.763090821 9.86403029788117e-07
4.764442053 9.952127950529046e-07
4.765793284 1.3254881813579805e-06
4.767144516 1.5946708134781815e-06
4.768495747 1.6099705894301837e-06
4.7698469789999995 1.1008940217403317e-06
4.77119821 7.408808515211286e-07
4.772549441 1.060740508342681e-06
4.773900673 1.3647851069573366e-06
4.775251904 1.5995693505340709e-06
4.776603135999999 1.464265689346487e-06
4.777954367 1.5562050624303835e-06
4.779305599000001 1.8899067821044268e-06
4.78065683 2.0443630011990453e-06
4.782008061000001 2.163912230096031e-06
4.783359293 2.0061798422053313e-06
4.784710524 2.4415346277712385e-06
4.7860617560000005 3.884055031288369e-06
4.787412987 5.591782188072708e-06
4.788764219 7.424781872725046e-06
4.79011545 9.169473350373144e-06
4.791466682 1.1070187578810612e-05
4.7928179129999995 1.2713098665183864e-05
4.7941691440000005 1.3861062640680203e-05
4.795520376000001 1.4189820378887863e-05
4.796871607 1.3414970367204423e-05
4.798222839 1.246454515132418e-05
4.799574069999999 1.1216282648567196e-05
4.800925302 1.0034229933940058e-05
4.802276533000001 9.127411309656064e-06
4.803627764 8.880166617166707e-06
4.804978996 8.853118458643232e-06
4.806330227 8.275765097863792e-06
4.807681459 7.560815695774559e-06
4.80903269 7.014399108895384e-06
4.810383922 6.755303646249205e-06
4.811735153 6.732481966533547e-06
4.813086384999999 6.421147282492418e-06
4.814437616 5.604107545330861e-06
4.815788846999999 5.18254261972319e-06
4.817140079 5.694887888705353e-06
4.818491310000001 6.4164171408588465e-06
4.819842542 6.678468473884472e-06
4.821193773 6.478581739754533e-06
4.822545005 6.135492885745782e-06
4.8238962359999995 5.6818435071277825e-06
4.825247468 5.0978582015685465e-06
4.826598699 4.264095778115429e-06
4.82794993 3.335142251471296e-06
4.829301162 2.815387548219881e-06
4.830652393 3.073040660724742e-06
4.8320036250000005 3.416664221572859e-06
4.833354856 3.377330805433092e-06
4.834706088 3.3004243243577256e-06
4.836057318999999 3.3898938810892253e-06
4.83740855 3.3406003461171845e-06
4.838759782 3.266423694624512e-06
4.840111013 2.8708404803776047e-06
4.841462245 2.0847197882249625e-06
4.842813476 1.9091804188380914e-06
4.844164708 2.8540564506657727e-06
4.845515939 3.796592546811721e-06
4.8468671709999995 4.6037348577169086e-06
4.8482184020000005 5.4719347131351595e-06
4.849569633 6.752242281625493e-06
4.850920865 8.204832865208171e-06
4.852272096 9.259199265529725e-06
4.853623327999999 9.397439871774149e-06
4.854974559 8.430685347590088e-06
4.856325791000001 7.796007564969692e-06
4.857677022 7.48444484465328e-06
4.859028253 7.392811813344649e-06
4.860379485 7.131178565008009e-06
4.861730716 7.032855512187556e-06
4.863081948 7.536467692425664e-06
4.864433179 8.681000901224752e-06
4.865784411 9.94825924266868e-06
4.867135642 1.0812674745334864e-05
4.868486874 1.128814754907151e-05
4.8698381049999995 1.1544144371202903e-05
4.8711893360000005 1.1550694449145795e-05
4.872540568000001 1.1481897792896113e-05
4.873891799 1.1492459231620118e-05
4.875243031 1.2013168081979695e-05
4.876594261999999 1.2790515531695478e-05
4.8779454939999995 1.3727873067552459e-05
4.879296725000001 1.492333443753346e-05
4.880647956 1.6470741092717833e-05
4.881999188 1.869937474584382e-05
4.883350419 2.0582930609344204e-05
4.884701651 2.171711338530711e-05
4.8860528819999995 2.1872312356822428e-05
4.887404114 2.1942291675098087e-05
4.888755345 2.2773152860859486e-05
4.890106576999999 2.385167089689251e-05
4.891457808 2.4504011841201272e-05
4.892809038999999 2.4321541807938416e-05
4.894160271 2.4135713253290612e-05
4.895511502000001 2.479708572324421e-05
4.896862734 2.6047641206715108e-05
4.898213965 2.7361971958607777e-05
4.899565197 2.811983059395665e-05
4.900916428 2.8745928933497327e-05
4.902267660000001 2.94177812686561e-05
4.903618891 2.989677790730635e-05
4.904970122 2.971151249841518e-05
4.906321354 2.897138491286389e-05
4.907672585 2.8303129363742988e-05
4.9090238170000005 2.804287589363572e-05
4.910375048 2.8171756039386876e-05
4.91172628 2.7507603205960458e-05
4.913077511 2.660529896366889e-05
4.914428742 2.5969115388714898e-05
4.915779974 2.630868440211764e-05
4.917131205 2.7135933803278795e-05
4.918482437 2.7667493713860875e-05
4.919833668 2.789603910623362e-05
4.9211849 2.782324061052282e-05
4.922536131 2.8305057706267503e-05
4.9238873629999995 2.8757607646454014e-05
4.9252385940000005 2.9124477343703282e-05
4.926589825 2.914291529616343e-05
4.927941057 2.9655928800803957e-05
4.929292288 3.08949437280049e-05
4.930643519999999 3.1999236782883756e-05
4.931994751 3.22484162380681e-05
4.933345983000001 3.160551054449049e-05
4.934697214 3.060606612997807e-05
4.936048445 2.924580329642496e-05
4.937399677 2.7513169831394857e-05
4.938750908 2.4684903709092022e-05
4.94010214 2.140265733008068e-05
4.941453371 1.908928362467215e-05
4.942804603 1.8629476563880447e-05
4.944155834 1.9183533804758045e-05
4.945507066 2.0231211766843712e-05
4.9468582969999995 2.138540389020808e-05
4.9482095280000005 2.2756579788013017e-05
4.949560760000001 2.427618730671517e-05
4.950911991 2.4571763606689117e-05
4.952263223 2.390642427806768e-05
4.953614453999999 2.236777449840863e-05
4.9549656859999995 2.1209126532434754e-05
4.9563169170000005 2.0637862787753455e-05
4.957668148 2.0811462741414564e-05
4.95901938 2.1106503491580792e-05
4.960370611 2.149890873246445e-05
4.961721843 2.309214272044583e-05
4.9630730739999995 2.482391517913932e-05
4.964424306 2.6294866862742906e-05
4.965775537000001 2.6379550760662472e-05
4.967126769 2.5612363992462217e-05
4.968478 2.4505130710888758e-05
4.969829230999999 2.367942933238381e-05
4.971180463 2.3091988358201484e-05
4.972531694000001 2.2243703100455333e-05
4.973882926 2.131368112950906e-05
4.975234157 2.080266818508033e-05
4.976585389 2.151585524642497e-05
4.97793662 2.1994465497515862e-05
4.979287852000001 2.0161483726150206e-05
4.980639083 1.7894877328637492e-05
4.981990314 1.52986039954671e-05
4.983341545999999 1.2642957410128926e-05
4.984692777 1.0012697997543894e-05
4.986044009 7.907988499724756e-06
4.98739524 6.055530883673277e-06
4.988746472 5.6021596425806464e-06
4.990097703 8.063789602033877e-06
4.991448934 1.1154351869819e-05
4.992800166 1.4251770580115474e-05
4.9941513969999995 1.680350823376424e-05
4.995502629 1.894086759171655e-05
4.99685386 1.996720397480944e-05
4.998205092 2.037685291312982e-05
4.999556323 1.966335248441961e-05
5.0009075549999995 1.829771573465368e-05
5.0022587860000005 1.700556207643319e-05
5.003610017 1.6329298673742238e-05
5.004961249 1.7078550356293248e-05
5.006312479999999 1.7652742261084448e-05
5.007663711999999 1.7734144831950794e-05
5.009014943 1.7335342867382614e-05
5.010366175 1.7163813758436837e-05
5.011717406 1.7333879661234735e-05
5.013068637 1.689698020755566e-05
5.014419869 1.5664495637593357e-05
5.0157711 1.3583776762488918e-05
5.017122332 1.2169754041247864e-05
5.018473563 1.1375903590990195e-05
5.019824795000001 1.1190099132791344e-05
5.021176026 1.0284894117315599e-05
5.022527258 9.206108740004698e-06
5.0238784889999994 8.562860010307134e-06
5.0252297200000005 8.201983481290994e-06
5.026580952000001 7.649844955464197e-06
5.027932183 6.20883583552752e-06
5.029283415 4.728338559319889e-06
5.030634646 3.2952581871741937e-06
5.031985878 3.941889499725831e-06
5.033337109 4.916845802949803e-06
5.034688341 6.773919942900635e-06
5.036039572 8.548961427127494e-06
5.037390803 1.0344865620983824e-05
5.038742035 1.2592224085198967e-05
5.0400932659999995 1.432031294691106e-05
5.041444498 1.5644628233648667e-05
5.042795729000001 1.5871657921448866e-05
5.044146961 1.585462337122848e-05
5.045498192 1.4886552012995555e-05
5.046849422999999 1.3850033771471411e-05
5.048200655 1.2076002988894462e-05
5.049551886000001 9.912571394382163e-06
5.050903118 8.186493548738612e-06
5.052254349 6.84560295766408e-06
5.053605581 5.535546187397889e-06
5.054956812 4.081463920562989e-06
5.056308044000001 2.4714917247604344e-06
5.057659275 9.014705255295611e-07
5.059010506 1.423622595980648e-07
5.060361737999999 3.457883153231945e-08
5.061712969 2.700542898073148e-07
5.063064201 2.7454391928029924e-07
5.064415432 2.7454391928029924e-07
5.065766664 2.7454391928029924e-07
5.067117895 2.7454391928029924e-07
5.068469126 2.745439192802993e-07
5.069820358 2.7449718196821564e-07
5.0711715889999995 2.523179426918433e-07
5.072522821 1.4489629472984473e-08
5.073874052 1e-08
5.075225284 1e-08
5.076576515 1.0386183974033196e-08
5.0779277469999995 4.301033283989819e-08
5.0792789780000005 4.0859591875126063e-07
5.080630209 7.029034254591255e-07
5.081981441 7.503496311775565e-07
5.083332671999999 7.513883557566324e-07
5.084683904 7.513883557566324e-07
5.086035135 7.513883557566322e-07
5.087386367 7.510021717825992e-07
5.088737598 7.183780229167341e-07
5.090088829 3.5279243700537185e-07
5.091440061 5.866791075927227e-08
5.092791292 4.365763930985071e-08
5.094142524 8.27225929844392e-07
5.095493755000001 2.1312001570857422e-06
5.096844987000001 3.830927690738727e-06
5.098196218 5.3252789083903465e-06
5.09954745 5.666388231224901e-06
5.100898680999999 5.688895636266176e-06
5.102249912 5.6913562662786796e-06
5.103601144000001 5.6590821578769376e-06
5.104952375 4.878686533726721e-06
5.106303607 3.666974089064191e-06
5.107654838 1.973475971707805e-06
5.10900607 4.793710205019165e-07
5.110357301 1.7390195771168788e-07
5.111708533 5.648441205306392e-07
5.113059764 6.185235778060338e-07
5.114410995 6.266871595276368e-07
5.115762227 6.339968171516592e-07
5.1171134579999995 6.13834354213e-07
5.11846469 8.495096650235542e-07
5.119815921000001 8.932666505034585e-07
5.121167153 8.583576573671574e-07
5.122518384 4.449080895069292e-07
5.123869614999999 3.885850217572658e-07
5.125220847 3.8025961416839525e-07
5.126572078000001 3.6873856558097285e-07
5.12792331 2.966392459408113e-07
5.129274541 5.4734518833658177e-08
5.130625772999999 1.0731266908023739e-08
5.131977004 1e-08
5.1333282360000005 1e-08
5.134679467 1e-08
5.136030698 1e-08
5.137381929999999 1e-08
5.138733161 1e-08
5.140084393 1e-08
5.141435624 1e-08
5.142786856 1e-08
5.144138087 1e-08
5.145489318 1e-08
5.14684055 1e-08
5.148191781 1e-08
5.149543013000001 1e-08
5.150894244 1e-08
5.152245476 1e-08
5.153596706999999 1e-08
5.1549479389999995 1e-08
5.1562991700000005 1e-08
5.157650401 1e-08
5.159001633 1e-08
5.160352864 1e-08
5.161704096 1e-08
5.163055327 1e-08
5.164406559 1e-08
5.16575779 1e-08
5.167109021 1e-08
5.168460253 1e-08
5.169811484 1e-08
5.1711627159999995 1e-08
5.172513947000001 1e-08
5.173865179000001 1e-08
5.17521641 1e-08
5.176567642 1e-08
5.177918872999999 1e-08
5.179270104 1e-08
5.180621336 1e-08
5.181972567 1e-08
5.183323799 1e-08
5.18467503 1e-08
5.186026262 1e-08
5.187377493 1e-08
5.188728725 1e-08
5.190079956 1e-08
5.191431187 1e-08
5.192782419 1e-08
5.1941336499999995 1e-08
5.195484882 1e-08
5.196836113000001 1e-08
5.198187345 1e-08
5.199538576 1e-08
5.200889806999999 1e-08
5.202241039 1e-08
5.20359227 1e-08
5.204943502 1e-08
5.206294733 1e-08
5.207645964999999 1e-08
5.208997196 1e-08
5.2103484280000005 1e-08
5.211699659 1e-08
5.213050890000001 1e-08
5.214402122 1e-08
5.215753353 1e-08
5.217104585 1e-08
5.218455816 1e-08
5.219807048 1e-08
5.221158279 1e-08
5.22250951 1e-08
5.223860742 1e-08
5.225211973 1e-08
5.226563205000001 1e-08
5.227914436 1e-08
5.229265668 1e-08
5.230616898999999 1e-08
5.2319681309999995 1e-08
5.2333193620000005 1e-08
5.234670593 1e-08
5.236021825 1e-08
5.237373056 1e-08
5.238724288 1e-08
5.240075519 1e-08
5.241426751 1e-08
5.242777982 1e-08
5.244129213 1e-08
5.245480445 1e-08
5.246831676 1e-08
5.2481829079999995 1e-08
5.2495341390000005 1e-08
5.250885371000001 1e-08
5.252236602 1e-08
5.253587834 1e-08
5.254939064999999 1e-08
5.256290296 1e-08
5.257641528 1e-08
5.258992759 1e-08
5.260343991 1e-08
5.261695222 1e-08
5.263046454 1e-08
5.264397685 1e-08
5.265748917 1e-08
5.267100148000001 1e-08
5.268451379 1e-08
5.269802611 1e-08
5.2711538419999995 1e-08
5.272505074 1e-08
5.273856305000001 1e-08
5.275207537 1e-08
5.276558768 1e-08
5.277909999 1e-08
5.279261231 1e-08
5.280612462 1e-08
5.281963694 1e-08
5.283314925 1e-08
5.284666156999999 1e-08
5.286017388 1e-08
5.2873686200000005 1e-08
5.288719851 1e-08
5.290071082000001 1e-08
5.291422314 1e-08
5.292773545 1e-08
5.294124777 1e-08
5.295476008 1e-08
5.29682724 1e-08
5.298178471 1e-08
5.299529702 1e-08
5.300880933999999 1e-08
5.302232165 1e-08
5.303583397000001 1e-08
5.304934628 1e-08
5.30628586 1e-08
5.307637090999999 1e-08
5.3089883229999995 1e-08
5.3103395540000005 1e-08
5.311690785 1e-08
5.313042017 1e-08
5.314393248 1e-08
5.31574448 1e-08
5.317095711 1e-08
5.318446943 1e-08
5.319798174 1e-08
5.321149405 1e-08
5.322500637 1e-08
5.323851867999999 1e-08
5.3252030999999995 1e-08
5.3265543310000005 1e-08
5.327905563 1e-08
5.329256794 1e-08
5.330608026 1e-08
5.331959257 1e-08
5.333310488 1e-08
5.33466172 1e-08
5.336012951 1e-08
5.337364183 1e-08
5.338715414 1e-08
5.340066646 1e-08
5.341417877 1e-08
5.342769109 1e-08
5.344120340000001 1e-08
5.345471571 1e-08
5.346822803 1e-08
5.3481740339999995 1e-08
5.349525266 1e-08
5.350876497 1e-08
5.352227729 1e-08
5.35357896 1e-08
5.354930191 1e-08
5.356281423 1e-08
5.357632654 1e-08
5.358983886 1e-08
5.360335117 1e-08
5.361686348999999 1e-08
5.36303758 1e-08
5.3643888120000005 1e-08
5.365740043 1e-08
5.367091274000001 1e-08
5.368442506 1e-08
5.369793737 1e-08
5.371144969 1e-08
5.3724962 1e-08
5.373847432 1e-08
5.375198663 1e-08
5.376549894 1e-08
5.377901125999999 1e-08
5.379252357 1e-08
5.380603589000001 1e-08
5.38195482 1e-08
5.383306052 1e-08
5.384657282999999 1e-08
5.386008515 1e-08
5.3873597460000004 1e-08
5.388710977 1e-08
5.390062209 1e-08
5.39141344 1e-08
5.392764672 1e-08
5.394115903 1e-08
5.395467135 1e-08
5.396818366000001 1e-08
5.398169598000001 1e-08
5.399520829 1e-08
5.400872059999999 1e-08
5.4022232919999995 1e-08
5.4035745230000005 1e-08
5.404925755 1e-08
5.406276986 1e-08
5.407628218 1e-08
5.408979449 1e-08
5.41033068 1e-08
5.411681912 1e-08
5.413033143 1e-08
5.414384375 1e-08
5.415735606 1e-08
5.417086838 1e-08
5.418438069 1e-08
5.419789301 1e-08
5.421140532000001 1e-08
5.422491763 1e-08
5.423842995 1e-08
5.4251942259999995 1e-08
5.426545458 1e-08
5.427896689 1e-08
5.429247921 1e-08
5.430599152 1e-08
5.431950383 1e-08
5.433301615 1e-08
5.434652846 1e-08
5.436004078 1e-08
5.437355309 1e-08
5.438706540999999 1e-08
5.440057772 1e-08
5.4414090040000005 1e-08
5.442760235 1e-08
5.444111466000001 1e-08
5.445462698 1e-08
5.446813929 1e-08
5.4481651609999995 1e-08
5.4495163920000005 1e-08
5.450867624000001 1e-08
5.452218855 1e-08
5.453570086 1e-08
5.454921317999999 1e-08
5.456272549 1e-08
5.457623781000001 1e-08
5.458975012 1e-08
5.460326244 1e-08
5.461677475 1e-08
5.463028707 1e-08
5.464379938 1e-08
5.465731169 1e-08
5.467082401 1e-08
5.468433632 1e-08
5.469784864 1e-08
5.471136094999999 1e-08
5.472487327 1e-08
5.473838558000001 1e-08
5.47518979 1e-08
5.476541021 1e-08
5.477892251999999 1e-08
5.4792434839999995 1e-08
5.4805947150000005 1e-08
5.481945947 1e-08
5.483297178 1e-08
5.48464841 1e-08
5.485999641 1e-08
5.487350872 1e-08
5.488702104 1e-08
5.490053335 1e-08
5.491404567 1e-08
5.492755798 1e-08
5.49410703 1e-08
5.495458261 1e-08
5.496809493 1e-08
5.498160724 1e-08
5.499511955 1e-08
5.500863187 1e-08
5.502214417999999 1e-08
5.50356565 1e-08
5.504916881 1e-08
5.506268113 1e-08
5.507619344 1e-08
5.508970575 1e-08
5.510321807 1e-08
5.511673038 1e-08
5.51302427 1e-08
5.514375501000001 1e-08
5.515726733 1e-08
5.517077964 1e-08
5.5184291960000005 1e-08
5.519780427 1e-08
5.521131658 1e-08
5.52248289 1e-08
5.523834121 1e-08
5.5251853529999995 1e-08
5.5265365840000005 1e-08
5.527887816000001 1e-08
5.529239047 1e-08
5.530590278 1e-08
5.531941509999999 1e-08
5.533292741 1e-08
5.5346439730000005 1e-08
5.535995204 1e-08
5.537346436 1e-08
5.538697667 1e-08
5.540048899 1e-08
5.54140013 1e-08
5.542751361 1e-08
5.544102593 1e-08
5.545453824 1e-08
5.546805056 1e-08
5.548156286999999 1e-08
5.549507519 1e-08
5.550858750000001 1e-08
5.552209982 1e-08
5.553561213 1e-08
5.554912443999999 1e-08
5.5562636759999995 1e-08
5.5576149070000005 1e-08
5.558966139 1e-08
5.56031737 1e-08
5.561668602 1e-08
5.563019833 1e-08
5.564371064 1e-08
5.565722296 1e-08
5.567073527 1e-08
5.568424759000001 1e-08
5.56977599 1e-08
5.571127222 1e-08
5.5724784529999996 1e-08
5.573829685 1e-08
5.575180916 1e-08
5.576532147 1e-08
5.577883379 1e-08
5.57923461 1e-08
5.5805858420000005 1e-08
5.581937073 1e-08
5.583288305 1e-08
5.584639536 1e-08
5.585990767 1e-08
5.587341999 1e-08
5.58869323 1e-08
5.590044462 1e-08
5.591395693000001 1e-08
5.592746925 1e-08
5.594098156 1e-08
5.595449388 1e-08
5.596800619 1e-08
5.59815185 1e-08
5.599503082 1e-08
5.600854313 1e-08
5.6022055449999995 1e-08
5.6035567760000005 1e-08
5.604908008000001 1e-08
