microns transmission
1.3845671689999999 5.8188247244578725e-06
1.386175261 5.940093559723213e-06
1.387783353 5.552113312038308e-06
1.389391445 5.113471131589368e-06
1.390999537 4.01063616273406e-06
1.392607629 2.531570956467726e-06
1.3942157210000001 1.1689380245858942e-06
1.395823813 1.15661506295597e-06
1.397431905 8.394102363785078e-07
1.399039997 7.072857511418715e-07
1.400648089 6.568517095610697e-07
1.402256181 5.821862661667587e-07
1.403864273 3.624435510557184e-07
1.405472365 3.8071373757233553e-07
1.407080457 3.807225720753623e-07
1.408688549 3.650605379765625e-07
1.410296641 8.968091954401042e-07
1.411904732 1.1376796439523353e-06
1.413512824 1.1386628216664008e-06
1.415120916 2.128800091039317e-06
1.4167290080000001 3.735915999445296e-06
1.4183371 3.881539913727388e-06
1.419945192 4.04636766734758e-06
1.421553284 4.3763786568706065e-06
1.423161376 4.361216868662343e-06
1.424769468 4.165689428820781e-06
1.42637756 4.176438805092472e-06
1.427985652 3.954614795628642e-06
1.429593744 3.050544491359207e-06
1.431201836 3.3189403795782687e-06
1.432809928 3.5037522714752676e-06
1.43441802 3.7929618954097783e-06
1.436026112 3.5979842734216197e-06
1.4376342039999999 4.5069048161569235e-06
1.439242296 5.4740929355746925e-06
1.440850388 5.317165349076345e-06
1.44245848 4.8513585595550894e-06
1.444066571 5.109655074139707e-06
1.445674663 5.8407893794277836e-06
1.447282755 6.876093443988619e-06
1.448890847 8.162407527477048e-06
1.450498939 8.244769944256324e-06
1.452107031 8.127265462041789e-06
1.453715123 9.428264245023535e-06
1.455323215 1.0574109346960164e-05
1.456931307 1.0940517985336568e-05
1.458539399 1.0628328127870958e-05
1.4601474909999999 9.57268319656203e-06
1.461755583 8.337356449924156e-06
1.463363675 7.800985016361738e-06
1.464971767 7.543837187568638e-06
1.4665798589999999 5.790524006853843e-06
1.4681879510000002 4.523368102145954e-06
1.469796043 3.570863495464535e-06
1.471404135 3.3347451265626006e-06
1.473012227 3.752505140430055e-06
1.474620319 3.2079216251136818e-06
1.47622841 2.895569966356132e-06
1.4778365020000002 2.713092289165038e-06
1.479444594 3.303016545799904e-06
1.481052686 3.964528856490952e-06
1.4826607779999998 4.702163859711655e-06
1.4842688700000002 5.581797694097385e-06
1.485876962 4.831257096184993e-06
1.487485054 4.849068191770351e-06
1.4890931459999999 4.859932385498768e-06
1.4907012380000002 4.635689802131268e-06
1.49230933 4.794046384589782e-06
1.493917422 4.951985503501579e-06
1.495525514 5.322127561479324e-06
1.497133606 4.7543753878723714e-06
1.4987416980000001 4.943555296766422e-06
1.50034979 4.937368878072503e-06
1.501957882 4.805138720680374e-06
1.503565974 5.0285149998685545e-06
1.5051740660000001 5.753490230353921e-06
1.506782158 6.5190886879019056e-06
1.508390249 6.561202804213572e-06
1.509998341 6.621631034333682e-06
1.5116064329999999 7.103747063786983e-06
1.5132145250000002 7.837113508650555e-06
1.514822617 8.351928753329455e-06
1.516430709 9.448761456627664e-06
1.5180388009999999 9.01380694794413e-06
1.519646893 8.773991417441214e-06
1.5212549850000001 8.850014056690102e-06
1.522863077 9.634711569139936e-06
1.524471169 1.14669648946268e-05
1.526079261 1.3790422021751407e-05
1.5276873530000001 1.684048456245427e-05
1.529295445 2.05990327492285e-05
1.530903537 2.5317420896151802e-05
1.532511629 3.207036300214882e-05
1.534119721 4.059670601450805e-05
1.535727813 5.1677388991716286e-05
1.537335905 6.538053576888736e-05
1.538943997 8.223894451676108e-05
1.5405520879999999 0.00010245777840526532
1.54216018 0.00012613024422363566
1.543768272 0.0001544463535804294
1.545376364 0.00018699670784873973
1.546984456 0.00022359664531283085
1.548592548 0.0002640145644521684
1.5502006400000001 0.00030871204274791566
1.551808732 0.0003587136741441067
1.553416824 0.00041416772183696255
1.555024916 0.0004733785620742762
1.556633008 0.0005354224244277919
1.5582411 0.0005984506627016057
1.559849192 0.0006610718245436088
1.561457284 0.0007212139961717242
1.563065376 0.0007767099379618961
1.564673468 0.0008254126542370563
1.56628156 0.00086689555913446
1.567889652 0.0009012540076907259
1.569497744 0.0009287609787544905
1.5711058359999999 0.0009503289614808088
1.5727139270000001 0.0009678272655101004
1.574322019 0.000981773860326279
1.575930111 0.000993430557926369
1.577538203 0.0010028929308487095
1.579146295 0.001011313009381245
1.580754387 0.0010188177707107773
1.582362479 0.0010254338084209245
1.583970571 0.0010307694603929802
1.585578663 0.0010358965362595699
1.5871867549999998 0.0010403903927553352
1.588794847 0.0010447687543457171
1.590402939 0.0010495801241981392
1.592011031 0.001053567873111297
1.5936191229999999 0.0010574014390002016
1.595227215 0.0010615244736446538
1.596835307 0.001066102373328444
1.598443399 0.0010709209260026022
1.6000514909999999 0.0010768863625789634
1.6016595830000002 0.0010830966004590603
1.6032676750000001 0.0010911654018027795
1.604875767 0.0011001981078754856
1.606483858 0.001110492356875878
1.60809195 0.0011223450631614347
1.6097000419999998 0.0011356578330458287
1.6113081340000002 0.0011498204728288075
1.612916226 0.0011649266101809374
1.614524318 0.0011807956580765402
1.6161324099999999 0.0011969618537551708
1.6177405020000002 0.0012149030885259251
1.619348594 0.001232751562640583
1.620956686 0.0012501320688570016
1.6225647779999999 0.0012664635508012276
1.6241728700000002 0.0012815882921495814
1.625780962 0.0012954271265383389
1.627389054 0.0013079117941054254
1.628997146 0.0013184844907445981
1.630605238 0.001327026304759404
1.6322133300000001 0.0013344735857120213
1.633821422 0.0013402607385827553
1.635429514 0.001345243055298704
1.637037606 0.0013486290235673
1.6386456969999998 0.0013508350460336438
1.6402537890000002 0.001353041253964026
1.641861881 0.0013551128180810334
1.643469973 0.001356342627873504
1.6450780649999999 0.0013568510728824152
1.646686157 0.0013571627415999927
1.648294249 0.0013564356405266604
1.649902341 0.0013567888905885457
1.6515104329999999 0.0013571586645791005
1.653118525 0.0013564690422145547
1.6547266170000001 0.001355573050899474
1.656334709 0.0013539112302582224
1.657942801 0.001351508129120012
1.659550893 0.0013487937786424726
1.661158985 0.0013469375117786573
1.662767077 0.001343617331577802
1.664375169 0.0013402013748351907
1.665983261 0.0013370172687965298
1.667591353 0.0013329834551322561
1.669199445 0.001329425789427176
1.670807536 0.0013255503609840588
1.672415628 0.0013207006559559098
1.6740237199999999 0.0013144593743149502
1.675631812 0.0013079301858255064
1.6772399040000001 0.001300233162314131
1.678847996 0.0012911250064371398
1.680456088 0.0012811065262044244
1.68206418 0.0012688091859445196
1.683672272 0.0012558712835603952
1.685280364 0.0012434930837318418
1.686888456 0.0012309687975237417
1.688496548 0.0012192651545505913
1.69010464 0.001208881506740316
1.691712732 0.0011999717895681966
1.693320824 0.0011920808495458055
1.694928916 0.0011863047960403326
1.696537008 0.0011812576047906763
1.6981450999999999 0.0011744603693054011
1.699753192 0.0011670644961465158
1.701361284 0.0011579885522437776
1.702969375 0.001146607505037981
1.704577467 0.0011338847610339645
1.706185559 0.0011198588761784447
1.707793651 0.0011045808250016173
1.709401743 0.001089181353425681
1.711009835 0.0010782051025866458
1.712617927 0.0010718301982676616
1.714226019 0.0010706813152744545
1.715834111 0.001074434304817494
1.717442203 0.0010809081987759486
1.719050295 0.0010897360617354317
1.7206583869999998 0.0011014304813443138
1.722266479 0.0011142685061960155
1.723874571 0.0011251748829013745
1.725482663 0.001133803525146064
1.7270907549999999 0.0011399416054188591
1.728698847 0.0011436120028894595
1.730306939 0.0011451715435151764
1.731915031 0.001145604150228599
1.7335231229999999 0.0011437121774341336
1.735131214 0.0011403486102829175
1.736739306 0.0011372272347142801
1.7383473980000002 0.0011331648401847654
1.73995549 0.0011276576190906592
1.741563582 0.001121431238791014
1.7431716739999998 0.0011149261478448627
1.7447797660000002 0.0011075196077486896
1.746387858 0.001099393713383841
1.74799595 0.0010912494085715057
1.7496040419999999 0.00108138953678014
1.7512121340000002 0.0010700510559437627
1.752820226 0.0010611349435057137
1.754428318 0.0010551298411799299
1.7560364099999999 0.001052279549101033
1.757644502 0.00105192487481755
1.7592525940000001 0.0010539848329161907
1.760860686 0.00105744460683328
1.762468778 0.0010618397117786358
1.76407687 0.001067830311604889
1.7656849620000001 0.0010722165273477247
1.7672930530000002 0.0010737097683493992
1.768901145 0.0010727021469610408
1.770509237 0.0010706921626725393
1.7721173289999999 0.0010668446189417452
1.7737254210000002 0.0010619149015608923
1.775333513 0.0010571167522429026
1.776941605 0.0010523846019065148
1.7785496969999999 0.0010473433571029135
1.780157789 0.0010425997852720782
1.781765881 0.0010378792780446078
1.783373973 0.0010324201231425795
1.784982065 0.0010269991892915562
1.786590157 0.0010222474309900826
1.7881982490000001 0.0010176182807792838
1.789806341 0.0010120446634322602
1.791414433 0.001006261446927852
1.793022525 0.0010006985381153597
1.794630617 0.000994875812788269
1.796238709 0.0009890575307815667
1.797846801 0.0009838479177840412
1.799454893 0.0009786265839650064
1.8010629839999999 0.000973061045036442
1.802671076 0.0009677686917152105
1.804279168 0.0009626550400817973
1.80588726 0.0009573295912093482
1.8074953519999999 0.0009518737048952486
1.809103444 0.000946917731545641
1.8107115360000001 0.0009424460500873377
1.812319628 0.0009368082380602564
1.81392772 0.0009307192056921981
1.815535812 0.0009248851175544856
1.817143904 0.0009188499277710787
1.818751996 0.0009125508182575236
1.820360088 0.0009061587085362654
1.82196818 0.0009000105687046395
1.823576272 0.0008941468816692159
1.825184364 0.0008890151189553032
1.826792456 0.0008843227294075392
1.828400548 0.0008798353690041867
1.83000864 0.0008743761239648595
1.8316167319999999 0.0008684171187805943
1.8332248230000001 0.0008628742402015017
1.834832915 0.0008566347302792142
1.836441007 0.0008495922067747859
1.838049099 0.0008427499548213155
1.839657191 0.0008362486273470182
1.841265283 0.0008302975312973024
1.842873375 0.0008250664577674171
1.844481467 0.0008202519632127757
1.846089559 0.0008159239840118278
1.847697651 0.0008114751730559539
1.849305743 0.0008064086584928495
1.850913835 0.0008012357509754951
1.852521927 0.0007958020988675936
1.8541300189999999 0.0007900443054229611
1.855738111 0.0007851450846488215
1.857346203 0.0007812757998294397
1.858954295 0.0007772727730589909
1.8605623869999999 0.0007736201955832343
1.862170479 0.0007703699821945755
1.863778571 0.0007672967120377403
1.865386662 0.0007644384835255759
1.866994754 0.000760447593642783
1.868602846 0.0007553552604893149
1.870210938 0.000750199276050382
1.8718190300000002 0.0007449387845035883
1.873427122 0.0007394429697098888
1.875035214 0.0007345511580977773
1.8766433059999998 0.0007300161863312759
1.8782513980000002 0.0007255683964427858
1.87985949 0.0007219005225982619
1.881467582 0.0007182369875657216
1.8830756739999999 0.0007141764872059317
1.8846837660000002 0.0007103648086120672
1.886291858 0.0007064920993264647
1.88789995 0.0007024640110734083
1.8895080419999999 0.0006987527809747604
1.891116134 0.000694919073052979
1.8927242260000001 0.0006910442475639583
1.894332318 0.0006881076380565874
1.89594041 0.0006852476391275891
1.897548501 0.0006819043206662902
1.8991565929999998 0.00067880156953297
1.9007646850000002 0.0006757687870506833
1.902372777 0.0006727099683488902
1.903980869 0.0006703305670719402
1.9055889609999999 0.0006676643307410104
1.9071970530000002 0.0006642748982800724
1.908805145 0.0006609130604841608
1.910413237 0.0006577049296282153
1.9120213289999999 0.0006542868402726183
1.913629421 0.0006512104887988636
1.9152375130000001 0.000648369016176478
1.916845605 0.0006446045601771766
1.918453697 0.0006411318433126896
1.920061789 0.000637977912240063
1.9216698810000001 0.000634687559675409
1.923277973 0.0006319736398109616
1.924886065 0.0006297167435006142
1.926494157 0.0006269805557405216
1.928102249 0.0006242947044709051
1.9297103400000002 0.0006228473502053667
1.931318432 0.0006213839907830628
1.932926524 0.0006198723412242005
1.9345346159999999 0.0006184690387386542
1.936142708 0.000616586234731223
1.9377508 0.0006144770232672184
1.939358892 0.0006129362488316801
1.940966984 0.000611481910615588
1.942575076 0.0006096472882736203
1.9441831680000001 0.0006086721462733627
1.94579126 0.0006075873220801843
1.947399352 0.000606076327971744
1.949007444 0.0006052371188864931
1.950615536 0.0006049352212427355
1.952223628 0.0006040036521918458
1.95383172 0.0006025685792773685
1.955439812 0.0006014328795761481
1.957047904 0.0006002251316580574
1.958655996 0.0005995231357936395
1.960264088 0.0005995615415078713
1.961872179 0.0005994471756169405
1.9634802709999999 0.0005994153347929968
1.965088363 0.000600101705698852
1.9666964550000001 0.0006007992140898868
1.968304547 0.0006011163794897658
1.969912639 0.0006021275152648426
1.971520731 0.0006039654849565544
1.973128823 0.0006059840206681079
1.974736915 0.0006083360982109065
1.976345007 0.0006113869062570923
1.977953099 0.0006141290348797003
1.979561191 0.0006160332577696335
1.981169283 0.0006171479787048931
1.982777375 0.0006169414885886788
1.984385467 0.0006143140490225898
1.985993559 0.0006092870760855993
1.9876016509999999 0.0006002644544389408
1.989209743 0.0005869416872428897
1.990817835 0.000569806160823482
1.992425927 0.0005497290234913281
1.9940340189999999 0.0005253398061369507
1.99564211 0.0004970879446846915
1.997250202 0.00046706144664178135
1.998858294 0.00043553947040296287
2.0004663860000003 0.00040338784915946833
2.002074478 0.00037110359131956543
2.00368257 0.00033975882922557314
2.005290662 0.00030905314143815535
2.006898754 0.0002798239607267061
2.008506846 0.00025217863126533507
2.010114938 0.0002258329190838939
2.01172303 0.0002012680312056313
2.013331122 0.00017935875451846053
2.014939214 0.000159180447251938
2.016547306 0.00014004561090143067
2.018155398 0.00012295933716289348
2.01976349 0.0001087272368470574
2.021371582 9.648763970752413e-05
2.022979674 8.56390555612717e-05
2.0245877660000002 7.63849837816964e-05
2.026195858 6.867873311306245e-05
2.027803949 6.215688948002142e-05
2.029412041 5.672960043851228e-05
2.031020133 5.19913236867646e-05
2.032628225 4.764070143214828e-05
2.034236317 4.397437156409356e-05
2.035844409 4.1071754299195865e-05
2.037452501 3.790117878667845e-05
2.039060593 3.411794972305674e-05
2.040668685 3.088670764152102e-05
2.042276777 2.862737099650718e-05
2.0438848689999998 2.609587323573167e-05
2.045492961 2.3308914045820045e-05
2.047101053 2.0785450329807277e-05
2.0487091449999997 1.8885594184890258e-05
2.0503172370000002 1.781480109694441e-05
2.0519253290000004 1.7086829354868736e-05
2.053533421 1.6705950550035544e-05
2.055141513 1.6815183748372238e-05
2.056749605 1.7888021505755526e-05
2.058357697 1.9420085384790022e-05
2.059965788 2.0284458853132127e-05
2.06157388 1.9996591220351104e-05
2.0631819719999998 1.9109766832279424e-05
2.064790064 1.8362028377974102e-05
2.066398156 1.71968607819514e-05
2.068006248 1.5226869715778382e-05
2.06961434 1.3010261908312455e-05
2.071222432 1.1270602152751127e-05
2.072830524 1.0908640054526181e-05
2.074438616 1.0738764462045174e-05
2.076046708 1.0720114440833267e-05
2.0776548 1.1063264274256445e-05
2.079262892 1.1860369922542024e-05
2.080870984 1.2557794229416386e-05
2.0824790760000003 1.3119991746978776e-05
2.084087168 1.328678744925239e-05
2.08569526 1.2690566439422191e-05
2.0873033519999997 1.2869670806552776e-05
2.088911444 1.3675149064280596e-05
2.090519536 1.4080008585697094e-05
2.092127627 1.4036543839523888e-05
2.0937357189999997 1.4498598520062412e-05
2.0953438110000002 1.5440466759993328e-05
2.0969519030000003 1.5279521163214835e-05
2.098559995 1.4511133460494711e-05
2.100168087 1.3479343725589228e-05
2.101776179 1.2393261451160495e-05
2.103384271 1.1851578530509208e-05
2.104992363 1.1538681220996605e-05
2.1066004549999997 1.1041676596069835e-05
2.1082085470000003 1.0038805996871032e-05
2.109816639 1.001330329764526e-05
2.111424731 1.0581904617640747e-05
2.113032823 1.1160894961266652e-05
2.114640915 1.1197131684405921e-05
2.116249007 1.0659799160870686e-05
2.1178570989999996 1.0131775150866246e-05
2.1194651909999997 9.726923458999305e-06
2.1210732830000003 9.135332479948846e-06
2.122681375 8.44027176615526e-06
2.124289466 7.71484044998749e-06
2.125897558 7.079227278336354e-06
2.1275056500000002 6.679073885835637e-06
2.129113742 6.202562786812816e-06
2.130721834 5.7378630996178e-06
2.1323299259999997 5.312959439283687e-06
2.133938018 5.781426332683826e-06
2.1355461100000004 6.520555526797533e-06
2.137154202 7.3927473258099905e-06
2.138762294 8.073204601208689e-06
2.140370386 8.485117405280502e-06
2.141978478 9.10327116480495e-06
2.14358657 9.846413954882234e-06
2.1451946619999998 1.0298555094290773e-05
2.146802754 9.856517387564825e-06
2.1484108460000004 9.224053303946784e-06
2.150018938 8.749652730935273e-06
2.15162703 8.999582869702924e-06
2.153235122 9.48390280981261e-06
2.154843214 9.833150613278694e-06
2.156451305 9.921505834963063e-06
2.158059397 1.0122849280964249e-05
2.159667489 1.0494333192081532e-05
2.161275581 1.0660245296526727e-05
2.1628836729999996 1.024908360820091e-05
2.164491765 8.986432400925803e-06
2.1660998570000003 7.571238383727156e-06
2.167707949 6.297729848411333e-06
2.169316041 5.2488178869616834e-06
2.170924133 4.108308663081827e-06
2.172532225 3.1043216637062086e-06
2.174140317 2.5056909395421687e-06
2.1757484089999997 2.4487696591599964e-06
2.177356501 3.259670773307482e-06
2.1789645930000003 3.7228930735270774e-06
2.180572685 3.941377633647256e-06
2.182180777 4.1531110057396945e-06
2.183788869 4.861303400143082e-06
2.185396961 5.830751394532127e-06
2.187005053 6.618904536825862e-06
2.1886131449999997 7.112036883166906e-06
2.1902212359999997 6.971436019013481e-06
2.191829328 7.244763914135248e-06
2.1934374200000004 7.852112464492233e-06
2.195045512 8.485042452074973e-06
2.196653604 8.679511035192302e-06
2.198261696 8.46379077230919e-06
2.199869788 8.356886371026609e-06
2.20147788 8.884060934438673e-06
2.203085972 1.0262990664886548e-05
2.204694064 1.1612807836668212e-05
2.206302156 1.270552569485803e-05
2.207910248 1.3694899485900685e-05
2.2095183400000002 1.500042076307375e-05
2.211126432 1.6644070207033446e-05
2.212734524 1.7869418561987324e-05
2.2143426159999997 1.8176469419722447e-05
2.215950708 1.7509451258085418e-05
2.2175588 1.68892107239336e-05
2.219166892 1.652164673146685e-05
2.220774984 1.6248462137449393e-05
2.222383075 1.5888370790560447e-05
2.2239911670000003 1.5288603370996937e-05
2.225599259 1.505830508125785e-05
2.227207351 1.5401222565293554e-05
2.228815443 1.6188083714236902e-05
2.230423535 1.6924846317711762e-05
2.232031627 1.6876255204025927e-05
2.2336397189999997 1.619207197072733e-05
2.2352478110000003 1.5479300412407873e-05
2.236855903 1.5093233064489392e-05
2.238463995 1.4838296616877674e-05
2.240072087 1.428051947511122e-05
2.241680179 1.33336429654187e-05
2.243288271 1.2665772145790743e-05
2.2448963629999996 1.2954829047309024e-05
2.2465044549999997 1.3803282377504136e-05
2.2481125470000003 1.4507045667311543e-05
2.249720639 1.4983204358469307e-05
2.251328731 1.5329307291893898e-05
2.252936823 1.5698304232687123e-05
2.2545449140000002 1.6327552676165495e-05
2.256153006 1.70107300529893e-05
2.257761098 1.7509672814829686e-05
2.2593691899999997 1.763044155619681e-05
2.260977282 1.7519290255191663e-05
2.262585374 1.7586014118112997e-05
2.264193466 1.8002631805325435e-05
2.265801558 1.836359285132751e-05
2.2674096500000003 1.7885805872286907e-05
2.269017742 1.6675434562399126e-05
2.270625834 1.5524758254881727e-05
2.2722339259999997 1.4941226202612347e-05
2.273842018 1.4653334275069618e-05
2.2754501100000004 1.3979976169663499e-05
2.277058202 1.2892509951910038e-05
2.278666294 1.2039606412739628e-05
2.280274386 1.1924349051514512e-05
2.281882478 1.240132568183823e-05
2.28349057 1.30050664728766e-05
2.285098662 1.3918922449646349e-05
2.286706753 1.3977814292734007e-05
2.288314845 1.3807361758843525e-05
2.2899229369999996 1.3690705024450188e-05
2.291531029 1.3722059462802387e-05
2.2931391210000003 1.3943605570154787e-05
2.294747213 1.3727857368540978e-05
2.296355305 1.2935123241297148e-05
2.297963397 1.1509494984091442e-05
2.299571489 1.123455891586784e-05
2.301179581 1.1874812228189805e-05
2.3027876729999996 1.2417492231816913e-05
2.304395765 1.2420643179450683e-05
2.3060038570000003 1.1948551855375221e-05
2.307611949 1.1763543987218948e-05
2.309220041 1.1941713236060419e-05
2.310828133 1.2419850620147945e-05
2.312436225 1.2848441078968478e-05
2.314044317 1.298028790381475e-05
2.3156524089999997 1.2731412687348987e-05
2.3172605010000003 1.2544737689274968e-05
2.318868592 1.2530625893715127e-05
2.3204766840000004 1.2670608704338713e-05
2.322084776 1.3095451400145326e-05
2.323692868 1.2160012078786576e-05
2.32530096 1.067169432537588e-05
2.326909052 8.99354784735566e-06
2.328517144 8.14939172654975e-06
2.3301252359999998 8.284249916778699e-06
2.331733328 8.087957466349448e-06
2.33334142 7.375698880017646e-06
2.334949512 6.111308779749484e-06
2.3365576040000002 5.903593381298545e-06
2.338165696 5.982078266637762e-06
2.339773788 6.243989527740317e-06
2.3413818799999997 6.362477392719964e-06
2.342989972 5.888185985652478e-06
2.344598064 5.64839264246939e-06
2.346206156 5.669025503324755e-06
2.347814248 6.013029050060175e-06
2.3494223400000003 6.80434271970931e-06
2.3510304310000003 8.262399577389783e-06
2.352638523 9.048821023028559e-06
2.354246615 8.938913090242823e-06
2.3558547069999998 8.37474180854909e-06
2.357462799 8.045855091293222e-06
2.359070891 8.114473097642524e-06
2.3606789829999997 8.273946780370199e-06
2.3622870750000002 7.511879193461903e-06
2.363895167 5.901513785557983e-06
2.365503259 4.8192068965064766e-06
2.367111351 4.645718683953674e-06
2.368719443 4.945450477401644e-06
2.370327535 5.130058822868574e-06
2.371935627 4.982903852865773e-06
2.3735437189999997 4.632746055606088e-06
2.3751518110000003 4.884299765234463e-06
2.376759903 5.392659001996609e-06
2.378367995 6.055782333483436e-06
2.379976087 6.846344363967513e-06
2.381584179 7.848162912579538e-06
2.383192271 8.245844571886599e-06
2.384800362 8.16426392860668e-06
2.3864084539999997 7.804611892802154e-06
2.388016546 7.457726636851628e-06
2.389624638 7.30367450190461e-06
2.39123273 8.386158485341083e-06
2.392840822 8.88107166303422e-06
2.3944489140000003 8.743422778849479e-06
2.396057006 9.16190547561291e-06
2.397665098 1.033625208714885e-05
2.3992731899999997 1.2086441836399501e-05
2.400881282 1.3432981428083141e-05
2.4024893740000004 1.4113568466757313e-05
2.404097466 1.3169943312824304e-05
2.405705558 1.2492056946008371e-05
2.40731365 1.2051684930906512e-05
2.408921742 1.1711180873497458e-05
2.410529834 1.1234819203678052e-05
2.4121379259999998 1.0638077117814495e-05
2.413746018 1.0365072592549762e-05
2.41535411 9.838314253016499e-06
2.416962201 9.22189661784646e-06
2.418570293 8.656450945493174e-06
2.4201783850000003 8.407889476882937e-06
2.421786477 8.683995493168049e-06
2.423394569 8.555686431380976e-06
2.425002661 7.685110018235441e-06
2.426610753 6.527613459136528e-06
2.428218845 6.115896240362222e-06
2.4298269369999996 6.431222151820404e-06
2.431435029 8.162573474766297e-06
2.4330431210000003 8.98567973335227e-06
2.434651213 8.749041621830283e-06
2.436259305 8.530248287008945e-06
2.4378673969999998 8.89618206915944e-06
2.439475489 9.61218138219617e-06
2.441083581 1.0307701059813483e-05
2.4426916729999997 1.0715027495833137e-05
2.4442997650000002 9.959740647495934e-06
2.4459078570000004 9.995072090802476e-06
2.447515949 1.0322334241844909e-05
2.44912404 1.0768067766292804e-05
2.450732132 1.1303097985118449e-05
2.452340224 1.2354192536376486e-05
2.453948316 1.4203355753482738e-05
2.455556408 1.5785995755279164e-05
2.4571644999999998 1.629942061454148e-05
2.458772592 1.606548437782959e-05
2.460380684 1.60279845612695e-05
2.461988776 1.6458446394774126e-05
2.463596868 1.720861451002489e-05
2.46520496 1.6420035534211457e-05
2.466813052 1.4297461829792733e-05
2.468421144 1.215169754545385e-05
2.470029236 1.0882606571765677e-05
2.471637328 1.0293427558412907e-05
2.47324542 1.0091801439768063e-05
2.474853512 9.678586981438374e-06
2.4764616040000003 8.814474517449862e-06
2.478069696 8.936213629672509e-06
2.479677788 9.131379925975564e-06
2.481285879 9.225567925222611e-06
2.4828939709999998 9.086819285193741e-06
2.484502063 9.003124989382332e-06
2.486110155 8.80645346156498e-06
2.4877182469999997 8.975602589340434e-06
2.489326339 7.9879318801059e-06
2.4909344310000003 6.697172570006628e-06
2.492542523 5.679795148486122e-06
2.494150615 5.087738780619964e-06
2.495758707 5.070016758047849e-06
2.497366799 5.3339808178311835e-06
2.498974891 5.328931684853646e-06
2.499778162 4.986654920708142e-06
2.5011293930000003 6.350434128712958e-06
2.502480624 7.857198849039173e-06
2.5038318559999997 9.709652713445238e-06
2.505183087 1.1354878552968738e-05
2.506534319 1.2202879842929929e-05
2.50788555 1.2824112865174517e-05
2.509236782 1.2797679535628025e-05
2.510588013 1.2437759511357732e-05
2.511939244 1.1962866388078798e-05
2.5132904760000003 1.1437514873619682e-05
2.514641707 9.941109029517877e-06
2.515992939 9.084598048938357e-06
2.51734417 9.402068903922768e-06
2.5186954019999996 9.541826639861258e-06
2.5200466329999998 9.946493658373668e-06
2.521397865 9.813043628678311e-06
2.522749096 9.415139022114484e-06
2.524100327 9.477134040215543e-06
2.525451559 9.855950367016598e-06
2.52680279 9.30214465501417e-06
2.5281540220000003 8.659100606699119e-06
2.529505253 8.000816307152582e-06
2.5308564849999997 7.57516473114224e-06
2.532207716 8.092406485961312e-06
2.533558948 9.289966157423914e-06
2.534910179 9.670622330045367e-06
2.5362614100000003 1.0166776193026101e-05
2.537612642 1.0677347373281513e-05
2.538963873 1.0704073133238123e-05
2.5403151050000004 1.0628240025198604e-05
2.5416663359999996 1.1013751167409495e-05
2.5430175680000002 1.2016744450923034e-05
2.544368799 1.2319987484529417e-05
2.54572003 1.2544928043394432e-05
2.547071262 1.220120243465696e-05
2.548422493 1.2414211504616796e-05
2.549773725 1.3480520055322697e-05
2.551124956 1.4886109015962823e-05
2.552476188 1.661865709164636e-05
2.553827419 1.7236965059555573e-05
2.5551786510000003 1.7324106277955866e-05
2.556529882 1.7500499710303036e-05
2.557881113 1.764993436876667e-05
2.559232345 1.8462680726034308e-05
2.560583576 1.7417736511452533e-05
2.561934808 1.5867973383321762e-05
2.5632860390000003 1.3839454675319571e-05
2.564637271 1.1888998679708387e-05
2.565988502 1.0024615644055554e-05
2.567339733 8.515726942740706e-06
2.5686909649999996 8.59711769491952e-06
2.5700421959999997 6.727943269080418e-06
2.571393428 5.969916583992295e-06
2.572744659 5.8240510753051575e-06
2.574095891 4.690835120033194e-06
2.575447122 4.719329093823528e-06
2.576798354 4.378512561469129e-06
2.5781495850000002 4.181838102314233e-06
2.5795008160000004 3.5410911227043054e-06
2.580852048 4.0520603071659564e-06
2.582203279 4.047547535369903e-06
2.583554511 4.098285508284513e-06
2.584905742 4.165541708788463e-06
2.586256974 3.433606707133085e-06
2.587608205 3.5232283724945825e-06
2.588959437 3.7131893994481106e-06
2.590310668 3.2672599036480064e-06
2.591661899 3.0794960976233896e-06
2.593013131 3.321476714389836e-06
2.594364362 2.4877788239641624e-06
2.5957155939999996 2.420185180025425e-06
2.5970668249999997 2.5786535197617283e-06
2.598418057 2.9801288114945597e-06
2.599769288 2.4847051421272387e-06
2.601120519 2.750888143646046e-06
2.602471751 2.821160320633299e-06
2.603822982 3.445780476903677e-06
2.6051742140000003 4.053424524943501e-06
2.6065254450000004 4.057310238200171e-06
2.607876677 4.0031465089624424e-06
2.609227908 3.4680572035055653e-06
2.61057914 3.9351138724767755e-06
2.611930371 4.133689798872144e-06
2.613281602 3.598616022480063e-06
2.614632834 2.3100184464232036e-06
2.615984065 1.6832144725743847e-06
2.617335297 1.6793287593177146e-06
2.618686528 1.575943490658177e-06
2.62003776 1.7342264303364089e-06
2.621388991 1.2764549119080032e-06
2.622740222 7.689427790253119e-07
2.6240914539999998 7.689427790253119e-07
2.625442685 7.827607612133964e-07
2.626793917 9.990904273687736e-07
2.628145148 1.142386993312643e-06
2.62949638 1.161051002645598e-06
2.630847611 7.293164344858403e-07
2.6321988430000003 9.738689787871905e-07
2.6335500740000004 8.907768109348877e-07
2.634901305 8.907768109348875e-07
2.636252537 8.769588287468029e-07
2.637603768 6.606291625914257e-07
2.6389549999999997 5.173325966475562e-07
2.640306231 2.6715751950567593e-07
2.641657463 5.691631805669543e-07
2.643008694 3.315333297094127e-07
2.6443599250000003 3.2941082064643055e-07
2.645711157 3.2941082064643045e-07
2.6470623879999997 3.303083034317612e-07
2.64841362 3.311604998373551e-07
2.649764851 3.311604998373551e-07
2.651116083 5.112371166738179e-07
2.652467314 2.0923145561253967e-07
2.653818546 1.9182629602738762e-07
2.6551697770000002 1.9182629602738762e-07
2.6565210080000004 2.133465547569781e-07
2.65787224 2.1244907197164734e-07
2.659223471 2.1159687556605347e-07
2.6605747030000004 2.1159687556605347e-07
2.6619259339999997 3.1520258729590456e-08
2.663277166 3.1520258729590456e-08
2.664628397 3.1520258729590456e-08
2.6659796289999997 3.1520258729590456e-08
2.66733086 1e-08
2.668682091 1e-08
2.670033323 1e-08
2.6713845540000003 1e-08
2.672735786 1e-08
2.6740870169999997 1e-08
2.675438249 1e-08
2.67678948 1e-08
2.678140711 1e-08
2.679491943 1e-08
2.680843174 1e-08
2.6821944060000003 1e-08
2.6835456370000004 1e-08
2.684896869 1e-08
2.6862481 1e-08
2.6875993319999996 1.2572352901851407e-08
2.6889505629999997 1.2572352901851407e-08
2.690301794 1.2572352901851407e-08
2.691653026 1.2572352901851407e-08
2.693004257 1.2572352901851407e-08
2.694355489 1.2572352901851407e-08
2.69570672 1.2572352901851406e-08
2.697057952 1.2572352901851406e-08
2.6984091830000003 1e-08
2.699760414 1e-08
2.7011116459999998 1e-08
2.702462877 1e-08
2.703814109 1e-08
2.70516534 1e-08
2.706516572 1e-08
2.707867803 1e-08
2.7092190350000003 1e-08
2.7105702660000004 1e-08
2.7119214969999996 1e-08
2.713272729 1e-08
2.71462396 1e-08
2.7159751919999997 1e-08
2.717326423 1e-08
2.718677655 1e-08
2.720028886 1e-08
2.7213801170000003 1e-08
2.722731349 1e-08
2.7240825799999997 1e-08
2.7254338120000003 1e-08
2.726785043 1e-08
2.7281362749999998 1e-08
2.729487506 1e-08
2.730838738 1e-08
2.732189969 1e-08
2.7335412000000003 1e-08
2.734892432 1e-08
2.736243663 1e-08
2.737594895 1e-08
2.7389461259999996 1e-08
2.740297358 1e-08
2.741648589 1e-08
2.7429998209999997 1e-08
2.744351052 1e-08
2.745702283 1e-08
2.747053515 1e-08
2.7484047460000003 1e-08
2.749755978 1e-08
2.7511072089999997 1e-08
2.7524584410000004 1e-08
2.753809672 1e-08
2.755160903 1e-08
2.756512135 1e-08
2.757863366 1e-08
2.7592145980000002 1e-08
2.760565829 1e-08
2.761917061 1e-08
2.7632682920000002 1e-08
2.764619524 1e-08
2.7659707549999997 1e-08
2.767321986 1e-08
2.768673218 1e-08
2.770024449 1e-08
2.771375681 1e-08
2.772726912 1e-08
2.774078144 1e-08
2.7754293750000003 1e-08
2.776780606 1e-08
2.7781318379999997 1e-08
2.779483069 1e-08
2.780834301 1e-08
2.782185532 1e-08
2.783536764 1e-08
2.784887995 1e-08
2.786239227 1e-08
2.787590458 1e-08
2.788941689 1e-08
2.7902929210000003 1e-08
2.791644152 1e-08
2.7929953839999997 1e-08
2.794346615 1e-08
2.795697847 1e-08
2.797049078 1e-08
2.7984003090000003 1e-08
2.799751541 1e-08
2.801102772 1e-08
2.8024540040000003 1e-08
2.803805235 1e-08
2.8051564669999998 1e-08
2.806507698 1e-08
2.80785893 1e-08
2.8092101609999998 1e-08
2.810561392 1e-08
2.811912624 1e-08
2.813263855 1e-08
2.814615087 1e-08
2.8159663179999996 1e-08
2.8173175500000003 1e-08
2.818668781 1e-08
2.8200200129999997 1e-08
2.821371244 1e-08
2.822722475 1e-08
2.824073707 1e-08
2.8254249380000003 1e-08
2.82677617 1e-08
2.828127401 1e-08
2.8294786330000004 1e-08
2.830829864 1e-08
2.8321810949999997 1e-08
2.833532327 1e-08
2.834883558 1e-08
2.83623479 1e-08
2.837586021 1e-08
2.838937253 1e-08
2.8402884840000002 1e-08
2.841639716 1e-08
2.8429909469999997 1e-08
2.8443421779999998 1e-08
2.84569341 1e-08
2.847044641 1e-08
2.848395873 1e-08
2.849747104 1e-08
2.851098336 1e-08
2.8524495670000003 1e-08
2.8538007980000004 1e-08
2.85515203 1e-08
2.856503261 1e-08
2.8578544929999996 1e-08
2.8592057239999997 1e-08
2.860556956 1e-08
2.861908187 1e-08
2.863259419 1e-08
2.86461065 1e-08
2.865961881 1e-08
2.8673131130000002 1e-08
2.868664344 1e-08
2.8700155759999997 1e-08
2.871366807 1e-08
2.872718039 1e-08
2.87406927 1e-08
2.8754205010000002 1e-08
2.876771733 1e-08
2.878122964 1e-08
2.8794741960000003 1e-08
2.8808254270000004 1e-08
2.882176659 1e-08
2.88352789 1e-08
2.8848791219999996 1e-08
2.8862303529999997 1e-08
2.887581584 1e-08
2.888932816 1e-08
2.890284047 1e-08
2.891635279 1e-08
2.89298651 1e-08
2.8943377420000003 1.4866602755964432e-08
2.895688973 1.4866602755964432e-08
2.8970402049999997 1.4866602755964434e-08
2.898391436 2.1103828254405154e-08
2.899742667 4.3180636036412843e-07
2.901093899 4.327371781355738e-07
2.9024451300000003 4.4001756945396875e-07
2.903796362 1.1409815173966746e-06
2.905147593 1.5474085727671929e-06
2.9064988250000003 1.9026721623879632e-06
2.907850056 1.9026721623879632e-06
2.9092012869999997 1.927896981640747e-06
2.910552519 2.1982948845331796e-06
2.91190375 3.1487036958193968e-06
2.9132549819999998 4.5926828431509995e-06
2.914606213 4.984812226861426e-06
2.915957445 5.585048881217905e-06
2.917308676 6.21210664493251e-06
2.918659908 7.325337508583091e-06
2.920011139 8.628740070532844e-06
2.9213623699999998 9.252782736407015e-06
2.922713602 1.0062794606621481e-05
2.924064833 1.0025038142931503e-05
2.925416065 1.0620408204082136e-05
2.926767296 1.1180715405908428e-05
2.928118528 1.1790210890360758e-05
2.9294697590000003 1.2426666960566427e-05
2.93082099 1.3270403388632634e-05
2.932172222 1.4031706942300584e-05
2.933523453 1.4707933482679974e-05
2.934874685 1.5236660144029972e-05
2.9362259159999997 1.53157129050994e-05
2.937577148 1.639587545257675e-05
2.938928379 1.7112843061858166e-05
2.940279611 1.7605442431856296e-05
2.941630842 1.814836943634629e-05
2.942982073 1.8548060855872244e-05
2.9443333050000002 1.905396154655368e-05
2.9456845360000004 2.0389737825215527e-05
2.947035768 2.210635215141772e-05
2.948386999 2.3575836075882826e-05
2.949738231 2.6984829264048937e-05
2.951089462 3.093167263961129e-05
2.952440694 3.456127191376909e-05
2.953791925 3.822103801736303e-05
2.955143156 4.2098407901056427e-05
2.956494388 4.6853700774050144e-05
2.957845619 5.121815299507008e-05
2.959196851 5.5904721222044155e-05
2.960548082 6.0065886334197004e-05
2.9618993139999996 6.568317971265662e-05
2.9632505449999997 7.193372365204449e-05
2.964601776 7.910853712743194e-05
2.965953008 8.640870752052928e-05
2.967304239 9.426528207736406e-05
2.968655471 0.00010364768452187587
2.970006702 0.0001128327684644383
2.9713579340000003 0.00012365953832721064
2.9727091650000004 0.0001330852204732512
2.974060397 0.00014258140735542242
2.975411628 0.00015220760853032632
2.976762859 0.00016257179838156098
2.978114091 0.00017315606536157522
2.979465322 0.00018489453151390993
2.980816554 0.0001982759248724656
2.982167785 0.00021065036613989395
2.983519017 0.00022470360902097968
2.984870248 0.000240633166790794
2.9862214789999997 0.00025887817756065404
2.987572711 0.00027790947667392344
2.988923942 0.0002983925447758639
2.9902751739999998 0.000319827269155318
2.991626405 0.0003419849302850081
2.992977637 0.0003670262734768976
2.994328868 0.0003944830221657437
2.9956801 0.00042364225365077156
2.997031331 0.00045294595411671164
2.9983825619999998 0.00048510695796274224
2.9997337940000004 0.0005195483313685796
3.001085025 0.0005554451831762995
3.002436257 0.0005934906465406966
3.003787488 0.000633127776427271
3.0051387199999997 0.0006735413387229398
3.006489951 0.000717562165497731
3.007841182 0.0007666477107762533
3.009192414 0.0008182147528014508
3.0105436450000003 0.0008718288759084335
3.011894877 0.000929565220164122
3.0132461079999997 0.000992265518114782
3.01459734 0.0010592896084753141
3.015948571 0.001133571933757817
3.017299803 0.0012103189075666917
3.018651034 0.0012914353080547708
3.020002265 0.00137892853188119
3.021353497 0.001473339924802931
3.0227047280000003 0.0015733072293960303
3.02405596 0.0016793026277215572
3.0254071909999998 0.0017916907411297622
3.0267584230000004 0.0019105446012148664
3.0281096539999997 0.0020403360970220356
3.029460886 0.002180955289645797
3.030812117 0.0023316994365313276
3.032163348 0.00249253275596704
3.03351458 0.002665916287539377
3.034865811 0.002852316334528183
3.036217043 0.0030537585021250925
3.0375682740000003 0.0032719853273897926
3.038919506 0.0035077612754179878
3.0402707369999997 0.0037614832674756956
3.041621968 0.0040370475549395555
3.0429732 0.004336135924414862
3.044324431 0.004660970428546188
3.045675663 0.005013685873930237
3.047026894 0.005397230344674412
3.0483781260000002 0.005811970299857363
3.0497293570000004 0.006262531733527985
3.051080589 0.006751422182436318
3.05243182 0.007283696174482331
3.053783051 0.007863109103481333
3.0551342829999997 0.008495028653240515
3.056485514 0.009184057306488792
3.057836746 0.009935712256860591
3.059187977 0.01075694219291363
3.060539209 0.011653272086749804
3.06189044 0.012632391490238107
3.063241671 0.013700742537335706
3.0645929030000003 0.01486923470392879
3.065944134 0.016146787920822084
3.0672953659999997 0.01754542567410313
3.068646597 0.019076664063768657
3.069997829 0.020753345387001708
3.07134906 0.022590197663436423
3.072700292 0.024604943154312064
3.074051523 0.026812171096412304
3.075402754 0.029231009196143
3.0767539860000004 0.03187922147822744
3.0781052169999996 0.03478065782915758
3.079456449 0.03795842660996418
3.08080768 0.04143825149126755
3.0821589119999997 0.04524581026415226
3.083510143 0.04941137094165986
3.084861374 0.05396723202132794
3.086212606 0.05894655430362327
3.0875638370000003 0.06438489849508197
3.088915069 0.0703185573800304
3.0902662999999997 0.0767883306056317
3.0916175320000003 0.08383861738171201
3.092968763 0.09151196028890307
3.0943199949999998 0.09984980683410423
3.095671226 0.10889984859997337
3.097022457 0.1187101352392422
3.098373689 0.1293293670800149
3.0997249200000003 0.140802934052603
3.101076152 0.1531740393529598
3.102427383 0.16648674315372067
3.103778615 0.18078005350063694
3.1051298459999996 0.19609759642402513
3.106481078 0.2124638444181506
3.107832309 0.2299068836368696
3.10918354 0.2484383122816059
3.110534772 0.2680682403294237
3.111886003 0.2887881172886146
3.113237235 0.31057348922558964
3.1145884660000003 0.3333909855527199
3.115939698 0.3571671455113028
3.1172909289999997 0.381841076651746
3.11864216 0.4072883160045653
3.119993392 0.4334078809837134
3.121344623 0.46003919747262245
3.122695855 0.4870307509195166
3.124047086 0.5142079172576153
3.1253983180000002 0.5413735738339934
3.126749549 0.5683581766425858
3.128100781 0.5949291727722852
3.1294520120000002 0.6209390851458816
3.130803243 0.6461686222061062
3.1321544749999997 0.6704728894083903
3.133505706 0.6936958599713452
3.134856938 0.7156979216000297
3.136208169 0.7363978817719798
3.137559401 0.7556786616249676
3.138910632 0.7735299434092845
3.140261863 0.7898917892681571
3.1416130950000003 0.8047831718315812
3.142964326 0.8182228810983346
3.1443155579999997 0.8302396577088323
3.145666789 0.8409141092055372
3.147018021 0.850286733825677
3.148369252 0.858471680819319
3.149720484 0.8655381868445232
3.151071715 0.8715883339575566
3.152422946 0.8767190257684717
3.153774178 0.8810149499131397
3.155125409 0.8845802933334578
3.1564766410000002 0.8874972179582729
3.157827872 0.8898590277472972
3.1591791039999997 0.8917444218042694
3.160530335 0.8932238290249899
3.161881566 0.8943676933513529
3.163232798 0.8952292602921402
3.1645840290000002 0.8958719656451385
3.165935261 0.8963375374082595
3.167286492 0.8966704771725849
3.1686377240000003 0.896908468594836
3.169988955 0.897076342500569
3.1713401869999998 0.8972018227936336
3.172691418 0.8973072623580471
3.174042649 0.8974152005960281
3.1753938809999998 0.897533828605903
3.176745112 0.8976797497005868
3.178096344 0.897855490980261
3.179447575 0.8980700307860673
3.180798807 0.8983253043674218
3.182150038 0.8986218478419384
3.1835012700000003 0.898954773183669
3.184852501 0.8993288762426925
3.186203732 0.8997373099506382
3.187554964 0.9001787391034441
3.188906195 0.9006422223339673
3.190257427 0.9011274568770818
3.1916086580000003 0.9016273957809446
3.19295989 0.902147878138087
3.194311121 0.9026783529337772
3.195662352 0.9032137377588657
3.197013584 0.903748299021332
3.1983648149999997 0.9042834530784885
3.199716047 0.9048151235722878
3.201067278 0.9053410547635552
3.2024185099999998 0.9058524954794165
3.203769741 0.906346656317113
3.205120973 0.9068267355212363
3.206472204 0.9072888219544808
3.207823435 0.9077365214837616
3.209174667 0.9081625837246591
3.2105258979999998 0.908571251171437
3.21187713 0.908959813558564
3.213228361 0.9093381889825665
3.214579593 0.9096961469335929
3.215930824 0.9100415935431659
3.217282055 0.9103707601550041
3.2186332870000003 0.9106882803287304
3.2199845180000004 0.9109894188224866
3.22133575 0.9112806171153045
3.222686981 0.9115571352773337
3.2240382129999996 0.9118249211701053
3.2253894439999997 0.9120865821708172
3.226740676 0.9123413360025984
3.228091907 0.9125922244909341
3.229443138 0.9128368739128829
3.23079437 0.913082462946849
3.232145601 0.9133218227884217
3.2334968330000002 0.9135640539316751
3.234848064 0.9138002129453582
3.2361992959999997 0.914038096026918
3.237550527 0.9142714853039174
3.238901759 0.9145054803077395
3.24025299 0.9147348098648328
3.2416042210000002 0.9149670204231858
3.242955453 0.915199989117465
3.244306684 0.9154310898437433
3.2456579160000003 0.915658036684547
3.2470091470000004 0.915878369581881
3.248360379 0.9160956763362883
3.24971161 0.9163071484918723
3.251062841 0.9165194714034287
3.2524140729999997 0.9167206899477476
3.253765304 0.9169187152341688
3.255116536 0.9171083495282812
3.256467767 0.9173004073698291
3.257818999 0.917489869518702
3.25917023 0.9176797367508384
3.2605214620000003 0.9178630459224932
3.261872693 0.9180421669928704
3.263223924 0.9182222057606488
3.264575156 0.9183999101090252
3.265926387 0.918581180377876
3.267277619 0.9187583496514989
3.2686288500000003 0.9189391742587983
3.269980082 0.9191155456500424
3.271331313 0.9193015679548594
3.272682544 0.9194919512084408
3.274033776 0.9196901476764242
3.2753850069999997 0.9198900683452435
3.276736239 0.9200932188486435
3.27808747 0.9203041869785175
3.2794387019999998 0.9205228022872695
3.280789933 0.9207552465079607
3.282141165 0.9209915541588204
3.283492396 0.9212390711985299
3.2848436270000003 0.9214874518846456
3.286194859 0.9217480958194302
3.2875460899999998 0.9220170320283333
3.288897322 0.9223003014843317
3.290248553 0.9225924255806461
3.291599785 0.922893497583633
3.292951016 0.9232059994188816
3.294302247 0.9235211725810073
3.2956534790000003 0.9238512554175918
3.29700471 0.9241883759303101
3.298355942 0.9245391895257284
3.299707173 0.9248921773480085
3.301058405 0.9252550666581908
3.3024096359999997 0.9256203145829326
3.303760868 0.9259882837332053
3.305112099 0.9263627907673346
3.30646333 0.926737538124285
3.307814562 0.9271190200053369
3.309165793 0.9274948772668702
3.3105170250000002 0.9278714212701741
3.3118682560000003 0.9282399262839144
3.313219488 0.9286108069802225
3.3145707189999998 0.9289757723049099
3.315921951 0.9293325858812878
3.317273182 0.9296805244722239
3.318624413 0.9300112910754063
3.319975645 0.9303339687546938
3.321326876 0.9306394389580845
3.322678108 0.9309369781528508
3.324029339 0.9312135376555061
3.325380571 0.9314757053254523
3.326731802 0.9317211448399842
3.328083033 0.9319473405598461
3.3294342649999997 0.932158121385775
3.330785496 0.9323480235112441
3.332136728 0.9325266063858209
3.333487959 0.9326794618050798
3.334839191 0.932817764330234
3.336190422 0.9329373912521511
3.3375416540000002 0.9330435214258773
3.3388928850000004 0.9331368646021473
3.340244116 0.9332140128605411
3.341595348 0.9332795311954293
3.342946579 0.9333246499859449
3.344297811 0.933365479575201
3.345649042 0.9333932372782036
3.347000274 0.9334124869309142
3.348351505 0.933417949731649
3.3497027360000002 0.9334109662336988
3.351053968 0.9333991484249262
3.3524051989999997 0.9333757830813451
3.353756431 0.93335277365485
3.355107662 0.933317674351448
3.3564588939999997 0.9332816806655834
3.357810125 0.9332435410187846
3.359161357 0.9332053161738229
3.360512588 0.9331725582605199
3.3618638190000003 0.9331388190432693
3.363215051 0.9331142074103833
3.3645662819999997 0.9330886085872538
3.3659175140000004 0.9330734857290867
3.367268745 0.9330645403058618
3.368619977 0.9330654396757235
3.369971208 0.9330811056365341
3.371322439 0.9331023205473342
3.372673671 0.933139114479136
3.374024902 0.9331818198712363
3.375376134 0.9332388517356276
3.3767273650000003 0.9333050183513178
3.378078597 0.9333830994242587
3.3794298279999997 0.9334772193474897
3.38078106 0.9335827238127188
3.382132291 0.9337104540572312
3.383483522 0.9338459043767433
3.384834754 0.9339980391354854
3.386185985 0.934161488333163
3.387537217 0.9343335660847351
3.3888884480000003 0.9345135599576677
3.39023968 0.9346874830899564
3.3915909109999998 0.9348612567279421
3.3929421430000004 0.935024478265571
3.3942933739999996 0.9351859328765234
3.3956446049999998 0.9353401462253648
3.396995837 0.9354832546983103
3.398347068 0.935620728749866
3.3996983 0.9357425113788136
3.401049531 0.9358618908372017
3.402400763 0.9359698852339791
3.4037519940000003 0.9360673834119757
3.405103225 0.9361564529222893
3.4064544569999997 0.9362335886420848
3.407805688 0.9363066895349271
3.40915692 0.9363643462782529
3.410508151 0.9364174279162242
3.411859383 0.936458656557144
3.413210614 0.9364874006820421
3.4145618460000002 0.9365107582359471
3.4159130770000004 0.9365196536901256
3.4172643079999996 0.9365244201673132
3.41861554 0.936517420047571
3.419966771 0.9365049422421773
3.4213180029999997 0.9364833040156826
3.422669234 0.936446667612215
3.424020466 0.9364078807904807
3.425371697 0.936359846489689
3.4267229280000002 0.9363121764704754
3.42807416 0.9362601057961077
3.429425391 0.936202830908996
3.4307766230000003 0.9361427819040423
3.432127854 0.9360648773076728
3.4334790859999997 0.9359764827087335
3.434830317 0.935871128747137
3.436181549 0.9357541185692168
3.43753278 0.9356271559792165
3.4388840110000003 0.9354849484199189
3.440235243 0.9353376391843875
3.441586474 0.935180293213964
3.4429377060000004 0.9350271868904549
3.4442889369999996 0.9348802032002326
3.445640169 0.9347338777153266
3.4469914 0.9345930455036975
3.448342631 0.9344463144401288
3.449693863 0.9343016684491593
3.451045094 0.9341570431231707
3.452396326 0.9340110098390252
3.4537475570000002 0.9338692118371286
3.455098789 0.9337257371810656
3.45645002 0.9335897194838771
3.4578012520000003 0.9334554179067426
3.459152483 0.9333256142903159
3.460503714 0.9332027228901733
3.461854946 0.9330785031922099
3.463206177 0.9329623536473166
3.464557409 0.9328473765649166
3.4659086400000003 0.9327355413883722
3.467259872 0.9326276516731902
3.468611103 0.9325158421623021
3.469962335 0.9324082539786661
3.4713135659999996 0.9322990637588496
3.4726647969999997 0.9321933716422521
3.474016029 0.9320929595283356
3.47536726 0.931995865070047
3.476718492 0.9319097818286614
3.478069723 0.9318276407418077
3.479420955 0.9317557857788762
3.4807721860000003 0.9316932277997901
3.482123417 0.9316355894744673
3.483474649 0.9315875197469998
3.48482588 0.9315411539868143
3.486177112 0.9315003328084376
3.487528343 0.9314645151682909
3.488879575 0.9314299451678447
3.490230806 0.9314017157263161
3.491582038 0.9313728574145752
3.492933269 0.9313462330439997
3.4942845 0.9313222915514074
3.495635732 0.9312963867940119
3.496986963 0.9312762898226303
3.4983381949999997 0.9312577095204405
3.4996894259999998 0.9312457428741694
3.501040658 0.9312404820695395
3.502391889 0.9312364766267582
3.50374312 0.9312361343399194
3.505094352 0.9312336415858504
3.506445583 0.9312351665491906
3.5077968150000003 0.9312408917214315
3.509148046 0.9312500110838015
3.5104992779999997 0.9312724423890036
3.511850509 0.9313012217022816
3.513201741 0.9313296478933236
3.514552972 0.9313562944142244
3.515904203 0.9313785722614427
3.517255435 0.9314054974369328
3.518606666 0.9314347404736922
3.519957898 0.9314624617063899
3.521309129 0.9314816051135302
3.5226603610000002 0.9314887713924679
3.524011592 0.9314997736721954
3.5253628239999997 0.9315180048254302
3.526714055 0.9315421250828265
3.528065286 0.9315710713883036
3.529416518 0.9315962681900846
3.5307677490000002 0.9316191455464873
3.532118981 0.9316408693543978
3.533470212 0.931664561744261
3.5348214440000003 0.9316956707689272
3.536172675 0.9317284773641492
3.537523906 0.9317635170427709
3.538875138 0.9318005237650054
3.540226369 0.9318382478508357
3.5415776009999997 0.9318797259845283
3.542928832 0.9319213772555517
3.544280064 0.9319639197034288
3.545631295 0.9320069158557959
3.546982527 0.9320476809087852
3.548333758 0.9320924718387579
3.5496849889999997 0.9321409345473834
3.551036221 0.9321928874243695
3.552387452 0.9322519982792313
3.553738684 0.9323167491655768
3.555089915 0.9323877660833091
3.556441147 0.9324631725240216
3.5577923780000003 0.9325442176516454
3.5591436090000004 0.9326328720039531
3.560494841 0.9327244863659935
3.561846072 0.9328190594089979
3.563197304 0.9329186567472105
3.5645485349999997 0.9330220220093094
3.565899767 0.9331304065152252
3.567250998 0.9332419349263528
3.5686022299999998 0.9333569644161542
3.569953461 0.9334752328809006
3.571304692 0.9335913672257279
3.572655924 0.9337069750517439
3.574007155 0.9338256467048922
3.575358387 0.9339453175871105
3.5767096179999998 0.9340668852258327
3.57806085 0.9341905341266861
3.579412081 0.9343156324404882
3.580763312 0.9344407475964681
3.582114544 0.9345661460361835
3.583465775 0.9346938871126552
3.5848170070000003 0.9348184170996917
3.5861682380000004 0.934939643207613
3.58751947 0.9350597235700032
3.588870701 0.9351767741707578
3.5902219329999996 0.9352914152607273
3.5915731639999997 0.9354084071490659
3.592924395 0.9355260383348653
3.594275627 0.9356421541781187
3.595626858 0.9357558661869467
3.59697809 0.9358688756002762
3.598329321 0.9359822595160909
3.5996805530000002 0.936095387840246
3.601031784 0.9362091548543141
3.602383016 0.9363233878285042
3.603734247 0.9364382641615933
3.605085478 0.9365539616326517
3.60643671 0.9366729099572763
3.607787941 0.9367915976429841
3.609139173 0.9369087679984054
3.610490404 0.9370255043422805
3.6118416360000003 0.9371400964896409
3.6131928670000004 0.9372503907776658
3.6145440979999997 0.9373598013764822
3.61589533 0.9374707558887083
3.617246561 0.9375822704554174
3.6185977929999997 0.9376969460433726
3.619949024 0.9378144265391986
3.621300256 0.937934173196994
3.622651487 0.9380550088868351
3.624002719 0.9381773885225786
3.62535395 0.9382990629430107
3.6267051809999997 0.9384171491238821
3.628056413 0.9385344418583139
3.629407644 0.9386504877883026
3.630758876 0.9387630346576546
3.632110107 0.9388748769785473
3.633461339 0.9389873639788278
3.6348125700000002 0.9390990572043215
3.6361638010000004 0.9392132825263302
3.637515033 0.9393289555801186
3.638866264 0.9394423004985623
3.640217496 0.9395545775333665
3.6415687269999997 0.9396660578106875
3.642919959 0.9397789076420753
3.64427119 0.9398930300413955
3.6456224219999998 0.9400074391320464
3.646973653 0.9401239442720695
3.648324884 0.9402383890044825
3.649676116 0.9403537506561238
3.6510273470000003 0.940471380060227
3.652378579 0.940582523155366
3.6537298099999997 0.9406879044757818
3.655081042 0.9407915811830864
3.656432273 0.9408903051398947
3.657783504 0.9409868739747715
3.659134736 0.9410843512157586
3.660485967 0.9411758836270893
3.6618371990000003 0.9412649920713608
3.66318843 0.9413545575096874
3.664539662 0.9414399780830734
3.665890893 0.9415204405795835
3.667242125 0.941594045629921
3.6685933559999997 0.9416617897969658
3.669944587 0.9417262884360298
3.671295819 0.9417866333124466
3.67264705 0.9418453546565037
3.673998282 0.9419003733122624
3.675349513 0.9419516011425153
3.676700745 0.9420043692672805
3.6780519760000003 0.942051443690501
3.679403208 0.9420923734329615
3.6807544389999998 0.9421321330074751
3.68210567 0.9421633104518178
3.683456902 0.9421907847414576
3.684808133 0.9422213333147005
3.686159365 0.9422456449071107
3.687510596 0.9422673361864209
3.688861828 0.9422940911176443
3.690213059 0.9423175028494276
3.6915642899999996 0.9423394676409208
3.692915522 0.9423624250259707
3.694266753 0.9423778816031568
3.6956179849999997 0.9423920764279019
3.696969216 0.9424078993458229
3.698320448 0.9424197441428385
3.699671679 0.9424319504936914
3.701022911 0.9424435249126475
3.702374142 0.9424539253518472
3.703725373 0.9424687566363121
3.7050766050000004 0.9424844899649427
3.706427836 0.9424994067036206
3.707779068 0.9425151351188512
3.709130299 0.9425266131658252
3.710481531 0.9425360121281213
3.711832762 0.9425461341157038
3.713183993 0.9425548090559268
3.714535225 0.9425659257975073
3.7158864560000002 0.9425784001747353
3.717237688 0.9425892495177035
3.7185889189999997 0.9426021812790295
3.719940151 0.9426154758269609
3.721291382 0.9426289530392973
3.7226426139999997 0.9426455066823323
3.723993845 0.9426588953721143
3.725345076 0.9426682132849783
3.726696308 0.9426769865637968
3.7280475390000003 0.9426819585257238
3.729398771 0.9426868408700727
3.730750002 0.9426938054652021
3.7321012340000004 0.9426964294882826
3.733452465 0.9426973342425843
3.7348036959999997 0.9426956159297637
3.736154928 0.9426856687897058
3.737506159 0.9426712903261809
3.738857391 0.942649590835408
3.740208622 0.9426162282898075
3.741559854 0.9425782559327748
3.7429110850000002 0.9425323304669554
3.744262317 0.9424750166845013
3.7456135479999997 0.9424135481950929
3.746964779 0.9423443128120571
3.748316011 0.942265324380457
3.749667242 0.9421815544857648
3.751018474 0.9420857738288386
3.752369705 0.9419759053067766
3.753720937 0.9418570155413661
3.7550721680000003 0.9417236889886902
3.7564234 0.9415788201179729
3.757774631 0.9414280167435265
3.759125862 0.9412645976648406
3.7604770939999996 0.9410918173501287
3.7618283249999998 0.9409151059725898
3.763179557 0.9407273351816505
3.764530788 0.9405309406212577
3.76588202 0.9403287260960401
3.767233251 0.940113656633792
3.768584482 0.9398897052800674
3.7699357140000003 0.9396593223488492
3.771286945 0.9394169225229615
3.7726381769999997 0.939168093944099
3.773989408 0.9389160910636615
3.77534064 0.9386565058534729
3.776691871 0.9383956412379878
3.778043103 0.9381343110651809
3.779394334 0.9378665727319304
3.780745565 0.9375997137082654
3.7820967970000003 0.9373336511138717
3.7834480279999996 0.9370637048753827
3.7847992599999998 0.9367993083564423
3.786150491 0.9365401949132263
3.7875017229999997 0.9362806123691882
3.7888529539999998 0.9360294490106148
3.790204185 0.9357860774809916
3.791555417 0.9355460899127825
3.792906648 0.9353209633361268
3.79425788 0.9351073745174606
3.795609111 0.9348993019836306
3.7969603430000003 0.934707951420377
3.798311574 0.93452784921477
3.7996628059999997 0.9343552129045825
3.801014037 0.9342014220105632
3.802365268 0.9340610999217586
3.8037165 0.9339324425135509
3.8050677310000003 0.933827987692533
3.806418963 0.9337414571375113
3.807770194 0.9336689875211639
3.8091214260000004 0.9336234791816151
3.8104726569999996 0.9335980365663366
3.811823889 0.9335884468463861
3.81317512 0.9336053655960215
3.814526351 0.9336412665800705
3.815877583 0.9336922135413527
3.817228814 0.9337677079738659
3.818580046 0.9338604100775632
3.8199312770000002 0.9339671897874707
3.821282509 0.9340973685421835
3.82263374 0.9342445882825094
3.823984971 0.9344047366442025
3.825336203 0.9345847274927697
3.826687434 0.9347754207879643
3.828038666 0.9349719786677909
3.829389897 0.9351848104565619
3.830741129 0.935406027451444
3.8320923600000003 0.9356316077883501
3.833443592 0.9358712564426591
3.834794823 0.9361135607390184
3.836146054 0.9363516995475698
3.8374972859999996 0.9365942970700217
3.8388485169999997 0.936834880382252
3.840199749 0.9370663601734067
3.84155098 0.9372957399734738
3.842902212 0.9375147357865026
3.844253443 0.9377148939655622
3.845604674 0.937908349719556
3.8469559060000003 0.9380892501057997
3.848307137 0.9382490405088677
3.849658369 0.9383961696109815
3.8510096 0.938525679069162
3.852360832 0.938629190283177
3.853712063 0.9387149814521245
3.855063295 0.9387769221833588
3.856414526 0.9388051915884748
3.857765757 0.9388098736312075
3.859116989 0.9387852949646235
3.86046822 0.9387225450278429
3.861819452 0.9386296433965308
3.863170683 0.9385057917333959
3.8645219149999996 0.938343080211674
3.8658731459999998 0.9381492658372843
3.867224377 0.9379263527436751
3.868575609 0.9376636523091803
3.86992684 0.9373709120303458
3.871278072 0.9370514942218614
3.872629303 0.9366932028308341
3.8739805350000003 0.9363020972711772
3.875331766 0.9358822557511245
3.876682998 0.9354226807162904
3.878034229 0.934932838031255
3.87938546 0.9344200410160914
3.880736692 0.9338745688676773
3.882087923 0.9333023695186501
3.883439155 0.9327109242494791
3.884790386 0.9320951776569839
3.886141618 0.9314585652874391
3.887492849 0.9308116879480083
3.8888440810000002 0.9301459935645151
3.890195312 0.929459988912899
3.891546543 0.9287672728510826
3.892897775 0.928061362615396
3.894249006 0.9273426407556602
3.895600238 0.9266257928402498
3.8969514690000002 0.9259017695261882
3.898302701 0.9251672194617392
3.899653932 0.9244339590186769
3.9010051629999998 0.9236994323103869
3.902356395 0.9229585857425535
3.903707626 0.9222194859788773
3.905058858 0.9214809906389868
3.906410089 0.9207309786918481
3.9077613209999997 0.9199786731562463
3.909112552 0.9192259492055641
3.910463784 0.9184568633737765
3.911815015 0.9176767387583621
3.913166246 0.9168853415897615
3.914517478 0.9160646208173441
3.9158687089999997 0.9152151704820642
3.917219941 0.9143362042129631
3.918571172 0.9134145938402747
3.919922404 0.9124432960550217
3.921273635 0.9114215500544042
3.922624866 0.9103312963867287
3.9239760980000002 0.9091588443653237
3.9253273290000004 0.9079089898024102
3.926678561 0.9065601869295705
3.928029792 0.9050887297100779
3.929381024 0.9034882302199196
3.9307322549999997 0.9017379237244942
3.932083487 0.8998186486135942
3.933434718 0.8977199414481803
3.934785949 0.8954216439844855
3.936137181 0.8928934377183043
3.937488412 0.8901214436518867
3.938839644 0.8870946292717874
3.940190875 0.8837798266432941
3.941542107 0.8801603628690228
3.9428933379999997 0.8762128692437631
3.944244569 0.8719005311966819
3.945595801 0.8672028905951007
3.946947032 0.8621024707624393
3.948298264 0.8565700570684518
3.949649495 0.850578399902802
3.9510007270000003 0.844115242901205
3.9523519580000004 0.8371572624352785
3.95370319 0.8296818614309478
3.955054421 0.8216842127592724
3.956405652 0.8131401674215433
3.9577568839999997 0.8040280571608139
3.959108115 0.7943443256657438
3.960459347 0.7840836790958025
3.961810578 0.7732353388020394
3.96316181 0.7617995392084089
3.964513041 0.7497885996240735
3.965864273 0.737204181419419
3.967215504 0.7240607238334864
3.968566735 0.7103754713084588
3.9699179669999998 0.696161519243249
3.971269198 0.6814418923497328
3.97262043 0.6662520921535636
3.973971661 0.6506245511783032
3.975322893 0.634588553828002
3.976674124 0.6181867807696824
3.978025355 0.6014686064549336
3.9793765870000004 0.5844722904747932
3.9807278179999996 0.5672429251841069
3.98207905 0.5498331415319838
3.983430281 0.5322874775899578
3.9847815129999997 0.5146563550077139
3.986132744 0.4969941037946049
3.987483976 0.479348680868175
3.988835207 0.4617628121109577
3.9901864380000003 0.4442956441442516
3.99153767 0.42698935229517515
3.9928889009999997 0.4098805974309176
3.994240133 0.3930134258570577
3.995591364 0.3764261004913159
3.996942596 0.3601501814429706
3.998293827 0.34421641248128215
3.999645058 0.328657001637621
4.00099629 0.3134940754540645
4.002347521 0.29875077653235715
4.003698753 0.2844493769542037
4.005049984 0.27060064879002527
4.006401216 0.25721256085421385
4.007752447 0.24429402512075474
4.009103679 0.23185166011084088
4.01045491 0.21988523810794716
4.011806141 0.20839376027496034
4.013157373 0.19738032269013822
4.014508604 0.18683744124944252
4.015859836 0.17675898568129395
4.017211067 0.16713838459593766
4.018562299 0.1579655230002637
4.01991353 0.1492275988747024
4.021264761 0.14091381336732944
4.022615993 0.13301399720797386
4.023967224 0.1255136495825495
4.025318456 0.11839901958766916
4.026669687 0.11165629461814346
4.028020919 0.10527021398848889
4.02937215 0.099225727541912
4.030723382 0.0935097138457415
4.032074613 0.08810863779789603
4.033425844 0.08300579336318453
4.034777076 0.07818838024006153
4.036128307 0.0736440713609326
4.037479539 0.06935934528642566
4.03883077 0.06532083502469066
4.040182002 0.061516281866951975
4.041533233 0.05793347253477914
4.042884465 0.054558923038828186
4.044235696 0.051382724329881536
4.0455869269999996 0.048394161143063004
4.046938159 0.04558175688980603
4.04828939 0.04293535189051188
4.049640622 0.04044670048151499
4.050991853 0.038106864971634534
4.052343085 0.0359056257090826
4.053694316 0.0338362765335351
4.055045547 0.031891705477065636
4.056396779 0.030064162231499186
4.05774801 0.0283460738795034
4.059099241999999 0.026731015772483827
4.0604504729999995 0.025212584317671042
4.061801705 0.023785043887715893
4.063152936 0.022444470772014363
4.064504168 0.021184607752380683
4.065855399 0.019999196266408507
4.06720663 0.018883611922716485
4.0685578620000005 0.01783533717347223
4.069909093000001 0.016849867405113343
4.071260325 0.015922225606735126
4.072611556 0.01504895078971081
4.073962788 0.014226713524144247
4.075314019 0.01345307637462028
4.07666525 0.012726445381944998
4.078016482 0.012044419650674954
4.079367713 0.011401524612736736
4.080718945 0.010795123580290973
4.082070176 0.010224048075797985
4.083421408 0.00968662173100833
4.084772639 0.00918042816114043
4.086123871 0.008703758698335055
4.087475102 0.008253920513225066
4.088826333 0.007828320729983249
4.090177565 0.007427473880450247
4.091528796 0.007051108523993245
4.092880028 0.006697317497791466
4.094231259 0.006362444971960149
4.095582491 0.0060458523829982555
4.096933722 0.005746563456125401
4.098284953 0.005463845199824965
4.0996361850000005 0.0051973497040364025
4.100987416 0.004945897366001042
4.102338648 0.004707050581553341
4.103689878999999 0.004479541539356465
4.105041110999999 0.004265154895515423
4.106392342 0.004062915069534491
4.107743574 0.0038712338247020306
4.109094805 0.00368926900622979
4.110446036 0.003517585594297189
4.111797268 0.0033546095491702455
4.113148499 0.0031998399582567356
4.1144997309999995 0.0030532554249851963
4.115850962000001 0.0029140001705186764
4.117202194000001 0.002781368355461515
4.118553425 0.0026560272563072623
4.119904657 0.0025381759668571652
4.121255887999999 0.0024256011404395553
4.122607119 0.0023182801623833184
4.123958351000001 0.0022168765043993287
4.125309582 0.0021218570695957432
4.126660814 0.002031707396552768
4.128012045 0.0019462097039383173
4.129363277 0.0018645443505953601
4.130714508 0.0017861920429364285
4.132065739 0.0017116508113764366
4.133416971 0.0016417838668708223
4.134768202 0.001575247836854578
4.136119434 0.0015102507306067265
4.1374706649999995 0.0014475967002221379
4.138821897 0.0013878938600611372
4.140173128000001 0.0013305765831880861
4.14152436 0.001274701133609011
4.142875591 0.001221163980376274
4.144226821999999 0.0011697940346386466
4.145578054 0.0011214366636849663
4.146929285000001 0.0010767924133963797
4.148280517 0.0010361124193026948
4.149631748 0.0009973152139915798
4.15098298 0.0009601002056846315
4.152334211 0.0009253000884304796
4.153685442 0.0008924253384886857
4.155036674 0.0008597646389344214
4.156387905 0.0008275980991364592
4.157739136999999 0.0007969746019108729
4.159090368 0.0007672642590075622
4.1604416 0.0007385143110900199
4.161792831 0.0007104239660729298
4.163144063 0.0006834632454263442
4.164495294 0.0006568773217357531
4.165846525 0.0006321169517762577
4.167197757 0.000609340828134164
4.1685489879999995 0.0005877846413369832
4.169900220000001 0.0005660057618759451
4.171251451 0.0005453291550322788
4.172602683 0.0005267344399988239
4.173953914 0.0005094777531438124
4.1753051459999995 0.0004930747075022315
4.1766563770000005 0.0004779736784340366
4.178007608 0.0004636278396559275
4.17935884 0.00044912110991219493
4.180710071 0.0004353869981789353
4.182061303 0.00042231909808320263
4.183412534 0.00040933372325131903
4.184763766 0.00039647764256645
4.186114997 0.00038487925924647495
4.187466228 0.00037397063803167936
4.18881746 0.00036267278815547407
4.190168691 0.0003510016939790925
4.1915199229999995 0.0003403793649017484
4.1928711540000005 0.00033054418297674774
4.194222386000001 0.00032104163806803823
4.195573617 0.00031130545829349625
4.196924849 0.0003018547878958086
4.198276079999999 0.0002920436496113052
4.199627311 0.0002825631430610114
4.200978543 0.0002739137788022582
4.202329774 0.0002656703052795574
4.203681006 0.00025718455284352073
4.205032237 0.0002492142394244941
4.206383469 0.00024241881608245196
4.2077347 0.00023590576349223142
4.209085931 0.0002292704791918631
4.210437163 0.00022344783598940944
4.211788394 0.00021872924724862495
4.213139626 0.0002143044141047988
4.2144908569999995 0.0002098637041885813
4.215842089 0.00020535657913265138
4.217193320000001 0.0002007848977597711
4.218544552 0.00019592311983418953
4.219895783 0.0001915825138431479
4.221247013999999 0.00018763044786035952
4.2225982459999996 0.0001832349571748161
4.223949477 0.00017810647347636156
4.225300709 0.00017338098877787284
4.22665194 0.0001694751310851648
4.228003171999999 0.00016620014085467257
4.229354403 0.00016332479142150473
4.2307056339999995 0.00016054313038595932
4.232056866 0.00015685936585961818
4.233408097000001 0.00015201873349358856
4.234759329 0.00014757639403256725
4.23611056 0.00014422167470282853
4.237461792 0.00014109920742349271
4.238813023 0.00013729350065956635
4.240164255 0.00013318203669608736
4.241515486 0.0001297999399144572
4.242866717 0.00012717057434371738
4.244217949 0.00012582442779313408
4.24556918 0.00012525642315875014
4.246920412000001 0.0001249677489224067
4.248271643 0.00012385027183095144
4.249622875 0.000122248716761059
4.250974105999999 0.00012027123049150056
4.2523253379999995 0.00011787368437833139
4.2536765690000005 0.00011503490371796931
4.2550278 0.000112266103804586
4.256379032 0.0001093416449209425
4.257730263 0.00010579965243284571
4.259081495 0.00010224527844390417
4.260432726 9.967708505980851e-05
4.261783958 9.812843393645612e-05
4.263135189 9.682922178699462e-05
4.26448642 9.594604865917458e-05
4.265837652 9.603556339019631e-05
4.267188883 9.686542578611592e-05
4.2685401149999995 9.80880676758461e-05
4.2698913460000005 9.96481319044646e-05
4.271242578000001 0.00010111801054084573
4.272593809 0.00010168812991392637
4.273945041 0.00010101188925622779
4.275296271999999 9.950116835319104e-05
4.276647503 9.738571788826755e-05
4.277998735 9.419655498534744e-05
4.279349966 9.019755586234543e-05
4.280701198 8.643019381552007e-05
4.282052429 8.37064459829728e-05
4.283403661 8.192712176851517e-05
4.284754892 8.141971761370655e-05
4.286106123 8.218816355476423e-05
4.287457355 8.340615224854763e-05
4.288808586 8.439411795006345e-05
4.290159818 8.500272357378285e-05
4.2915110489999995 8.51055291376737e-05
4.292862281 8.379909984763702e-05
4.294213512000001 8.155626461380433e-05
4.295564744 7.887743267384234e-05
4.296915975 7.611572792060632e-05
4.298267206 7.301569309967346e-05
4.299618438 7.006349619578936e-05
4.300969669 6.776365997334818e-05
4.302320901 6.625243131160941e-05
4.303672132 6.563308573286899e-05
4.305023363999999 6.550383077675578e-05
4.306374595 6.584768635893636e-05
4.3077258259999995 6.618792105785646e-05
4.309077058 6.59893475130244e-05
4.310428289000001 6.573400291738559e-05
4.311779521 6.581841766840419e-05
4.313130752 6.618340767540422e-05
4.314481984 6.614880258726759e-05
4.315833215 6.628070836945293e-05
4.317184447 6.666492429755478e-05
4.318535678 6.736950522641436e-05
4.319886909 6.803600052964254e-05
4.321238141 6.86914322132295e-05
4.322589372 6.909958604687528e-05
4.323940604000001 6.860806894383635e-05
4.325291835 6.756682758405945e-05
4.326643067 6.62827449192214e-05
4.327994297999999 6.453194496341025e-05
4.329345529999999 6.226565080745749e-05
4.3306967610000004 5.987899322330947e-05
4.332047992 5.7806830294810114e-05
4.333399224 5.595703285079851e-05
4.334750455 5.495192655418966e-05
4.336101687 5.451234855456707e-05
4.337452918 5.496267168781383e-05
4.33880415 5.611117998644303e-05
4.340155381 5.718679626592613e-05
4.341506612 5.776109346173269e-05
4.342857844 5.8260702335669306e-05
4.344209075 5.868883495150248e-05
4.3455603069999995 5.891348178370558e-05
4.3469115380000005 5.853153486567092e-05
4.34826277 5.711129011068782e-05
4.349614001 5.469778021212632e-05
4.350965233 5.266859697746747e-05
4.352316464 5.1444892289684886e-05
4.353667695 5.075316298233205e-05
4.355018927 5.037895922123808e-05
4.356370158 4.9902942554762116e-05
4.35772139 4.9843170971023326e-05
4.359072621 5.037215188186835e-05
4.360423853 5.176158082909457e-05
4.361775084 5.2489849842826325e-05
4.363126315000001 5.264209506631254e-05
4.364477547000001 5.213529486972664e-05
4.365828778 5.158961999725995e-05
4.36718001 5.0952632716887065e-05
4.3685312409999995 5.108578024812226e-05
4.369882473 5.198163118927705e-05
4.371233704 5.3325858158549784e-05
4.372584936 5.3973218034457506e-05
4.373936167 5.435107451646004e-05
4.375287398 5.484226530383824e-05
4.37663863 5.569727420133115e-05
4.377989861 5.636351968692051e-05
4.379341093 5.647163998874531e-05
4.380692324 5.560510232073254e-05
4.382043555999999 5.382207298274122e-05
4.383394787 5.286068548837371e-05
4.3847460179999995 5.287110597491123e-05
4.38609725 5.3245466963677764e-05
4.387448481000001 5.295528805620703e-05
4.388799713 5.2600394197568614e-05
4.390150944 5.2120529171123243e-05
4.391502176 5.186451399700073e-05
4.392853407 5.136574850718901e-05
4.394204639 5.054645506123121e-05
4.39555587 4.939712869856126e-05
4.396907101 4.853009698586375e-05
4.398258332999999 4.808138011080844e-05
4.399609564 4.8124917834943074e-05
4.400960796000001 4.8127776463751865e-05
4.402312027 4.796963744197054e-05
4.403663259 4.819237249279499e-05
4.405014489999999 4.81189891830645e-05
4.406365721999999 4.751365971467822e-05
4.407716953 4.659300442488109e-05
4.409068184 4.529810387712962e-05
4.410419416 4.400900293119486e-05
4.411770647 4.3348891087135326e-05
4.413121879 4.343605183958072e-05
4.41447311 4.361225039672112e-05
4.415824342 4.408583285189041e-05
4.417175573000001 4.500663794142453e-05
4.418526804 4.5792062523209616e-05
4.419878036 4.674331548638108e-05
4.421229266999999 4.694782604920307e-05
4.4225804989999995 4.631123357232201e-05
4.4239317300000005 4.4861868675937005e-05
4.425282962 4.346917275532449e-05
4.426634193 4.247594482069536e-05
4.427985425 4.2171836246290815e-05
4.429336656 4.2406899944179304e-05
4.430687887 4.303991631181683e-05
4.432039119 4.4445907209571665e-05
4.43339035 4.652686794840915e-05
4.434741582 4.909813487051383e-05
4.436092813 5.128291569931045e-05
4.437444045 5.346532891786562e-05
4.438795276 5.5289076665043446e-05
4.440146507000001 5.69235317735372e-05
4.441497739000001 5.729931424224557e-05
4.44284897 5.651442588474178e-05
4.444200202 5.4375969500010275e-05
4.445551432999999 5.221162553891854e-05
4.446902665 5.038548687878256e-05
4.448253896 4.879234120615142e-05
4.449605128 4.718940938549878e-05
4.450956359 4.581889643450174e-05
4.45230759 4.5874170174956444e-05
4.453658822 4.732274893387223e-05
4.455010053 5.017716639864179e-05
4.456361285 5.309372073241105e-05
4.457712516 5.6262504848034726e-05
4.459063747999999 5.86369573204404e-05
4.460414979 6.056606886152294e-05
4.4617662110000005 6.162763175317579e-05
4.463117442 6.238672697501721e-05
4.464468673000001 6.270322270100277e-05
4.465819905 6.260302734992611e-05
4.467171136 6.2040134900821e-05
4.468522368 6.136578220606193e-05
4.469873599 6.166711970541984e-05
4.471224831000001 6.266322593762987e-05
4.472576062 6.428445518743597e-05
4.473927293 6.52914829579309e-05
4.475278524999999 6.594146415375476e-05
4.476629756 6.589497877664219e-05
4.4779809880000006 6.630405817806766e-05
4.479332219 6.700176250716404e-05
4.480683451 6.793574279552915e-05
4.482034682 6.773410300398848e-05
4.483385914 6.643049351262366e-05
4.484737145 6.493786931417458e-05
4.486088376 6.411480188952305e-05
4.487439608 6.41880017816199e-05
4.488790839 6.374332679558726e-05
4.490142071 6.26281006777834e-05
4.491493302 6.066856960496202e-05
4.492844534 5.9204674594234475e-05
4.494195765000001 5.802812760841344e-05
4.495546996 5.74492203697081e-05
4.496898228 5.69944862586061e-05
4.498249458999999 5.662820219523216e-05
4.4996006909999995 5.6178814215220375e-05
4.5009519220000005 5.546116200431719e-05
4.502303154 5.485789939736349e-05
4.503654385 5.4159447768515484e-05
4.505005617 5.385936706403188e-05
4.506356848 5.3614109381426536e-05
4.507708079 5.356120104437832e-05
4.509059311 5.345386246544287e-05
4.510410542 5.3512324988921874e-05
4.511761774 5.455459977643973e-05
4.513113005 5.6473985050663494e-05
4.514464237 5.916077097625002e-05
4.5158154679999996 6.103502059877763e-05
4.517166699000001 6.254242961451307e-05
4.518517931 6.378013831659456e-05
4.519869162 6.54649301008636e-05
4.521220394 6.624739227173748e-05
4.522571624999999 6.552661047343336e-05
4.523922857 6.36660660782418e-05
4.525274088 6.156783057559601e-05
4.52662532 6.0122577615550874e-05
4.527976551 5.835961527280015e-05
4.529327782 5.674652166451919e-05
4.530679014 5.48705787526208e-05
4.532030245 5.3929589666411854e-05
4.533381477 5.3161471812974637e-05
4.534732708 5.280857165012868e-05
4.53608394 5.268046504635459e-05
4.537435171 5.250630721114867e-05
4.5387864030000005 5.225513593674279e-05
4.540137634 5.132828527032021e-05
4.541488865 5.058702594212138e-05
4.542840097 4.9673681777104184e-05
4.544191328 4.9055754327693574e-05
4.5455425599999995 4.829197053395776e-05
4.5468937910000005 4.777487383431669e-05
4.548245023000001 4.7772695039679655e-05
4.549596254 4.7641206437845625e-05
4.550947485 4.7376812507943876e-05
4.552298716999999 4.667505050091256e-05
4.553649948 4.659249223596747e-05
4.5550011800000005 4.627088985823523e-05
4.556352411 4.5755764570307265e-05
4.557703643 4.482033563148497e-05
4.559054874 4.4151533425052615e-05
4.560406106 4.3983917444929925e-05
4.561757337 4.3605824960752624e-05
4.563108568 4.306788501091128e-05
4.5644598 4.2122282044557036e-05
4.565811031 4.188261388047113e-05
4.567162263 4.1628559188178924e-05
4.568513493999999 4.13950901767297e-05
4.569864726 4.0839832326446656e-05
4.571215957000001 4.01420402075422e-05
4.572567188 3.94542120202536e-05
4.57391842 3.813840370681803e-05
4.575269650999999 3.647024375819121e-05
4.5766208829999995 3.4771274967160325e-05
4.5779721140000005 3.347402426572682e-05
4.579323346 3.201914190139814e-05
4.580674577 3.079614513565114e-05
4.582025809 3.073160059789693e-05
4.58337704 3.071731332219325e-05
4.584728271 3.0447815403127572e-05
4.586079503 2.9357322068066325e-05
4.587430734 2.8523006092349177e-05
4.588781966 2.8342488921710732e-05
4.590133197 2.900135432171694e-05
4.591484429 2.9424056416048738e-05
4.5928356599999995 2.9222920192093316e-05
4.5941868910000005 3.0225577385220984e-05
4.595538123 3.204181071685363e-05
4.596889354 3.479907957013916e-05
4.598240586 3.6926666975324944e-05
4.599591817 3.8699890483801074e-05
4.6009430490000005 3.9755784614217627e-05
4.60229428 4.0172288895300844e-05
4.603645512 4.051713087672069e-05
4.604996743 4.0760277155796966e-05
4.606347974 4.216819891019011e-05
4.607699206 4.314822748721044e-05
4.609050437 4.365836084346467e-05
4.610401669 4.3338885898689196e-05
4.611752900000001 4.2824205549381256e-05
4.613104132 4.220697105959079e-05
4.614455363 4.030966221555726e-05
4.6158065950000005 3.7769272019044134e-05
4.617157826 3.451376198147326e-05
4.618509057 3.238881377287269e-05
4.619860289 3.0742828136234275e-05
4.62121152 2.9358844407638005e-05
4.622562751999999 2.8453444254774488e-05
4.6239139830000004 2.7850215368349063e-05
4.625265215000001 2.7604851282420913e-05
4.626616446 2.650817896685196e-05
4.627967677 2.537439844029549e-05
4.629318908999999 2.466110133015543e-05
4.63067014 2.4907201405905717e-05
4.6320213720000005 2.5562578819977087e-05
4.633372603 2.569823169985786e-05
4.634723835 2.6479918702572796e-05
4.636075066 2.807613900095661e-05
4.637426298 3.046406617723757e-05
4.638777529 3.202441340789486e-05
4.64012876 3.254965808764335e-05
4.641479992 3.258590762660669e-05
4.642831223 3.194931648124139e-05
4.644182455 3.113173739531153e-05
4.645533685999999 2.952410669523511e-05
4.646884918 2.8136203024822787e-05
4.648236149000001 2.7438387727528375e-05
4.64958738 2.7188042102508787e-05
4.650938612 2.7027646160014625e-05
4.652289842999999 2.680701952025578e-05
4.6536410749999995 2.8077110143513287e-05
4.6549923060000005 2.9974959850854236e-05
4.656343538 3.2007873045945623e-05
4.657694769 3.337581444683076e-05
4.659046001 3.419482953511632e-05
4.660397232 3.5504027914256434e-05
4.661748463 3.581647292228683e-05
4.663099695 3.553831572617806e-05
4.664450926000001 3.405722396519402e-05
4.665802158 3.2522636945777945e-05
4.667153389 3.134950274383711e-05
4.668504621 2.98799195664995e-05
4.6698558519999995 2.858462963290652e-05
4.6712070830000005 2.7500125444126716e-05
4.672558315 2.809054855891575e-05
4.673909546 2.880891725800333e-05
4.675260778 2.910920721440414e-05
4.676612009 2.892880770448273e-05
4.6779632410000005 2.8587379333414082e-05
4.679314472 2.8969172943565142e-05
4.680665704 2.9508492982035635e-05
4.682016935 3.0293835063645555e-05
4.683368166 3.161158585604994e-05
4.684719398 3.313844324697644e-05
4.686070629 3.480910976149491e-05
4.687421861 3.591428757110434e-05
4.688773092 3.723268236093198e-05
4.690124324 3.903961959808555e-05
4.691475555 4.083772368915534e-05
4.6928267869999996 4.213580958964312e-05
4.694178018 4.2252843850825094e-05
4.695529249 4.255207767848231e-05
4.696880481 4.29028753825137e-05
4.698231712 4.300351894572383e-05
4.699582943999999 4.166633489717144e-05
4.700934175 3.905480633023951e-05
4.702285407000001 3.645708307318233e-05
4.703636638 3.404422480832867e-05
4.704987869 3.2226478613519774e-05
4.706339100999999 3.1014221427751655e-05
4.707690332 3.090493729549477e-05
4.7090415640000005 3.2266407510158314e-05
4.710392795 3.37863170214207e-05
4.711744027 3.522091727556706e-05
4.713095258 3.634398464973262e-05
4.71444649 3.779078601203331e-05
4.7157977209999995 3.9582600319106296e-05
4.717148952 4.046768034614645e-05
4.718500184000001 4.0639579720801374e-05
4.719851415 4.0522488382881394e-05
4.721202647 4.1703271092483826e-05
4.722553877999999 4.364509085545984e-05
4.72390511 4.539990515718111e-05
4.725256341000001 4.692468646618953e-05
4.726607572 4.818913681036354e-05
4.727958804 4.96810188128183e-05
4.729310035 5.079573976752192e-05
4.730661267 5.1155766450951894e-05
4.7320124980000005 5.163806974533569e-05
4.73336373 5.221586452963645e-05
4.734714961 5.280225343373814e-05
4.736066193 5.2178799054457334e-05
4.737417424 5.030563355348677e-05
4.738768654999999 4.8503660922560576e-05
4.740119887 4.6990647250825584e-05
4.741471118000001 4.591139192061471e-05
4.74282235 4.3973138738396125e-05
4.744173581 4.163657221453494e-05
4.745524813 3.9729356526321885e-05
4.7468760439999995 3.849490540149899e-05
4.748227276 3.7782136567450984e-05
4.749578507 3.72606689309696e-05
4.750929738 3.751908532430411e-05
4.75228097 3.9019596283489544e-05
4.753632201 4.078981096547356e-05
4.7549834330000005 4.255378351584681e-05
4.756334664 4.397495669290036e-05
4.757685896 4.552296002023283e-05
4.759037127 4.7243554705405884e-05
4.760388358 4.713724900255343e-05
4.76173959 4.5638024671733676e-05
4.763090821 4.290892270341771e-05
4.764442053 4.1101767180075006e-05
4.765793284 4.0370081225053174e-05
4.767144516 3.935465921383615e-05
4.768495747 3.787275597180566e-05
4.7698469789999995 3.5940264500522347e-05
4.77119821 3.504439484703861e-05
4.772549441 3.42474958421658e-05
4.773900673 3.279614669706599e-05
4.775251904 3.087084553635263e-05
4.776603135999999 2.886174713110188e-05
4.777954367 2.8051791578432152e-05
4.779305599000001 2.816188146306311e-05
4.78065683 2.841224150966387e-05
4.782008061000001 2.9012758582183535e-05
4.783359293 3.0013052959641727e-05
4.784710524 3.090735314978322e-05
4.7860617560000005 3.051880833573097e-05
4.787412987 2.8531640207603865e-05
4.788764219 2.6147179819983067e-05
4.79011545 2.413369115685231e-05
4.791466682 2.2290260785170573e-05
4.7928179129999995 1.9491601053227877e-05
4.7941691440000005 1.6458149805529354e-05
4.795520376000001 1.461971603200348e-05
4.796871607 1.4101639155764738e-05
4.798222839 1.4559149274487733e-05
4.799574069999999 1.4314795417744964e-05
4.800925302 1.2879782993972978e-05
4.802276533000001 1.1624437481989773e-05
4.803627764 1.2081596771571733e-05
4.804978996 1.2745248389699648e-05
4.806330227 1.281817390897845e-05
4.807681459 1.2586725799431787e-05
4.80903269 1.233611769865585e-05
4.810383922 1.2597141170761189e-05
4.811735153 1.2831083449575474e-05
4.813086384999999 1.2848291895895968e-05
4.814437616 1.2305503303145673e-05
4.815788846999999 1.2479413256928064e-05
4.817140079 1.357534932417135e-05
4.818491310000001 1.4586204476424944e-05
4.819842542 1.5309014338864228e-05
4.821193773 1.5536457183707408e-05
4.822545005 1.5865222755393258e-05
4.8238962359999995 1.5661770046849227e-05
4.825247468 1.4994274189155571e-05
4.826598699 1.3916090782229467e-05
4.82794993 1.243782866377566e-05
4.829301162 1.1044912553073168e-05
4.830652393 9.62972322598012e-06
4.8320036250000005 8.450035806092263e-06
4.833354856 8.192349049515171e-06
4.834706088 9.734084408951092e-06
4.836057318999999 1.2289919892192124e-05
4.83740855 1.5279448990201698e-05
4.838759782 1.803182086614711e-05
4.840111013 2.1201871157652386e-05
4.841462245 2.5010280306727736e-05
4.842813476 2.8809727808799683e-05
4.844164708 3.176989332083797e-05
4.845515939 3.3223899243060796e-05
4.8468671709999995 3.401017791968605e-05
4.8482184020000005 3.4474786386131054e-05
4.849569633 3.4390524978241164e-05
4.850920865 3.361976863400684e-05
4.852272096 3.2454126761894416e-05
4.853623327999999 3.211336218378932e-05
4.854974559 3.334523996216676e-05
4.856325791000001 3.4836711420758116e-05
4.857677022 3.612294130214261e-05
4.859028253 3.674788107391324e-05
4.860379485 3.786485853940761e-05
4.861730716 3.9363112065599085e-05
4.863081948 4.0036815663333595e-05
4.864433179 3.9376481202973224e-05
4.865784411 3.729880827239306e-05
4.867135642 3.556698608891592e-05
4.868486874 3.460606956751158e-05
4.8698381049999995 3.342574066826046e-05
4.8711893360000005 3.1764552801259374e-05
4.872540568000001 2.9941692949340436e-05
4.873891799 2.9164070583128068e-05
4.875243031 2.9415795225753244e-05
4.876594261999999 2.8987737908365148e-05
4.8779454939999995 2.762073817043158e-05
4.879296725000001 2.5107677635999907e-05
4.880647956 2.298582593066395e-05
4.881999188 2.1445207205698304e-05
4.883350419 1.9979571941668464e-05
4.884701651 1.8123419640953374e-05
4.8860528819999995 1.6219495306169863e-05
4.887404114 1.5404873079558046e-05
4.888755345 1.5088195149695303e-05
4.890106576999999 1.4522933392888567e-05
4.891457808 1.4091136910484505e-05
4.892809038999999 1.3993255358214078e-05
4.894160271 1.4302293571563976e-05
4.895511502000001 1.4252898932242139e-05
4.896862734 1.277970593345103e-05
4.898213965 1.0621096864023174e-05
4.899565197 8.707079930738157e-06
4.900916428 8.65270046730587e-06
4.902267660000001 8.529213808713382e-06
4.903618891 7.838093846744871e-06
4.904970122 6.738575150342214e-06
4.906321354 6.372657009294429e-06
4.907672585 7.916347709908485e-06
4.9090238170000005 9.084841423333313e-06
4.910375048 9.265361969934473e-06
4.91172628 7.876051492238742e-06
4.913077511 6.735336121266184e-06
4.914428742 5.886481258693557e-06
4.915779974 5.090947909354492e-06
4.917131205 4.0347161369088034e-06
4.918482437 1.993255659779483e-06
4.919833668 5.710287095905869e-07
4.9211849 7.456199371478359e-08
4.922536131 4.7674498591759487e-07
4.9238873629999995 8.813004850127757e-07
4.9252385940000005 1.3887956024478986e-06
4.926589825 2.075894699162053e-06
4.927941057 2.9010769049465713e-06
4.929292288 3.2826084820327757e-06
4.930643519999999 3.408565719874802e-06
4.931994751 3.5376862678392757e-06
4.933345983000001 3.6013945360983782e-06
4.934697214 4.174042689858703e-06
4.936048445 5.851035922391238e-06
4.937399677 6.949850613233199e-06
4.938750908 7.666066333366552e-06
4.94010214 9.043265151137994e-06
4.941453371 1.0557279577633526e-05
4.942804603 1.165061103404901e-05
4.944155834 1.1211471013896519e-05
4.945507066 1.0234598820808465e-05
4.9468582969999995 8.103059755790289e-06
4.9482095280000005 7.0930899558036725e-06
4.949560760000001 6.600563529327191e-06
4.950911991 5.355928462331843e-06
4.952263223 3.929008459985388e-06
4.953614453999999 2.747231802561772e-06
4.9549656859999995 2.7473716105094563e-06
4.9563169170000005 2.7564116122640203e-06
4.957668148 2.7227134595133206e-06
4.95901938 1.9476859053688287e-06
4.960370611 9.026741337211168e-07
4.961721843 6.461407847502499e-07
4.9630730739999995 9.741737411985257e-07
4.964424306 1.4388951028844347e-06
4.965775537000001 1.7336361415647752e-06
4.967126769 1.8725077007583461e-06
4.968478 1.8832730534879327e-06
4.969829230999999 1.8875683897348355e-06
4.971180463 1.8839881611932167e-06
4.972531694000001 1.6264261823017836e-06
4.973882926 1.084752136067455e-06
4.975234157 5.248514327476326e-07
4.976585389 1.9375077456792238e-07
4.97793662 4.550775385233658e-08
4.979287852000001 1.670429510028462e-08
4.980639083 4.573595452381622e-08
4.981990314 2.4156250492659695e-07
4.983341545999999 8.274767057412656e-07
4.984692777 1.1871497882356668e-06
4.986044009 1.317986580822974e-06
4.98739524 1.3216340644346008e-06
4.988746472 1.3216340644346008e-06
4.990097703 1.320421038258286e-06
4.991448934 1.286177609162844e-06
4.992800166 1.0900715595080036e-06
4.9941513969999995 5.126502212833674e-07
4.995502629 5.966062635735476e-07
4.99685386 8.233187873795587e-07
4.998205092 9.563816733404922e-07
4.999556323 9.803687286543578e-07
5.0009075549999995 1.1645826948309183e-06
5.0022587860000005 1.5391716326067261e-06
5.003610017 1.5816328453005093e-06
5.004961249 1.7643438058560799e-06
5.006312479999999 1.4861951006439232e-06
5.007663711999999 1.1927117879635585e-06
5.009014943 1.0868252890723818e-06
5.010366175 1.6103385455997222e-06
5.011717406 2.075954016040487e-06
5.013068637 1.8025956907863678e-06
5.014419869 1.7613328606307661e-06
5.0157711 1.5701290374851633e-06
5.017122332 1.4046486179127385e-06
5.018473563 1.3405826141997845e-06
5.019824795000001 1.3098865202778556e-06
5.021176026 7.825225671385507e-07
5.022527258 5.00334037079678e-07
5.0238784889999994 1.29304138511105e-06
5.0252297200000005 2.356078541861552e-06
5.026580952000001 2.9182904149328702e-06
5.027932183 2.9528914595973477e-06
5.029283415 2.953206542976481e-06
5.030634646 2.9530787662170268e-06
5.031985878 2.9329424075151257e-06
5.033337109 2.565301500956674e-06
5.034688341 1.6713635404036121e-06
5.036039572 6.071280011149288e-07
5.037390803 4.540802377340174e-08
5.038742035 1.616215875094831e-08
5.0400932659999995 3.991296480260289e-08
5.041444498 1.194428538927771e-07
5.042795729000001 1.2836420633441075e-07
5.044146961 1.2840004193366181e-07
5.045498192 1.3280167439574402e-07
5.046849422999999 1.6000087955168938e-07
5.048200655 1.6132804408644302e-07
5.049551886000001 1.5597286444441863e-07
5.050903118 1.3190697501363033e-07
5.052254349 5.23770859234561e-08
5.053605581 4.345573348182245e-08
5.054956812 4.34198978825714e-08
5.056308044000001 3.9018265420489205e-08
5.057659275 1.181906026454383e-08
5.059010506 1e-08
5.060361737999999 1e-08
5.061712969 1e-08
5.063064201 1e-08
5.064415432 1e-08
5.065766664 1e-08
5.067117895 1e-08
5.068469126 1e-08
5.069820358 1e-08
5.0711715889999995 1e-08
5.072522821 1e-08
5.073874052 1e-08
5.075225284 1e-08
5.076576515 1e-08
5.0779277469999995 1e-08
5.0792789780000005 1.0980900722569023e-08
5.080630209 6.323465124259544e-08
5.081981441 4.2455150774759317e-07
5.083332671999999 8.425320302979593e-07
5.084683904 1.1385007307925322e-06
5.086035135 1.2978248285177438e-06
5.087386367 1.5078479026928872e-06
5.088737598 1.857242474687978e-06
5.090088829 1.8673485069320089e-06
5.091440061 1.8150947564119827e-06
5.092791292 1.4537778999069848e-06
5.094142524 1.035797377356619e-06
5.095493755000001 7.398286768620459e-07
5.096844987000001 5.805045791368339e-07
5.098196218 3.704815049616906e-07
5.09954745 2.320298384146335e-08
5.100898680999999 9.110656149547538e-08
5.102249912 4.020290612409458e-07
5.103601144000001 8.285306816995875e-07
5.104952375 8.503907100079182e-07
5.106303607 8.50496168665874e-07
5.107654838 8.504961686658738e-07
5.10900607 8.505783172903675e-07
5.110357301 8.535452966871792e-07
5.111708533 7.964467934597156e-07
5.113059764 4.871361305331526e-07
5.114410995 6.149096756341494e-08
5.115762227 7.331940643630749e-08
5.1171134579999995 3.257531820217284e-07
5.11846469 8.053726861634531e-07
5.119815921000001 1.0762308280530687e-06
5.121167153 1.3615349871992952e-06
5.122518384 1.713634001509609e-06
5.123869614999999 2.18854111725783e-06
5.125220847 2.207584112583158e-06
5.126572078000001 2.1739475824837283e-06
5.12792331 1.921408348240352e-06
5.129274541 1.4417888440986273e-06
5.130625772999999 1.1708485535845183e-06
5.131977004 8.804613641666163e-07
5.1333282360000005 5.064703424631539e-07
5.134679467 2.99513898960258e-08
5.136030698 1.0051937081793977e-08
5.137381929999999 1e-08
5.138733161 1e-08
5.140084393 1e-08
5.141435624 1e-08
5.142786856 1e-08
5.144138087 1e-08
5.145489318 1e-08
5.14684055 1e-08
5.148191781 1e-08
5.149543013000001 1e-08
5.150894244 1e-08
5.152245476 1e-08
5.153596706999999 1e-08
5.1549479389999995 1e-08
5.1562991700000005 1e-08
5.157650401 1e-08
5.159001633 1e-08
5.160352864 1e-08
5.161704096 1e-08
5.163055327 1e-08
5.164406559 1e-08
5.16575779 1e-08
5.167109021 1e-08
5.168460253 1e-08
5.169811484 1e-08
5.1711627159999995 1e-08
5.172513947000001 1e-08
5.173865179000001 1e-08
5.17521641 1e-08
5.176567642 1e-08
5.177918872999999 1e-08
5.179270104 1e-08
5.180621336 1e-08
5.181972567 1e-08
5.183323799 1e-08
5.18467503 1e-08
5.186026262 1e-08
5.187377493 1e-08
5.188728725 1e-08
5.190079956 1e-08
5.191431187 1e-08
5.192782419 1e-08
5.1941336499999995 1.1230997733330037e-08
5.195484882 3.9048158651735066e-08
5.196836113000001 2.0221057084825944e-07
5.198187345 5.987886493845466e-07
5.199538576 9.053885123230035e-07
5.200889806999999 1.0241261562607452e-06
5.202241039 1.0368075732017122e-06
5.20359227 1.0372103401171671e-06
5.204943502 1.0385052386390417e-06
5.206294733 1.0492919046066055e-06
5.207645964999999 1.0374736785226734e-06
5.208997196 1.0904957656026338e-06
5.2103484280000005 1.2695211901411672e-06
5.211699659 1.6080150792556325e-06
5.213050890000001 2.0241130870543816e-06
5.214402122 2.425715693460579e-06
5.215753353 2.434629337133267e-06
5.217104585 2.3960255102472985e-06
5.218455816 2.244681324134706e-06
5.219807048 1.7950811585184585e-06
5.221158279 1.309455871041468e-06
5.22250951 8.522243379892611e-07
5.223860742 4.2344491324954503e-07
5.225211973 2.143953992789322e-08
5.226563205000001 1e-08
5.227914436 1e-08
5.229265668 1e-08
5.230616898999999 1e-08
5.2319681309999995 1e-08
5.2333193620000005 1e-08
5.234670593 1e-08
5.236021825 1e-08
5.237373056 1e-08
5.238724288 1e-08
5.240075519 1e-08
5.241426751 1e-08
5.242777982 1e-08
5.244129213 1e-08
5.245480445 1e-08
5.246831676 1e-08
5.2481829079999995 1e-08
5.2495341390000005 1e-08
5.250885371000001 1e-08
5.252236602 1e-08
5.253587834 1e-08
5.254939064999999 1e-08
5.256290296 1e-08
5.257641528 1.323183675841273e-08
5.258992759 1.1737545508156043e-07
5.260343991 1.5039158902850264e-07
5.261695222 1.5114554187272327e-07
5.263046454 1.5114554187272327e-07
5.264397685 1.5114554187272327e-07
5.265748917 1.5114554187272327e-07
5.267100148000001 1.511455418727233e-07
5.268451379 1.4791370511431054e-07
5.269802611 4.377008679116283e-08
5.2711538419999995 1.0753952844220634e-08
5.272505074 1e-08
5.273856305000001 1e-08
5.275207537 1e-08
5.276558768 1e-08
5.277909999 1e-08
5.279261231 1e-08
5.280612462 1e-08
5.281963694 1e-08
5.283314925 1e-08
5.284666156999999 1e-08
5.286017388 1e-08
5.2873686200000005 1e-08
5.288719851 1e-08
5.290071082000001 1e-08
5.291422314 1e-08
5.292773545 1e-08
5.294124777 1e-08
5.295476008 1e-08
5.29682724 1e-08
5.298178471 1e-08
5.299529702 1e-08
5.300880933999999 1e-08
5.302232165 1e-08
5.303583397000001 1e-08
5.304934628 1e-08
5.30628586 1e-08
5.307637090999999 1e-08
5.3089883229999995 1e-08
5.3103395540000005 1e-08
5.311690785 1e-08
5.313042017 1e-08
5.314393248 1e-08
5.31574448 1e-08
5.317095711 1e-08
5.318446943 1e-08
5.319798174 1e-08
5.321149405 1e-08
5.322500637 1e-08
5.323851867999999 1e-08
5.3252030999999995 1e-08
5.3265543310000005 1e-08
5.327905563 1e-08
5.329256794 1e-08
5.330608026 1e-08
5.331959257 1e-08
5.333310488 1e-08
5.33466172 1e-08
5.336012951 1e-08
5.337364183 1e-08
5.338715414 1e-08
5.340066646 1e-08
5.341417877 1e-08
5.342769109 1e-08
5.344120340000001 1e-08
5.345471571 1e-08
5.346822803 1e-08
5.3481740339999995 1e-08
5.349525266 1e-08
5.350876497 1e-08
5.352227729 1e-08
5.35357896 1e-08
5.354930191 1e-08
5.356281423 1e-08
5.357632654 1e-08
5.358983886 1e-08
5.360335117 1e-08
5.361686348999999 1e-08
5.36303758 1e-08
5.3643888120000005 1e-08
5.365740043 1e-08
5.367091274000001 1e-08
5.368442506 1e-08
5.369793737 1e-08
5.371144969 1e-08
5.3724962 1e-08
5.373847432 1e-08
5.375198663 1e-08
5.376549894 1e-08
5.377901125999999 1e-08
5.379252357 1e-08
5.380603589000001 1e-08
5.38195482 1e-08
5.383306052 1e-08
5.384657282999999 1e-08
5.386008515 1e-08
5.3873597460000004 1e-08
5.388710977 1e-08
5.390062209 1e-08
5.39141344 1e-08
5.392764672 1e-08
5.394115903 1e-08
5.395467135 1e-08
5.396818366000001 1e-08
5.398169598000001 1e-08
5.399520829 1e-08
5.400872059999999 1e-08
5.4022232919999995 1e-08
5.4035745230000005 1e-08
5.404925755 1e-08
5.406276986 1e-08
5.407628218 1e-08
5.408979449 1e-08
5.41033068 1e-08
5.411681912 1e-08
5.413033143 1e-08
5.414384375 1e-08
5.415735606 1e-08
5.417086838 1e-08
5.418438069 1e-08
5.419789301 1e-08
5.421140532000001 1e-08
5.422491763 1e-08
5.423842995 1e-08
5.4251942259999995 1e-08
5.426545458 1e-08
5.427896689 1e-08
5.429247921 1e-08
5.430599152 1e-08
5.431950383 1e-08
5.433301615 1e-08
5.434652846 1e-08
5.436004078 1e-08
5.437355309 1e-08
5.438706540999999 1e-08
5.440057772 1e-08
5.4414090040000005 1e-08
5.442760235 1e-08
5.444111466000001 1e-08
5.445462698 1e-08
5.446813929 1e-08
5.4481651609999995 1e-08
5.4495163920000005 1e-08
5.450867624000001 1e-08
5.452218855 1e-08
5.453570086 1e-08
5.454921317999999 1e-08
5.456272549 1e-08
5.457623781000001 1e-08
5.458975012 1e-08
5.460326244 1e-08
5.461677475 1e-08
5.463028707 1e-08
5.464379938 1e-08
5.465731169 1e-08
5.467082401 1e-08
5.468433632 1e-08
5.469784864 1e-08
5.471136094999999 1e-08
5.472487327 1e-08
5.473838558000001 1e-08
5.47518979 1e-08
5.476541021 1e-08
5.477892251999999 1e-08
5.4792434839999995 1e-08
5.4805947150000005 1e-08
5.481945947 1e-08
5.483297178 1e-08
5.48464841 1e-08
5.485999641 1e-08
5.487350872 1e-08
5.488702104 1e-08
5.490053335 1e-08
5.491404567 1e-08
5.492755798 1e-08
5.49410703 1e-08
5.495458261 1e-08
5.496809493 1e-08
5.498160724 1e-08
5.499511955 1e-08
5.500863187 1e-08
5.502214417999999 1e-08
5.50356565 1e-08
5.504916881 1e-08
5.506268113 1e-08
5.507619344 1e-08
5.508970575 1e-08
5.510321807 1e-08
5.511673038 1e-08
5.51302427 1e-08
5.514375501000001 1e-08
5.515726733 1e-08
5.517077964 1e-08
5.5184291960000005 1e-08
5.519780427 1e-08
5.521131658 1e-08
5.52248289 1e-08
5.523834121 1e-08
5.5251853529999995 1e-08
5.5265365840000005 1e-08
5.527887816000001 1e-08
5.529239047 1e-08
5.530590278 1e-08
5.531941509999999 1e-08
5.533292741 1e-08
5.5346439730000005 1e-08
5.535995204 1e-08
5.537346436 1e-08
5.538697667 1e-08
5.540048899 1e-08
5.54140013 1e-08
5.542751361 1e-08
5.544102593 1e-08
5.545453824 1e-08
5.546805056 1e-08
5.548156286999999 1e-08
5.549507519 1e-08
5.550858750000001 1e-08
5.552209982 1e-08
5.553561213 1e-08
5.554912443999999 1e-08
5.5562636759999995 1e-08
5.5576149070000005 1e-08
5.558966139 1e-08
5.56031737 1e-08
5.561668602 1e-08
5.563019833 1e-08
5.564371064 1e-08
5.565722296 1e-08
5.567073527 1e-08
5.568424759000001 1e-08
5.56977599 1e-08
5.571127222 1e-08
5.5724784529999996 1e-08
5.573829685 1e-08
5.575180916 1e-08
5.576532147 1e-08
5.577883379 1e-08
5.57923461 1e-08
5.5805858420000005 1e-08
5.581937073 1e-08
5.583288305 1e-08
5.584639536 1e-08
5.585990767 1e-08
5.587341999 1e-08
5.58869323 1e-08
5.590044462 1e-08
5.591395693000001 1e-08
5.592746925 1e-08
5.594098156 1e-08
5.595449388 1e-08
5.596800619 1e-08
5.59815185 1e-08
5.599503082 1e-08
5.600854313 1e-08
5.6022055449999995 1e-08
5.6035567760000005 1e-08
5.604908008000001 1e-08
