microns transmission
1.0780311919999999 1.6268097804162732e-06
1.078745593 2.470597503179247e-06
1.079459994 5.222365123820874e-06
1.080174395 9.86267460812129e-06
1.080888796 1.50340928819158e-05
1.081603198 1.2090330319267598e-05
1.082317599 7.546679537136216e-06
1.083032 4.660501787453726e-06
1.0837464010000002 8.5414820865486e-06
1.0844608020000002 1.0463224761244853e-05
1.085175203 1.5675840542112124e-05
1.085889604 2.0966802735653715e-05
1.0866040049999999 2.198129971026709e-05
1.087318406 1.6760856363205028e-05
1.088032807 2.0096438844664355e-05
1.088747208 1.703958372205585e-05
1.089461609 2.5239245941333925e-05
1.09017601 2.3072772125909412e-05
1.0908904110000002 7.2272465562033505e-06
1.0916048120000001 2.600392938875221e-06
1.092319213 6.898915082374592e-06
1.0930336139999999 1.1511223219254899e-05
1.0937480149999999 1.1392571962877487e-05
1.094462416 9.426520533660247e-06
1.0951768179999999 5.927967877502204e-06
1.095891219 7.556576055015369e-06
1.09660562 6.971664956014127e-06
1.097320021 4.213233173126251e-06
1.098034422 1.2184856326323982e-06
1.098748823 4.7213546579452993e-07
1.0994632240000002 4.7430507498869285e-06
1.100177625 1.281231216119948e-05
1.100892026 9.742335211198821e-06
1.1016064269999999 4.373312954650534e-06
1.1023208279999999 1.4888003488107736e-06
1.103035229 6.978662499344277e-07
1.10374963 2.5278184890085104e-06
1.104464031 1.9027686331022609e-06
1.105178432 1.1071979125926735e-07
1.1058928330000002 1.1237710226436157e-06
1.1066072340000002 1.7246580545514528e-07
1.107321635 3.714197276294404e-06
1.108036037 3.3850770396007643e-06
1.108750438 1.8695729806872833e-06
1.109464839 1.202236798525357e-06
1.11017924 4.652914822312192e-06
1.1108936409999999 5.048920395879231e-06
1.111608042 4.5159247102838995e-06
1.11279963 3.0426333398891557e-06
1.1149437519999998 2.099100555892395e-06
1.117087875 4.427831890562682e-06
1.1192319970000002 4.615115238012534e-06
1.1213761199999999 2.4836765833362936e-06
1.123520243 2.7509739945866786e-06
1.125664365 5.416345934089767e-07
1.1278084879999999 1.2175679007948851e-08
1.1299526100000001 2.006624067529379e-06
1.132096733 2.2800189770973684e-06
1.134240856 1.934221517601246e-06
1.1363849780000002 1.511601073673998e-06
1.138529101 3.861490926789612e-06
1.140673223 2.5928487847525226e-06
1.142817346 7.337124253638162e-07
1.144961469 1.3148975760418427e-07
1.147105591 2.7286385796816464e-08
1.149249714 8.7336794525118e-08
1.151393836 1.4672479978238086e-06
1.153537959 3.5072281260901474e-06
1.155682082 1.0421922542509442e-05
1.157826204 7.474012124070493e-06
1.159970327 2.601660670916617e-06
1.162114449 2.090126017770698e-06
1.164258572 5.534657885029965e-06
1.166402695 1.2634314017533403e-05
1.168546817 2.2555118339462016e-05
1.1706909399999998 2.5018692638712834e-05
1.172835062 1.7670223659284613e-05
1.174979185 1.5176637164215408e-05
1.1771233079999999 1.1592951904171982e-05
1.1792674300000001 1.088923683301739e-05
1.181411553 6.500401660736917e-06
1.183555675 1.0515200650451005e-06
1.1856997980000001 5.935915951812027e-08
1.1878439209999998 1e-08
1.189988043 1.4566411927319676e-08
1.1921321660000002 4.57382759075458e-06
1.1942762889999998 4.901887362813219e-06
1.196420411 5.903916172595248e-06
1.1985645340000002 8.067595000755855e-06
1.200708656 5.046429284400082e-06
1.202852779 5.2272970959080744e-06
1.204996902 1.342140878094839e-06
1.207141024 1.3851362851355063e-06
1.2092851470000001 3.2451293745044777e-06
1.211429269 7.639127771219092e-06
1.213573392 3.543029912669877e-06
1.2157175150000001 2.2381426396624187e-08
1.217861637 1e-08
1.22000576 1.8521699751050273e-07
1.2221498819999999 2.1797538203295077e-06
1.224294005 4.803576351338598e-06
1.226438128 8.339544508303315e-06
1.2285822499999999 7.136589547159754e-06
1.230726373 7.296393978805117e-06
1.2328704949999998 4.9254215824215505e-06
1.235014618 5.711523765454428e-06
1.237158741 3.743452541967131e-06
1.2393028629999998 8.071805946764194e-06
1.241446986 9.125504451942571e-06
1.2435911080000002 1.2205637356374921e-05
1.245735231 9.80620248963297e-06
1.247879354 6.366188915888835e-06
1.250023476 3.234483148894984e-06
1.252167599 5.123972608608856e-06
1.254311721 4.466626138102201e-06
1.256455844 5.304686007220536e-06
1.258599967 6.200459026226189e-06
1.2607440890000001 4.510733078551751e-06
1.262888212 3.7618288526547617e-06
1.265032334 3.8541250469150375e-06
1.267176457 6.533680412302226e-06
1.26932058 2.882827436879331e-06
1.271464702 4.15482501797333e-06
1.273608825 1.9952100072687766e-06
1.275752947 3.1412195296638673e-06
1.27789707 1.0624323026047903e-05
1.280041193 9.950047629463795e-06
1.282185315 5.118270258736677e-06
1.2843294379999999 5.494306855154505e-06
1.28647356 2.660983120456834e-06
1.288617683 1.761620510122968e-06
1.290761806 3.7340947577703327e-06
1.292905928 2.0766238668901225e-06
1.295050051 4.853339938698637e-06
1.297194173 6.991767811485999e-06
1.299338296 4.096406260091588e-06
1.3014824189999998 4.1556367611935704e-07
1.303626541 3.081835016525797e-07
1.305770664 1.0674748774705537e-06
1.307914786 6.098710266402972e-06
1.310058909 3.5892611110141304e-06
1.312203032 2.7246810165491722e-06
1.314347154 1.6224085145494022e-06
1.3164912770000001 1.5118923782523008e-06
1.318635399 4.152574953778972e-06
1.320779522 5.088947963737998e-06
1.3229236450000001 4.195586131514227e-06
1.325067767 4.203868097022827e-06
1.32721189 3.721710270854695e-06
1.3293560119999999 2.191113991974649e-06
1.331500135 3.557920743334579e-06
1.333644258 2.055125772036775e-06
1.3357883799999999 2.3087494394110663e-06
1.337932503 2.977977912436975e-06
1.340076625 5.000409155264939e-06
1.342220748 5.503774392871778e-06
1.344364871 3.94444078454858e-06
1.3465089929999998 2.6954434239157452e-06
1.348653116 5.923010491692072e-07
1.3507972380000002 2.7572762535097376e-06
1.3529413609999998 8.969265406578852e-06
1.355085484 8.760577481406001e-06
1.3572296060000002 6.3912503550903925e-06
1.3593737289999999 6.098705356338731e-06
1.3615178510000001 7.790080086198002e-06
1.363661974 8.98386236232165e-06
1.3658060969999999 1.2519051890270928e-05
1.3679502190000001 1.109880128123023e-05
1.370094342 1.3329124248463813e-05
1.372238464 1.2962507477471408e-05
1.3743825870000002 1.2382984262670949e-05
1.37652671 1.6578535618999518e-05
1.378670832 1.7381038087117663e-05
1.380814955 1.8969511869874646e-05
1.382959077 1.9967279430751243e-05
1.3851032 2.708034714432413e-05
1.387247323 2.9600181577355092e-05
1.389391445 3.6055444390472384e-05
1.3915355680000001 4.389917533959269e-05
1.39367969 4.83141391127298e-05
1.395823813 4.878522351817619e-05
1.397967936 4.881221699239235e-05
1.400112058 5.0354808716048934e-05
1.402256181 5.487684231153846e-05
1.4044003029999998 5.808247190438096e-05
1.406544426 6.253764345608602e-05
1.408688549 6.880235640613098e-05
1.4108326709999999 7.916870617700604e-05
1.412976794 8.575356477724514e-05
1.415120916 9.647203946592081e-05
1.417265039 0.0001137420731585832
1.419409162 0.0001347720702371235
1.421553284 0.0001576786157456665
1.4236974070000001 0.00018267713539979626
1.425841529 0.00020928338057231603
1.427985652 0.00024809578426858144
1.4301297750000002 0.0002980078095612973
1.432273897 0.0003577964891067011
1.43441802 0.0004192268219115863
1.436562142 0.0004886062814231724
1.438706265 0.0005630133260764196
1.440850388 0.0006399769835262613
1.44299451 0.0007133101139876689
1.445138633 0.0007783958375590583
1.447282755 0.0008345548067517856
1.449426878 0.0008772200330784837
1.451571001 0.0009156045379185385
1.453715123 0.0009506615635595718
1.455859246 0.0009816956909888517
1.458003368 0.001000874943144183
1.4601474909999999 0.0010134476179823266
1.462291614 0.0010215213199876434
1.464435736 0.0010293433472204625
1.4665798589999999 0.0010298068423615007
1.4687239810000001 0.0010272431924224464
1.470868104 0.0010234030359705464
1.473012227 0.0010200338992630226
1.4751563490000001 0.0010174790310268445
1.4773004719999998 0.0010158423783594634
1.479444594 0.0010149851873145059
1.4815887170000002 0.0010087852727837653
1.4837328399999998 0.0009984755640653955
1.485876962 0.0009880376204257524
1.4880210850000002 0.0009744651900141531
1.490165207 0.0009606777371997325
1.49230933 0.0009521440602153785
1.494453453 0.0009415655831640751
1.496597575 0.0009291349198927231
1.4987416980000001 0.0009135659656102017
1.50088582 0.0009043350388694782
1.503029943 0.000898148211687761
1.5051740660000001 0.000894950284994415
1.507318188 0.0009024568680390576
1.509462311 0.00091091711199223
1.5116064329999999 0.0009176284896523629
1.513750556 0.0009258789771922264
1.515894679 0.000932050592735485
1.5180388009999999 0.0009345804716147817
1.520182924 0.0009319863221523199
1.522327046 0.000930174663301308
1.524471169 0.0009304226470990899
1.526615292 0.0009279142577855863
1.528759414 0.0009258573808504532
1.530903537 0.0009249892570926444
1.5330476590000002 0.0009187490845826658
1.535191782 0.0009134290267553473
1.537335905 0.0009108807630155384
1.539480027 0.0009046880304956096
1.54162415 0.0008964434852596248
1.543768272 0.0008852829647553701
1.545912395 0.0008795154463273443
1.548056518 0.0008748898889388744
1.5502006400000001 0.0008696277311956751
1.552344763 0.0008633986216875866
1.554488885 0.0008562212865478254
1.556633008 0.0008463929786765356
1.558777131 0.0008414354497924463
1.560921253 0.0008389862369622914
1.563065376 0.0008353750421325919
1.565209498 0.0008327252052334875
1.567353621 0.0008308721561032846
1.569497744 0.0008281543830516985
1.571641866 0.000824024810185179
1.5737859889999999 0.0008180361091526793
1.575930111 0.0008148048183224433
1.578074234 0.0008107137317379842
1.580218357 0.000803477557575427
1.582362479 0.0008002699316211735
1.5845066019999998 0.0007985318736111613
1.586650724 0.0007961094677440882
1.588794847 0.0007931717916520885
1.5909389699999998 0.0007898287377802608
1.593083092 0.0007834919840266273
1.595227215 0.0007774081492829275
1.597371337 0.000771866329944087
1.5995154600000001 0.0007675181212438292
1.6016595830000002 0.0007618561665257413
1.603803705 0.0007485396104685378
1.6059478280000001 0.0007385908137257977
1.60809195 0.0007311199292161642
1.610236073 0.0007233073537249125
1.6123801960000002 0.0007149562249286801
1.614524318 0.0007055531540541122
1.616668441 0.0006945834003683428
1.6188125629999999 0.0006835070788415086
1.620956686 0.0006754993039203963
1.623100809 0.0006687684984218099
1.625244931 0.0006633966372125973
1.627389054 0.0006524661091327022
1.6295331759999998 0.000641133028068959
1.631677299 0.0006317173343768644
1.633821422 0.00062251709081267
1.6359655439999998 0.0006135237167892354
1.638109667 0.0006088603514539523
1.6402537890000002 0.0006043973187971822
1.6423979119999998 0.0005992841171580002
1.644542035 0.0005953010885582601
1.646686157 0.0005920582341980854
1.6488302799999999 0.0005890629621158982
1.6509744020000001 0.0005852198917380065
1.653118525 0.0005790636721513078
1.655262648 0.0005758289064986491
1.6574067700000001 0.0005745049311178316
1.659550893 0.0005710012225082815
1.661695015 0.0005678920953525394
1.663839138 0.0005664081999734636
1.665983261 0.00056424667651219
1.668127383 0.0005615749430919894
1.670271506 0.0005627370561961227
1.672415628 0.0005655075374007629
1.674559751 0.000573211458119734
1.676703874 0.0005809728334215319
1.678847996 0.0005888055371934634
1.680992119 0.0005943809511262621
1.683136241 0.0005991031836204613
1.685280364 0.0006005310398280709
1.687424487 0.0006028428153186797
1.689568609 0.0006068440594952643
1.691712732 0.0006038972211854634
1.693856854 0.0005968583211955242
1.696000977 0.000582691855282898
1.6981450999999999 0.000565941079659706
1.700289222 0.0005395053486054143
1.702433345 0.0005086658844606934
1.704577467 0.0004727579167169967
1.7067215900000001 0.00043536302939789224
1.708865713 0.0003993506665518331
1.711009835 0.00035858724247953575
1.7131539580000001 0.0003212373967678788
1.71529808 0.0002861726755936242
1.717442203 0.00025287057573760276
1.7195863260000002 0.00022115370465806156
1.721730448 0.00019244522456686068
1.723874571 0.00016709494016019626
1.7260186929999999 0.00014158874099316773
1.728162816 0.00011988621616459412
1.730306939 0.0001020264413637663
1.732451061 8.793919962591835e-05
1.734595184 7.758248062952608e-05
1.736739306 6.854523975908695e-05
1.738883429 6.0545346682199235e-05
1.741027552 5.2135276446470046e-05
1.7431716739999998 4.463081917391463e-05
1.745315797 3.049464760577688e-05
1.747459919 2.1675641494819573e-05
1.7496040419999999 1.8140579232335506e-05
1.751748165 1.4787304718144073e-05
1.753892287 1.1269628105123363e-05
1.7560364099999999 5.510188851851136e-06
1.7581805320000001 4.201389687052131e-06
1.7603246549999998 2.479958597856149e-06
1.762468778 1.44775208684815e-06
1.7646129000000002 9.17440980380842e-07
1.7667570229999998 3.043807378662279e-06
1.768901145 5.0639140603984135e-06
1.7710452680000002 6.552494361919083e-06
1.7731893909999998 5.70568370570897e-06
1.775333513 5.3133936542259205e-06
1.777477636 4.761767659473245e-06
1.779621758 4.35473483760105e-07
1.781765881 6.195432798358405e-07
1.783910004 1.3228056603218448e-06
1.786054126 2.113194447960422e-06
1.7881982490000001 1.825147092593873e-06
1.790342371 2.0212148102071296e-06
1.792486494 2.374361082648743e-06
1.794630617 3.2929736584056864e-06
1.796774739 3.6707703701666956e-06
1.798918862 3.2283714750418157e-06
1.8010629839999999 1.3990786276856788e-06
1.803207107 9.633633281363464e-07
1.80535123 1.4974188164865206e-06
1.8074953519999999 1.6681823303994072e-06
1.809639475 1.296875161202907e-06
1.811783597 1.7471560403036722e-07
1.81392772 5.501613073553142e-07
1.816071843 1.215278230713367e-06
1.818215965 1.5152932124158566e-06
1.820360088 1.3952845220440645e-06
1.82250421 1.2390129093046426e-06
1.824648333 6.44777017456831e-08
1.826792456 1e-08
1.828936578 1e-08
1.831080701 1.2457069060136862e-08
1.8332248230000001 1.868205986263032e-07
1.835368946 2.541974774460951e-06
1.837513069 2.8650781325928585e-06
1.839657191 3.376657699625508e-06
1.841801314 4.396547642862234e-06
1.843945436 5.030471336426035e-06
1.846089559 4.643684277322386e-06
1.848233682 9.011005254685554e-07
1.850377804 1.769298299479213e-07
1.852521927 8.347951936647241e-07
1.854666049 1.6635340372679876e-06
1.8568101719999999 3.8876640940093733e-07
1.858954295 2.0290858351497326e-08
1.861098417 2.3320482024062818e-08
1.86324254 2.7602706478914116e-07
1.865386662 1.0407933523987055e-06
1.867530785 1.6072221931193444e-06
1.869674908 1.9099349601694298e-06
1.8718190300000002 2.7999548904203112e-06
1.8739631529999998 3.030355450687993e-06
1.876107275 2.722766996434171e-06
1.8782513980000002 1.8945776581362246e-06
1.8803955209999998 1.4145516124858382e-06
1.882539643 1.0235390377200403e-06
1.8846837660000002 1.246993611538196e-06
1.886827888 2.0013841447727345e-07
1.8889720110000001 6.275256179683488e-07
1.891116134 2.305379631552873e-06
1.893260256 3.961195489580925e-06
1.8954043790000001 3.7752901090017137e-06
1.897548501 2.747873118233109e-06
1.899692624 1.8816971289081124e-06
1.9018367470000002 1.4775951074075965e-06
1.903980869 2.8690352873907256e-07
1.906124992 2.1905953733594976e-08
1.9082691139999999 2.2995935735856758e-08
1.910413237 2.1589993801898413e-07
1.91255736 8.505797993555597e-07
1.914701482 1.524082967926214e-06
1.916845605 9.602238569302133e-07
1.9189897269999998 2.5877763777961786e-07
1.92113385 7.045443603577991e-08
1.923277973 2.58150729273656e-07
1.9254220949999998 3.3947159222228893e-07
1.927566218 2.580692280474169e-08
1.9297103400000002 1.2120222267599412e-08
1.9318544629999999 2.608713707377279e-08
1.933998586 3.729636681572076e-08
1.936142708 1.5301774101716803e-08
1.9382868309999999 1.5743225729516198e-08
1.9404309530000001 1.5683196521465164e-07
1.942575076 1.3045437755407664e-06
1.944719199 1.7587187104649405e-06
1.9468633210000001 2.4745472571682788e-06
1.949007444 2.1841152815900324e-06
1.951151566 2.330419199761797e-06
1.953295689 1.0270325132267788e-06
1.955439812 1.2975557292073281e-06
1.957583934 1.643692855173373e-07
1.959728057 5.101581367165231e-07
1.961872179 1.2025313849266122e-06
1.964016302 1.9325627669850194e-06
1.966160425 1.0584838261554205e-06
1.968304547 1.3091200278623206e-06
1.97044867 2.0223752506728327e-06
1.972592792 3.052469212049658e-06
1.974736915 3.922613125888234e-06
1.976881038 4.029719585551721e-06
1.97902516 4.27074078764569e-06
1.981169283 4.896958144187569e-06
1.983313406 5.479330166255253e-06
1.985457528 5.2937815258906135e-06
1.9876016509999999 5.114794360346137e-06
1.989745773 3.93640601341339e-06
1.991889896 3.0265262191865544e-06
1.9940340189999999 3.0118761980623113e-06
1.9961781410000001 3.3092041574687033e-06
1.998322264 3.017979002766635e-06
2.0004663860000003 2.6393283236876025e-06
2.002610509 2.1468045036941e-06
2.004754632 1.5918764547584995e-06
2.006898754 5.340139891316185e-07
2.009042877 4.1005595626702634e-08
2.011186999 1.156454220910282e-08
2.013331122 7.614073720793999e-08
2.015475245 9.882038245988426e-07
2.017619367 1.7798244114480019e-06
2.01976349 3.149294090125949e-06
2.021907612 4.517836694883729e-06
2.024051735 6.038702608858093e-06
2.026195858 4.78475390978001e-06
2.02833998 4.397608152180502e-06
2.030484103 1.6259782892263673e-06
2.032628225 8.194928358362493e-08
2.034772348 1e-08
2.036916471 1e-08
2.039060593 1e-08
2.0412047159999998 1e-08
2.043348838 1e-08
2.045492961 1e-08
2.0476370839999998 1e-08
2.049781206 1.5433419154722054e-08
2.0519253290000004 9.878662763515845e-08
2.0540694509999997 7.233721799034375e-07
2.056213574 1.1839384777569926e-06
2.058357697 1.939047607109369e-06
2.060501819 2.3130513501798105e-06
2.062645942 2.6662386252291404e-06
2.064790064 2.5392208472705877e-06
2.0669341869999998 2.1702306605297554e-06
2.06907831 2.0829191480937704e-06
2.071222432 2.535884317002914e-06
2.073366555 3.7920489556546282e-06
2.075510677 2.698699483035891e-06
2.0776548 2.488546939034996e-06
2.079798923 2.2955768181396525e-06
2.081943045 2.106248204653761e-06
2.084087168 5.068402437143323e-07
2.08623129 3.77037387795977e-08
2.088375413 1e-08
2.090519536 1e-08
2.0926636579999998 1e-08
2.094807781 4.308950157049963e-08
2.0969519030000003 5.4808722860813e-07
2.0990960260000002 1.8806112568286862e-06
2.101240149 2.1263829952485063e-06
2.103384271 2.4565011606992897e-06
2.105528394 3.0406329160895828e-06
2.107672516 3.762875635055355e-06
2.109816639 1.5407704652197407e-06
2.1119607620000003 5.635699075733948e-07
2.114104884 4.3730406720672973e-07
2.116249007 6.095520368795481e-07
2.118393129 4.915706428072103e-07
2.120537252 5.444090208192417e-08
2.122681375 1.1389381744172101e-08
2.124825497 1e-08
2.1269696199999997 1e-08
2.129113742 1e-08
2.1312578650000003 1e-08
2.133401988 1e-08
2.1355461100000004 1e-08
2.137690233 1e-08
2.139834355 1e-08
2.141978478 1e-08
2.144122601 1e-08
2.146266723 1e-08
2.1484108460000004 1e-08
2.150554968 3.5796885373495306e-08
2.152699091 3.047074837008464e-07
2.154843214 2.7536919028008186e-07
2.1569873360000003 3.3104919121512887e-08
2.159131459 1.0594307308283667e-08
2.161275581 2.5184353932388192e-08
2.163419704 9.377881920630071e-08
2.165563827 6.778100044760547e-08
2.167707949 1.4120547687402916e-07
2.1698520720000003 3.8705548768933136e-07
2.1719961939999997 5.053920330021282e-08
2.174140317 1.1742340956445036e-08
2.17628444 2.7165150761950046e-08
2.178428562 2.0189405534295248e-07
2.180572685 3.8313525478951943e-07
2.182716807 4.6448953584041535e-08
2.1848609299999997 1.0883969088369607e-08
2.187005053 3.4242950805526455e-08
2.189149175 2.9797556129291094e-07
2.191293298 1.249857345656108e-06
2.1934374200000004 1.5865053561469074e-06
2.195581543 2.013636040665604e-06
2.1977256659999997 1.659686711178909e-06
2.199869788 1.524337387000803e-06
2.202013911 6.502780498115654e-07
2.204158033 7.071574454160902e-08
2.206302156 1.0435007477625538e-08
2.208446279 1e-08
2.210590401 1e-08
2.212734524 1.164621262806843e-08
2.2148786460000003 1.837151377701491e-08
2.217022769 3.414679428593383e-08
2.219166892 8.857716992020289e-08
2.221311014 2.4350867856081216e-07
2.2234551369999997 5.538547955811131e-07
2.225599259 1.188911701215113e-06
2.2277433820000003 3.5157959187785475e-06
2.229887505 2.2733376364052223e-06
2.232031627 1.478853047780476e-06
2.23417575 1.209503283017436e-06
2.236319872 1.4508449092290128e-06
2.238463995 3.047069278075938e-06
2.240608118 3.0559481089922058e-06
2.2427522399999997 3.3719583329144607e-06
2.2448963629999996 3.570580002647992e-06
2.247040485 2.9048795611400287e-06
2.249184608 2.706822010109426e-06
2.251328731 1.8569905824361808e-06
2.2534728530000003 1.7386761792889323e-06
2.2556169759999998 2.05986231231712e-06
2.257761098 1.18487169594607e-06
2.259905221 6.861256871978427e-07
2.2620493440000002 3.874814024838235e-07
2.264193466 2.1480723940941151e-07
2.2663375890000004 1.205244554754594e-07
2.2684817109999997 3.7465321264315034e-08
2.270625834 1.4695967784248662e-08
2.272769957 1.9971574390019224e-08
2.274914079 2.3820371002314373e-07
2.277058202 3.313116708020144e-06
2.279202324 4.95234058042856e-06
2.2813464469999998 3.3225322154544844e-06
2.28349057 2.2125734221904796e-06
2.285634692 2.109569683997241e-06
2.2877788150000002 2.7846688918233877e-06
2.2899229369999996 3.4715271363360615e-06
2.29206706 3.947451628955615e-06
2.294211183 4.606490698567663e-06
2.296355305 4.839641305269937e-06
2.298499428 5.6441350395949225e-06
2.3006435499999998 7.709582000392751e-06
2.3027876729999996 8.047740833408453e-06
2.304931796 8.401412239870078e-06
2.307075918 4.818031239481855e-06
2.309220041 3.0541306757953865e-06
2.3113641630000004 2.3536248416742865e-06
2.3135082860000002 2.702794675874509e-06
2.3156524089999997 3.3406320282545355e-06
2.317796531 3.981087406287232e-06
2.319940654 3.550204918520345e-06
2.322084776 3.6608039888600356e-06
2.3242288990000004 5.055845920047005e-06
2.3263730220000003 6.424687856592964e-06
2.328517144 8.441052056989324e-06
2.330661267 7.86830494551605e-06
2.3328053890000002 7.337427197531919e-06
2.334949512 7.258718203317382e-06
2.337093635 7.023688646521007e-06
2.339237757 7.245359783903611e-06
2.3413818799999997 7.4905175216387035e-06
2.343526002 7.737788228889901e-06
2.3456701250000003 8.976767773137424e-06
2.347814248 9.724532444188263e-06
2.34995837 8.354323466366258e-06
2.352102493 7.2028184345232415e-06
2.354246615 7.33363408956333e-06
2.356390738 7.644920292861018e-06
2.358534861 7.297558305089736e-06
2.3606789829999997 5.595757464701937e-06
2.362823106 5.054535336288427e-06
2.364967228 4.8296387185173994e-06
2.367111351 4.889059790211084e-06
2.369255474 4.949144671510272e-06
2.3713995960000003 4.696892401494821e-06
2.3735437189999997 4.287563337534367e-06
2.375687841 3.914434424319142e-06
2.377831964 4.541347708518922e-06
2.379976087 5.506376103815085e-06
2.382120209 6.635705462391784e-06
2.3842643320000003 7.213439352322736e-06
2.3864084539999997 7.863984233388212e-06
2.388552577 8.402705204399544e-06
2.3906967 8.350479601573197e-06
2.392840822 8.345291790685895e-06
2.394984945 8.684187772722769e-06
2.397129067 9.554567070089604e-06
2.3992731899999997 1.117335770692528e-05
2.401417313 1.1718473798221379e-05
2.403561435 1.0532858333210565e-05
2.405705558 9.715479681973912e-06
2.40784968 9.736160773121253e-06
2.409993803 9.927678857665718e-06
2.4121379259999998 1.0122755813856192e-05
2.414282048 9.288902154668061e-06
2.416426171 8.525398610338268e-06
2.418570293 7.978556744770819e-06
2.4207144159999996 8.708583127128444e-06
2.422858539 1.000139378686019e-05
2.425002661 1.1269667792174689e-05
2.427146784 9.285112190938533e-06
2.4292909060000003 7.954423525920794e-06
2.431435029 6.757349768131039e-06
2.4335791519999996 5.648635313041965e-06
2.435723274 4.799970304967751e-06
2.4378673969999998 5.0101841501892265e-06
2.440011519 6.537008748669712e-06
2.4421556420000003 8.764198539276844e-06
2.4442997650000002 7.15539910058145e-06
2.446443887 6.332276890651791e-06
2.44858801 6.452119506070131e-06
2.450732132 6.9190348049260634e-06
2.452876255 7.590024095895216e-06
2.455020378 8.502685687103462e-06
2.4571644999999998 7.154434021226759e-06
2.459308623 5.561188914562529e-06
2.461452745 4.36794113308423e-06
2.463596868 4.97310154568043e-06
2.465740991 6.149627485195549e-06
2.467885113 7.60278541393403e-06
2.470029236 8.028206515154488e-06
2.472173358 8.289649194948135e-06
2.474317481 8.559258483602975e-06
2.4764616040000003 7.47481173110364e-06
2.4786057259999996 6.438988197924484e-06
2.480749849 5.547891160740094e-06
2.4828939709999998 5.709474602491393e-06
2.485038094 5.919487851351131e-06
2.487182217 6.136938676550293e-06
2.489326339 5.339852849577178e-06
2.491470462 4.634553657314902e-06
2.493614584 4.023268158979056e-06
2.495758707 4.767080902674171e-06
2.49790283 9.464915469487853e-06
2.500046952 7.719063915969932e-06
2.5021910750000003 1.7453149560873574e-05
2.5038318559999997 1.751117351676551e-05
2.505183087 3.947068876180616e-06
2.506534319 1.5450950746184325e-05
2.50788555 1.34465483333296e-05
2.509236782 1.6834037061373293e-05
2.510588013 1.4094858545295542e-05
2.511939244 1.389765044563759e-05
2.5132904760000003 1.6111595543359624e-05
2.514641707 1.642833411052489e-05
2.515992939 1.7879489005338273e-05
2.51734417 1.346918191266893e-05
2.5186954019999996 2.8363477491643307e-05
2.5200466329999998 1.72083496403544e-05
2.521397865 2.1023845654455246e-05
2.522749096 1.3958004795703464e-05
2.524100327 2.141763149742969e-05
2.525451559 1.9717971737416358e-05
2.52680279 1.8592771437225316e-05
2.5281540220000003 1.1265116109001653e-05
2.529505253 1.885356946832697e-05
2.5308564849999997 9.260190105763382e-06
2.532207716 1.7178564217972054e-05
2.533558948 1.5031885810889436e-05
2.534910179 1.9154618033796974e-05
2.5362614100000003 1.646234404662542e-05
2.537612642 2.2483330422056674e-05
2.538963873 2.3720288944080827e-05
2.5403151050000004 5.893933111609351e-06
2.5416663359999996 7.773185250153301e-06
2.5430175680000002 1.4044923690605526e-05
2.544368799 1.7130850693968526e-05
2.54572003 6.83952832154797e-06
2.547071262 8.865152100351954e-06
2.548422493 5.93823774016985e-06
2.549773725 1.7266344025862838e-05
2.551124956 2.1914171858739622e-05
2.552476188 1.7552644463827065e-05
2.553827419 2.016843956920303e-05
2.5551786510000003 1.5674651677498788e-05
2.556529882 8.060340913774198e-06
2.557881113 1.0356548474106058e-05
2.559232345 1.5807341033035456e-05
2.560583576 1.746001957189404e-05
2.561934808 2.7910499374544776e-05
2.5632860390000003 2.035560348427606e-05
2.564637271 1.3108094924899842e-05
2.565988502 1.2430929929415242e-05
2.567339733 9.75926976082447e-06
2.5686909649999996 1.3251971536001622e-05
2.5700421959999997 1.1834476381112023e-05
2.571393428 1.2272048362960584e-05
2.572744659 1.4480961755124406e-05
2.574095891 1.7065923013832636e-05
2.575447122 1.5458833576581174e-05
2.576798354 1.4386372468201167e-05
2.5781495850000002 2.196492945549199e-05
2.5795008160000004 1.967124337665571e-05
2.580852048 1.6714593138995947e-05
2.582203279 2.1250818324295918e-05
2.583554511 1.8691569221233094e-05
2.584905742 1.3954085728297412e-05
2.586256974 2.0052408507188922e-05
2.587608205 1.5787622034946395e-05
2.588959437 2.1661889138717498e-05
2.590310668 2.5258914859349963e-05
2.591661899 1.9650306947019454e-05
2.593013131 1.1623644452944128e-05
2.594364362 7.392068280340173e-06
2.5957155939999996 1.5559681023624824e-05
2.5970668249999997 1.8729740486425957e-05
2.598418057 2.0963349315775093e-05
2.599769288 1.3460009859184053e-05
2.601120519 1.4645139228246414e-05
2.602471751 1.0509543944292637e-05
2.603822982 1.8086527144018733e-05
2.6051742140000003 1.620197561343526e-05
2.6065254450000004 9.121240628339995e-06
2.607876677 1.2423883722936932e-05
2.609227908 9.411850114765553e-06
2.61057914 1.8149681546801423e-05
2.611930371 2.0814119533040378e-05
2.613281602 1.5742213943970568e-05
2.614632834 1.2652392095635469e-05
2.615984065 1.6151571867690265e-05
2.617335297 1.5690707593931918e-05
2.618686528 1.7653387430261564e-05
2.62003776 1.453777819934221e-05
2.621388991 1.7365665810032074e-05
2.622740222 1.5383927817770145e-05
2.6240914539999998 1.6037895290276406e-05
2.625442685 9.922003094735684e-06
2.626793917 7.26419431382798e-06
2.628145148 1.6967544093770088e-05
2.62949638 2.7761781720836558e-05
2.630847611 2.2147067540170603e-05
2.6321988430000003 2.3561144985606383e-05
2.6335500740000004 1.7632919953884003e-05
2.634901305 2.2509222015738446e-05
2.636252537 2.3388560824957262e-05
2.637603768 2.7842950348504893e-05
2.6389549999999997 1.653263267014984e-05
2.640306231 9.957208569507702e-06
2.641657463 6.8212284408220385e-06
2.643008694 1.8137324811611258e-05
2.6443599250000003 1.7057028977464206e-05
2.645711157 1.945429336360444e-05
2.6470623879999997 2.0437755823694574e-05
2.64841362 2.064429997450419e-05
2.649764851 1.7333472201701675e-05
2.651116083 6.561658529824919e-06
2.652467314 9.703146901030962e-06
2.653818546 1.3257942866339197e-05
2.6551697770000002 8.479301870405759e-06
2.6565210080000004 8.17868317728317e-06
2.65787224 1.3031065941166645e-05
2.659223471 2.5517645292276492e-05
2.6605747030000004 1.6428131781598105e-05
2.6619259339999997 1.2386213407627918e-05
2.663277166 2.1287609398595477e-05
2.664628397 2.183050377011526e-05
2.6659796289999997 1.9913445490162538e-05
2.66733086 1.5411785735189307e-05
2.668682091 1.4969376972189245e-05
2.670033323 1.3543741086574583e-05
2.6713845540000003 1.3286562097102114e-05
2.672735786 1.2005604366093003e-05
2.6740870169999997 1.683926149228832e-05
2.675438249 2.2491574792609246e-05
2.67678948 1.8264556269120424e-05
2.678140711 1.959352398284251e-05
2.679491943 2.15894948015873e-05
2.680843174 1.8137925831259936e-05
2.6821944060000003 2.4887905702004874e-05
2.6835456370000004 1.9102325344753187e-05
2.684896869 1.7485274542865014e-05
2.6862481 1.8263368168267284e-05
2.6875993319999996 1.3593221904679065e-05
2.6889505629999997 1.7020861406878868e-05
2.690301794 1.0473729090708877e-05
2.691653026 1.5775898573682676e-05
2.693004257 1.6355065292802186e-05
2.694355489 1.9720126846048718e-05
2.69570672 1.5186505280926205e-05
2.697057952 1.1932694027475559e-05
2.6984091830000003 1.4097763982379337e-05
2.699760414 1.026341198272161e-05
2.7011116459999998 1.6758019337924187e-05
2.702462877 1.9048847064801654e-05
2.703814109 2.1055205694160717e-05
2.70516534 1.300103383302827e-05
2.706516572 8.951048380994335e-06
2.707867803 8.182883146972382e-06
2.7092190350000003 1.5314364153220195e-05
2.7105702660000004 1.329885583561055e-05
2.7119214969999996 1.3431743751852456e-05
2.713272729 1.541514950797342e-05
2.71462396 1.1324135484433162e-05
2.7159751919999997 6.351061647272801e-06
2.717326423 8.267669008574105e-06
2.718677655 1.6414000341898126e-05
2.720028886 1.3353454146648889e-05
2.7213801170000003 9.501273944171092e-06
2.722731349 1.2906492264666165e-05
2.7240825799999997 1.0921739916059262e-05
2.7254338120000003 1.3934629475503444e-05
2.726785043 1.4320353110708269e-05
2.7281362749999998 4.8785244619574976e-06
2.729487506 1.0409241663792849e-05
2.730838738 9.985882664638711e-06
2.732189969 7.766365620673488e-07
2.7335412000000003 1.7739245268671067e-06
2.734892432 2.8626395284624937e-06
2.736243663 6.1843784345308296e-06
2.737594895 1.1796065843029732e-05
2.7389461259999996 6.645428818846004e-06
2.740297358 3.4981883645020076e-06
2.741648589 4.451672935843481e-06
2.7429998209999997 1.3055685085461201e-05
2.744351052 5.55179683365018e-06
2.745702283 5.682041723228089e-06
2.747053515 8.188224984589471e-06
2.7484047460000003 4.948759795151055e-06
2.749755978 6.947468191404414e-06
2.7511072089999997 7.042130609596739e-06
2.7524584410000004 3.517763740055217e-06
2.753809672 9.303282097234611e-07
2.755160903 8.697408915280107e-06
2.756512135 9.580347219779917e-06
2.757863366 7.598693690262065e-06
2.7592145980000002 5.742708025728721e-06
2.760565829 5.939693609784296e-06
2.761917061 9.59330977824412e-06
2.7632682920000002 5.098030750870509e-07
2.764619524 5.516393759215831e-08
2.7659707549999997 5.863320631484919e-06
2.767321986 4.866130178106779e-06
2.768673218 1.8516326493140116e-06
2.770024449 4.333276133489732e-06
2.771375681 6.073900282804907e-06
2.772726912 4.8206309216023e-06
2.774078144 8.568960624103857e-07
2.7754293750000003 4.485796818966342e-06
2.776780606 4.420162747586908e-06
2.7781318379999997 1.228510518460448e-07
2.779483069 5.2386932332868526e-08
2.780834301 4.317624893154896e-08
2.782185532 1.1346863521660093e-05
2.783536764 1.6068062714575708e-06
2.784887995 1.2588408494044101e-06
2.786239227 3.192041115799625e-06
2.787590458 2.220437928225265e-06
2.788941689 5.783086431004177e-06
2.7902929210000003 9.435534936144804e-07
2.791644152 1.0520046839422212e-06
2.7929953839999997 3.407001976452522e-06
2.794346615 2.6866708364466485e-07
2.795697847 5.176167430809963e-06
2.797049078 8.446764049365622e-06
2.7984003090000003 1.5559990174104058e-06
2.799751541 1.1501708171805634e-06
2.801102772 1e-08
2.8024540040000003 1e-08
2.803805235 8.94422239725701e-07
2.8051564669999998 6.367054054961434e-06
2.806507698 6.609623536640595e-06
2.80785893 5.978668727564813e-06
2.8092101609999998 2.58124876561545e-06
2.810561392 3.4991693244281468e-06
2.811912624 2.0442109410414407e-06
2.813263855 5.903552847328427e-06
2.814615087 5.870798770472224e-06
2.8159663179999996 4.101540706721195e-06
2.8173175500000003 2.3441343607887023e-06
2.818668781 7.73710917130081e-06
2.8200200129999997 2.793549723799013e-06
2.821371244 1.5464601590446728e-08
2.822722475 1e-08
2.824073707 2.924303101749512e-06
2.8254249380000003 4.2093236623445935e-06
2.82677617 7.0732825101774195e-06
2.828127401 3.827498801266835e-06
2.8294786330000004 3.755720973249526e-06
2.830829864 9.394352799622702e-06
2.8321810949999997 8.017240648469765e-06
2.833532327 1.4201173734569385e-06
2.834883558 3.340845670637702e-06
2.83623479 7.722436874894396e-06
2.837586021 7.049591219880942e-06
2.838937253 1.0210325610123993e-07
2.8402884840000002 2.7193165592527224e-06
2.841639716 2.2744750114082352e-06
2.8429909469999997 3.4847705747683998e-06
2.8443421779999998 3.3356126276475317e-06
2.84569341 3.532418539571182e-06
2.847044641 1.1406245434565299e-08
2.848395873 2.975271659485794e-07
2.849747104 1.2919224053570263e-07
2.851098336 9.17033315141241e-07
2.8524495670000003 3.0589355050540657e-06
2.8538007980000004 4.108752517366973e-06
2.85515203 4.1715776648914623e-07
2.856503261 1e-08
2.8578544929999996 1e-08
2.8592057239999997 9.975787561047408e-08
2.860556956 7.190778777885456e-07
2.861908187 1e-08
2.863259419 1e-08
2.86461065 1.8126379774734034e-08
2.865961881 1.0154323493237272e-08
2.8673131130000002 1e-08
2.868664344 1e-08
2.8700155759999997 1.244741077570584e-08
2.871366807 1.671261049032152e-08
2.872718039 1e-08
2.87406927 4.959920503193001e-07
2.8754205010000002 8.968989652288953e-08
2.876771733 1e-08
2.878122964 1e-08
2.8794741960000003 1.3484171032778704e-06
2.8808254270000004 1e-08
2.882176659 1e-08
2.88352789 1e-08
2.8848791219999996 1e-08
2.8862303529999997 1e-08
2.887581584 1e-08
2.888932816 1e-08
2.890284047 1e-08
2.891635279 3.1056678728950425e-06
2.89298651 4.286498899974816e-06
2.8943377420000003 1.5599073070025392e-06
2.895688973 1.9420745846957257e-07
2.8970402049999997 1e-08
2.898391436 1e-08
2.899742667 1.7283320415495176e-06
2.901093899 1.715512712582759e-08
2.9024451300000003 1e-08
2.903796362 1e-08
2.905147593 1e-08
2.9064988250000003 4.004216395171772e-08
2.907850056 1e-08
2.9092012869999997 1e-08
2.910552519 1e-08
2.91190375 1.1822557878737647e-08
2.9132549819999998 5.913661973971425e-07
2.914606213 1.998356677860272e-06
2.915957445 7.656367270989255e-06
2.917308676 5.115259326107244e-08
2.918659908 1e-08
2.920011139 1e-08
2.9213623699999998 1e-08
2.922713602 1.4478658554537872e-06
2.924064833 3.898475226342731e-06
2.925416065 5.748180065622163e-06
2.926767296 5.1120946065616725e-06
2.928118528 4.96403202946618e-06
2.9294697590000003 1.6266457489099715e-06
2.93082099 1.1255800732798257e-08
2.932172222 3.704598944571e-06
2.933523453 1.051299874876661e-05
2.934874685 7.162702245515166e-06
2.9362259159999997 1.2342492884482258e-05
2.937577148 4.999855020736734e-06
2.938928379 3.4850764610609376e-06
2.940279611 8.699068010448807e-06
2.941630842 1.6042997517912343e-05
2.942982073 4.417275359367218e-06
2.9443333050000002 3.5924477033865304e-06
2.9456845360000004 4.621339428767145e-06
2.947035768 6.666400353779394e-06
2.948386999 5.514979388623678e-06
2.949738231 7.485400413448231e-06
2.951089462 1.3258481801650916e-05
2.952440694 1.210137945005742e-05
2.953791925 4.2587431482258755e-06
2.955143156 7.184555786146955e-06
2.956494388 9.604157399314544e-06
2.957845619 5.2200590200986855e-06
2.959196851 4.32443906038886e-06
2.960548082 7.551212287438509e-06
2.9618993139999996 9.782621808144041e-06
2.9632505449999997 7.494448631637408e-06
2.964601776 3.7209428352442956e-06
2.965953008 8.600291308461798e-06
2.967304239 9.407131615307833e-06
2.968655471 8.601062797909484e-06
2.970006702 6.881796790477486e-06
2.9713579340000003 1.3098356788661912e-05
2.9727091650000004 7.484914477220037e-06
2.974060397 4.185276953907112e-06
2.975411628 3.016341793697489e-06
2.976762859 7.142172167543013e-06
2.978114091 7.396195452778761e-06
2.979465322 1.3657927439678905e-06
2.980816554 2.0939808844414044e-06
2.982167785 8.005768339932997e-06
2.983519017 2.6695537144947094e-06
2.984870248 3.820420124633324e-07
2.9862214789999997 7.982515873419907e-08
2.987572711 6.575915444040999e-06
2.988923942 1.409601112274745e-05
2.9902751739999998 1.4733211860333204e-05
2.991626405 1.672876635989919e-05
2.992977637 1.9213111050297874e-05
2.994328868 1.3252378884511977e-05
2.9956801 6.013104105826317e-06
2.997031331 3.7207166597764825e-06
2.9983825619999998 7.077111617446546e-06
2.9997337940000004 1.0600533963402914e-05
3.001085025 1.369003949926548e-05
3.002436257 1.4873341761643003e-05
3.003787488 1.786661397998209e-05
3.0051387199999997 1.3431361065940471e-05
3.006489951 6.847196562567198e-06
3.007841182 2.0358259702669175e-06
3.009192414 8.854587496243413e-06
3.0105436450000003 1.5186014022564922e-05
3.011894877 1.6689956002744892e-05
3.0132461079999997 1.605256129288921e-05
3.01459734 1.6533115623237346e-05
3.015948571 1.836843374400269e-05
3.017299803 1.775570170133273e-05
3.018651034 1.569666490828031e-05
3.020002265 1.5227219749107533e-05
3.021353497 1.44688019129696e-05
3.0227047280000003 1.138129333100958e-05
3.02405596 6.885576840845987e-06
3.0254071909999998 9.730350855481172e-06
3.0267584230000004 1.5196899069993847e-05
3.0281096539999997 1.7764201178128282e-05
3.029460886 1.5499587378157962e-05
3.030812117 9.787715691828545e-06
3.032163348 7.75724315547939e-06
3.03351458 1.2302040248822921e-05
3.034865811 1.0891445452704382e-05
3.036217043 7.037060366637777e-06
3.0375682740000003 1.0007547141572854e-05
3.038919506 1.2648203113913909e-05
3.0402707369999997 1.1773813695377008e-05
3.041621968 1.4786993617052784e-05
3.0429732 1.6765003330277392e-05
3.044324431 1.5816560950268653e-05
3.045675663 1.3662632940366731e-05
3.047026894 1.3438419977602929e-05
3.0483781260000002 2.190996733652819e-05
3.0497293570000004 1.730796748553733e-05
3.051080589 1.7173485840499816e-05
3.05243182 1.283781533785456e-05
3.053783051 1.3085100910249862e-05
3.0551342829999997 1.5067724844308754e-05
3.056485514 1.4989255013900125e-05
3.057836746 1.8421073983379033e-05
3.059187977 1.6796839739015875e-05
3.060539209 1.8386989783740513e-05
3.06189044 2.2634708829615792e-05
3.063241671 2.3963082375161286e-05
3.0645929030000003 2.1607661114339043e-05
3.065944134 1.5023374987965597e-05
3.0672953659999997 1.1489280123869062e-05
3.068646597 1.3833862145895875e-05
3.069997829 1.6111563680870852e-05
3.07134906 1.6762149971714338e-05
3.072700292 1.630781969228332e-05
3.074051523 1.7702656251784157e-05
3.075402754 1.5990671657832614e-05
3.0767539860000004 2.1156733359522854e-05
3.0781052169999996 2.2669866569313478e-05
3.079456449 2.093407259943599e-05
3.08080768 2.2178865270484837e-05
3.0821589119999997 2.0924308748048512e-05
3.083510143 1.7543816472672445e-05
3.084861374 2.0589663135580236e-05
3.086212606 2.347766384294778e-05
3.0875638370000003 2.6992430972214037e-05
3.088915069 2.6326104746240536e-05
3.0902662999999997 2.2751446919555505e-05
3.0916175320000003 2.208685870609765e-05
3.092968763 2.599050136829496e-05
3.0943199949999998 2.7471213989980654e-05
3.095671226 2.8168413007653354e-05
3.097022457 3.0638225835215024e-05
3.098373689 2.9058200350907907e-05
3.0997249200000003 2.718457013272968e-05
3.101076152 3.310392874004331e-05
3.102427383 3.228778210789338e-05
3.103778615 2.860170199407696e-05
3.1051298459999996 2.9306073761259277e-05
3.106481078 3.334400606508849e-05
3.107832309 3.443680694156513e-05
3.10918354 2.9109453674591186e-05
3.110534772 3.015047723559462e-05
3.111886003 3.774462166941016e-05
3.113237235 3.5721631930842e-05
3.1145884660000003 3.342516956383554e-05
3.115939698 3.8155642569575467e-05
3.1172909289999997 4.0257491997586576e-05
3.11864216 4.1188844775904245e-05
3.119993392 3.6521731059241773e-05
3.121344623 3.190822302306223e-05
3.122695855 4.057590525095784e-05
3.124047086 3.9572730527816055e-05
3.1253983180000002 3.885522858533587e-05
3.126749549 3.583663543592667e-05
3.128100781 3.696985619428534e-05
3.1294520120000002 4.344731009100524e-05
3.130803243 4.1783099191768646e-05
3.1321544749999997 4.235211929986276e-05
3.133505706 4.5162014160633805e-05
3.134856938 5.283703267332088e-05
3.136208169 6.363296051669028e-05
3.137559401 6.151337697623824e-05
3.138910632 6.728324668965088e-05
3.140261863 6.952049332853843e-05
3.1416130950000003 6.987292491941295e-05
3.142964326 7.63130496019418e-05
3.1443155579999997 8.295952397608162e-05
3.145666789 8.914284605139849e-05
3.147018021 8.555012232236585e-05
3.148369252 8.21961141737437e-05
3.149720484 8.666163362000698e-05
3.151071715 9.071068126249449e-05
3.152422946 9.064490057302702e-05
3.153774178 9.559419885273643e-05
3.155125409 0.00010527031959674077
3.1564766410000002 0.0001082909595077758
3.157827872 0.00010520211642060531
3.1591791039999997 0.00010597943541723347
3.160530335 0.00011245563291154989
3.161881566 0.00012295079038492136
3.163232798 0.00012476045953232462
3.1645840290000002 0.00011868618841316061
3.165935261 0.00011882632880711416
3.167286492 0.00013000356019791617
3.1686377240000003 0.00013949615965162706
3.169988955 0.00014400805192596455
3.1713401869999998 0.00014425462205741626
3.172691418 0.00014502327161291422
3.174042649 0.00014312741390479333
3.1753938809999998 0.00014417944167165468
3.176745112 0.00014833785335243858
3.178096344 0.00015469265403414257
3.179447575 0.00015606681167900114
3.180798807 0.00015234801369114635
3.182150038 0.0001551911527098497
3.1835012700000003 0.00015422888238666004
3.184852501 0.0001500654242837085
3.186203732 0.00014646600505323178
3.187554964 0.00015127931429319833
3.188906195 0.00015072862365412258
3.190257427 0.00014864391706532999
3.1916086580000003 0.0001459247429464847
3.19295989 0.00014607364099543502
3.194311121 0.0001527421283245401
3.195662352 0.00015389911767132314
3.197013584 0.00015445275560142815
3.1983648149999997 0.0001476311436737794
3.199716047 0.00013709226056301
3.201067278 0.00013622814133458107
3.2024185099999998 0.00015021798242278463
3.203769741 0.00014979018436905685
3.205120973 0.00014058197167334628
3.206472204 0.00014153858309941676
3.207823435 0.00014398844751850202
3.209174667 0.0001446129524420372
3.2105258979999998 0.00015158970879778014
3.21187713 0.00015943807620891895
3.213228361 0.00015468055359226212
3.214579593 0.0001525863717113721
3.215930824 0.0001516545089764613
3.217282055 0.00015357347048109034
3.2186332870000003 0.00015824756706126782
3.2199845180000004 0.00015787273691833748
3.22133575 0.00015427096911570728
3.222686981 0.00015425041452222732
3.2240382129999996 0.00015467590276502477
3.2253894439999997 0.00015597228717128048
3.226740676 0.00015840291258302372
3.228091907 0.0001643571739506518
3.229443138 0.0001735388743244732
3.23079437 0.0001729211612699786
3.232145601 0.00016990276126108064
3.2334968330000002 0.0001675529526206192
3.234848064 0.0001677797542585237
3.2361992959999997 0.0001694072659964123
3.237550527 0.00017865987531193205
3.238901759 0.00018599210832365525
3.24025299 0.00018399869992276102
3.2416042210000002 0.00018746226430589778
3.242955453 0.00019199743078837832
3.244306684 0.00020161579310968037
3.2456579160000003 0.00021297789561466584
3.2470091470000004 0.00022208096279575706
3.248360379 0.0002258040960301701
3.24971161 0.00022648815016115958
3.251062841 0.00024054750353930435
3.2524140729999997 0.0002534246991052691
3.253765304 0.00025792737756067443
3.255116536 0.00026396275898038507
3.256467767 0.00027890157050417186
3.257818999 0.0002958291282247342
3.25917023 0.0003031935361406558
3.2605214620000003 0.00031577661887952915
3.261872693 0.0003391224221738554
3.263223924 0.0003664192671790036
3.264575156 0.0003909650611517304
3.265926387 0.0004112656517929455
3.267277619 0.00042914093422781967
3.2686288500000003 0.000451575666248707
3.269980082 0.00048193996363267286
3.271331313 0.0005187600848385753
3.272682544 0.0005520934269979622
3.274033776 0.0005805901580032502
3.2753850069999997 0.0006219892410334798
3.276736239 0.0006736334946631569
3.27808747 0.0007308111063991686
3.2794387019999998 0.0007933765074349876
3.280789933 0.0008590252091668038
3.282141165 0.0009290387576221685
3.283492396 0.001008564661318001
3.2848436270000003 0.0010958639953187136
3.286194859 0.0011892710411145302
3.2875460899999998 0.0012942679727264755
3.288897322 0.0014172879873971922
3.290248553 0.0015614185250865387
3.291599785 0.001713302982768232
3.292951016 0.0018772405312408639
3.294302247 0.0020664846201067944
3.2956534790000003 0.002275829857411399
3.29700471 0.0025078871265671624
3.298355942 0.002765532739192123
3.299707173 0.003042778763904925
3.301058405 0.0033444968553201578
3.3024096359999997 0.0036841757873895455
3.303760868 0.004049925071396225
3.305112099 0.004437545022049642
3.30646333 0.004849145274196815
3.307814562 0.005280601556903975
3.309165793 0.005744399371224864
3.3105170250000002 0.006231582159478322
3.3118682560000003 0.006722338756953601
3.313219488 0.007218991162598889
3.3145707189999998 0.007723276198006298
3.315921951 0.008216730965614774
3.317273182 0.0086945360267295
3.318624413 0.009161302176546348
3.319975645 0.00961480669925327
3.321326876 0.010052443181361432
3.322678108 0.010453266088642625
3.324029339 0.01082088809898712
3.325380571 0.011156265853232483
3.326731802 0.011465808790822908
3.328083033 0.011753809613786175
3.3294342649999997 0.012021699642824141
3.330785496 0.012275444347784112
3.332136728 0.012515220320499303
3.333487959 0.012741112110462065
3.334839191 0.012957240290493093
3.336190422 0.013167186419221367
3.3375416540000002 0.013375179001464552
3.3388928850000004 0.013590380864000906
3.340244116 0.013814640252885353
3.341595348 0.01405042434803513
3.342946579 0.014304485300672756
3.344297811 0.01457689805826094
3.345649042 0.014866767579289791
3.347000274 0.015174709846255746
3.348351505 0.015515450577852717
3.3497027360000002 0.015887849313701453
3.351053968 0.01628833073938441
3.3524051989999997 0.0167229587468342
3.353756431 0.017208351914662055
3.355107662 0.017731289599521024
3.3564588939999997 0.01828336129363565
3.357810125 0.01888346802012146
3.359161357 0.019547785298417625
3.360512588 0.02027026365273573
3.3618638190000003 0.021050517830872875
3.363215051 0.02189621590679696
3.3645662819999997 0.022816971486514324
3.3659175140000004 0.023815804698516862
3.367268745 0.02490068661041759
3.368619977 0.026070605201277887
3.369971208 0.02734247679464373
3.371322439 0.02873087924376239
3.372673671 0.030234004646845117
3.374024902 0.03187057026670016
3.375376134 0.03365141102333285
3.3767273650000003 0.03558817548985973
3.378078597 0.037697303473305854
3.3794298279999997 0.04000033435942637
3.38078106 0.04251252741596705
3.382132291 0.04525990237297218
3.383483522 0.04825801088232946
3.384834754 0.05152865744891602
3.386185985 0.055105700552298416
3.387537217 0.05901803458685653
3.3888884480000003 0.06331292814973324
3.39023968 0.06801699739415173
3.3915909109999998 0.07316488988643914
3.3929421430000004 0.07881051969437515
3.3942933739999996 0.08501521672603714
3.3956446049999998 0.09181250359368853
3.396995837 0.0992397370530557
3.398347068 0.10736803448144232
3.3996983 0.11627306538205412
3.401049531 0.12603135103496513
3.402400763 0.13668221445573342
3.4037519940000003 0.14830025937753852
3.405103225 0.16098770782671404
3.4064544569999997 0.17480240165327796
3.407805688 0.18980035806795467
3.40915692 0.20604918881370934
3.410508151 0.22359770398604734
3.411859383 0.24249240892602825
3.413210614 0.26272733962836214
3.4145618460000002 0.2842760237589794
3.4159130770000004 0.30713571564548486
3.4172643079999996 0.3312447155367254
3.41861554 0.3565019729459309
3.419966771 0.3826927819281025
3.4213180029999997 0.4095895114907656
3.422669234 0.4370326518126712
3.424020466 0.46476357829683423
3.425371697 0.49249138735662973
3.4267229280000002 0.5198228243589915
3.42807416 0.5463291302545017
3.429425391 0.5718838682726273
3.4307766230000003 0.5962344283164301
3.432127854 0.6191685106664201
3.4334790859999997 0.6405221642280189
3.434830317 0.659921430334809
3.436181549 0.6775333827977151
3.43753278 0.6933031496804944
3.4388840110000003 0.7072006441989892
3.440235243 0.7192813418617969
3.441586474 0.7295291265737422
3.4429377060000004 0.7381797915883925
3.4442889369999996 0.7454788585540304
3.445640169 0.7515470814510695
3.4469914 0.7565513546620092
3.448342631 0.7606631004796011
3.449693863 0.7639348549506799
3.451045094 0.7666267834023204
3.452396326 0.7688324179105085
3.4537475570000002 0.7706657236601684
3.455098789 0.7722277370069797
3.45645002 0.773614841609247
3.4578012520000003 0.7749289508422756
3.459152483 0.7761917250816295
3.460503714 0.7774810858193013
3.461854946 0.7788324522815132
3.463206177 0.7802652959258368
3.464557409 0.7818550895757325
3.4659086400000003 0.7836015748168933
3.467259872 0.7855250276448514
3.468611103 0.7876273324066836
3.469962335 0.7899141872312991
3.4713135659999996 0.7923962805888679
3.4726647969999997 0.7950546172568754
3.474016029 0.7979074418136461
3.47536726 0.8009155880311936
3.476718492 0.804075151988521
3.478069723 0.8073922050875013
3.479420955 0.8108436700866106
3.4807721860000003 0.8144529768443662
3.482123417 0.8181737103852119
3.483474649 0.821973143586752
3.48482588 0.8258572902717499
3.486177112 0.8297966104180732
3.487528343 0.8337917452436805
3.488879575 0.8377976360046807
3.490230806 0.841779922454336
3.491582038 0.8457355152135377
3.492933269 0.8496065359429863
3.4942845 0.853398864330001
3.495635732 0.8570901707571634
3.496986963 0.8606684523843734
3.4983381949999997 0.8641229460643797
3.4996894259999998 0.8673854569715728
3.501040658 0.870497151542409
3.502391889 0.8734254788733677
3.50374312 0.8761597909318938
3.505094352 0.8787104205418969
3.506445583 0.8810425510063112
3.5077968150000003 0.8831943900484639
3.509148046 0.8851319990153752
3.5104992779999997 0.8868587357389965
3.511850509 0.888379516537662
3.513201741 0.8896488849363875
3.514552972 0.890691679950907
3.515904203 0.8915140128552973
3.517255435 0.8921420501525138
3.518606666 0.8926151470733559
3.519957898 0.8928863802470687
3.521309129 0.8929883936640848
3.5226603610000002 0.8929513311442417
3.524011592 0.8927875460767511
3.5253628239999997 0.892499813600823
3.526714055 0.8920588474148775
3.528065286 0.8915011785632511
3.529416518 0.8908550598979226
3.5307677490000002 0.8901029021596498
3.532118981 0.8893111400301075
3.533470212 0.8884750819047725
3.5348214440000003 0.8875989668831914
3.536172675 0.8867101450800026
3.537523906 0.8858004843703305
3.538875138 0.8849026308442639
3.540226369 0.8840138813802697
3.5415776009999997 0.8831572642097428
3.542928832 0.8823766574794449
3.544280064 0.8816461348012429
3.545631295 0.8809932988584903
3.546982527 0.8804233938098173
3.548333758 0.8799254441488109
3.5496849889999997 0.879532391539945
3.551036221 0.8792346875904498
3.552387452 0.8790585406169202
3.553738684 0.8789903431437613
3.555089915 0.8790085010437052
3.556441147 0.8791690227364463
3.5577923780000003 0.8794605016082538
3.5591436090000004 0.8798675548155205
3.560494841 0.8804024959747874
3.561846072 0.8810837939865637
3.563197304 0.8819064002637701
3.5645485349999997 0.8828740998864909
3.565899767 0.8839378148802638
3.567250998 0.8850890325530075
3.5686022299999998 0.8863090767158047
3.569953461 0.8876159776072597
3.571304692 0.8890162539395657
3.572655924 0.8904802341243235
3.574007155 0.8920082347118858
3.575358387 0.8935656043609077
3.5767096179999998 0.8951442486239348
3.57806085 0.8967669442185011
3.579412081 0.8983725471609364
3.580763312 0.8999803517083899
3.582114544 0.9015903797566858
3.583465775 0.9031554648341067
3.5848170070000003 0.9046968741521488
3.5861682380000004 0.906195703057898
3.58751947 0.9076238732311146
3.588870701 0.9089789559696887
3.5902219329999996 0.9102333715388268
3.5915731639999997 0.9113964886443676
3.592924395 0.9124427446232682
3.594275627 0.9133506972279277
3.595626858 0.914164828962463
3.59697809 0.9148413637157203
3.598329321 0.9153743753423937
3.5996805530000002 0.9157804785313128
3.601031784 0.9160770719318134
3.602383016 0.9162795295727874
3.603734247 0.9163294208181935
3.605085478 0.9162049167063594
3.60643671 0.9159440393158969
3.607787941 0.9155370603274734
3.609139173 0.9149834914923172
3.610490404 0.9142871299182802
3.6118416360000003 0.9134384559657334
3.6131928670000004 0.9124784876742456
3.6145440979999997 0.9113999093675603
3.61589533 0.9101926861495122
3.617246561 0.9089012578539785
3.6185977929999997 0.9075190138124221
3.619949024 0.9060505509552312
3.621300256 0.9045108737973168
3.622651487 0.9028837326064406
3.624002719 0.9012180455320009
3.62535395 0.8995312614567955
3.6267051809999997 0.8978103943359702
3.628056413 0.8960893871373888
3.629407644 0.8943449166702362
3.630758876 0.8925867136659009
3.632110107 0.8908709542594727
3.633461339 0.8891741912434848
3.6348125700000002 0.8875085679186759
3.6361638010000004 0.8858936452626291
3.637515033 0.8843278096346683
3.638866264 0.8828379127928209
3.640217496 0.8814276386758536
3.6415687269999997 0.880141880603257
3.642919959 0.8789895607990387
3.64427119 0.8779115189414752
3.6456224219999998 0.8769357348578769
3.646973653 0.8760827131769634
3.648324884 0.8753205223850558
3.649676116 0.8746825072951675
3.6510273470000003 0.8741704108235505
3.652378579 0.8737484809709645
3.6537298099999997 0.8734688733781865
3.655081042 0.8733139932347365
3.656432273 0.8732723877394143
3.657783504 0.873376248308875
3.659134736 0.8735907436445554
3.660485967 0.8739132516189261
3.6618371990000003 0.8743606818456908
3.66318843 0.8748969938673499
3.664539662 0.8755465283060601
3.665890893 0.8763189364405279
3.667242125 0.8771829112932572
3.6685933559999997 0.8781522049537238
3.669944587 0.8792028511115224
3.671295819 0.8803168805458301
3.67264705 0.8815121533357321
3.673998282 0.8827720955761112
3.675349513 0.8840949333211863
3.676700745 0.885487702259915
3.6780519760000003 0.8869105584445811
3.679403208 0.888375932109539
3.6807544389999998 0.8898847151825718
3.68210567 0.8913994819610157
3.683456902 0.8930237383729582
3.684808133 0.8946598712818679
3.686159365 0.8962625551659681
3.687510596 0.8978660597727445
3.688861828 0.8994406864338645
3.690213059 0.9009869607193355
3.6915642899999996 0.9025414216434337
3.692915522 0.9040513796410494
3.694266753 0.9055048098750734
3.6956179849999997 0.9069327493750272
3.696969216 0.9082925354941961
3.698320448 0.9095929192241567
3.699671679 0.9108406290640697
3.701022911 0.9120018532523886
3.702374142 0.9130951883627354
3.703725373 0.9141252996395337
3.7050766050000004 0.9150744151314167
3.706427836 0.9159654682185594
3.707779068 0.9167813830903436
3.709130299 0.9175149293116214
3.710481531 0.9181877746159545
3.711832762 0.9187835495120829
3.713183993 0.9193056142188185
3.714535225 0.919770069384101
3.7158864560000002 0.9201528236436411
3.717237688 0.9204735818299679
3.7185889189999997 0.9207435868769407
3.719940151 0.9209486376129691
3.721291382 0.9211190695729969
3.7226426139999997 0.921247092527643
3.723993845 0.9213023074210354
3.725345076 0.9213631979737835
3.726696308 0.9214106388334342
3.7280475390000003 0.9213972185889895
3.729398771 0.9213661024867149
3.730750002 0.9213144867919004
3.7321012340000004 0.9212204320705983
3.733452465 0.9211030333618282
3.7348036959999997 0.9209538390174642
3.736154928 0.9207756895040232
3.737506159 0.9205827185242781
3.738857391 0.920338900254984
3.740208622 0.9200520581329893
3.741559854 0.9197377742723468
3.7429110850000002 0.9193607977017835
3.744262317 0.918923304170586
3.7456135479999997 0.918428192388913
3.746964779 0.9178502260069876
3.748316011 0.9172121111412567
3.749667242 0.9165020004269848
3.751018474 0.9156624277800194
3.752369705 0.9146944765421802
3.753720937 0.9135852352046085
3.7550721680000003 0.9123058124814254
3.7564234 0.9108583409638197
3.757774631 0.9092003520839643
3.759125862 0.9072828748457799
3.7604770939999996 0.9051207894589594
3.7618283249999998 0.9026888561093255
3.763179557 0.899940247410995
3.764530788 0.8968668835421454
3.76588202 0.8934193461922229
3.767233251 0.8895474049687262
3.768584482 0.8852553449426108
3.7699357140000003 0.8804980701219317
3.771286945 0.8752195020844021
3.7726381769999997 0.8694099889352169
3.773989408 0.8630249111684748
3.77534064 0.856022351611072
3.776691871 0.8483921016684611
3.778043103 0.8400971933512109
3.779394334 0.8311087347537771
3.780745565 0.8214305939433408
3.7820967970000003 0.8110418794433173
3.7834480279999996 0.7999234216340204
3.7847992599999998 0.7880745064268397
3.786150491 0.7754685736975995
3.7875017229999997 0.7621191581221076
3.7888529539999998 0.7480677949215625
3.790204185 0.7333158694797534
3.791555417 0.7178774114617493
3.792906648 0.7018030674852715
3.79425788 0.6851131348799949
3.795609111 0.6678579052967634
3.7969603430000003 0.6501051997137808
3.798311574 0.6318819817984286
3.7996628059999997 0.613248335269607
3.801014037 0.5942860172300423
3.802365268 0.5750262818584243
3.8037165 0.555522523747754
3.8050677310000003 0.5358864661768777
3.806418963 0.5161821578481642
3.807770194 0.4964848583938797
3.8091214260000004 0.47685628727733786
3.8104726569999996 0.4573465964994512
3.811823889 0.438027580396414
3.81317512 0.41895732493023247
3.814526351 0.40018865371010826
3.815877583 0.3817841756356526
3.817228814 0.3637887382932521
3.818580046 0.3462277512722295
3.8199312770000002 0.329141343563633
3.821282509 0.31256621255490463
3.82263374 0.2965238959623423
3.823984971 0.28103633587326043
3.825336203 0.26612173086367713
3.826687434 0.2517799203877064
3.828038666 0.238011904607332
3.829389897 0.2248277463256864
3.830741129 0.21222573424374414
3.8320923600000003 0.20019693510487027
3.833443592 0.18873938072610477
3.834794823 0.17784344031286164
3.836146054 0.1674879684151431
3.8374972859999996 0.15765541092789598
3.8388485169999997 0.14834169307632578
3.840199749 0.1395298114234981
3.84155098 0.1311960793707626
3.842902212 0.12332054006519513
3.844253443 0.11588800910906925
3.845604674 0.10888313316450668
3.8469559060000003 0.10228303587616323
3.848307137 0.09606194691325591
3.849658369 0.09020235760012618
3.8510096 0.08469012915787437
3.852360832 0.07950940475425923
3.853712063 0.0746439341501505
3.855063295 0.07007732697095576
3.856414526 0.06578680219667254
3.857765757 0.06174819422933545
3.859116989 0.05794800069377356
3.86046822 0.054386614013716895
3.861819452 0.05105067977275485
3.863170683 0.047922421538402656
3.8645219149999996 0.044985060213828365
3.8658731459999998 0.042228618917870345
3.867224377 0.03964765075080075
3.868575609 0.037229653553304626
3.86992684 0.034960676470699156
3.871278072 0.03283218728781734
3.872629303 0.030835947029338905
3.8739805350000003 0.028962769431293167
3.875331766 0.027206408002381353
3.876682998 0.025561492730145442
3.878034229 0.024018564207258276
3.87938546 0.022568262134035066
3.880736692 0.02120586139005638
3.882087923 0.01992758639869379
3.883439155 0.018728732814694636
3.884790386 0.017603067442187512
3.886141618 0.016549823962132646
3.887492849 0.015570766650619454
3.8888440810000002 0.01465676092883441
3.890195312 0.013794026735389426
3.891546543 0.01297760897131031
3.892897775 0.012208478765726626
3.894249006 0.011485838688142895
3.895600238 0.010807592490597253
3.8969514690000002 0.010173399996782979
3.898302701 0.009580650852747808
3.899653932 0.009024331032643057
3.9010051629999998 0.00850284146985581
3.902356395 0.00801396286162027
3.903707626 0.007554392548886472
3.905058858 0.0071203738631073
3.906410089 0.006707814400009667
3.9077613209999997 0.006317664452477768
3.909112552 0.005952060629855197
3.910463784 0.005610243730830439
3.911815015 0.0052908183426232346
3.913166246 0.004994149527523864
3.914517478 0.004718318503758066
3.9158687089999997 0.004457107387828382
3.917219941 0.004207716246506121
3.918571172 0.003971280107436899
3.919922404 0.003750591831186623
3.921273635 0.0035465487918637734
3.922624866 0.0033519782836945538
3.9239760980000002 0.00316106339744013
3.9253273290000004 0.0029769512210041523
3.926678561 0.002806334622366324
3.928029792 0.0026514496615784853
3.929381024 0.002509283912922961
3.9307322549999997 0.0023749413701263057
3.932083487 0.0022423685849155446
3.933434718 0.002116046155950303
3.934785949 0.0020012714007304378
3.936137181 0.0018931695753187949
3.937488412 0.0017895873965666565
3.938839644 0.0016914449192037282
3.940190875 0.0015984918354030161
3.941542107 0.0015112084881416974
3.9428933379999997 0.0014323141498519128
3.944244569 0.0013603901248972685
3.945595801 0.0012863110684291467
3.946947032 0.001214524536809448
3.948298264 0.001152733356350942
3.949649495 0.001093446840642009
3.9510007270000003 0.0010333056403847656
3.9523519580000004 0.00097589801884157
3.95370319 0.0009240791189470034
3.955054421 0.0008771152861032806
3.956405652 0.0008327625134536559
3.9577568839999997 0.0007895154422692425
3.959108115 0.0007492487087175186
3.960459347 0.0007147873202331838
3.961810578 0.0006791219298640655
3.96316181 0.0006394962370758837
3.964513041 0.0006007966742274777
3.965864273 0.0005658844068295748
3.967215504 0.0005341617995018116
3.968566735 0.0005042874055138552
3.9699179669999998 0.00047593331423501084
3.971269198 0.00044591411737842366
3.97262043 0.0004159079215476552
3.973971661 0.0003901621887638103
3.975322893 0.00036600322060009705
3.976674124 0.0003447220102742977
3.978025355 0.00032841699028052153
3.9793765870000004 0.00031447008751479035
3.9807278179999996 0.00029728556136349524
3.98207905 0.00027735540802906156
3.983430281 0.0002619338587663342
3.9847815129999997 0.00024821455064858025
3.986132744 0.00023157427792469803
3.987483976 0.00021288318239598157
3.988835207 0.00019553439686376361
3.9901864380000003 0.00018229254288002896
3.99153767 0.00017283168731248202
3.9928889009999997 0.00016298785410983108
3.994240133 0.0001556453730416907
3.995591364 0.0001472146769869459
3.996942596 0.00013374337013470934
3.998293827 0.00011847933079869421
3.999645058 0.00010716241390163116
4.00099629 0.00010004874240909174
4.002347521 9.480259718304301e-05
4.003698753 9.042161577445404e-05
4.005049984 8.958517907866779e-05
4.006401216 8.692203700062491e-05
4.007752447 7.832679217671203e-05
4.009103679 6.823265794409908e-05
4.01045491 6.00231299347215e-05
4.011806141 5.531099821368321e-05
4.013157373 5.38319874112098e-05
4.014508604 5.28282283006004e-05
4.015859836 4.686008631409823e-05
4.017211067 4.0288876599008216e-05
4.018562299 3.808217931467866e-05
4.01991353 3.54876575572617e-05
4.021264761 3.0399099349929987e-05
4.022615993 2.4809293524136856e-05
4.023967224 2.1536173791713383e-05
4.025318456 2.1090622473820772e-05
4.026669687 2.491994028327384e-05
4.028020919 2.818056224063652e-05
4.02937215 2.564331394475694e-05
4.030723382 2.109469721554899e-05
4.032074613 1.9494825854500383e-05
4.033425844 2.0151911135626627e-05
4.034777076 1.618367980789377e-05
4.036128307 9.291621258045265e-06
4.037479539 5.8984768305424775e-06
4.03883077 5.4970636249462845e-06
4.040182002 7.159230547889587e-06
4.041533233 9.543753685792985e-06
4.042884465 9.26235549193624e-06
4.044235696 5.795269399141204e-06
4.0455869269999996 3.5038608330776303e-06
4.046938159 5.100042757049239e-06
4.04828939 5.2493272916020395e-06
4.049640622 2.0693318846170536e-06
4.050991853 1.2334514195368552e-07
4.052343085 2.0712281192815146e-08
4.053694316 2.9327032069280447e-06
4.055045547 5.410808582015385e-06
4.056396779 6.134003361150242e-06
4.05774801 4.943957897851549e-06
4.059099241999999 2.0239306995859303e-06
4.0604504729999995 1.5126681726901764e-07
4.061801705 1.596831134035289e-08
4.063152936 1.327386638559802e-06
4.064504168 3.8388100060904196e-06
4.065855399 4.099742069192672e-06
4.06720663 3.6176106003016596e-06
4.0685578620000005 3.6824909736608522e-06
4.069909093000001 3.1979087120966953e-06
4.071260325 8.039629604351873e-07
4.072611556 1.123933545468151e-08
4.073962788 1e-08
4.075314019 1e-08
4.07666525 3.997276387622766e-08
4.078016482 9.24716962301178e-08
4.079367713 1e-08
4.080718945 1e-08
4.082070176 1e-08
4.083421408 1e-08
4.084772639 1e-08
4.086123871 3.402034561522373e-08
4.087475102 1.1409243904049242e-06
4.088826333 1.2927844557954963e-06
4.090177565 1.3592638886888207e-08
4.091528796 1e-08
4.092880028 1e-08
4.094231259 1e-08
4.095582491 1e-08
4.096933722 1e-08
4.098284953 1e-08
4.0996361850000005 1e-08
4.100987416 1e-08
4.102338648 1e-08
4.103689878999999 1e-08
4.105041110999999 1e-08
4.106392342 1e-08
4.107743574 1e-08
4.109094805 1e-08
4.110446036 1e-08
4.111797268 1e-08
4.113148499 1e-08
4.1144997309999995 1e-08
4.115850962000001 1e-08
4.117202194000001 1e-08
4.118553425 1e-08
4.119904657 1e-08
4.121255887999999 1e-08
4.122607119 1e-08
4.123958351000001 1e-08
4.125309582 1e-08
4.126660814 1e-08
4.128012045 1e-08
4.129363277 1e-08
4.130714508 1e-08
4.132065739 1e-08
4.133416971 1e-08
4.134768202 1e-08
4.136119434 1e-08
4.1374706649999995 1e-08
4.138821897 1e-08
4.140173128000001 1e-08
4.14152436 1e-08
4.142875591 1e-08
4.144226821999999 1e-08
4.145578054 1e-08
4.146929285000001 1e-08
4.148280517 1e-08
4.149631748 1e-08
4.15098298 1e-08
4.152334211 1e-08
4.153685442 1e-08
4.155036674 1e-08
4.156387905 1e-08
4.157739136999999 1e-08
4.159090368 1e-08
4.1604416 1e-08
4.161792831 1e-08
4.163144063 1e-08
4.164495294 1e-08
4.165846525 1e-08
4.167197757 1e-08
4.1685489879999995 1e-08
4.169900220000001 1e-08
4.171251451 1e-08
4.172602683 1e-08
4.173953914 1e-08
4.1753051459999995 1e-08
4.1766563770000005 1e-08
4.178007608 1e-08
4.17935884 1e-08
4.180710071 1e-08
4.182061303 1e-08
4.183412534 1e-08
4.184763766 1e-08
4.186114997 1e-08
4.187466228 1e-08
4.18881746 1e-08
4.190168691 1e-08
4.1915199229999995 1e-08
4.1928711540000005 1e-08
4.194222386000001 1e-08
4.195573617 1e-08
4.196924849 1e-08
4.198276079999999 1e-08
4.199627311 1e-08
4.200978543 1e-08
4.202329774 1e-08
4.203681006 1e-08
4.205032237 1e-08
4.206383469 1e-08
4.2077347 1e-08
4.209085931 1e-08
4.210437163 1e-08
4.211788394 1e-08
4.213139626 1e-08
4.2144908569999995 1e-08
4.215842089 1e-08
4.217193320000001 1e-08
4.218544552 1e-08
4.219895783 1e-08
4.221247013999999 1e-08
4.2225982459999996 1e-08
4.223949477 1e-08
4.225300709 1e-08
4.22665194 1e-08
4.228003171999999 1e-08
4.229354403 1e-08
4.2307056339999995 1e-08
4.232056866 1e-08
4.233408097000001 1e-08
4.234759329 1e-08
4.23611056 1e-08
4.237461792 1e-08
4.238813023 1e-08
4.240164255 1e-08
4.241515486 1e-08
4.242866717 1e-08
4.244217949 1e-08
4.24556918 1e-08
4.246920412000001 1e-08
4.248271643 2.0083058860835647e-08
4.249622875 1.6803401877436179e-06
4.250974105999999 2.1254884055879236e-07
4.2523253379999995 2.285397895503835e-08
4.2536765690000005 1e-08
4.2550278 1.2903393827046174e-08
4.256379032 8.243454805191341e-07
4.257730263 4.606284459302155e-06
4.259081495 8.156106266204864e-06
4.260432726 8.181798130998961e-06
4.261783958 5.777117503635494e-06
4.263135189 2.1528743499453567e-06
4.26448642 1.8537298222551516e-06
4.265837652 2.675133106765684e-06
4.267188883 4.009769488005201e-06
4.2685401149999995 1.9942106368672753e-06
4.2698913460000005 6.225674341624419e-07
4.271242578000001 7.020923809895805e-07
4.272593809 3.613962376497653e-06
4.273945041 6.45204990430523e-06
4.275296271999999 8.74200529628185e-06
4.276647503 9.648946812545255e-06
4.277998735 8.755552418274112e-06
4.279349966 6.456384946146712e-06
4.280701198 6.071442391131054e-06
4.282052429 6.814701125795227e-06
4.283403661 7.92335859920158e-06
4.284754892 8.101329154530124e-06
4.286106123 8.222805047444723e-06
4.287457355 9.924658475600704e-06
4.288808586 1.3243275818484834e-05
4.290159818 1.813011129555961e-05
4.2915110489999995 2.059621147009818e-05
4.292862281 1.990403984495697e-05
4.294213512000001 1.8991104671824988e-05
4.295564744 1.9277244854783362e-05
4.296915975 2.1432451798391868e-05
4.298267206 1.993915652847422e-05
4.299618438 1.785655683396458e-05
4.300969669 1.8905230819913932e-05
4.302320901 2.2183495322517585e-05
4.303672132 2.3963962154907678e-05
4.305023363999999 2.261225030125369e-05
4.306374595 1.8710111540907612e-05
4.3077258259999995 1.4525319600550502e-05
4.309077058 1.2887294925734468e-05
4.310428289000001 1.3490335732747014e-05
4.311779521 1.586378244202111e-05
4.313130752 1.981615284372064e-05
4.314481984 2.43740337339316e-05
4.315833215 2.8931726858147538e-05
4.317184447 3.311613833562332e-05
4.318535678 3.407071111447295e-05
4.319886909 3.378562399653702e-05
4.321238141 3.353773899507175e-05
4.322589372 3.350387876963911e-05
4.323940604000001 3.3325097848256675e-05
4.325291835 3.42164248014943e-05
4.326643067 3.504347143057594e-05
4.327994297999999 3.5567621184308866e-05
4.329345529999999 3.428570033886127e-05
4.3306967610000004 3.43101465470151e-05
4.332047992 3.418426693099843e-05
4.333399224 3.1788846894690526e-05
4.334750455 2.4908336673396782e-05
4.336101687 1.702563891324019e-05
4.337452918 1.431313165273662e-05
4.33880415 1.6368462364657594e-05
4.340155381 2.1272495694694427e-05
4.341506612 2.7585362522660665e-05
4.342857844 3.1933654601149586e-05
4.344209075 3.298443342784858e-05
4.3455603069999995 3.0271490564208777e-05
4.3469115380000005 3.171618547845499e-05
4.34826277 3.635752259819491e-05
4.349614001 3.923490954149613e-05
4.350965233 3.628970034565389e-05
4.352316464 3.195602748393625e-05
4.353667695 2.798755867475267e-05
4.355018927 2.5210538443592038e-05
4.356370158 2.5088860875335944e-05
4.35772139 2.8826916494439793e-05
4.359072621 3.369549562374887e-05
4.360423853 3.7726675449359805e-05
4.361775084 3.498284231365556e-05
4.363126315000001 3.1638958327449844e-05
4.364477547000001 2.932718861196292e-05
4.365828778 2.78758705877374e-05
4.36718001 2.867885784757553e-05
4.3685312409999995 3.4252982873444454e-05
4.369882473 4.001378436295707e-05
4.371233704 3.978984173754723e-05
4.372584936 3.439995021485565e-05
4.373936167 3.12283705186872e-05
4.375287398 3.089479495723852e-05
4.37663863 3.403459729813172e-05
4.377989861 3.780545066116333e-05
4.379341093 4.060544378264859e-05
4.380692324 4.102936668941399e-05
4.382043555999999 3.173213202912927e-05
4.383394787 2.7905162391320468e-05
4.3847460179999995 2.5426450264807684e-05
4.38609725 2.8355870531521775e-05
4.387448481000001 3.033150615200127e-05
4.388799713 3.063997085529228e-05
4.390150944 3.015090540517091e-05
4.391502176 3.175058705424433e-05
4.392853407 3.346124967418946e-05
4.394204639 3.5192214264734655e-05
4.39555587 3.6811648283626065e-05
4.396907101 3.769892170873615e-05
4.398258332999999 3.7299716898371535e-05
4.399609564 4.064482682228066e-05
4.400960796000001 4.4715895938222966e-05
4.402312027 4.6840801403998805e-05
4.403663259 4.826985643219275e-05
4.405014489999999 4.7570223260968476e-05
4.406365721999999 4.390261658450109e-05
4.407716953 4.022001337667904e-05
4.409068184 3.433229915582581e-05
4.410419416 3.482002790208015e-05
4.411770647 3.459911696096395e-05
4.413121879 3.2907954202638834e-05
4.41447311 3.03241219220449e-05
4.415824342 2.767568462804437e-05
4.417175573000001 2.872119357237302e-05
4.418526804 3.2932771417596064e-05
4.419878036 3.8836801448405144e-05
4.421229266999999 3.7916341154618174e-05
4.4225804989999995 3.493397552031328e-05
4.4239317300000005 3.157125775358965e-05
4.425282962 3.057184094394333e-05
4.426634193 3.135121573000452e-05
4.427985425 3.300603074906974e-05
4.429336656 3.5308758950532745e-05
4.430687887 3.669502828781524e-05
4.432039119 3.744937480096017e-05
4.43339035 3.8820854249612716e-05
4.434741582 4.226307002486703e-05
4.436092813 4.429215647923148e-05
4.437444045 4.1805868852055336e-05
4.438795276 3.6186214230412044e-05
4.440146507000001 3.15301125637875e-05
4.441497739000001 3.1175971060075265e-05
4.44284897 3.290832041730514e-05
4.444200202 3.903246781389977e-05
4.445551432999999 4.599995275807228e-05
4.446902665 4.773877374881108e-05
4.448253896 4.6820001870138256e-05
4.449605128 4.609703448175344e-05
4.450956359 4.566644401295458e-05
4.45230759 4.414265919016593e-05
4.453658822 3.9780711069963614e-05
4.455010053 3.766126912005814e-05
4.456361285 3.738532112605479e-05
4.457712516 3.51689072635825e-05
4.459063747999999 3.1805667657498154e-05
4.460414979 2.9304914179560898e-05
4.4617662110000005 3.115533008229079e-05
4.463117442 3.356358694905522e-05
4.464468673000001 3.469753341878526e-05
4.465819905 3.6019509567716285e-05
4.467171136 3.189796891218423e-05
4.468522368 2.918092237440961e-05
4.469873599 3.1987276816381494e-05
4.471224831000001 3.6880453888206845e-05
4.472576062 4.103753852145282e-05
4.473927293 4.283466186184785e-05
4.475278524999999 4.167496311497441e-05
4.476629756 3.752735052296586e-05
4.4779809880000006 3.4191679343087784e-05
4.479332219 3.1518650520774155e-05
4.480683451 2.9618598794208025e-05
4.482034682 2.840618025897901e-05
4.483385914 2.806944193739993e-05
4.484737145 2.8951718554057412e-05
4.486088376 2.977796298021209e-05
4.487439608 2.9741242339419906e-05
4.488790839 2.8670993383030018e-05
4.490142071 2.8074296824948676e-05
4.491493302 2.7947188062884234e-05
4.492844534 3.296466223117577e-05
4.494195765000001 3.383491552083207e-05
4.495546996 3.4844794735273495e-05
4.496898228 2.930097056878522e-05
4.498249458999999 2.8156764799554886e-05
4.4996006909999995 3.1000019564186766e-05
4.5009519220000005 3.515435326589295e-05
4.502303154 3.7308205222417947e-05
4.503654385 3.574421414018764e-05
4.505005617 3.27006925114638e-05
4.506356848 3.05379719264659e-05
4.507708079 3.0614361791098506e-05
4.509059311 3.1439012850348025e-05
4.510410542 3.3286744542687316e-05
4.511761774 3.612740741729664e-05
4.513113005 3.692914061756911e-05
4.514464237 3.975223535167259e-05
4.5158154679999996 4.175086217283021e-05
4.517166699000001 4.2843241120277136e-05
4.518517931 4.1660641216544994e-05
4.519869162 4.000976457785674e-05
4.521220394 3.929037498360574e-05
4.522571624999999 3.87655990063078e-05
4.523922857 3.779397112465626e-05
4.525274088 3.600782915248775e-05
4.52662532 3.5477618995413126e-05
4.527976551 3.7370935565060884e-05
4.529327782 3.336737924325689e-05
4.530679014 3.3364729582368994e-05
4.532030245 3.2065876578871114e-05
4.533381477 2.8556531965012753e-05
4.534732708 2.5379161430789254e-05
4.53608394 2.3504279584433886e-05
4.537435171 2.4429539338377042e-05
4.5387864030000005 2.6846811826779192e-05
4.540137634 3.079959992207821e-05
4.541488865 3.4086086752791445e-05
4.542840097 3.43954394055332e-05
4.544191328 3.553188414565738e-05
4.5455425599999995 3.62989878162651e-05
4.5468937910000005 3.4999954198539154e-05
4.548245023000001 3.2442700539618514e-05
4.549596254 2.8519458624352978e-05
4.550947485 2.6209002483308795e-05
4.552298716999999 2.5368001093058795e-05
4.553649948 2.835755833462258e-05
4.5550011800000005 3.19435819543e-05
4.556352411 3.453509314165998e-05
4.557703643 3.6308165480094314e-05
4.559054874 3.612614494405278e-05
4.560406106 3.472729261469479e-05
4.561757337 3.526231148305535e-05
4.563108568 3.452609341996524e-05
4.5644598 3.3381325153667586e-05
4.565811031 3.278760674364799e-05
4.567162263 3.190984938698165e-05
4.568513493999999 3.104383970614369e-05
4.569864726 3.0377043734198077e-05
4.571215957000001 3.069294022276694e-05
4.572567188 3.153940260979951e-05
4.57391842 3.4035345804497174e-05
4.575269650999999 3.591776972534468e-05
4.5766208829999995 3.653616813550354e-05
4.5779721140000005 3.5844169911788006e-05
4.579323346 3.478483820796793e-05
4.580674577 3.385604876432427e-05
4.582025809 3.303698393582299e-05
4.58337704 3.1771585158417365e-05
4.584728271 3.116159419007171e-05
4.586079503 3.114000887271302e-05
4.587430734 3.156490453240332e-05
4.588781966 3.1473043929085326e-05
4.590133197 3.090470063465895e-05
4.591484429 3.1444057320348737e-05
4.5928356599999995 3.512181546677399e-05
4.5941868910000005 4.040774536708531e-05
4.595538123 3.89931720181283e-05
4.596889354 3.5844732759760486e-05
4.598240586 3.2841237375692974e-05
4.599591817 3.1305380553240774e-05
4.6009430490000005 3.0707523491319774e-05
4.60229428 3.208305119884805e-05
4.603645512 3.2746888586800374e-05
4.604996743 2.937044605277403e-05
4.606347974 2.8917458704653106e-05
4.607699206 2.997839208932701e-05
4.609050437 3.174436517490503e-05
4.610401669 3.5102720442451834e-05
4.611752900000001 3.782001388920167e-05
4.613104132 3.940869081300339e-05
4.614455363 3.5769438083634563e-05
4.6158065950000005 3.0448508284318074e-05
4.617157826 2.7525749221347318e-05
4.618509057 2.6128863452097146e-05
4.619860289 2.576511780712455e-05
4.62121152 2.6387028332424785e-05
4.622562751999999 2.9010389435185463e-05
4.6239139830000004 3.2179258739429924e-05
4.625265215000001 3.682942300979401e-05
4.626616446 3.77058195771588e-05
4.627967677 3.441928903243752e-05
4.629318908999999 2.9284732329386863e-05
4.63067014 2.299611029131911e-05
4.6320213720000005 2.1245097329483795e-05
4.633372603 2.3727106918459666e-05
4.634723835 2.675204497452546e-05
4.636075066 2.867834200922933e-05
4.637426298 3.1628062607160575e-05
4.638777529 3.224736694091212e-05
4.64012876 3.05949230072148e-05
4.641479992 3.0241365870251156e-05
4.642831223 3.055311666191066e-05
4.644182455 3.1654701307457784e-05
4.645533685999999 3.378706335727772e-05
4.646884918 3.297178336021372e-05
4.648236149000001 3.0742452760084454e-05
4.64958738 2.743312123676459e-05
4.650938612 2.6194131048863605e-05
4.652289842999999 2.4513929358390362e-05
4.6536410749999995 2.7133587757073503e-05
4.6549923060000005 2.8274384351436536e-05
4.656343538 2.811446163394574e-05
4.657694769 2.622384628970739e-05
4.659046001 2.630153257324391e-05
4.660397232 2.7190453228883855e-05
4.661748463 2.8948696974757918e-05
4.663099695 3.122313338726311e-05
4.664450926000001 3.3349595485389204e-05
4.665802158 3.4233029128855946e-05
4.667153389 3.45842586478956e-05
4.668504621 3.425423534682089e-05
4.6698558519999995 3.397705160982428e-05
4.6712070830000005 3.4263181825040356e-05
4.672558315 3.6927162596902224e-05
4.673909546 3.7315580687271296e-05
4.675260778 3.3806416292821024e-05
4.676612009 2.9651310524639654e-05
4.6779632410000005 2.791190559019049e-05
4.679314472 2.693346670798236e-05
4.680665704 2.775390377014917e-05
4.682016935 2.7317990092912177e-05
4.683368166 2.582075223279953e-05
4.684719398 2.411115471450139e-05
4.686070629 2.566629919465774e-05
4.687421861 3.0122381407817127e-05
4.688773092 3.480737314604977e-05
4.690124324 3.844442072278903e-05
4.691475555 3.7701128458343325e-05
4.6928267869999996 3.527572408247975e-05
4.694178018 3.254138427180913e-05
4.695529249 3.12837079287868e-05
4.696880481 3.279927477653689e-05
4.698231712 3.558758120838916e-05
4.699582943999999 3.450965984355277e-05
4.700934175 3.3409061576731085e-05
4.702285407000001 3.445948265230389e-05
4.703636638 3.6912730142758044e-05
4.704987869 3.9245665247384646e-05
4.706339100999999 3.998090074404555e-05
4.707690332 3.441653373807341e-05
4.7090415640000005 3.204926643973946e-05
4.710392795 2.9794282575952973e-05
4.711744027 2.917709090343217e-05
4.713095258 3.0136084850427832e-05
4.71444649 3.132774785525561e-05
4.7157977209999995 3.263423780794585e-05
4.717148952 3.409829501248356e-05
4.718500184000001 3.592941080302494e-05
4.719851415 3.923020103331574e-05
4.721202647 4.1256891032552876e-05
4.722553877999999 4.2456806987912185e-05
4.72390511 4.1003821160772965e-05
4.725256341000001 3.906324707234782e-05
4.726607572 3.976173131892234e-05
4.727958804 4.1937131004711e-05
4.729310035 4.552363555789859e-05
4.730661267 5.00738527735141e-05
4.7320124980000005 5.116569895778372e-05
4.73336373 4.835094221276449e-05
4.734714961 4.447113419005513e-05
4.736066193 3.9933892998289896e-05
4.737417424 3.701617427906007e-05
4.738768654999999 3.572743428321468e-05
4.740119887 3.6879973582512464e-05
4.741471118000001 3.9277120810748135e-05
4.74282235 4.384435035727963e-05
4.744173581 4.587317874419904e-05
4.745524813 4.660185961584248e-05
4.7468760439999995 4.2223444287855236e-05
4.748227276 4.192845874813907e-05
4.749578507 4.290834298103257e-05
4.750929738 4.5625735924381924e-05
4.75228097 4.760487977169276e-05
4.753632201 4.3677803767677214e-05
4.7549834330000005 4.047312911361155e-05
4.756334664 3.692238430028267e-05
4.757685896 3.57847585000396e-05
4.759037127 3.4843528467431957e-05
4.760388358 3.3940574747534535e-05
4.76173959 3.326261297252529e-05
4.763090821 3.300839395228003e-05
4.764442053 3.539589565772961e-05
4.765793284 3.904653849494118e-05
4.767144516 4.496301228504457e-05
4.768495747 5.0050060935798816e-05
4.7698469789999995 5.3872127068532334e-05
4.77119821 4.948224093295711e-05
4.772549441 4.162525298646057e-05
4.773900673 3.4431834026281926e-05
4.775251904 3.176447278294699e-05
4.776603135999999 3.141481340273571e-05
4.777954367 3.416741838595283e-05
4.779305599000001 3.765972811416433e-05
4.78065683 4.133146506954502e-05
4.782008061000001 4.1579979764791667e-05
4.783359293 4.179175902521901e-05
4.784710524 4.169987643596942e-05
4.7860617560000005 4.407135694062073e-05
4.787412987 4.708838000231329e-05
4.788764219 4.931403052805972e-05
4.79011545 4.868470691879726e-05
4.791466682 4.564183755788447e-05
4.7928179129999995 4.388883737336942e-05
4.7941691440000005 4.373458949962751e-05
4.795520376000001 4.7043869296948474e-05
4.796871607 4.717691504312009e-05
4.798222839 4.514724176195025e-05
4.799574069999999 3.58248685610868e-05
4.800925302 2.9826613482738807e-05
4.802276533000001 2.6007796347250553e-05
4.803627764 2.5602350316490555e-05
4.804978996 2.801239648246268e-05
4.806330227 3.1593652805314824e-05
4.807681459 3.571791853971522e-05
4.80903269 4.022491616728772e-05
4.810383922 4.3301739773825366e-05
4.811735153 4.5433454465766435e-05
4.813086384999999 4.274485151985135e-05
4.814437616 3.872599777490691e-05
4.815788846999999 3.4043987911267954e-05
4.817140079 3.22169311958543e-05
4.818491310000001 3.377083123839168e-05
4.819842542 3.707283572337028e-05
4.821193773 4.006096935373331e-05
4.822545005 4.121811163425599e-05
4.8238962359999995 4.192986005064725e-05
4.825247468 4.252708555570598e-05
4.826598699 4.413719638342901e-05
4.82794993 4.583249371584513e-05
4.829301162 4.536849857032341e-05
4.830652393 4.1623901074844234e-05
4.8320036250000005 3.569141081643027e-05
4.833354856 3.063618981896623e-05
4.834706088 2.782786527812411e-05
4.836057318999999 2.5911388262215354e-05
4.83740855 2.676898505054081e-05
4.838759782 2.8606136028020462e-05
4.840111013 3.262969527321151e-05
4.841462245 3.649514366394331e-05
4.842813476 3.828440996173593e-05
4.844164708 3.68485220248597e-05
4.845515939 3.438196574525381e-05
4.8468671709999995 3.024023146843345e-05
4.8482184020000005 2.4685333797915915e-05
4.849569633 2.0250987418281818e-05
4.850920865 1.6729207318981334e-05
4.852272096 1.3852310400718023e-05
4.853623327999999 1.1428633431593356e-05
4.854974559 1.2121596542102643e-05
4.856325791000001 1.5798562220432736e-05
4.857677022 1.8360633582205808e-05
4.859028253 1.947289217737635e-05
4.860379485 1.5976099708699885e-05
4.861730716 1.4064700279323774e-05
4.863081948 1.4151735668910346e-05
4.864433179 1.68753328472134e-05
4.865784411 2.177398041998567e-05
4.867135642 2.161622866342483e-05
4.868486874 2.0911716128312866e-05
4.8698381049999995 1.8384339572565764e-05
4.8711893360000005 1.633018712456861e-05
4.872540568000001 1.5055698928590187e-05
4.873891799 1.5370579010496833e-05
4.875243031 1.7624726630951656e-05
4.876594261999999 1.660037528509218e-05
4.8779454939999995 1.6149083145183634e-05
4.879296725000001 1.627640300122377e-05
4.880647956 1.793162382425458e-05
4.881999188 1.9826006922146036e-05
4.883350419 1.8244036636995128e-05
4.884701651 1.2811984297449462e-05
4.8860528819999995 8.550861791881393e-06
4.887404114 7.0199591231929285e-06
4.888755345 6.0369856277214514e-06
4.890106576999999 7.696797795706285e-06
4.891457808 9.476443518046496e-06
4.892809038999999 1.0571283377750248e-05
4.894160271 1.1075522863947607e-05
4.895511502000001 1.1077893407197803e-05
4.896862734 1.2420638203346906e-05
4.898213965 1.3977553717665046e-05
4.899565197 1.4702593912130878e-05
4.900916428 1.5385665512757614e-05
4.902267660000001 1.508546711030922e-05
4.903618891 1.4634066969039993e-05
4.904970122 1.3688229658123515e-05
4.906321354 1.127251186639019e-05
4.907672585 9.760894308826678e-06
4.9090238170000005 8.759665635580213e-06
4.910375048 8.768253011933732e-06
4.91172628 9.285999348289464e-06
4.913077511 1.0360060757529955e-05
4.914428742 1.1423896542557815e-05
4.915779974 1.0933032699750919e-05
4.917131205 1.0034029855635482e-05
4.918482437 8.656300948140135e-06
4.919833668 6.517247649075821e-06
4.9211849 4.599849629734323e-06
4.922536131 2.658081980214149e-07
4.9238873629999995 4.902497601325869e-06
4.9252385940000005 6.789595381482636e-06
4.926589825 8.537131938025822e-06
4.927941057 1.1512628299644236e-05
4.929292288 1.5061097610491078e-05
4.930643519999999 1.7717167531672495e-05
4.931994751 1.727843610401968e-05
4.933345983000001 1.6271841668522046e-05
4.934697214 1.296458771782135e-05
4.936048445 1.0650545414383565e-05
4.937399677 8.964584321906078e-06
4.938750908 8.101031416065048e-06
4.94010214 7.487239574932271e-06
4.941453371 6.6714067990747735e-06
4.942804603 6.675857919875315e-06
4.944155834 8.013532182488264e-06
4.945507066 8.048463611247692e-06
4.9468582969999995 7.545411784039942e-06
4.9482095280000005 6.037341157897521e-06
4.949560760000001 4.922257721907144e-06
4.950911991 4.219475431102313e-06
4.952263223 3.3513479914649285e-06
4.953614453999999 2.294338606730015e-06
4.9549656859999995 2.3684834126436674e-07
4.9563169170000005 1.2727463768013165e-08
4.957668148 8.790027511155399e-08
4.95901938 2.868253623147971e-06
4.960370611 5.46910938605535e-06
4.961721843 8.960205865768279e-06
4.9630730739999995 1.0647074518660899e-05
4.964424306 1.0536123132501025e-05
4.965775537000001 9.686605688838008e-06
4.967126769 1.3868449437340386e-06
4.968478 3.913636186020538e-07
4.969829230999999 3.079813483027181e-08
4.971180463 1.6311722483293016e-08
4.972531694000001 4.0861177278613093e-07
4.973882926 3.054564424244518e-06
4.975234157 6.890827599389738e-06
4.976585389 7.107914759929898e-06
4.97793662 7.763982551037143e-06
4.979287852000001 2.414036118541038e-06
4.980639083 4.818582560507235e-07
4.981990314 2.619300208693911e-08
4.983341545999999 1e-08
4.984692777 1e-08
4.986044009 3.807115668850779e-08
4.98739524 8.84859210117305e-07
4.988746472 1.411875092693815e-06
4.990097703 1.7192343530939124e-06
4.991448934 3.012907332598837e-06
4.992800166 5.150545680858701e-06
4.9941513969999995 8.392123840973211e-06
4.995502629 1.044093458818315e-05
4.99685386 1.188638631461177e-05
4.998205092 9.855766208122419e-06
4.999556323 8.356859505774268e-06
5.0009075549999995 5.72217649734352e-06
5.0022587860000005 5.048804868946682e-06
5.003610017 3.2067975811468564e-06
5.004961249 5.25929295113377e-07
5.006312479999999 6.694418752915326e-07
5.007663711999999 3.0842990658915155e-06
5.009014943 4.352466763690194e-06
5.010366175 3.8052857463305224e-06
5.011717406 3.0924309312185247e-06
5.013068637 3.003204361654248e-06
5.014419869 3.2009375683757252e-06
5.0157711 4.416119945127293e-06
5.017122332 5.2198109534850354e-06
5.018473563 5.181802404015293e-06
5.019824795000001 2.626262236547937e-06
5.021176026 1.8894955027007697e-06
5.022527258 2.9819628491930894e-06
5.0238784889999994 5.953020462682421e-06
5.0252297200000005 4.4330267958625985e-06
5.026580952000001 2.9511272524676174e-06
5.027932183 1.4548940177975593e-06
5.029283415 1.208094655760784e-06
5.030634646 1.8135567953528317e-06
5.031985878 2.107229830479633e-06
5.033337109 2.147701560251383e-06
5.034688341 1.5666585683981812e-07
5.036039572 1.1539765777733268e-06
5.037390803 1.7175159227157342e-06
5.038742035 1.0033076574685826e-06
5.0400932659999995 3.357865248625924e-08
5.041444498 1e-08
5.042795729000001 1e-08
5.044146961 1e-08
5.045498192 1e-08
5.046849422999999 1e-08
5.048200655 1e-08
5.049551886000001 3.883042166384764e-08
5.050903118 2.667148027501125e-07
5.052254349 5.654002105801021e-07
5.053605581 3.411725382008992e-07
5.054956812 2.189606497349003e-08
5.056308044000001 1e-08
5.057659275 1e-08
5.059010506 1e-08
5.060361737999999 1e-08
5.061712969 1.7623562740731944e-07
5.063064201 7.5437589762270226e-06
5.064415432 9.671166714458539e-06
5.065766664 1.2022008970828662e-05
5.067117895 9.779294266062261e-06
5.068469126 7.0668462066979805e-06
5.069820358 3.0839093324937493e-06
5.0711715889999995 3.3069332747108754e-07
5.072522821 1.6386185044668185e-08
5.073874052 1e-08
5.075225284 1e-08
5.076576515 9.271981128761471e-08
5.0779277469999995 3.3428410650080576e-06
5.0792789780000005 8.210685176059329e-08
5.080630209 1e-08
5.081981441 1e-08
5.083332671999999 1e-08
5.084683904 1e-08
5.086035135 2.7008062230194815e-08
5.087386367 8.304552052152244e-07
5.088737598 1.2793950962644039e-06
5.090088829 3.2476745491303237e-07
5.091440061 4.4902516322251904e-08
5.092791292 1.0468374566690798e-08
5.094142524 1e-08
5.095493755000001 1.119815373824813e-08
5.096844987000001 1.3934369791520186e-07
5.098196218 1.882601489630586e-06
5.09954745 2.5645382978727278e-06
5.100898680999999 7.683698055676143e-07
5.102249912 2.5889515259860235e-08
5.103601144000001 1e-08
5.104952375 1e-08
5.106303607 1e-08
5.107654838 1e-08
5.10900607 6.347980043448435e-08
5.110357301 1.945376197271968e-06
5.111708533 3.443446768933816e-06
5.113059764 4.882476347162815e-06
5.114410995 4.5855306755360016e-06
5.115762227 4.075423593548128e-06
5.1171134579999995 2.936586551694188e-06
5.11846469 7.229943664475309e-07
5.119815921000001 2.8116491270021182e-08
5.121167153 1e-08
5.122518384 1e-08
5.123869614999999 1e-08
5.125220847 1e-08
5.126572078000001 1e-08
5.12792331 1e-08
5.129274541 1.9549184290899008e-08
5.130625772999999 7.021435329992858e-08
5.131977004 2.0908494956339028e-08
5.1333282360000005 1e-08
5.134679467 1e-08
5.136030698 1e-08
5.137381929999999 1e-08
5.138733161 1e-08
5.140084393 1e-08
5.141435624 1e-08
5.142786856 1e-08
5.144138087 1e-08
5.145489318 1e-08
5.14684055 1e-08
5.148191781 1e-08
5.149543013000001 1e-08
5.150894244 1e-08
5.152245476 1e-08
5.153596706999999 1e-08
5.1549479389999995 1e-08
5.1562991700000005 1e-08
5.157650401 1e-08
5.159001633 1e-08
5.160352864 1e-08
5.161704096 1e-08
5.163055327 1e-08
5.164406559 1e-08
5.16575779 1e-08
5.167109021 1e-08
5.168460253 1e-08
5.169811484 1e-08
5.1711627159999995 1e-08
5.172513947000001 1e-08
5.173865179000001 1e-08
5.17521641 1e-08
5.176567642 1e-08
5.177918872999999 1e-08
5.179270104 1e-08
5.180621336 1e-08
5.181972567 1.021020997751101e-08
5.183323799 1.2346637150432566e-07
5.18467503 2.7696339682758046e-06
5.186026262 3.3596063838686886e-06
5.187377493 3.600968616145638e-06
5.188728725 2.241665478898584e-06
5.190079956 1.4571965753363445e-06
5.191431187 1.4378118244153917e-06
5.192782419 9.538925819726367e-07
5.1941336499999995 5.296784094958356e-07
5.195484882 2.7557839580286593e-07
5.196836113000001 2.1524098462747942e-08
5.198187345 1e-08
5.199538576 1e-08
5.200889806999999 1e-08
5.202241039 1e-08
5.20359227 3.0124491841778636e-08
5.204943502 5.417627169031859e-07
5.206294733 1.989885989943457e-06
5.207645964999999 3.2658871814476746e-06
5.208997196 4.725555487416911e-06
5.2103484280000005 6.564445192728019e-06
5.211699659 3.6975791303561145e-06
5.213050890000001 1.708753629659451e-06
5.214402122 1.0221645851118199e-07
5.215753353 1.0701436315967447e-08
5.217104585 1e-08
5.218455816 1e-08
5.219807048 1e-08
5.221158279 1e-08
5.22250951 1e-08
5.223860742 1e-08
5.225211973 1e-08
5.226563205000001 1e-08
5.227914436 1e-08
5.229265668 1e-08
5.230616898999999 1e-08
5.2319681309999995 1e-08
5.2333193620000005 1e-08
5.234670593 1e-08
5.236021825 1e-08
5.237373056 1e-08
5.238724288 1e-08
5.240075519 1e-08
5.241426751 1e-08
5.242777982 1e-08
5.244129213 1e-08
5.245480445 1e-08
5.246831676 1e-08
5.2481829079999995 1e-08
5.2495341390000005 1e-08
5.250885371000001 1e-08
5.252236602 1e-08
5.253587834 1e-08
5.254939064999999 1e-08
5.256290296 1e-08
5.257641528 1e-08
5.258992759 1e-08
5.260343991 1e-08
5.261695222 2.984172016061234e-08
5.263046454 4.7155082298749534e-07
5.264397685 1.8498169412066557e-06
5.265748917 3.2964458278855037e-06
5.267100148000001 3.4811621005991724e-06
5.268451379 2.9115436487107707e-06
5.269802611 2.5548210999266266e-06
5.2711538419999995 2.285947010766667e-06
5.272505074 2.5615363051505735e-06
5.273856305000001 3.120689160167955e-06
5.275207537 2.7316430661222798e-06
5.276558768 2.1353631626855664e-06
5.277909999 1.8124315179220649e-07
5.279261231 1.3655710194623761e-08
5.280612462 1e-08
5.281963694 1e-08
5.283314925 1e-08
5.284666156999999 1e-08
5.286017388 1e-08
5.2873686200000005 1e-08
5.288719851 1e-08
5.290071082000001 1e-08
5.291422314 1e-08
5.292773545 1e-08
5.294124777 1e-08
5.295476008 1e-08
5.29682724 1e-08
5.298178471 1e-08
5.299529702 1e-08
5.300880933999999 1e-08
5.302232165 1e-08
5.303583397000001 1e-08
5.304934628 1e-08
5.30628586 1e-08
5.307637090999999 1e-08
5.3089883229999995 1e-08
5.3103395540000005 1e-08
5.311690785 1e-08
5.313042017 1e-08
5.314393248 1e-08
5.31574448 1e-08
5.317095711 1e-08
5.318446943 1e-08
5.319798174 1e-08
5.321149405 1.5873340239110223e-08
5.322500637 4.6041229529658184e-08
5.323851867999999 3.017412880413544e-08
5.3252030999999995 1.217136780604759e-08
5.3265543310000005 1e-08
5.327905563 1e-08
5.329256794 1e-08
5.330608026 1e-08
5.331959257 1.824341907855585e-08
5.333310488 9.830786198985518e-08
5.33466172 3.2151815114715366e-07
5.336012951 5.861523959641445e-07
5.337364183 1.8735068698232798e-07
5.338715414 1.912800665637636e-08
5.340066646 1e-08
5.341417877 1e-08
5.342769109 1e-08
5.344120340000001 1e-08
5.345471571 1e-08
5.346822803 1e-08
5.3481740339999995 1e-08
5.349525266 1e-08
5.350876497 1e-08
5.352227729 1e-08
5.35357896 1e-08
5.354930191 1e-08
5.356281423 1e-08
5.357632654 1e-08
5.358983886 1e-08
5.360335117 1e-08
5.361686348999999 1.2062950011570297e-08
5.36303758 1.1347096846205965e-07
5.3643888120000005 1.1105743225064673e-06
5.365740043 6.26096657828982e-08
5.367091274000001 1e-08
5.368442506 1e-08
5.369793737 1e-08
5.371144969 1e-08
5.3724962 1e-08
5.373847432 1e-08
5.375198663 1e-08
5.376549894 4.698900833637961e-08
5.377901125999999 6.985163480664342e-07
5.379252357 1.23356426308274e-07
5.380603589000001 1.348701797572201e-08
5.38195482 1e-08
5.383306052 1e-08
5.384657282999999 1e-08
5.386008515 1e-08
5.3873597460000004 1e-08
5.388710977 1e-08
5.390062209 1e-08
5.39141344 1e-08
5.392764672 1e-08
5.394115903 1e-08
5.395467135 1e-08
5.396818366000001 1e-08
5.398169598000001 1.5802512142414835e-08
5.399520829 2.432476024452619e-07
5.400872059999999 3.06300722939078e-06
5.4022232919999995 3.831854319634544e-06
5.4035745230000005 4.32661691585046e-06
5.404925755 2.6889629342559395e-06
5.406276986 1.4335640622833708e-06
5.407628218 7.826563181142187e-08
5.408979449 1.0264737802057596e-08
5.41033068 1e-08
5.411681912 1e-08
5.413033143 1e-08
5.414384375 1e-08
5.415735606 4.2261727973785354e-08
5.417086838 7.090897017586934e-07
5.418438069 2.4060561184949395e-06
5.419789301 3.873983426911759e-06
5.421140532000001 3.7498641938332673e-06
5.422491763 2.6017645609237424e-06
5.423842995 1.1502498103771838e-06
5.4251942259999995 3.3071645736431146e-07
5.426545458 7.981656810229954e-08
5.427896689 1.8506667836053655e-08
5.429247921 1e-08
5.430599152 1e-08
5.431950383 1e-08
5.433301615 1e-08
5.434652846 1e-08
5.436004078 1e-08
5.437355309 1e-08
5.438706540999999 1e-08
5.440057772 1e-08
5.4414090040000005 1e-08
5.442760235 1e-08
5.444111466000001 1e-08
5.445462698 1e-08
5.446813929 1e-08
5.4481651609999995 1e-08
5.4495163920000005 1e-08
5.450867624000001 1e-08
5.452218855 1e-08
5.453570086 1e-08
5.454921317999999 1e-08
5.456272549 1e-08
5.457623781000001 1e-08
5.458975012 1e-08
5.460326244 1e-08
5.461677475 1e-08
5.463028707 1e-08
5.464379938 1e-08
5.465731169 1e-08
5.467082401 1e-08
5.468433632 1e-08
5.469784864 1e-08
5.471136094999999 1e-08
5.472487327 1e-08
5.473838558000001 1e-08
5.47518979 1e-08
5.476541021 1e-08
5.477892251999999 1e-08
5.4792434839999995 1e-08
5.4805947150000005 1e-08
5.481945947 1e-08
5.483297178 1e-08
5.48464841 1e-08
5.485999641 1e-08
5.487350872 1e-08
5.488702104 1e-08
5.490053335 2.6572379994256455e-08
5.491404567 3.325864667627718e-07
5.492755798 1.3517517152596213e-06
5.49410703 1.3102768527671608e-06
5.495458261 5.154896796259693e-07
5.496809493 3.890768460869888e-08
5.498160724 1.1882356360866674e-08
5.499511955 7.196464647778285e-08
5.500863187 7.928914785570003e-07
5.502214417999999 1.2917513438750666e-06
5.50356565 2.1066253268003894e-06
5.504916881 1.42887672333977e-06
5.506268113 8.391829664401889e-07
5.507619344 1.3337662417566463e-07
5.508970575 1.7344170727794777e-08
5.510321807 1e-08
5.511673038 1e-08
5.51302427 1e-08
5.514375501000001 1e-08
5.515726733 1.2270481097516342e-08
5.517077964 9.105778561759964e-08
5.5184291960000005 1.216815385284652e-06
5.519780427 1.5189554997209557e-06
5.521131658 1.8963226427052089e-06
5.52248289 1.715063400298129e-07
5.523834121 1.5486791772781345e-08
5.5251853529999995 1e-08
5.5265365840000005 1e-08
5.527887816000001 1e-08
5.529239047 1e-08
5.530590278 1e-08
5.531941509999999 1e-08
5.533292741 1e-08
5.5346439730000005 1e-08
5.535995204 1e-08
5.537346436 1e-08
5.538697667 1e-08
5.540048899 1e-08
5.54140013 1e-08
5.542751361 1e-08
5.544102593 1e-08
5.545453824 1e-08
5.546805056 1e-08
5.548156286999999 1e-08
5.549507519 1e-08
5.550858750000001 1e-08
5.552209982 1e-08
5.553561213 1e-08
5.554912443999999 1e-08
5.5562636759999995 1e-08
5.5576149070000005 1e-08
5.558966139 1e-08
5.56031737 1e-08
5.561668602 1e-08
5.563019833 1.1690714264791893e-08
5.564371064 7.810276810302857e-08
5.565722296 1.0210958749438197e-06
5.567073527 1.8641535055735822e-06
5.568424759000001 3.023044532523192e-06
5.56977599 2.1057019811563118e-06
5.571127222 1.0790121953876737e-06
5.5724784529999996 5.795929487553991e-07
5.573829685 3.2578940159178164e-07
5.575180916 2.806314531794475e-07
5.576532147 6.482022431713782e-07
5.577883379 1.4861897497372156e-06
5.57923461 2.8938857879677315e-06
5.5805858420000005 5.639108887186226e-06
5.581937073 7.775284282437837e-06
5.583288305 1.013301226732151e-05
5.584639536 9.054003204846404e-06
5.585990767 6.519511708823122e-06
5.587341999 1.3874919969657762e-06
5.58869323 5.693908129557703e-08
5.590044462 1e-08
5.591395693000001 1e-08
5.592746925 1e-08
5.594098156 3.5131375468933125e-08
5.595449388 2.7894854961566603e-07
5.596800619 9.968525837342753e-07
5.59815185 2.4582279003807028e-06
5.599503082 3.820711074027093e-06
5.600854313 3.5912835443862824e-06
5.6022055449999995 1.6287895288494306e-06
5.6035567760000005 8.014456829342946e-08
5.604908008000001 1e-08
