microns transmission
1.3845671689999999 9.076553704002568e-06
1.386175261 8.364573743015552e-06
1.387783353 1.1530520350656931e-05
1.389391445 9.045496105233675e-06
1.390999537 8.380689143036134e-06
1.392607629 8.628770713037431e-06
1.3942157210000001 3.964067243949862e-06
1.395823813 3.429570493636471e-06
1.397431905 1.4981684843289492e-06
1.399039997 5.665025675921073e-07
1.400648089 7.759256601222104e-07
1.402256181 4.553092401359379e-06
1.403864273 5.867056699059278e-06
1.405472365 5.408034054711167e-06
1.407080457 6.306123989064273e-06
1.408688549 1.4899163939669061e-05
1.410296641 2.2140439370215457e-05
1.411904732 1.984636005435365e-05
1.413512824 1.7099321802125823e-05
1.415120916 8.109929490290238e-06
1.4167290080000001 7.936461461368729e-06
1.4183371 6.68401811858447e-06
1.419945192 9.12347676039111e-06
1.421553284 6.491534339825374e-06
1.423161376 7.172814205018472e-06
1.424769468 7.771993605403736e-06
1.42637756 4.917291465774849e-07
1.427985652 1.647138061482663e-06
1.429593744 9.302803189834537e-06
1.431201836 9.40083902962585e-06
1.432809928 3.099586201420501e-06
1.43441802 1.7961472364968148e-07
1.436026112 2.7902429005659838e-06
1.4376342039999999 7.768745260459533e-06
1.439242296 6.038284518906832e-06
1.440850388 3.6167433331626714e-06
1.44245848 2.2829641554503676e-07
1.444066571 1.7964429352277037e-06
1.445674663 1.2610639427626282e-07
1.447282755 7.916812549892905e-08
1.448890847 1e-08
1.450498939 8.575797236908758e-08
1.452107031 6.57272512951673e-06
1.453715123 5.132396896524883e-06
1.455323215 2.4555973385618325e-07
1.456931307 5.560832784178913e-07
1.458539399 2.2939454670272275e-06
1.4601474909999999 2.3415583877718335e-06
1.461755583 2.716650782191972e-06
1.463363675 1.3642914121337075e-06
1.464971767 2.48513689356087e-07
1.4665798589999999 7.324387432871547e-08
1.4681879510000002 1.3761121415042848e-06
1.469796043 3.7539859557767125e-07
1.471404135 1.4001390142429898e-08
1.473012227 2.625742487359441e-06
1.474620319 1.0912707729116295e-06
1.47622841 1.7910548493439901e-06
1.4778365020000002 1.1202736639216585e-08
1.479444594 1e-08
1.481052686 1e-08
1.4826607779999998 1e-08
1.4842688700000002 2.1651873624467235e-08
1.485876962 5.687772280995161e-07
1.487485054 1.98950700406573e-06
1.4890931459999999 8.52688107387754e-08
1.4907012380000002 8.738157019671242e-07
1.49230933 3.397994273823589e-06
1.493917422 1.4308494956339012e-06
1.495525514 7.154892072911759e-07
1.497133606 1.3329158891643192e-06
1.4987416980000001 1.3293857538343214e-07
1.50034979 1e-08
1.501957882 1.1546116691501006e-08
1.503565974 2.6676921960491795e-06
1.5051740660000001 5.0884686642898745e-06
1.506782158 1.8117922508000385e-05
1.508390249 3.470922890331735e-05
1.509998341 3.345967005709525e-05
1.5116064329999999 1.919570775294586e-05
1.5132145250000002 7.157181875654964e-06
1.514822617 6.385149616166174e-06
1.516430709 9.568490627290443e-06
1.5180388009999999 5.808367028939898e-06
1.519646893 4.75989574480603e-06
1.5212549850000001 4.572654451201688e-06
1.522863077 1.6603705463466397e-06
1.524471169 2.1239732373839775e-06
1.526079261 5.256629686995971e-08
1.5276873530000001 5.476975174071412e-07
1.529295445 5.892181117527314e-06
1.530903537 5.4776160853707926e-06
1.532511629 1.7784313255763227e-06
1.534119721 2.850443608858811e-06
1.535727813 3.620384969056408e-07
1.537335905 2.7236916057532696e-06
1.538943997 8.905827787193689e-06
1.5405520879999999 7.767119973558754e-06
1.54216018 9.908783420554175e-06
1.543768272 1.0389980448371494e-05
1.545376364 1.022023056536907e-05
1.546984456 1.067492212226737e-05
1.548592548 7.03405683574717e-06
1.5502006400000001 5.47883524046071e-06
1.551808732 3.7527695156371076e-06
1.553416824 4.428257100422998e-06
1.555024916 7.130651935520394e-06
1.556633008 1.085282088436255e-05
1.5582411 1.4392653739501905e-05
1.559849192 1.6553417498792918e-05
1.561457284 1.3593553853781368e-05
1.563065376 1.1709609476201904e-05
1.564673468 1.1053209420675189e-05
1.56628156 9.251873048419698e-06
1.567889652 5.961067066818467e-06
1.569497744 1.6059649597840849e-06
1.5711058359999999 1.3242865574575261e-06
1.5727139270000001 2.3339325899806708e-06
1.574322019 2.6744334935302397e-06
1.575930111 4.276292501598961e-06
1.577538203 3.40182660048099e-07
1.579146295 3.214487444563181e-08
1.580754387 6.481786889799417e-06
1.582362479 3.87110885862611e-06
1.583970571 3.997197637849229e-06
1.585578663 4.225831689022636e-06
1.5871867549999998 3.1036598535072334e-06
1.588794847 5.807614538494613e-06
1.590402939 7.02616180141376e-06
1.592011031 7.960369226209882e-06
1.5936191229999999 9.168602387245941e-06
1.595227215 6.327928445754534e-06
1.596835307 4.381880467740064e-06
1.598443399 4.675263552557292e-06
1.6000514909999999 6.646965434534516e-06
1.6016595830000002 2.814409371104716e-06
1.6032676750000001 8.259634039770612e-08
1.604875767 7.22404859080721e-08
1.606483858 3.714413597864384e-06
1.60809195 5.994281727877582e-06
1.6097000419999998 1.0435788021523372e-06
1.6113081340000002 2.754656742724102e-06
1.612916226 3.413279242153201e-06
1.614524318 5.687901713225231e-07
1.6161324099999999 1.0109604918831702e-08
1.6177405020000002 1.0255692818241853e-06
1.619348594 3.4350615997226454e-06
1.620956686 5.502071933825229e-06
1.6225647779999999 4.8194348057462935e-06
1.6241728700000002 1.7635386891281849e-06
1.625780962 1.8848745124042139e-06
1.627389054 1.988264902011846e-06
1.628997146 3.020954671346025e-06
1.630605238 2.9705676581726086e-06
1.6322133300000001 1.5793552826205728e-06
1.633821422 8.546888836890487e-08
1.635429514 5.125108323462396e-07
1.637037606 4.0535887222676883e-07
1.6386456969999998 1e-08
1.6402537890000002 1e-08
1.641861881 1e-08
1.643469973 3.525446733552271e-08
1.6450780649999999 1.9751998737567075e-06
1.646686157 4.047033015090764e-06
1.648294249 3.1587497245537536e-06
1.649902341 3.6070561278042056e-06
1.6515104329999999 1.5334219523763308e-06
1.653118525 1.2847187438464899e-08
1.6547266170000001 9.819735710577736e-07
1.656334709 9.580278448821471e-06
1.657942801 1.767072163870848e-05
1.659550893 2.7368881929726185e-05
1.661158985 3.26850260242439e-05
1.662767077 3.7387019647597724e-05
1.664375169 3.947742903193237e-05
1.665983261 3.7376925156084184e-05
1.667591353 3.347000680005999e-05
1.669199445 3.6794776560338556e-05
1.670807536 4.273879090580237e-05
1.672415628 4.409415654637554e-05
1.6740237199999999 4.563469011833138e-05
1.675631812 4.7142500937684864e-05
1.6772399040000001 4.92126105578227e-05
1.678847996 5.39077458165313e-05
1.680456088 6.177372753847324e-05
1.68206418 7.01898511644594e-05
1.683672272 7.900328445530714e-05
1.685280364 8.817204204367999e-05
1.686888456 9.58166867445394e-05
1.688496548 0.00010880330937974069
1.69010464 0.00012890993046349588
1.691712732 0.0001498379715579792
1.693320824 0.00017823811248929064
1.694928916 0.00021350482289446787
1.696537008 0.0002556975267752125
1.6981450999999999 0.00029831393871980005
1.699753192 0.00034822028240176045
1.701361284 0.0004051764239383738
1.702969375 0.00046660027167892465
1.704577467 0.0005373999552542582
1.706185559 0.0006131355185080462
1.707793651 0.0006909286445747709
1.709401743 0.0007626453398194225
1.711009835 0.0008251917843340432
1.712617927 0.000877953314992105
1.714226019 0.0009162083888275174
1.715834111 0.0009502849507021143
1.717442203 0.0009822467468636213
1.719050295 0.0010118756334373488
1.7206583869999998 0.0010279272166806045
1.722266479 0.001035203941959638
1.723874571 0.0010377755743769263
1.725482663 0.0010455512935992678
1.7270907549999999 0.0010498232270040164
1.728698847 0.0010521776441707797
1.730306939 0.001052898959529546
1.731915031 0.0010536319183958875
1.7335231229999999 0.0010504635494915885
1.735131214 0.0010425797187509189
1.736739306 0.0010369187652737877
1.7383473980000002 0.0010283968538642445
1.73995549 0.0010173197305536053
1.741563582 0.0010032073878460813
1.7431716739999998 0.0009892180079286805
1.7447797660000002 0.0009763374765601823
1.746387858 0.0009673891918672648
1.74799595 0.0009565567718138086
1.7496040419999999 0.000943937947290815
1.7512121340000002 0.0009282527521142026
1.752820226 0.000917056123594983
1.754428318 0.0009080973282814205
1.7560364099999999 0.000901399486582823
1.757644502 0.0009094913946615163
1.7592525940000001 0.0009215397243578348
1.760860686 0.0009358501813057928
1.762468778 0.0009389317722220107
1.76407687 0.0009386388070278518
1.7656849620000001 0.0009354947237936466
1.7672930530000002 0.0009365115223145102
1.768901145 0.0009382803042632406
1.770509237 0.0009404479042437934
1.7721173289999999 0.000939392951487522
1.7737254210000002 0.0009370786958417432
1.775333513 0.000933372872968869
1.776941605 0.0009244484734025906
1.7785496969999999 0.0009168580177078034
1.780157789 0.0009127138883868946
1.781765881 0.0009082769424669572
1.783373973 0.0009029830543363875
1.784982065 0.00089599107787106
1.786590157 0.0008889650160491442
1.7881982490000001 0.0008813247642922828
1.789806341 0.0008719509795476883
1.791414433 0.0008645303846164699
1.793022525 0.0008578820098989519
1.794630617 0.0008513145335858624
1.796238709 0.0008479563084467938
1.797846801 0.0008460174302171741
1.799454893 0.0008410135410331565
1.8010629839999999 0.0008358713907867362
1.802671076 0.0008306224071483335
1.804279168 0.0008277131158979597
1.80588726 0.0008243394069394759
1.8074953519999999 0.0008203029013643264
1.809103444 0.000817163950426062
1.8107115360000001 0.0008136314071027697
1.812319628 0.0008087853172081837
1.81392772 0.0008061661087317894
1.815535812 0.0008042796491263189
1.817143904 0.0008014500858838492
1.818751996 0.0007984320449490137
1.820360088 0.0007952740884495934
1.82196818 0.0007895988579246881
1.823576272 0.0007835366124219811
1.825184364 0.0007769553818026182
1.826792456 0.0007716016883687769
1.828400548 0.0007660367601413275
1.83000864 0.0007577516254001245
1.8316167319999999 0.0007500532408689702
1.8332248230000001 0.0007428061815373878
1.834832915 0.000731717683717672
1.836441007 0.0007194288094071088
1.838049099 0.000705096388527873
1.839657191 0.0006908072329140848
1.841265283 0.0006773838567836017
1.842873375 0.00066983737994854
1.844481467 0.0006633549253132926
1.846089559 0.0006580337293673551
1.847697651 0.0006526279717415625
1.849305743 0.0006471348767232325
1.850913835 0.0006412558901519823
1.852521927 0.0006333874386283897
1.8541300189999999 0.0006240361662175378
1.855738111 0.0006211523504647392
1.857346203 0.0006183455294009918
1.858954295 0.0006139091521437784
1.8605623869999999 0.000608658407351139
1.862170479 0.000602929184776185
1.863778571 0.000598408482469078
1.865386662 0.0005938707206912397
1.866994754 0.0005890107116357749
1.868602846 0.0005840193841119537
1.870210938 0.0005789643150565578
1.8718190300000002 0.0005729999159950157
1.873427122 0.0005685453562514736
1.875035214 0.0005686720056657616
1.8766433059999998 0.0005681695937155412
1.8782513980000002 0.0005671800184013391
1.87985949 0.0005683798182795616
1.881467582 0.0005696908236640616
1.8830756739999999 0.0005700274414016492
1.8846837660000002 0.0005723825237207366
1.886291858 0.0005769740671397942
1.88789995 0.0005861765899115323
1.8895080419999999 0.0005966995758822266
1.891116134 0.0006042257200324364
1.8927242260000001 0.0006130731054974469
1.894332318 0.0006244166121803803
1.89594041 0.0006314420448854537
1.897548501 0.0006358320757971798
1.8991565929999998 0.0006342957122058246
1.9007646850000002 0.0006301790888918247
1.902372777 0.0006167932476902461
1.903980869 0.0005984767518551641
1.9055889609999999 0.000574204063113613
1.9071970530000002 0.0005441713269523165
1.908805145 0.0005129780753791256
1.910413237 0.00047134745393762533
1.9120213289999999 0.0004314901726847506
1.913629421 0.00039111481965296195
1.9152375130000001 0.00035143165220393076
1.916845605 0.0003123011135951287
1.918453697 0.0002770595878085737
1.920061789 0.00024564558261878347
1.9216698810000001 0.00021523725296369647
1.923277973 0.00018816146658356934
1.924886065 0.00016308858144270408
1.926494157 0.00014220248402561984
1.928102249 0.00012538653680285576
1.9297103400000002 0.0001088854510582611
1.931318432 9.356747773727024e-05
1.932926524 7.903615338844209e-05
1.9345346159999999 6.653881533882195e-05
1.936142708 5.282727507672824e-05
1.9377508 4.2839426324066166e-05
1.939358892 3.72852372522412e-05
1.940966984 3.350675288449949e-05
1.942575076 3.157552919153544e-05
1.9441831680000001 2.9161425419822522e-05
1.94579126 2.6556058042356956e-05
1.947399352 1.8345336664828002e-05
1.949007444 1.2399438202333341e-05
1.950615536 7.801129144763687e-06
1.952223628 6.301830064662605e-06
1.95383172 7.861020658331514e-06
1.955439812 1.088849822993566e-05
1.957047904 1.0447925711912995e-05
1.958655996 9.967535976348298e-06
1.960264088 9.72184796708493e-06
1.961872179 9.595756106740802e-06
1.9634802709999999 9.942730834933418e-06
1.965088363 1.1496075204991153e-05
1.9666964550000001 1.3678005313590019e-05
1.968304547 1.0303373349546589e-05
1.969912639 8.871037722021858e-06
1.971520731 6.729603110030651e-06
1.973128823 5.0020405726516884e-06
1.974736915 3.6922759652182323e-06
1.976345007 3.1781216000158134e-06
1.977953099 2.2900893220771583e-06
1.979561191 2.505221009124014e-06
1.981169283 4.03222092311417e-06
1.982777375 6.158425177516416e-06
1.984385467 8.311742614943232e-06
1.985993559 9.922280565426205e-06
1.9876016509999999 1.179474353084774e-05
1.989209743 9.585853167685134e-06
1.990817835 6.797141964598906e-06
1.992425927 4.115728819135093e-06
1.9940340189999999 2.4700443516259016e-06
1.99564211 4.733722453850707e-06
1.997250202 9.356485513157201e-06
1.998858294 9.606010407016663e-06
2.0004663860000003 1.0205819080737753e-05
2.002074478 1.0323757337646173e-05
2.00368257 1.0389786415303471e-05
2.005290662 9.91420345304671e-06
2.006898754 1.0080332573962102e-05
2.008506846 1.054515490184564e-05
2.010114938 1.033799798856035e-05
2.01172303 8.946680528446538e-06
2.013331122 7.814924800271942e-06
2.014939214 1.0119137157877716e-05
2.016547306 1.1700519538590476e-05
2.018155398 1.0101195603870109e-05
2.01976349 5.417898239404193e-06
2.021371582 2.3854514600376633e-06
2.022979674 8.522508763107142e-07
2.0245877660000002 7.314029723801706e-07
2.026195858 7.018531433243298e-07
2.027803949 1.786990233933352e-07
2.029412041 2.5294247051021003e-07
2.031020133 9.485925807345607e-07
2.032628225 1.0444381801763695e-06
2.034236317 6.176041130255311e-07
2.035844409 1.2725867539478798e-07
2.037452501 9.118374406539251e-07
2.039060593 2.5583028104575557e-06
2.040668685 2.6176478698048537e-06
2.042276777 2.646565910821868e-07
2.0438848689999998 1.589360770230699e-08
2.045492961 4.292916695637086e-08
2.047101053 1.1314936998416454e-06
2.0487091449999997 3.742352059907404e-06
2.0503172370000002 5.350147493475465e-06
2.0519253290000004 8.143277249996752e-06
2.053533421 1.081175316042075e-05
2.055141513 7.1749954082217475e-06
2.056749605 5.066733208235862e-06
2.058357697 3.7844903501820302e-06
2.059965788 3.5469524807428933e-06
2.06157388 3.808287030139222e-06
2.0631819719999998 4.384716950062651e-06
2.064790064 4.171894341390515e-06
2.066398156 3.3925792801864817e-06
2.068006248 1.6445454050233954e-06
2.06961434 4.794909198604801e-07
2.071222432 1.0081068803390445e-07
2.072830524 1.8517277742385893e-08
2.074438616 1.814909504749856e-08
2.076046708 2.8580645528035715e-07
2.0776548 2.603946511008309e-06
2.079262892 3.1887514389485207e-06
2.080870984 3.7162039917775223e-06
2.0824790760000003 3.7268106180507405e-06
2.084087168 3.7322196597738687e-06
2.08569526 3.7117650565943068e-06
2.0873033519999997 3.723154755775483e-06
2.088911444 4.1173284487982085e-06
2.090519536 4.552586212638285e-06
2.092127627 4.121173095909517e-06
2.0937357189999997 3.721537734471952e-06
2.0953438110000002 1.981524083086968e-06
2.0969519030000003 9.88936361411156e-07
2.098559995 1.3886529905270958e-06
2.100168087 2.6112409326709512e-06
2.101776179 3.087752132198853e-06
2.103384271 2.8938060122573734e-06
2.104992363 2.6644877690430298e-06
2.1066004549999997 2.417591915899076e-06
2.1082085470000003 2.1010768715291438e-06
2.109816639 1.7198417340307418e-06
2.111424731 6.679289391717533e-07
2.113032823 4.4955730261271365e-08
2.114640915 1e-08
2.116249007 1e-08
2.1178570989999996 1e-08
2.1194651909999997 1e-08
2.1210732830000003 1e-08
2.122681375 2.2502238303770753e-08
2.124289466 1.0808623208764705e-07
2.125897558 5.961895651112517e-08
2.1275056500000002 1.4981140010045306e-08
2.129113742 1e-08
2.130721834 1e-08
2.1323299259999997 1.1246838221970006e-08
2.133938018 1.868905481567011e-08
2.1355461100000004 3.050131482096809e-08
2.137154202 1.5773360697557103e-08
2.138762294 1.0151168884519395e-08
2.140370386 1e-08
2.141978478 1e-08
2.14358657 1e-08
2.1451946619999998 1e-08
2.146802754 1.9029890874712403e-08
2.1484108460000004 1.4049798166867343e-07
2.150018938 2.979695244837986e-07
2.15162703 3.3769191141438244e-08
2.153235122 1e-08
2.154843214 1e-08
2.156451305 1e-08
2.158059397 1e-08
2.159667489 1e-08
2.161275581 1e-08
2.1628836729999996 1e-08
2.164491765 1e-08
2.1660998570000003 1e-08
2.167707949 1e-08
2.169316041 1e-08
2.170924133 1e-08
2.172532225 1e-08
2.174140317 1e-08
2.1757484089999997 1e-08
2.177356501 1e-08
2.1789645930000003 1e-08
2.180572685 1e-08
2.182180777 1e-08
2.183788869 1e-08
2.185396961 1e-08
2.187005053 3.58164778030359e-08
2.1886131449999997 4.4951676482962883e-07
2.1902212359999997 4.499585151247521e-07
2.191829328 3.607942436711806e-08
2.1934374200000004 1e-08
2.195045512 1e-08
2.196653604 1e-08
2.198261696 1e-08
2.199869788 1e-08
2.20147788 1e-08
2.203085972 1e-08
2.204694064 1e-08
2.206302156 1e-08
2.207910248 1e-08
2.2095183400000002 1e-08
2.211126432 1e-08
2.212734524 1e-08
2.2143426159999997 1e-08
2.215950708 1e-08
2.2175588 1e-08
2.219166892 1e-08
2.220774984 2.8793320694402697e-08
2.222383075 2.1154769500723643e-07
2.2239911670000003 2.288020518669114e-07
2.225599259 3.081147405782486e-08
2.227207351 1e-08
2.228815443 1e-08
2.230423535 1e-08
2.232031627 1e-08
2.2336397189999997 1e-08
2.2352478110000003 1e-08
2.236855903 1e-08
2.238463995 1e-08
2.240072087 1e-08
2.241680179 1e-08
2.243288271 1e-08
2.2448963629999996 1e-08
2.2465044549999997 1e-08
2.2481125470000003 1e-08
2.249720639 1e-08
2.251328731 1e-08
2.252936823 1e-08
2.2545449140000002 1e-08
2.256153006 1e-08
2.257761098 1e-08
2.2593691899999997 1e-08
2.260977282 1e-08
2.262585374 1e-08
2.264193466 1e-08
2.265801558 1e-08
2.2674096500000003 4.3616862569292176e-08
2.269017742 5.47692179390684e-07
2.270625834 8.061542906435884e-07
2.2722339259999997 6.168529328540336e-08
2.273842018 1.0467254251034599e-08
2.2754501100000004 3.7742711925626216e-08
2.277058202 3.3074854349807854e-07
2.278666294 3.9062285990934443e-07
2.280274386 6.709189285901008e-08
2.281882478 1.1912897290710933e-07
2.28349057 3.995607499107009e-07
2.285098662 1.4075449349795828e-06
2.286706753 2.885377433327068e-06
2.288314845 3.834867392498822e-06
2.2899229369999996 7.591605984588211e-06
2.291531029 4.095568676363389e-06
2.2931391210000003 2.390932537645662e-06
2.294747213 6.279817813086521e-07
2.296355305 6.447073336198652e-08
2.297963397 1.1222031355231056e-08
2.299571489 1e-08
2.301179581 1e-08
2.3027876729999996 1e-08
2.304395765 1e-08
2.3060038570000003 1e-08
2.307611949 1e-08
2.309220041 1e-08
2.310828133 1e-08
2.312436225 1e-08
2.314044317 1e-08
2.3156524089999997 1e-08
2.3172605010000003 1e-08
2.318868592 1e-08
2.3204766840000004 1e-08
2.322084776 1e-08
2.323692868 1e-08
2.32530096 1e-08
2.326909052 1e-08
2.328517144 1e-08
2.3301252359999998 1e-08
2.331733328 1.440685887224174e-08
2.33334142 9.523485174248475e-08
2.334949512 1.0167233468787845e-06
2.3365576040000002 1.5967751159662744e-06
2.338165696 1.2263827352903648e-06
2.339773788 9.586771818131209e-07
2.3413818799999997 8.574182093453937e-07
2.342989972 7.670467717648769e-07
2.344598064 9.586793739008658e-07
2.346206156 1.7201533961545822e-06
2.347814248 3.0882204022361643e-06
2.3494223400000003 3.384930662314242e-06
2.3510304310000003 3.460993401345704e-06
2.352638523 3.778061889912737e-06
2.354246615 3.3500433570109896e-06
2.3558547069999998 3.0263923796348062e-06
2.357462799 8.560975774002921e-07
2.359070891 9.003548344062085e-08
2.3606789829999997 1.2420853423176182e-08
2.3622870750000002 1e-08
2.363895167 1e-08
2.365503259 1e-08
2.367111351 1e-08
2.368719443 1e-08
2.370327535 1.4216089412384383e-08
2.371935627 4.6154085414675046e-08
2.3735437189999997 2.1274424645601197e-07
2.3751518110000003 3.8836278664844847e-07
2.376759903 5.477594544662229e-07
2.378367995 7.63542685826883e-07
2.379976087 9.299367115433804e-07
2.381584179 1.132607955651691e-06
2.383192271 1.3620300399255555e-06
2.384800362 1.602475061163704e-06
2.3864084539999997 1.8851603770217202e-06
2.388016546 4.539407612881675e-07
2.389624638 4.9963660650705766e-08
2.39123273 1.0871083297330649e-08
2.392840822 1e-08
2.3944489140000003 1e-08
2.396057006 1.1296909255507114e-08
2.397665098 4.7078983134562737e-08
2.3992731899999997 3.5835806403311624e-07
2.400881282 1.4924809298661616e-06
2.4024893740000004 2.066158280091196e-06
2.404097466 2.862276403886801e-06
2.405705558 2.697915206757678e-06
2.40731365 2.0173963475573506e-06
2.408921742 1.5107216745361575e-06
2.410529834 1.3470257576636945e-06
2.4121379259999998 1.3507124900109333e-06
2.413746018 1.9882383244952805e-06
2.41535411 1.3264480309072145e-06
2.416962201 1.4532002640742448e-06
2.418570293 1.4521388724869669e-06
2.4201783850000003 8.886994866005409e-07
2.421786477 5.452398749040476e-07
2.423394569 6.257301496880659e-07
2.425002661 1.6061251507419478e-06
2.426610753 4.415822512752261e-06
2.428218845 6.118998336829365e-06
2.4298269369999996 5.275861059551411e-06
2.431435029 4.564544301654376e-06
2.4330431210000003 4.144773396438763e-06
2.434651213 4.178737916814846e-06
2.436259305 7.556648169990207e-06
2.4378673969999998 7.611559613706051e-06
2.439475489 7.213232548824531e-06
2.441083581 6.986348471565892e-06
2.4426916729999997 7.657529224022788e-06
2.4442997650000002 8.507799444499132e-06
2.4459078570000004 8.941456806454657e-06
2.447515949 7.657644641578431e-06
2.44912404 6.749544891000876e-06
2.450732132 4.4496298074807886e-06
2.452340224 3.2650399798620724e-06
2.453948316 3.5782214664494412e-06
2.455556408 4.551288918160123e-06
2.4571644999999998 5.728634788796594e-06
2.458772592 8.105492846411097e-06
2.460380684 6.826758922217225e-06
2.461988776 4.9112477219903605e-06
2.463596868 4.474304837391025e-06
2.46520496 4.107499778690986e-06
2.466813052 4.249972651627391e-06
2.468421144 5.127291145351755e-06
2.470029236 3.847415226159887e-06
2.471637328 3.3236922991302704e-06
2.47324542 5.509782216198657e-06
2.474853512 9.027476807447773e-06
2.4764616040000003 1.316439304719888e-05
2.478069696 1.9777230057411964e-05
2.479677788 2.0935265786426585e-05
2.481285879 2.1493825852329078e-05
2.4828939709999998 2.2661903464773008e-05
2.484502063 1.7022138924485347e-05
2.486110155 1.6317331269391214e-05
2.4877182469999997 1.61170404287318e-05
2.489326339 1.6459346726228982e-05
2.4909344310000003 1.6832675880422953e-05
2.492542523 1.7216280026199114e-05
2.494150615 1.527225770068109e-05
2.495758707 1.358727232611306e-05
2.497366799 1.2149045935661608e-05
2.498974891 1.1140611803940996e-05
2.499778162 5.52012170907299e-06
2.5011293930000003 4.962609202858738e-06
2.502480624 3.5098870389534543e-07
2.5038318559999997 7.152420488060309e-06
2.505183087 1.9308418523896445e-06
2.506534319 6.597158503249285e-07
2.50788555 3.997423836565156e-06
2.509236782 4.4098814319346195e-08
2.510588013 4.437297960449968e-06
2.511939244 6.8553939843271985e-06
2.5132904760000003 1.3930882598361497e-08
2.514641707 5.4576619718285614e-08
2.515992939 1.2446758590393073e-08
2.51734417 3.686984853111201e-06
2.5186954019999996 1.2855719308684867e-06
2.5200466329999998 9.43487639249449e-06
2.521397865 4.434961707132662e-06
2.522749096 3.943642466893046e-06
2.524100327 1.0647717703789466e-08
2.525451559 3.743202921817098e-06
2.52680279 6.570602531381087e-06
2.5281540220000003 1.1987485448326298e-06
2.529505253 2.0832259197281333e-08
2.5308564849999997 1e-08
2.532207716 1.4282242469149346e-08
2.533558948 1.4482591692305293e-06
2.534910179 5.114088911848206e-06
2.5362614100000003 5.641416893301285e-06
2.537612642 1.775857763881589e-06
2.538963873 4.505212190257198e-06
2.5403151050000004 2.99872680294917e-08
2.5416663359999996 3.6556035571378205e-08
2.5430175680000002 1.4562786544495977e-06
2.544368799 4.618129845557488e-06
2.54572003 1.3113163078673767e-08
2.547071262 6.77917852019277e-06
2.548422493 3.125657837281963e-06
2.549773725 4.940129106437016e-06
2.551124956 7.052350393479022e-06
2.552476188 2.2702067763639336e-08
2.553827419 1.6886079029396903e-07
2.5551786510000003 1.2400596305390657e-08
2.556529882 7.2394899695559825e-06
2.557881113 9.167787462755112e-06
2.559232345 9.142330848763032e-06
2.560583576 4.4047996329863115e-08
2.561934808 2.3738530569835097e-06
2.5632860390000003 4.108449045835444e-06
2.564637271 1.8256668602414512e-06
2.565988502 5.593977358994024e-06
2.567339733 1.3159023337599918e-05
2.5686909649999996 4.041525181688903e-06
2.5700421959999997 7.474498771081076e-08
2.571393428 1.156024963065609e-07
2.572744659 1.9947948657571554e-06
2.574095891 2.1460466740882247e-08
2.575447122 1e-08
2.576798354 4.057681302857075e-06
2.5781495850000002 2.8432182435213075e-07
2.5795008160000004 1.5187277800138743e-08
2.580852048 1.3800856375654458e-06
2.582203279 8.192836852220691e-06
2.583554511 6.722170994618612e-08
2.584905742 3.051844394039463e-08
2.586256974 3.1456599767091513e-07
2.587608205 2.0483061806696168e-08
2.588959437 1.6203723175330346e-07
2.590310668 3.7787193108140117e-06
2.591661899 3.0686429192541146e-06
2.593013131 2.211037952576959e-06
2.594364362 3.4207507015346795e-06
2.5957155939999996 7.888658654132074e-06
2.5970668249999997 4.4123472979486397e-08
2.598418057 5.5293136871691646e-08
2.599769288 1e-08
2.601120519 1e-08
2.602471751 8.111821693426781e-08
2.603822982 4.1853073335359845e-06
2.6051742140000003 7.083380502013938e-08
2.6065254450000004 1e-08
2.607876677 1e-08
2.609227908 1e-08
2.61057914 1.4731002977234735e-06
2.611930371 1.2452742803602874e-06
2.613281602 1.4603636785625311e-08
2.614632834 3.650250322539892e-06
2.615984065 2.294106845860994e-06
2.617335297 2.9580499757708834e-08
2.618686528 1.848017376457639e-07
2.62003776 5.355840916167441e-06
2.621388991 1.0320116223208227e-07
2.622740222 7.232059931247367e-08
2.6240914539999998 1.0941002217064765e-07
2.625442685 3.662190348772152e-06
2.626793917 1.1925188185507623e-05
2.628145148 1.1887215175112396e-05
2.62949638 5.998371084558443e-06
2.630847611 2.7243509729622714e-08
2.6321988430000003 3.3160932056778006e-06
2.6335500740000004 7.395011527212723e-06
2.634901305 3.0226279760946756e-07
2.636252537 6.53040376917678e-08
2.637603768 1.6260674400776183e-07
2.6389549999999997 3.245140708845758e-06
2.640306231 3.623345299030471e-07
2.641657463 2.3134018795156147e-06
2.643008694 4.9049595045612696e-06
2.6443599250000003 5.534332051160428e-06
2.645711157 9.116926062630131e-06
2.6470623879999997 2.321777276469693e-06
2.64841362 3.186305154741863e-06
2.649764851 4.974434772780995e-07
2.651116083 2.307079306903987e-06
2.652467314 6.634602786241145e-06
2.653818546 5.834301356775368e-07
2.6551697770000002 2.2358624187055032e-07
2.6565210080000004 2.2938642427680369e-07
2.65787224 3.096568949939346e-06
2.659223471 6.541830260755718e-07
2.6605747030000004 2.198168670573915e-07
2.6619259339999997 2.1608107344931814e-06
2.663277166 1e-08
2.664628397 5.3691010614665854e-08
2.6659796289999997 3.898373144701731e-06
2.66733086 6.231652103682611e-06
2.668682091 3.1673191346889888e-06
2.670033323 2.030177978609942e-08
2.6713845540000003 6.324081350422509e-07
2.672735786 5.872492789013222e-06
2.6740870169999997 3.9071169382814695e-06
2.675438249 3.997106300151141e-06
2.67678948 7.57254782296961e-06
2.678140711 4.141649827447107e-06
2.679491943 1e-08
2.680843174 1.4812485468623047e-08
2.6821944060000003 3.2066723178449564e-06
2.6835456370000004 5.5015939147867646e-06
2.684896869 1.0117261639369267e-08
2.6862481 1.1183900623628822e-06
2.6875993319999996 3.532589028910884e-06
2.6889505629999997 4.923457636403991e-06
2.690301794 6.305599000295743e-07
2.691653026 2.416881885330763e-06
2.693004257 6.139505356214134e-07
2.694355489 1.4041913022144314e-07
2.69570672 2.6331082470044188e-06
2.697057952 1.1191109768056604e-07
2.6984091830000003 6.104359689541185e-07
2.699760414 4.421518652296851e-06
2.7011116459999998 2.42979683842788e-06
2.702462877 9.413117920828162e-07
2.703814109 1.0278616795651062e-08
2.70516534 3.4086816940910916e-06
2.706516572 1.6594987913980779e-06
2.707867803 8.024654627401216e-06
2.7092190350000003 9.875107964382251e-06
2.7105702660000004 4.019330201245619e-06
2.7119214969999996 1.9644189775944633e-06
2.713272729 1.9043063131201057e-06
2.71462396 1e-08
2.7159751919999997 1.940284956182425e-06
2.717326423 5.800469946499581e-06
2.718677655 4.34754631667032e-06
2.720028886 1.1129725101636135e-06
2.7213801170000003 5.872061275465731e-07
2.722731349 4.1801526139062e-06
2.7240825799999997 6.808434479424796e-06
2.7254338120000003 4.277636108255506e-06
2.726785043 1.0230337015382393e-05
2.7281362749999998 7.2053300365170945e-06
2.729487506 5.353442309677985e-06
2.730838738 6.4357726828046e-06
2.732189969 3.5176391061424453e-06
2.7335412000000003 2.6159603199384437e-06
2.734892432 1.7552386406877725e-06
2.736243663 3.931974719696831e-06
2.737594895 2.3788370602856324e-06
2.7389461259999996 3.968791573928302e-06
2.740297358 3.7928247690996626e-06
2.741648589 3.3697362042143596e-06
2.7429998209999997 8.648825493627162e-06
2.744351052 7.151064923999185e-06
2.745702283 5.339987932552941e-06
2.747053515 7.111844635738143e-06
2.7484047460000003 7.608520569804639e-06
2.749755978 9.799349897707176e-06
2.7511072089999997 1.1389960743385669e-05
2.7524584410000004 7.376350269565155e-06
2.753809672 5.6854273841885945e-06
2.755160903 1.441352286434414e-06
2.756512135 2.3965777607986875e-06
2.757863366 1e-08
2.7592145980000002 4.312707600682012e-06
2.760565829 6.708277952389391e-06
2.761917061 3.7471916440642628e-06
2.7632682920000002 9.841060530780342e-06
2.764619524 6.632090729278376e-06
2.7659707549999997 3.899884814797715e-06
2.767321986 2.682966365887499e-06
2.768673218 2.924253007041478e-06
2.770024449 9.710596963260563e-06
2.771375681 2.019754086575856e-07
2.772726912 1e-08
2.774078144 1e-08
2.7754293750000003 1.2374645629880654e-06
2.776780606 6.259527245997606e-06
2.7781318379999997 1.8535767198776336e-06
2.779483069 1e-08
2.780834301 1e-08
2.782185532 1.5529846938693653e-07
2.783536764 7.593930766229766e-08
2.784887995 1.2449606115456105e-07
2.786239227 3.842233304080272e-06
2.787590458 3.086709903476976e-06
2.788941689 1.6903462833938894e-06
2.7902929210000003 2.338450897270171e-06
2.791644152 1e-08
2.7929953839999997 1e-08
2.794346615 1e-08
2.795697847 1e-08
2.797049078 7.439284888104764e-07
2.7984003090000003 1e-08
2.799751541 1e-08
2.801102772 1e-08
2.8024540040000003 1.3478518448752138e-06
2.803805235 1.317947596616756e-06
2.8051564669999998 2.040220834840211e-06
2.806507698 1e-08
2.80785893 1.6007828220498086e-06
2.8092101609999998 5.43044414828293e-06
2.810561392 3.8309163497768703e-08
2.811912624 1e-08
2.813263855 1e-08
2.814615087 1e-08
2.8159663179999996 1.0052532926610392e-06
2.8173175500000003 1e-08
2.818668781 1e-08
2.8200200129999997 1e-08
2.821371244 1e-08
2.822722475 1e-08
2.824073707 1e-08
2.8254249380000003 1e-08
2.82677617 1e-08
2.828127401 1e-08
2.8294786330000004 1e-08
2.830829864 1e-08
2.8321810949999997 1e-08
2.833532327 1e-08
2.834883558 1e-08
2.83623479 1e-08
2.837586021 1e-08
2.838937253 1e-08
2.8402884840000002 1e-08
2.841639716 1e-08
2.8429909469999997 1e-08
2.8443421779999998 1e-08
2.84569341 1e-08
2.847044641 1e-08
2.848395873 1e-08
2.849747104 1e-08
2.851098336 1e-08
2.8524495670000003 1e-08
2.8538007980000004 1e-08
2.85515203 1e-08
2.856503261 1e-08
2.8578544929999996 1e-08
2.8592057239999997 1e-08
2.860556956 1e-08
2.861908187 1e-08
2.863259419 1e-08
2.86461065 1e-08
2.865961881 1e-08
2.8673131130000002 1e-08
2.868664344 1e-08
2.8700155759999997 1e-08
2.871366807 1e-08
2.872718039 8.525729215921957e-08
2.87406927 3.0186013604708433e-07
2.8754205010000002 1e-08
2.876771733 1e-08
2.878122964 1e-08
2.8794741960000003 1e-08
2.8808254270000004 1e-08
2.882176659 1e-08
2.88352789 1e-08
2.8848791219999996 1e-08
2.8862303529999997 4.7374758472769204e-08
2.887581584 1e-08
2.888932816 1e-08
2.890284047 1e-08
2.891635279 1e-08
2.89298651 1e-08
2.8943377420000003 1e-08
2.895688973 1e-08
2.8970402049999997 1e-08
2.898391436 1e-08
2.899742667 1e-08
2.901093899 1e-08
2.9024451300000003 1e-08
2.903796362 1e-08
2.905147593 1e-08
2.9064988250000003 1e-08
2.907850056 1e-08
2.9092012869999997 1e-08
2.910552519 1e-08
2.91190375 1e-08
2.9132549819999998 1e-08
2.914606213 1e-08
2.915957445 1e-08
2.917308676 1e-08
2.918659908 1e-08
2.920011139 1e-08
2.9213623699999998 1e-08
2.922713602 1e-08
2.924064833 1e-08
2.925416065 1e-08
2.926767296 1e-08
2.928118528 1e-08
2.9294697590000003 1e-08
2.93082099 1e-08
2.932172222 1e-08
2.933523453 1e-08
2.934874685 1e-08
2.9362259159999997 1e-08
2.937577148 1e-08
2.938928379 1e-08
2.940279611 1e-08
2.941630842 1e-08
2.942982073 1e-08
2.9443333050000002 1e-08
2.9456845360000004 1e-08
2.947035768 1e-08
2.948386999 1e-08
2.949738231 1e-08
2.951089462 1e-08
2.952440694 1e-08
2.953791925 1e-08
2.955143156 1e-08
2.956494388 1e-08
2.957845619 1e-08
2.959196851 1e-08
2.960548082 1e-08
2.9618993139999996 1e-08
2.9632505449999997 1e-08
2.964601776 1e-08
2.965953008 1e-08
2.967304239 1e-08
2.968655471 1e-08
2.970006702 1e-08
2.9713579340000003 1e-08
2.9727091650000004 1e-08
2.974060397 1e-08
2.975411628 1e-08
2.976762859 1e-08
2.978114091 1e-08
2.979465322 1e-08
2.980816554 1e-08
2.982167785 1e-08
2.983519017 1e-08
2.984870248 1e-08
2.9862214789999997 1e-08
2.987572711 1e-08
2.988923942 1e-08
2.9902751739999998 1e-08
2.991626405 1e-08
2.992977637 1e-08
2.994328868 1e-08
2.9956801 1e-08
2.997031331 1e-08
2.9983825619999998 1e-08
2.9997337940000004 1e-08
3.001085025 1e-08
3.002436257 1e-08
3.003787488 1e-08
3.0051387199999997 1e-08
3.006489951 1e-08
3.007841182 1e-08
3.009192414 1e-08
3.0105436450000003 1e-08
3.011894877 1e-08
3.0132461079999997 1e-08
3.01459734 1e-08
3.015948571 1e-08
3.017299803 1e-08
3.018651034 1e-08
3.020002265 1e-08
3.021353497 1e-08
3.0227047280000003 1.8396667061827356e-07
3.02405596 1e-08
3.0254071909999998 1e-08
3.0267584230000004 1e-08
3.0281096539999997 1e-08
3.029460886 1e-08
3.030812117 1e-08
3.032163348 1e-08
3.03351458 1e-08
3.034865811 1e-08
3.036217043 1e-08
3.0375682740000003 1e-08
3.038919506 1e-08
3.0402707369999997 1e-08
3.041621968 1e-08
3.0429732 1e-08
3.044324431 1e-08
3.045675663 1e-08
3.047026894 1e-08
3.0483781260000002 1e-08
3.0497293570000004 1e-08
3.051080589 6.087209059390595e-08
3.05243182 1e-08
3.053783051 1e-08
3.0551342829999997 1e-08
3.056485514 1e-08
3.057836746 1e-08
3.059187977 1e-08
3.060539209 1e-08
3.06189044 1e-08
3.063241671 1e-08
3.0645929030000003 1e-08
3.065944134 1e-08
3.0672953659999997 1e-08
3.068646597 1e-08
3.069997829 1e-08
3.07134906 1e-08
3.072700292 8.867816478096356e-08
3.074051523 1e-08
3.075402754 1e-08
3.0767539860000004 1e-08
3.0781052169999996 2.4674237577985195e-06
3.079456449 3.3305421430773737e-06
3.08080768 1e-08
3.0821589119999997 1e-08
3.083510143 2.4462841963163253e-06
3.084861374 6.618375887230912e-06
3.086212606 7.778200090605637e-07
3.0875638370000003 1e-08
3.088915069 2.0478158393173698e-06
3.0902662999999997 3.98714940841154e-06
3.0916175320000003 5.5934103326381465e-06
3.092968763 6.748138825263453e-06
3.0943199949999998 4.1312847859321275e-06
3.095671226 4.360168636290606e-06
3.097022457 7.050446053473167e-06
3.098373689 1.8823191077539558e-06
3.0997249200000003 2.9777107126089606e-06
3.101076152 9.961451566539717e-06
3.102427383 1.757162976771684e-05
3.103778615 1.837911999643352e-05
3.1051298459999996 1.121493451915273e-05
3.106481078 9.112537461651475e-06
3.107832309 1.213580877499455e-05
3.10918354 1.308343934659446e-05
3.110534772 1.6067432632387638e-05
3.111886003 2.3445268412739677e-05
3.113237235 2.2145106865643995e-05
3.1145884660000003 1.6725445155537764e-05
3.115939698 9.354710827503286e-06
3.1172909289999997 1.177707632644268e-05
3.11864216 1.918997108602676e-05
3.119993392 1.7800727528985182e-05
3.121344623 1.5863147572363763e-05
3.122695855 2.421482936870068e-05
3.124047086 2.7988013299000844e-05
3.1253983180000002 2.7435575075257943e-05
3.126749549 2.69622421353562e-05
3.128100781 2.9302836694822155e-05
3.1294520120000002 3.989469536314345e-05
3.130803243 4.675429889588456e-05
3.1321544749999997 5.186854453346993e-05
3.133505706 5.413303778974255e-05
3.134856938 5.37242521136529e-05
3.136208169 5.2230783084593683e-05
3.137559401 4.778543270938386e-05
3.138910632 5.416165139174249e-05
3.140261863 6.476348621049346e-05
3.1416130950000003 6.904236960252668e-05
3.142964326 6.53941336583387e-05
3.1443155579999997 6.864323386784436e-05
3.145666789 6.890743769826744e-05
3.147018021 6.890782646648167e-05
3.148369252 7.193623867556459e-05
3.149720484 8.128499494087295e-05
3.151071715 8.655133037642574e-05
3.152422946 8.878087282165336e-05
3.153774178 8.674655968106843e-05
3.155125409 8.900571499096141e-05
3.1564766410000002 9.572542935360461e-05
3.157827872 0.0001023525621581906
3.1591791039999997 0.00010160695870278624
3.160530335 0.00010402614145095834
3.161881566 0.00011027729646655881
3.163232798 0.00011149668499193598
3.1645840290000002 0.00011889771557435347
3.165935261 0.0001290308632674025
3.167286492 0.00013123505356102373
3.1686377240000003 0.0001243648952536732
3.169988955 0.00013083512540457693
3.1713401869999998 0.0001389235578544263
3.172691418 0.00013375296055077437
3.174042649 0.0001349963251119511
3.1753938809999998 0.0001368591948512455
3.176745112 0.00013916179436586142
3.178096344 0.00014927350067794003
3.179447575 0.00015481422322663506
3.180798807 0.0001532347555020499
3.182150038 0.00015485296834694912
3.1835012700000003 0.0001636952135770321
3.184852501 0.0001586898779924532
3.186203732 0.0001467405261293824
3.187554964 0.00014961378733447468
3.188906195 0.00016025012004274998
3.190257427 0.000161622074457243
3.1916086580000003 0.00015915832907436708
3.19295989 0.00014993997539486942
3.194311121 0.00015335761066800647
3.195662352 0.00015762656326300678
3.197013584 0.00015982326189143873
3.1983648149999997 0.00016424405018372252
3.199716047 0.00016068892969363458
3.201067278 0.00015430317770555614
3.2024185099999998 0.00014456437378826764
3.203769741 0.00014595496435606563
3.205120973 0.00015014130191698012
3.206472204 0.0001527749098919031
3.207823435 0.00016332932361691629
3.209174667 0.0001733842835316333
3.2105258979999998 0.00017135459892475728
3.21187713 0.00016613980405108888
3.213228361 0.00016398982243938883
3.214579593 0.00016753172004563678
3.215930824 0.00017009039018549106
3.217282055 0.00017026469685540888
3.2186332870000003 0.00016904203999759486
3.2199845180000004 0.0001745718621713109
3.22133575 0.00018150763607192709
3.222686981 0.00018391735934388236
3.2240382129999996 0.00018214860779734065
3.2253894439999997 0.0001788812678005697
3.226740676 0.0001784334410578305
3.228091907 0.0001861722135681093
3.229443138 0.0001995243187822484
3.23079437 0.00020467901837211962
3.232145601 0.00020716865008836113
3.2334968330000002 0.00020939902504960012
3.234848064 0.0002172960383667308
3.2361992959999997 0.00021976506331033475
3.237550527 0.0002201922377158838
3.238901759 0.00022792017713028922
3.24025299 0.00024188411507488486
3.2416042210000002 0.00024486114798610224
3.242955453 0.00024418971529567595
3.244306684 0.00026028352649849697
3.2456579160000003 0.0002683604338344759
3.2470091470000004 0.00026950238581288633
3.248360379 0.00027268644411763217
3.24971161 0.00027692029005537745
3.251062841 0.0002855146900346054
3.2524140729999997 0.00030694634634761205
3.253765304 0.00032770009444638734
3.255116536 0.0003341511681663723
3.256467767 0.0003401606397368067
3.257818999 0.00034855141402737386
3.25917023 0.00036326434037217936
3.2605214620000003 0.00038365437210975494
3.261872693 0.00040479580238335117
3.263223924 0.00042473386298248853
3.264575156 0.00044661177504728733
3.265926387 0.0004699138128054827
3.267277619 0.0004928780407602958
3.2686288500000003 0.0005210538725163469
3.269980082 0.0005552528335574482
3.271331313 0.0005863593397427549
3.272682544 0.0006162579758004049
3.274033776 0.0006577650789559005
3.2753850069999997 0.0007032396612397464
3.276736239 0.0007435844076980073
3.27808747 0.0007911405896372326
3.2794387019999998 0.0008437143430264216
3.280789933 0.0009007192665425989
3.282141165 0.0009718509612939896
3.283492396 0.0010531743501824968
3.2848436270000003 0.0011413762544001489
3.286194859 0.0012343096701310442
3.2875460899999998 0.0013370284355617283
3.288897322 0.0014554294416788374
3.290248553 0.0015848824792811611
3.291599785 0.001725539738369901
3.292951016 0.0018802604028751177
3.294302247 0.002057983821230114
3.2956534790000003 0.0022536701660796836
3.29700471 0.0024630673735922255
3.298355942 0.002698115430595172
3.299707173 0.002963570372186877
3.301058405 0.003252054408840019
3.3024096359999997 0.003553395390973663
3.303760868 0.003886855054476777
3.305112099 0.004264747290619567
3.30646333 0.004669821305211425
3.307814562 0.0050899336556325305
3.309165793 0.005535468173238166
3.3105170250000002 0.006008073393771576
3.3118682560000003 0.006506569602471
3.313219488 0.007026974214479314
3.3145707189999998 0.00756224064332857
3.315921951 0.008102794369662684
3.317273182 0.00864467866669889
3.318624413 0.009192590093225393
3.319975645 0.009736300891143624
3.321326876 0.010260661941114625
3.322678108 0.010757984148920895
3.324029339 0.011236703143188862
3.325380571 0.011696915906851235
3.326731802 0.012134879226750703
3.328083033 0.012544761080938178
3.3294342649999997 0.012928860600431802
3.330785496 0.013283921450799492
3.332136728 0.013623710702974978
3.333487959 0.013955228140656384
3.334839191 0.014265125893601025
3.336190422 0.014554288580169761
3.3375416540000002 0.014835162195870256
3.3388928850000004 0.015124312754641114
3.340244116 0.01541903462042904
3.341595348 0.01572091337100215
3.342946579 0.016034769080076294
3.344297811 0.016360368965785525
3.345649042 0.016702085114225697
3.347000274 0.017053114616603287
3.348351505 0.017426937602933325
3.3497027360000002 0.01783734091200974
3.351053968 0.01828623053070334
3.3524051989999997 0.018773188479318918
3.353756431 0.019300509211289275
3.355107662 0.019866742495737163
3.3564588939999997 0.020471386670528825
3.357810125 0.021122059697333936
3.359161357 0.02182625775808628
3.360512588 0.022587252267909096
3.3618638190000003 0.02341282628002924
3.363215051 0.024305448412241897
3.3645662819999997 0.025271435234392334
3.3659175140000004 0.026325966899036116
3.367268745 0.027479681018181795
3.368619977 0.028720350491619015
3.369971208 0.030057226088261686
3.371322439 0.03151297725175412
3.372673671 0.03309417896078148
3.374024902 0.034814632240067235
3.375376134 0.036678021681120325
3.3767273650000003 0.03870280662224102
3.378078597 0.040904246174817915
3.3794298279999997 0.04329911535073008
3.38078106 0.04590394408388897
3.382132291 0.04875006403685852
3.383483522 0.05185532710096662
3.384834754 0.05523485010019506
3.386185985 0.0589245017474077
3.387537217 0.06295147571400896
3.3888884480000003 0.06735702081399259
3.39023968 0.07217475158995706
3.3915909109999998 0.07743737305384273
3.3929421430000004 0.08319388350329553
3.3942933739999996 0.0894999014248749
3.3956446049999998 0.09639241625713564
3.396995837 0.10391945484376881
3.398347068 0.11214269659679447
3.3996983 0.12111237754150396
3.401049531 0.13089422425615
3.402400763 0.14155426877965233
3.4037519940000003 0.15315584315029068
3.405103225 0.16576654926104017
3.4064544569999997 0.17945611122065278
3.407805688 0.19429728314884667
3.40915692 0.21034257226904937
3.410508151 0.22762348331838905
3.411859383 0.24617753704079307
3.413210614 0.26601601545968
3.4145618460000002 0.2871279099158751
3.4159130770000004 0.3094920827308485
3.4172643079999996 0.33304637427317635
3.41861554 0.35771221751277826
3.419966771 0.3832948984410265
3.4213180029999997 0.40959369248511474
3.422669234 0.4364827350399056
3.424020466 0.46372998979100627
3.425371697 0.4910675661426486
3.4267229280000002 0.5181274085531598
3.42807416 0.5445136616097315
3.429425391 0.5701085005523536
3.4307766230000003 0.594670058420673
3.432127854 0.6180027582480383
3.4334790859999997 0.639947259234159
3.434830317 0.6601369134089861
3.436181549 0.6787057992848168
3.43753278 0.6955459032074428
3.4388840110000003 0.7105855624782548
3.440235243 0.7238678472556973
3.441586474 0.7353693308947845
3.4429377060000004 0.7452867465693028
3.4442889369999996 0.7538372664189409
3.445640169 0.761150398582864
3.4469914 0.7673821778298285
3.448342631 0.7726686410901762
3.449693863 0.777043857182592
3.451045094 0.7807658127006529
3.452396326 0.7839253977525567
3.4537475570000002 0.7866508842699814
3.455098789 0.7890369863739224
3.45645002 0.7911479515795553
3.4578012520000003 0.7930947358564251
3.459152483 0.7949285953293397
3.460503714 0.7967166184238988
3.461854946 0.7984915619886679
3.463206177 0.8002895679588765
3.464557409 0.8021722990152991
3.4659086400000003 0.8041384600701381
3.467259872 0.8062257654524673
3.468611103 0.8084382553512838
3.469962335 0.8107806725599249
3.4713135659999996 0.8132603166413337
3.4726647969999997 0.8158570869855866
3.474016029 0.8186160173487935
3.47536726 0.821498393496078
3.476718492 0.8244763257950193
3.478069723 0.827557043862172
3.479420955 0.8307333400334
3.4807721860000003 0.8340202986087043
3.482123417 0.8373786063632316
3.483474649 0.8407903105346738
3.48482588 0.8442683152035442
3.486177112 0.8477841219947515
3.487528343 0.8513203573243104
3.488879575 0.8548364028394734
3.490230806 0.8583121837294664
3.491582038 0.8617331641023168
3.492933269 0.865056730078344
3.4942845 0.8683064026784182
3.495635732 0.8714538681550305
3.496986963 0.8744716658799905
3.4983381949999997 0.8773530147245804
3.4996894259999998 0.8800425721171113
3.501040658 0.882591306677004
3.502391889 0.8849707334238979
3.50374312 0.8871753700392712
3.505094352 0.8892154535142045
3.506445583 0.8910700791857412
3.5077968150000003 0.8927531924825742
3.509148046 0.8942123035446679
3.5104992779999997 0.8954813306038598
3.511850509 0.8965691236638407
3.513201741 0.8974316418531647
3.514552972 0.898113754381361
3.515904203 0.898621899676955
3.517255435 0.8989654112883068
3.518606666 0.8991779623455579
3.519957898 0.8992070097355395
3.521309129 0.8990856635975928
3.5226603610000002 0.89885677744776
3.524011592 0.8985348967172172
3.5253628239999997 0.8981152478439158
3.526714055 0.8975780047128203
3.528065286 0.8969495591965331
3.529416518 0.8962507544733136
3.5307677490000002 0.8954583820640392
3.532118981 0.8946275710313057
3.533470212 0.893770783866637
3.5348214440000003 0.8928949768103841
3.536172675 0.8920179813900824
3.537523906 0.8911309463413842
3.538875138 0.8902626085810488
3.540226369 0.8894114980122326
3.5415776009999997 0.8885932505677399
3.542928832 0.8878336925528155
3.544280064 0.8871326595596891
3.545631295 0.8865165380753683
3.546982527 0.8859736216411993
3.548333758 0.8854990330818104
3.5496849889999997 0.8851252326226166
3.551036221 0.8848337475209587
3.552387452 0.8846455743243972
3.553738684 0.8845545133486691
3.555089915 0.8845578076776553
3.556441147 0.8846941514001867
3.5577923780000003 0.8849405497029368
3.5591436090000004 0.8852896475143537
3.560494841 0.8857496907407225
3.561846072 0.8863527875905294
3.563197304 0.8870761002712159
3.5645485349999997 0.8878933667054134
3.565899767 0.8888014421405716
3.567250998 0.8898094656535035
3.5686022299999998 0.8908753705594166
3.569953461 0.8920260569379103
3.571304692 0.8932666501769699
3.572655924 0.8945522270162415
3.574007155 0.8958940018624862
3.575358387 0.8972660376438678
3.5767096179999998 0.8986656875541792
3.57806085 0.9001068756981716
3.579412081 0.9015365354617044
3.580763312 0.9029712555367
3.582114544 0.9043957770340961
3.583465775 0.9057836152555234
3.5848170070000003 0.9071568702933565
3.5861682380000004 0.9084833943939234
3.58751947 0.9097615831545154
3.588870701 0.9109989358740193
3.5902219329999996 0.9121455778411227
3.5915731639999997 0.9132095484760915
3.592924395 0.9141702080803195
3.594275627 0.9150223273505549
3.595626858 0.9158056570430881
3.59697809 0.9164721806653116
3.598329321 0.9170251776670669
3.5996805530000002 0.9174771118216093
3.601031784 0.9178426227417624
3.602383016 0.9181335861797716
3.603734247 0.9182872044437157
3.605085478 0.9183033989721349
3.60643671 0.9182272577670285
3.607787941 0.9180172421973809
3.609139173 0.9176819113605886
3.610490404 0.9172481473772628
3.6118416360000003 0.9166893521019331
3.6131928670000004 0.9160366953029717
3.6145440979999997 0.9152777175695593
3.61589533 0.914405663014155
3.617246561 0.9134678376545629
3.6185977929999997 0.9124399409184484
3.619949024 0.9113285685679229
3.621300256 0.910170349586067
3.622651487 0.908946624809691
3.624002719 0.9076945927326792
3.62535395 0.9064227319112587
3.6267051809999997 0.9051061141496392
3.628056413 0.9037844593204802
3.629407644 0.9024487941341393
3.630758876 0.9010978267789365
3.632110107 0.8997723803724849
3.633461339 0.8984557792315168
3.6348125700000002 0.8971748395524753
3.6361638010000004 0.8959424816587598
3.637515033 0.8947276134035737
3.638866264 0.8935685678976324
3.640217496 0.8924767750892515
3.6415687269999997 0.8914930373203553
3.642919959 0.89062862767607
3.64427119 0.8898190111629992
3.6456224219999998 0.8890770078233022
3.646973653 0.8884324422552754
3.648324884 0.887863957373683
3.649676116 0.8873986578284502
3.6510273470000003 0.8870329928522485
3.652378579 0.8867355447234473
3.6537298099999997 0.8865552120096477
3.655081042 0.8864748958791427
3.656432273 0.886480976781218
3.657783504 0.8866027576061142
3.659134736 0.8868150883003467
3.660485967 0.8871023333902224
3.6618371990000003 0.8874693298273655
3.66318843 0.8879107587197206
3.664539662 0.8884533320114179
3.665890893 0.8890835711441497
3.667242125 0.8897798111919906
3.6685933559999997 0.8905592806826178
3.669944587 0.8913886762171542
3.671295819 0.8922585701841014
3.67264705 0.8932026764145081
3.673998282 0.8941855302292295
3.675349513 0.8952113773004828
3.676700745 0.8962899874378855
3.6780519760000003 0.8973788497774613
3.679403208 0.8984883474183524
3.6807544389999998 0.8996220046188036
3.68210567 0.9007481061666646
3.683456902 0.9019725373890389
3.684808133 0.9032069610367457
3.686159365 0.9044055911609781
3.687510596 0.9056037196529035
3.688861828 0.9067665527833962
3.690213059 0.9078890782716339
3.6915642899999996 0.9090060198208613
3.692915522 0.9100859297505509
3.694266753 0.9111244684645925
3.6956179849999997 0.9121403858507016
3.696969216 0.9130880543101125
3.698320448 0.9139784962628785
3.699671679 0.9148241672682194
3.701022911 0.9156017426968431
3.702374142 0.9163307526558385
3.703725373 0.9169998224487093
3.7050766050000004 0.9175968390269827
3.706427836 0.9181526646603738
3.707779068 0.9186510071493719
3.709130299 0.9190804891347711
3.710481531 0.9194727703881729
3.711832762 0.9198101588644845
3.713183993 0.9200763480538471
3.714535225 0.9202974071139041
3.7158864560000002 0.9204655295852996
3.717237688 0.9205969405436387
3.7185889189999997 0.9206951577821364
3.719940151 0.9207389677711153
3.721291382 0.9207552152967566
3.7226426139999997 0.9207509665495376
3.723993845 0.9207014903857076
3.725345076 0.920674628920064
3.726696308 0.920647769001086
3.7280475390000003 0.9205728637357247
3.729398771 0.9204760600100984
3.730750002 0.9203665437933953
3.7321012340000004 0.9202436202006811
3.733452465 0.9201129435205477
3.7348036959999997 0.919953331709118
3.736154928 0.9197859836884966
3.737506159 0.919630666726647
3.738857391 0.919432327087783
3.740208622 0.9191931062507196
3.741559854 0.9189363130131534
3.7429110850000002 0.9186365844349608
3.744262317 0.9183108806093202
3.7456135479999997 0.9179620422099883
3.746964779 0.9175577002112131
3.748316011 0.9171084915689909
3.749667242 0.9166053360643374
3.751018474 0.9160089505831099
3.752369705 0.9153398933974652
3.753720937 0.914583582552937
3.7550721680000003 0.913707977377777
3.7564234 0.9127246281277398
3.757774631 0.9116016944890863
3.759125862 0.910304763546032
3.7604770939999996 0.9088471410324251
3.7618283249999998 0.9071954752127186
3.763179557 0.9053174737560749
3.764530788 0.903223572720961
3.76588202 0.9008751801383587
3.767233251 0.8982384536390736
3.768584482 0.8953345082307336
3.7699357140000003 0.8921112043132409
3.771286945 0.8885181843460991
3.7726381769999997 0.8845545778685154
3.773989408 0.8801842716479571
3.77534064 0.87536846818038
3.776691871 0.8701000427182958
3.778043103 0.8643463790849224
3.779394334 0.8580846264529284
3.780745565 0.8513048612359567
3.7820967970000003 0.843961837568402
3.7834480279999996 0.8360249335501423
3.7847992599999998 0.8274912347841995
3.786150491 0.8183247557222547
3.7875017229999997 0.8085188196182261
3.7888529539999998 0.798093518186172
3.790204185 0.7870277048741967
3.791555417 0.7753204397553598
3.792906648 0.7629829132553086
3.79425788 0.7499900315650698
3.795609111 0.7363681760923729
3.7969603430000003 0.7221539588925363
3.798311574 0.7073351998349879
3.7996628059999997 0.6919475882533855
3.801014037 0.676035241579219
3.802365268 0.6595814159151108
3.8037165 0.6426327395715128
3.8050677310000003 0.625277401268541
3.806418963 0.6075430730887169
3.807770194 0.5895033772830873
3.8091214260000004 0.5712126649189277
3.8104726569999996 0.5526990134873483
3.811823889 0.5340335269652778
3.81317512 0.5152732766986251
3.814526351 0.4964622530520183
3.815877583 0.47767254798523395
3.817228814 0.4589608769323314
3.818580046 0.440371942800109
3.8199312770000002 0.42197389653936723
3.821282509 0.40382436991335197
3.82263374 0.3859576584675148
3.823984971 0.36841876958083325
3.825336203 0.3512545279785352
3.826687434 0.3344999188371881
3.828038666 0.3181908278214304
3.829389897 0.30235674659850414
3.830741129 0.2870023638371991
3.8320923600000003 0.2721438240568887
3.833443592 0.2578098378910805
3.834794823 0.24401546981047123
3.836146054 0.23076586276476657
3.8374972859999996 0.21804774936625815
3.8388485169999997 0.20586554466329418
3.840199749 0.19423306073496394
3.84155098 0.18314401380540674
3.842902212 0.1725795516092201
3.844253443 0.16253304547994646
3.845604674 0.15299329182475663
3.8469559060000003 0.1439397447453738
3.848307137 0.13535465919988168
3.849658369 0.12722567922371483
3.8510096 0.11954041651873959
3.852360832 0.11228523402261471
3.853712063 0.10544197323624223
3.855063295 0.0989909891742292
3.856414526 0.09291859586200074
3.857765757 0.08720498027223952
3.859116989 0.08181518222463387
3.86046822 0.07674059509355317
3.861819452 0.0719760283856374
3.863170683 0.06749756214977158
3.8645219149999996 0.06328862247072846
3.8658731459999998 0.059344061349821224
3.867224377 0.05564345702285723
3.868575609 0.0521672066125561
3.86992684 0.04890867675735261
3.871278072 0.045856834468294666
3.872629303 0.04299390724756889
3.8739805350000003 0.04030843034355441
3.875331766 0.03779573494169436
3.876682998 0.035447834619478286
3.878034229 0.03325002775608628
3.87938546 0.031186336225619154
3.880736692 0.02924520010219346
3.882087923 0.02742667175869127
3.883439155 0.02573018553891739
3.884790386 0.024140863321911142
3.886141618 0.022652879763483177
3.887492849 0.021264634212752407
3.8888440810000002 0.01996358391735137
3.890195312 0.018737479104341315
3.891546543 0.01758488574860056
3.892897775 0.016509430098137726
3.894249006 0.015509741798313714
3.895600238 0.014576275763290096
3.8969514690000002 0.013696206855619826
3.898302701 0.012863170512977955
3.899653932 0.012082198167006055
3.9010051629999998 0.011357351125847402
3.902356395 0.01068163848407125
3.903707626 0.010047596460687886
3.905058858 0.009448492074054168
3.906410089 0.008880694352567936
3.9077613209999997 0.008344867819684158
3.909112552 0.007841286174618607
3.910463784 0.007370746687624511
3.911815015 0.006935533829586412
3.913166246 0.006534151918413455
3.914517478 0.006156277830120963
3.9158687089999997 0.005793971864008851
3.917219941 0.0054520200729564
3.918571172 0.00513296923089182
3.919922404 0.004833175193288054
3.921273635 0.004550214980711132
3.922624866 0.0042837156626386215
3.9239760980000002 0.004036368932838863
3.9253273290000004 0.0038074996140060576
3.926678561 0.003590226911950882
3.928029792 0.003378604051586227
3.929381024 0.003176621575062137
3.9307322549999997 0.002991783399171381
3.932083487 0.0028218016613073744
3.933434718 0.0026613990430138577
3.934785949 0.0025076960324511605
3.936137181 0.0023595122604088796
3.937488412 0.0022201541350723854
3.938839644 0.002091855758040334
3.940190875 0.001973864753848256
3.941542107 0.0018638718392980248
3.9428933379999997 0.0017588532860442205
3.944244569 0.0016549778852600087
3.945595801 0.0015552431630957392
3.946947032 0.0014680829429719055
3.948298264 0.0013838643371918676
3.949649495 0.0012990591543845587
3.9510007270000003 0.0012218256292070213
3.9523519580000004 0.001152720817876463
3.95370319 0.0010862208993569961
3.955054421 0.0010206349067316835
3.956405652 0.0009601261004975499
3.9577568839999997 0.0009039694628283912
3.959108115 0.0008476343590385993
3.960459347 0.0007952868536181541
3.961810578 0.0007459059286673653
3.96316181 0.0006975003068348569
3.964513041 0.0006521311745316962
3.965864273 0.0006108068660754154
3.967215504 0.0005737107188763894
3.968566735 0.000541360518521513
3.9699179669999998 0.000513595681095258
3.971269198 0.0004850799258675275
3.97262043 0.0004525636919044795
3.973971661 0.00041897990992731415
3.975322893 0.0003853124160075031
3.976674124 0.0003536970437066988
3.978025355 0.0003251896355472897
3.9793765870000004 0.0002988344814914158
3.9807278179999996 0.00027369319252179845
3.98207905 0.0002517040130558856
3.983430281 0.00023353384898712568
3.9847815129999997 0.00021637697957705576
3.986132744 0.0002006805374874344
3.987483976 0.000185597754812253
3.988835207 0.00017394405172287884
3.9901864380000003 0.0001639237395280242
3.99153767 0.00015406578595658993
3.9928889009999997 0.00014308836924485193
3.994240133 0.0001301142763109625
3.995591364 0.00011827724019947741
3.996942596 0.00010869887066531763
3.998293827 0.00010265561277007089
3.999645058 9.968685090174881e-05
4.00099629 9.62044185161306e-05
4.002347521 8.951451751401879e-05
4.003698753 8.157245626903203e-05
4.005049984 7.710021198575374e-05
4.006401216 7.363899269186312e-05
4.007752447 6.813899470979739e-05
4.009103679 6.125526491394483e-05
4.01045491 5.3458521556808737e-05
4.011806141 4.687165482674972e-05
4.013157373 4.311733959737556e-05
4.014508604 4.217987528377977e-05
4.015859836 4.062105633801906e-05
4.017211067 3.826958656070524e-05
4.018562299 3.542668698466646e-05
4.01991353 3.100393723874387e-05
4.021264761 2.5986057666267376e-05
4.022615993 2.0239651878754017e-05
4.023967224 1.6552803782876273e-05
4.025318456 1.3433875553496194e-05
4.026669687 1.4208020404253535e-05
4.028020919 1.7780976457714798e-05
4.02937215 1.8510672014607556e-05
4.030723382 1.511563271474861e-05
4.032074613 1.169783046686171e-05
4.033425844 1.111568658054857e-05
4.034777076 1.4236989255908844e-05
4.036128307 1.6814732687603082e-05
4.037479539 1.4650802388885197e-05
4.03883077 1.0459324770441183e-05
4.040182002 8.226513882413241e-06
4.041533233 7.489149778179342e-06
4.042884465 6.688440097798383e-06
4.044235696 4.961622016069247e-06
4.0455869269999996 4.685297141018124e-06
4.046938159 6.487737160978184e-06
4.04828939 8.08765994043967e-06
4.049640622 8.469635573724836e-06
4.050991853 6.961340154347956e-06
4.052343085 3.863685373926324e-06
4.053694316 1.3799265878307861e-06
4.055045547 1.865997816851493e-06
4.056396779 4.7949048468764864e-06
4.05774801 7.369903089743342e-06
4.059099241999999 6.860345436192185e-06
4.0604504729999995 4.580177848985428e-06
4.061801705 2.6916694811920174e-06
4.063152936 1.890275616437335e-06
4.064504168 2.853727489746395e-06
4.065855399 5.158819592970124e-06
4.06720663 7.254041862525096e-06
4.0685578620000005 7.032805795682814e-06
4.069909093000001 5.1476328280008374e-06
4.071260325 3.540668295025974e-06
4.072611556 2.9151377163600134e-06
4.073962788 2.161654116552108e-06
4.075314019 2.76732553900953e-06
4.07666525 4.518102090222901e-06
4.078016482 6.39170847461672e-06
4.079367713 6.3529542050775406e-06
4.080718945 5.2543031804022635e-06
4.082070176 4.816784830891107e-06
4.083421408 4.95883895160502e-06
4.084772639 5.5662308102933876e-06
4.086123871 5.787264360352745e-06
4.087475102 4.91940627046143e-06
4.088826333 3.624168378310745e-06
4.090177565 4.682378583666576e-06
4.091528796 5.863498377687986e-06
4.092880028 6.1756521074366735e-06
4.094231259 7.072505793035972e-06
4.095582491 9.796780584369238e-06
4.096933722 1.3390753490734322e-05
4.098284953 1.5325784095913835e-05
4.0996361850000005 1.7352722712504556e-05
4.100987416 1.831803275367593e-05
4.102338648 1.773752440408204e-05
4.103689878999999 1.6493556853867548e-05
4.105041110999999 1.5919508469853968e-05
4.106392342 1.3498648423299014e-05
4.107743574 9.355873014728127e-06
4.109094805 8.816663357414157e-06
4.110446036 1.0757911334448956e-05
4.111797268 1.3744073032185106e-05
4.113148499 1.4805168317547234e-05
4.1144997309999995 1.6318048163297866e-05
4.115850962000001 1.7842596094108935e-05
4.117202194000001 1.822403944431962e-05
4.118553425 1.8220725928671722e-05
4.119904657 1.8745508489660555e-05
4.121255887999999 1.9634381757280724e-05
4.122607119 1.9934392764133116e-05
4.123958351000001 2.0298848500454385e-05
4.125309582 1.9179872969410796e-05
4.126660814 1.5886821966119118e-05
4.128012045 1.1745575917961297e-05
4.129363277 9.849287276799807e-06
4.130714508 1.2750137969137793e-05
4.132065739 1.72791087565974e-05
4.133416971 2.103431693767821e-05
4.134768202 2.18984300423041e-05
4.136119434 2.0564613818179026e-05
4.1374706649999995 2.1125783136182963e-05
4.138821897 2.2369650265424323e-05
4.140173128000001 2.2333685837491184e-05
4.14152436 2.20114828618572e-05
4.142875591 2.3059682325985488e-05
4.144226821999999 2.602573521510308e-05
4.145578054 2.6032446125772484e-05
4.146929285000001 2.4256164263449427e-05
4.148280517 2.2770727906725743e-05
4.149631748 2.2491451981951688e-05
4.15098298 2.321637833408902e-05
4.152334211 2.394548700099679e-05
4.153685442 2.335375601173311e-05
4.155036674 2.088990020663408e-05
4.156387905 1.7474488165559654e-05
4.157739136999999 1.4549490567638955e-05
4.159090368 1.429816441703129e-05
4.1604416 1.6124057795415694e-05
4.161792831 1.7752391591982645e-05
4.163144063 1.8111467236230178e-05
4.164495294 1.721246171126389e-05
4.165846525 1.68321576145968e-05
4.167197757 1.6196849204602866e-05
4.1685489879999995 1.311905326595162e-05
4.169900220000001 9.631977102362552e-06
4.171251451 7.6223652187178095e-06
4.172602683 8.985661988358886e-06
4.173953914 1.064275034104747e-05
4.1753051459999995 1.1004920665963836e-05
4.1766563770000005 1.019982441304042e-05
4.178007608 8.794539126289485e-06
4.17935884 7.30232933660313e-06
4.180710071 7.575217728585413e-06
4.182061303 8.39975406070172e-06
4.183412534 9.05956712901342e-06
4.184763766 9.607186414512771e-06
4.186114997 1.1595073813182581e-05
4.187466228 1.4495877945979054e-05
4.18881746 1.612858605448996e-05
4.190168691 1.655677135550344e-05
4.1915199229999995 1.5655996543963254e-05
4.1928711540000005 1.2782632605278278e-05
4.194222386000001 6.482739811156059e-06
4.195573617 3.497987382141469e-06
4.196924849 3.2587580842206373e-06
4.198276079999999 5.090610516314649e-06
4.199627311 5.366246511895674e-06
4.200978543 5.181683243483157e-06
4.202329774 5.787330912326246e-06
4.203681006 5.837380743733985e-06
4.205032237 4.021197014206082e-06
4.206383469 1.3012819964661835e-06
4.2077347 2.4854951438351843e-08
4.209085931 1e-08
4.210437163 2.8594652667961795e-08
4.211788394 2.3031047755707597e-06
4.213139626 4.55381105950917e-06
4.2144908569999995 4.101655721246513e-06
4.215842089 6.046288862439737e-07
4.217193320000001 1.4411856597012338e-07
4.218544552 1.625819131405463e-06
4.219895783 3.919863967370069e-06
4.221247013999999 2.937254520420251e-06
4.2225982459999996 1.8301881119962868e-07
4.223949477 1e-08
4.225300709 1e-08
4.22665194 1e-08
4.228003171999999 1e-08
4.229354403 1e-08
4.2307056339999995 1e-08
4.232056866 1e-08
4.233408097000001 1e-08
4.234759329 1e-08
4.23611056 1e-08
4.237461792 1e-08
4.238813023 1e-08
4.240164255 1e-08
4.241515486 1e-08
4.242866717 1e-08
4.244217949 1e-08
4.24556918 5.7394316847138574e-08
4.246920412000001 3.8127320582765627e-08
4.248271643 1e-08
4.249622875 1e-08
4.250974105999999 2.2265174351100907e-07
4.2523253379999995 1.1445028631260183e-06
4.2536765690000005 2.6010872274508553e-07
4.2550278 6.005195424696363e-06
4.256379032 8.60633585767298e-06
4.257730263 6.429530948759355e-06
4.259081495 5.777928064757647e-06
4.260432726 7.245769489037253e-06
4.261783958 1.1221291389470332e-05
4.263135189 1.1397742557723038e-05
4.26448642 9.839026076724224e-06
4.265837652 7.864679708708627e-06
4.267188883 6.3384457218403815e-06
4.2685401149999995 6.442788854432697e-06
4.2698913460000005 8.19356830692521e-06
4.271242578000001 1.0824909988427103e-05
4.272593809 1.2867844557954954e-05
4.273945041 1.3459964141645843e-05
4.275296271999999 1.5159426689460428e-05
4.276647503 1.691048222124629e-05
4.277998735 1.825140946153005e-05
4.279349966 1.8831699627448324e-05
4.280701198 2.1155817193375614e-05
4.282052429 2.715177757036759e-05
4.283403661 2.759888722455498e-05
4.284754892 2.7515148909334387e-05
4.286106123 3.0453867891984047e-05
4.287457355 3.0613538342018424e-05
4.288808586 2.831636885150262e-05
4.290159818 2.539351515304534e-05
4.2915110489999995 2.686995356326315e-05
4.292862281 2.787310503879902e-05
4.294213512000001 2.8558142197167466e-05
4.295564744 2.8633399478340827e-05
4.296915975 3.0249687221318315e-05
4.298267206 3.0358864089133697e-05
4.299618438 3.0072770741092506e-05
4.300969669 3.095347586431801e-05
4.302320901 3.544247123070197e-05
4.303672132 3.8955988743639516e-05
4.305023363999999 3.996613805023946e-05
4.306374595 3.8538240021898566e-05
4.3077258259999995 3.6054675055496166e-05
4.309077058 3.6630490305110585e-05
4.310428289000001 4.0260116255092905e-05
4.311779521 4.643130953423027e-05
4.313130752 5.181638692145471e-05
4.314481984 5.2653308091535484e-05
4.315833215 5.290604816176836e-05
4.317184447 5.3801307546046784e-05
4.318535678 5.7166891500189014e-05
4.319886909 6.181836559341377e-05
4.321238141 6.557930092517564e-05
4.322589372 6.189276364102864e-05
4.323940604000001 5.404126941601549e-05
4.325291835 4.712976979058818e-05
4.326643067 4.733759898672939e-05
4.327994297999999 4.888878989606486e-05
4.329345529999999 5.5162230730686115e-05
4.3306967610000004 6.151934309583458e-05
4.332047992 6.560792800380622e-05
4.333399224 7.274313963217112e-05
4.334750455 7.669440891929252e-05
4.336101687 8.144405808027986e-05
4.337452918 8.445296383847658e-05
4.33880415 8.382774663724656e-05
4.340155381 7.717741273008876e-05
4.341506612 7.234883873642322e-05
4.342857844 7.044499470974984e-05
4.344209075 6.952017744769568e-05
4.3455603069999995 6.555712701917592e-05
4.3469115380000005 6.269513585861313e-05
4.34826277 6.208311715946946e-05
4.349614001 6.397030617398363e-05
4.350965233 6.44816705064136e-05
4.352316464 6.408855887541989e-05
4.353667695 6.327635220604982e-05
4.355018927 6.328896285209953e-05
4.356370158 6.459499152155855e-05
4.35772139 6.735966570043858e-05
4.359072621 6.981297456917894e-05
4.360423853 6.969228718113745e-05
4.361775084 6.674122475972544e-05
4.363126315000001 6.647584550560026e-05
4.364477547000001 6.78383871115313e-05
4.365828778 6.937336784422207e-05
4.36718001 7.038786571880968e-05
4.3685312409999995 7.349647936410599e-05
4.369882473 7.763433371086154e-05
4.371233704 7.904056659557695e-05
4.372584936 7.521161409407023e-05
4.373936167 7.041260388289829e-05
4.375287398 6.610445516861005e-05
4.37663863 6.38149567732491e-05
4.377989861 6.584793311753866e-05
4.379341093 7.097404747153304e-05
4.380692324 7.924230880773852e-05
4.382043555999999 8.220899645118232e-05
4.383394787 8.351905537243647e-05
4.3847460179999995 8.42379379901173e-05
4.38609725 8.686229934099731e-05
4.387448481000001 8.87105957749175e-05
4.388799713 9.002649408274941e-05
4.390150944 9.078380415952417e-05
4.391502176 9.084620124031138e-05
4.392853407 8.841863169364353e-05
4.394204639 8.574184742497937e-05
4.39555587 8.39551860225659e-05
4.396907101 8.285653005270172e-05
4.398258332999999 7.929937263161361e-05
4.399609564 7.486410043956805e-05
4.400960796000001 7.164869913350652e-05
4.402312027 7.035426215570961e-05
4.403663259 6.846742195342104e-05
4.405014489999999 6.548835468659395e-05
4.406365721999999 6.576175020538071e-05
4.407716953 6.945762261283001e-05
4.409068184 7.324537612592363e-05
4.410419416 7.408087240530606e-05
4.411770647 7.299740402633963e-05
4.413121879 7.380187997721117e-05
4.41447311 7.615991114792939e-05
4.415824342 7.848659401665433e-05
4.417175573000001 7.98673216073476e-05
4.418526804 8.12187211685171e-05
4.419878036 8.315929954698084e-05
4.421229266999999 8.417727629459639e-05
4.4225804989999995 8.396325061012225e-05
4.4239317300000005 8.286411551593469e-05
4.425282962 8.197054044503022e-05
4.426634193 8.236422919227642e-05
4.427985425 8.24586268888929e-05
4.429336656 8.161133810311083e-05
4.430687887 7.832014397891029e-05
4.432039119 7.557226645875866e-05
4.43339035 7.32166104535916e-05
4.434741582 7.126444336935298e-05
4.436092813 6.892115160695484e-05
4.437444045 6.757685067862671e-05
4.438795276 6.728062596760978e-05
4.440146507000001 6.89382442265083e-05
4.441497739000001 7.184361305550265e-05
4.44284897 7.58686674612872e-05
4.444200202 7.941364117819836e-05
4.445551432999999 7.840058400620252e-05
4.446902665 7.556132317256955e-05
4.448253896 7.291995527743056e-05
4.449605128 7.619132429937288e-05
4.450956359 7.751693147480062e-05
4.45230759 7.649011535260101e-05
4.453658822 6.895857380868867e-05
4.455010053 6.575995425227455e-05
4.456361285 6.548226807865046e-05
4.457712516 6.932547756578628e-05
4.459063747999999 7.162196373476377e-05
4.460414979 7.388296028065146e-05
4.4617662110000005 7.601973147568684e-05
4.463117442 7.740389355721023e-05
4.464468673000001 7.656878629433984e-05
4.465819905 7.407246790456148e-05
4.467171136 7.053564228588012e-05
4.468522368 6.897008529268336e-05
4.469873599 6.951518243464668e-05
4.471224831000001 7.352236915065821e-05
4.472576062 7.936519831731199e-05
4.473927293 8.44162330243776e-05
4.475278524999999 8.759935183231976e-05
4.476629756 8.769816471174431e-05
4.4779809880000006 8.709316700145261e-05
4.479332219 8.61054100812144e-05
4.480683451 8.555731225308097e-05
4.482034682 8.675664686612414e-05
4.483385914 8.830598407284761e-05
4.484737145 8.929314641961202e-05
4.486088376 8.681013937385706e-05
4.487439608 8.392600159326585e-05
4.488790839 8.054782943388189e-05
4.490142071 7.768365684021572e-05
4.491493302 7.583249161003811e-05
4.492844534 7.537720632685838e-05
4.494195765000001 7.615789487842933e-05
4.495546996 7.676412720196733e-05
4.496898228 7.783852456287648e-05
4.498249458999999 8.060335824879704e-05
4.4996006909999995 8.47529250265522e-05
4.5009519220000005 8.783831848563127e-05
4.502303154 8.72309145683066e-05
4.503654385 8.211520674164816e-05
4.505005617 7.767067880971897e-05
4.506356848 7.455665271966445e-05
4.507708079 7.356357672131738e-05
4.509059311 7.434452257737787e-05
4.510410542 7.595755634257672e-05
4.511761774 7.75377730570309e-05
4.513113005 7.590843909026056e-05
4.514464237 7.238060858353839e-05
4.5158154679999996 6.764060520893861e-05
4.517166699000001 6.450074163327643e-05
4.518517931 6.252105108094406e-05
4.519869162 6.279559893550572e-05
4.521220394 6.748877311364983e-05
4.522571624999999 7.27055472201301e-05
4.523922857 7.669964970371812e-05
4.525274088 7.329818976977105e-05
4.52662532 7.153537043960899e-05
4.527976551 7.232080723076247e-05
4.529327782 8.138298079428695e-05
4.530679014 8.895378298047168e-05
4.532030245 9.417116433115977e-05
4.533381477 9.236803666161654e-05
4.534732708 8.859363291964448e-05
4.53608394 8.402727548543981e-05
4.537435171 8.035386338864131e-05
4.5387864030000005 7.983500552260109e-05
4.540137634 8.061512755904563e-05
4.541488865 8.015835137412408e-05
4.542840097 7.564686774348801e-05
4.544191328 7.056885376396968e-05
4.5455425599999995 6.786712902595895e-05
4.5468937910000005 7.152196474302244e-05
4.548245023000001 7.794709208907599e-05
4.549596254 8.66642646086865e-05
4.550947485 9.166244248882153e-05
4.552298716999999 9.264206549268655e-05
4.553649948 8.767447957549485e-05
4.5550011800000005 7.94536770264044e-05
4.556352411 7.285426102224342e-05
4.557703643 6.88311373356031e-05
4.559054874 6.858005584020553e-05
4.560406106 7.044204803251193e-05
4.561757337 7.60371635889874e-05
4.563108568 8.218685852079741e-05
4.5644598 8.589326524764859e-05
4.565811031 8.5700063705738e-05
4.567162263 8.266588463954664e-05
4.568513493999999 8.122125670602722e-05
4.569864726 8.182688491420993e-05
4.571215957000001 8.521624490099562e-05
4.572567188 8.933439565549789e-05
4.57391842 9.429698568773627e-05
4.575269650999999 9.496152722210494e-05
4.5766208829999995 9.344304031032113e-05
4.5779721140000005 8.986774187458394e-05
4.579323346 9.001099657789028e-05
4.580674577 8.995057303244387e-05
4.582025809 8.958170352451578e-05
4.58337704 8.348777779907961e-05
4.584728271 7.954225448346993e-05
4.586079503 7.747482294560691e-05
4.587430734 7.842980795580932e-05
4.588781966 7.712929252064967e-05
4.590133197 7.377718753234032e-05
4.591484429 7.124479410238339e-05
4.5928356599999995 7.062566231998274e-05
4.5941868910000005 7.238974170406827e-05
4.595538123 7.482965234004869e-05
4.596889354 7.746854234530979e-05
4.598240586 8.015532299903189e-05
4.599591817 7.911830029582024e-05
4.6009430490000005 7.751611774752039e-05
4.60229428 7.534205113046846e-05
4.603645512 7.647515484140367e-05
4.604996743 7.717637996047307e-05
4.606347974 7.668898006734238e-05
4.607699206 7.316791380413627e-05
4.609050437 7.058644927331142e-05
4.610401669 6.926996181650669e-05
4.611752900000001 6.854923800741315e-05
4.613104132 6.860525671894901e-05
4.614455363 6.99471234523216e-05
4.6158065950000005 7.303834346239404e-05
4.617157826 7.509076149525368e-05
4.618509057 7.420009553376013e-05
4.619860289 7.337939192046803e-05
4.62121152 7.443727996027941e-05
4.622562751999999 7.892185436816962e-05
4.6239139830000004 8.056124969096941e-05
4.625265215000001 8.122438035092952e-05
4.626616446 8.028560531565579e-05
4.627967677 8.157879320633362e-05
4.629318908999999 8.276778217807486e-05
4.63067014 7.988954978799351e-05
4.6320213720000005 7.461692604697148e-05
4.633372603 6.930206478404809e-05
4.634723835 6.908956314560417e-05
4.636075066 6.957555497792928e-05
4.637426298 7.020465599026133e-05
4.638777529 6.791351099454144e-05
4.64012876 6.882991672664602e-05
4.641479992 7.190351468934382e-05
4.642831223 7.954050837724815e-05
4.644182455 8.552570665377035e-05
4.645533685999999 8.881875295147193e-05
4.646884918 8.636579022859315e-05
4.648236149000001 8.433236233021645e-05
4.64958738 8.401383228007832e-05
4.650938612 8.624779381975761e-05
4.652289842999999 8.822891407114116e-05
4.6536410749999995 8.71159713817534e-05
4.6549923060000005 8.361383072127875e-05
4.656343538 7.978967271651795e-05
4.657694769 7.663871594272974e-05
4.659046001 7.37900174673047e-05
4.660397232 7.125382501319298e-05
4.661748463 7.167021023406504e-05
4.663099695 7.364737475234323e-05
4.664450926000001 7.68750929530299e-05
4.665802158 7.5701070939248e-05
4.667153389 7.492371686234798e-05
4.668504621 7.48143258339706e-05
4.6698558519999995 8.009537847753525e-05
4.6712070830000005 8.55339579979957e-05
4.672558315 8.943650839696336e-05
4.673909546 8.766224905751691e-05
4.675260778 8.32330662336188e-05
4.676612009 7.539838740699678e-05
4.6779632410000005 6.701406062860772e-05
4.679314472 6.014982036283413e-05
4.680665704 5.8518974851030694e-05
4.682016935 5.960401776625897e-05
4.683368166 6.359651989721698e-05
4.684719398 6.477798267756994e-05
4.686070629 6.513091980285359e-05
4.687421861 6.415106985895379e-05
4.688773092 6.241571591968022e-05
4.690124324 6.041515603477858e-05
4.691475555 5.8337211610182794e-05
4.6928267869999996 6.085780874100131e-05
4.694178018 6.60532356283202e-05
4.695529249 7.445946470293091e-05
4.696880481 7.983053278023894e-05
4.698231712 8.223994583857686e-05
4.699582943999999 8.198522865001374e-05
4.700934175 8.328763493159778e-05
4.702285407000001 8.675805438952058e-05
4.703636638 8.843372955397237e-05
4.704987869 8.867844416326257e-05
4.706339100999999 8.521376245607683e-05
4.707690332 8.225205485420816e-05
4.7090415640000005 7.98702984004413e-05
4.710392795 8.112441202833236e-05
4.711744027 8.345522582140044e-05
4.713095258 8.706423330508827e-05
4.71444649 8.894324825345289e-05
4.7157977209999995 8.88114480258917e-05
4.717148952 8.52105204478332e-05
4.718500184000001 7.926099442023491e-05
4.719851415 7.37196784726339e-05
4.721202647 7.234361409453546e-05
4.722553877999999 7.427672732695598e-05
4.72390511 7.929541726983334e-05
4.725256341000001 8.071964077041256e-05
4.726607572 7.988124485258979e-05
4.727958804 7.572146029897579e-05
4.729310035 7.305887732843293e-05
4.730661267 7.09517854453856e-05
4.7320124980000005 6.937919751614133e-05
4.73336373 6.59666675291788e-05
4.734714961 6.2973203150638e-05
4.736066193 6.252307484481846e-05
4.737417424 6.340904725629568e-05
4.738768654999999 6.394240432588146e-05
4.740119887 6.329392587469743e-05
4.741471118000001 6.437442835728759e-05
4.74282235 6.947577622049971e-05
4.744173581 7.653256241570681e-05
4.745524813 8.251976172382619e-05
4.7468760439999995 8.080669544316533e-05
4.748227276 7.725575590533291e-05
4.749578507 7.116998662963462e-05
4.750929738 6.671537875257606e-05
4.75228097 6.387328226529964e-05
4.753632201 6.609984756352383e-05
4.7549834330000005 7.029128331551963e-05
4.756334664 7.693577393378778e-05
4.757685896 8.03322148307975e-05
4.759037127 8.200444644972373e-05
4.760388358 8.053276357499885e-05
4.76173959 7.89215056195395e-05
4.763090821 7.712454162179691e-05
4.764442053 7.511011198300923e-05
4.765793284 7.284906020274813e-05
4.767144516 7.038755861795645e-05
4.768495747 6.707112445848518e-05
4.7698469789999995 6.361024256086649e-05
4.77119821 5.99929921325944e-05
4.772549441 5.91855379810945e-05
4.773900673 6.0436865869754235e-05
4.775251904 6.469809312531868e-05
4.776603135999999 6.876813928278408e-05
4.777954367 7.131313933522704e-05
4.779305599000001 7.332593296644068e-05
4.78065683 7.515785735694447e-05
4.782008061000001 7.517691826043988e-05
4.783359293 7.372659106607398e-05
4.784710524 7.020085591876796e-05
4.7860617560000005 6.85828495562889e-05
4.787412987 6.801492075728127e-05
4.788764219 6.906943883133519e-05
4.79011545 6.729203988168903e-05
4.791466682 6.522882809581449e-05
4.7928179129999995 6.474992056439117e-05
4.7941691440000005 6.50916578557251e-05
4.795520376000001 6.61751206051081e-05
4.796871607 6.842412277253025e-05
4.798222839 7.256026543963824e-05
4.799574069999999 7.318685742792911e-05
4.800925302 7.401256618341253e-05
4.802276533000001 7.42136349456528e-05
4.803627764 7.476069763645145e-05
4.804978996 7.590728270616897e-05
4.806330227 7.869189483785515e-05
4.807681459 8.159322891455099e-05
4.80903269 8.453004915221044e-05
4.810383922 8.472392953438717e-05
4.811735153 8.33193029361398e-05
4.813086384999999 7.605827373654994e-05
4.814437616 6.775525613368015e-05
4.815788846999999 5.833067732881416e-05
4.817140079 5.3963509477405886e-05
4.818491310000001 5.1754142010151495e-05
4.819842542 5.615123058295719e-05
4.821193773 6.05739511584637e-05
4.822545005 6.380436363454163e-05
4.8238962359999995 6.440057326451489e-05
4.825247468 6.478014578171947e-05
4.826598699 6.600262468201077e-05
4.82794993 6.713010340211139e-05
4.829301162 6.800515829729618e-05
4.830652393 6.811926422195096e-05
4.8320036250000005 6.829717529444851e-05
4.833354856 7.027132037227122e-05
4.834706088 7.313198547305086e-05
4.836057318999999 7.66009631779137e-05
4.83740855 7.756276784497532e-05
4.838759782 7.71637720810521e-05
4.840111013 7.233273039519423e-05
4.841462245 6.72134919885779e-05
4.842813476 6.223802566244917e-05
4.844164708 6.119641484200809e-05
4.845515939 6.142363012014279e-05
4.8468671709999995 6.368898578534943e-05
4.8482184020000005 6.584157995248631e-05
4.849569633 6.713711957822513e-05
4.850920865 6.663419921717792e-05
4.852272096 6.523283407785588e-05
4.853623327999999 5.905833768065434e-05
4.854974559 5.1516209313968054e-05
4.856325791000001 4.4462059883479545e-05
4.857677022 3.969717782301075e-05
4.859028253 3.613985684027107e-05
4.860379485 3.5438161436489775e-05
4.861730716 3.5516083696275764e-05
4.863081948 3.6918690224326175e-05
4.864433179 3.943264453990136e-05
4.865784411 4.5857085105862304e-05
4.867135642 4.9470783652665816e-05
4.868486874 5.2587454654010075e-05
4.8698381049999995 5.279825022449218e-05
4.8711893360000005 5.2963846065003824e-05
4.872540568000001 5.3137484218635996e-05
4.873891799 5.148155500647982e-05
4.875243031 4.9097529649561034e-05
4.876594261999999 4.473933543143203e-05
4.8779454939999995 4.179928116167437e-05
4.879296725000001 4.051321167114842e-05
4.880647956 4.0009249760768886e-05
4.881999188 4.396200806105886e-05
4.883350419 4.541857652097198e-05
4.884701651 4.562675250716739e-05
4.8860528819999995 4.36277073650503e-05
4.887404114 4.129382719760645e-05
4.888755345 3.924709409333059e-05
4.890106576999999 3.687191370735284e-05
4.891457808 3.5134440207806906e-05
4.892809038999999 3.4488817450442635e-05
4.894160271 3.604718541009968e-05
4.895511502000001 4.101149049402563e-05
4.896862734 4.535188394347425e-05
4.898213965 4.7407323550319554e-05
4.899565197 4.068481230159388e-05
4.900916428 3.481686866941534e-05
4.902267660000001 3.2219837268658204e-05
4.903618891 3.431704673224078e-05
4.904970122 3.905751253673543e-05
4.906321354 4.2509748807403076e-05
4.907672585 4.40228930066294e-05
4.9090238170000005 4.297432273633162e-05
4.910375048 4.1895020958963546e-05
4.91172628 4.024504720052277e-05
4.913077511 3.712142123677097e-05
4.914428742 3.5905149182894285e-05
4.915779974 3.501854914113786e-05
4.917131205 3.4468687222185404e-05
4.918482437 3.364630424041478e-05
4.919833668 3.128025987920361e-05
4.9211849 2.9513300590125107e-05
4.922536131 3.0190307171964816e-05
4.9238873629999995 3.242086561123859e-05
4.9252385940000005 3.544933326916962e-05
4.926589825 3.609064128903312e-05
4.927941057 3.4151811076427584e-05
4.929292288 3.12908930416828e-05
4.930643519999999 2.8863067870626828e-05
4.931994751 2.8911686206467647e-05
4.933345983000001 3.0256098689222785e-05
4.934697214 2.8194346872362432e-05
4.936048445 2.3709491618425046e-05
4.937399677 1.839509984729538e-05
4.938750908 1.5749421109172216e-05
4.94010214 1.3854954092235841e-05
4.941453371 1.2891265541518796e-05
4.942804603 1.407708746599514e-05
4.944155834 1.524273535260279e-05
4.945507066 1.6216805905275638e-05
4.9468582969999995 1.6923837903104706e-05
4.9482095280000005 1.5951087381383955e-05
4.949560760000001 1.4589516624183448e-05
4.950911991 1.2097647935856592e-05
4.952263223 1.1014734743970899e-05
4.953614453999999 1.0697043201569456e-05
4.9549656859999995 1.2168023114188448e-05
4.9563169170000005 1.6964341639997456e-05
4.957668148 2.188988047338703e-05
4.95901938 2.7152041999753132e-05
4.960370611 2.6685424685119766e-05
4.961721843 2.5228127536847412e-05
4.9630730739999995 2.2139875821872246e-05
4.964424306 2.089098853120667e-05
4.965775537000001 2.064647789814551e-05
4.967126769 2.0583405895556192e-05
4.968478 2.1082207075863454e-05
4.969829230999999 2.005338113293537e-05
4.971180463 1.9288032529440464e-05
4.972531694000001 1.8699820047886044e-05
4.973882926 1.826786804266018e-05
4.975234157 1.8354107941544436e-05
4.976585389 1.8831083899025863e-05
4.97793662 1.9297252070916425e-05
4.979287852000001 1.7968138707912145e-05
4.980639083 1.570752026626203e-05
4.981990314 1.0945874932940406e-05
4.983341545999999 6.340807159091955e-06
4.984692777 4.0579642134324176e-06
4.986044009 4.350665646703709e-06
4.98739524 5.472663815637716e-06
4.988746472 5.599363405772436e-06
4.990097703 9.910917602596262e-06
4.991448934 1.2356735372761206e-05
4.992800166 1.4427512873587627e-05
4.9941513969999995 1.3234592318621628e-05
4.995502629 1.0044240325363621e-05
4.99685386 6.5877856891380765e-06
4.998205092 4.422277043513563e-06
4.999556323 2.988763525512555e-06
5.0009075549999995 4.004271766792119e-06
5.0022587860000005 6.2617953660294075e-06
5.003610017 8.577260409947623e-06
5.004961249 1.0910677993513415e-05
5.006312479999999 1.2400905983584222e-05
5.007663711999999 1.3151122422027653e-05
5.009014943 1.3849873522249928e-05
5.010366175 1.2735473952163161e-05
5.011717406 1.2608921945941457e-05
5.013068637 1.1898059134686324e-05
5.014419869 1.0727511899100488e-05
5.0157711 9.042884776501885e-06
5.017122332 5.590746639321522e-06
5.018473563 5.657233439070122e-06
5.019824795000001 5.37898508257974e-06
5.021176026 4.688670288119066e-06
5.022527258 3.880551855368631e-06
5.0238784889999994 3.2821677339698183e-06
5.0252297200000005 3.998650237660724e-06
5.026580952000001 4.8080540317526984e-06
5.027932183 5.581639369812351e-06
5.029283415 5.267526674038127e-06
5.030634646 3.927458142242541e-06
5.031985878 3.3542141445777655e-06
5.033337109 3.070342037685752e-06
5.034688341 4.4327923844402645e-06
5.036039572 6.759651048290856e-06
5.037390803 6.336769209013479e-06
5.038742035 5.277699789235373e-06
5.0400932659999995 2.9869375873002963e-06
5.041444498 2.339310139128693e-06
5.042795729000001 2.920063007336589e-06
5.044146961 4.175876282923909e-06
5.045498192 7.105750528578797e-06
5.046849422999999 8.686637536797932e-06
5.048200655 9.620870315290541e-06
5.049551886000001 6.8953087859567e-06
5.050903118 3.876602747927825e-06
5.052254349 1.2968071530197257e-06
5.053605581 9.056440075320451e-07
5.054956812 1.3232754416880445e-06
5.056308044000001 1.9901828366883807e-06
5.057659275 3.0777085911770846e-06
5.059010506 2.989846998294323e-06
5.060361737999999 2.5714206445992805e-06
5.061712969 3.845966214923416e-06
5.063064201 8.845950801213685e-06
5.064415432 9.446320140923678e-06
5.065766664 9.591425861372708e-06
5.067117895 6.244931452418412e-06
5.068469126 3.008465954052488e-06
5.069820358 3.491880527842994e-06
5.0711715889999995 3.359666963735528e-06
5.072522821 2.7469940718665472e-06
5.073874052 2.8193042710675693e-06
5.075225284 4.808268033667765e-06
5.076576515 5.0861874928075575e-06
5.0779277469999995 4.902837351725083e-06
5.0792789780000005 4.076580002995115e-06
5.080630209 1.058861468030646e-05
5.081981441 9.049672712076618e-06
5.083332671999999 3.259058497694145e-06
5.084683904 2.0628495759512836e-06
5.086035135 2.917891487042984e-06
5.087386367 4.5144262493033735e-06
5.088737598 4.9846305951270675e-06
5.090088829 4.559374128963736e-06
5.091440061 2.0533598602013467e-06
5.092791292 7.717006817784659e-07
5.094142524 5.337751398199097e-08
5.095493755000001 1e-08
5.096844987000001 1e-08
5.098196218 1e-08
5.09954745 1e-08
5.100898680999999 1e-08
5.102249912 1e-08
5.103601144000001 1e-08
5.104952375 1e-08
5.106303607 1e-08
5.107654838 1e-08
5.10900607 1e-08
5.110357301 1e-08
5.111708533 1e-08
5.113059764 1e-08
5.114410995 1e-08
5.115762227 1.363594397163028e-08
5.1171134579999995 2.472384819584086e-07
5.11846469 2.830497950684825e-06
5.119815921000001 4.086456066932768e-06
5.121167153 5.206479904020631e-06
5.122518384 5.758148406185765e-06
5.123869614999999 4.872528190192887e-06
5.125220847 3.442062189151931e-06
5.126572078000001 2.3009268460765613e-07
5.12792331 1.2495541710816317e-08
5.129274541 1e-08
5.130625772999999 1e-08
5.131977004 1e-08
5.1333282360000005 1e-08
5.134679467 1e-08
5.136030698 1.3855538573012063e-08
5.137381929999999 2.980855872828176e-07
5.138733161 3.6215288567987246e-06
5.140084393 3.813253536816687e-06
5.141435624 2.7639331728804446e-06
5.142786856 1.2446412982831515e-06
5.144138087 1.9043633233150933e-07
5.145489318 3.169269741525797e-07
5.14684055 1.2506613310958803e-07
5.148191781 1.3139400449492161e-08
5.149543013000001 1e-08
5.150894244 1e-08
5.152245476 1e-08
5.153596706999999 1e-08
5.1549479389999995 8.41475824629302e-08
5.1562991700000005 1.0881846501390841e-06
5.157650401 5.103618818270438e-08
5.159001633 1e-08
5.160352864 1e-08
5.161704096 1e-08
5.163055327 1e-08
5.164406559 1e-08
5.16575779 1e-08
5.167109021 2.831371791313677e-08
5.168460253 1.0523055997123686e-06
5.169811484 5.786545647859664e-06
5.1711627159999995 6.502797233512329e-06
5.172513947000001 4.172939868824844e-06
5.173865179000001 2.0300293928451288e-06
5.17521641 1.4983228893993004e-07
5.176567642 1.216008591986099e-08
5.177918872999999 1e-08
5.179270104 1e-08
5.180621336 1e-08
5.181972567 1e-08
5.183323799 1e-08
5.18467503 1e-08
5.186026262 1e-08
5.187377493 1e-08
5.188728725 1e-08
5.190079956 1.5297897773442565e-08
5.191431187 3.449633541302372e-07
5.192782419 3.95616327566225e-06
5.1941336499999995 4.230606712905001e-06
5.195484882 9.56203345273368e-07
5.196836113000001 2.9493924557113304e-08
5.198187345 1e-08
5.199538576 1e-08
5.200889806999999 1e-08
5.202241039 1e-08
5.20359227 1e-08
5.204943502 1e-08
5.206294733 1e-08
5.207645964999999 1e-08
5.208997196 1e-08
5.2103484280000005 1e-08
5.211699659 1e-08
5.213050890000001 1e-08
5.214402122 9.537261542730864e-08
5.215753353 3.6874287398474978e-06
5.217104585 5.8706097362347915e-06
5.218455816 7.583168720221213e-06
5.219807048 5.2549798792878684e-06
5.221158279 3.0704266913341475e-06
5.22250951 9.01213560956729e-08
5.223860742 1e-08
5.225211973 1e-08
5.226563205000001 1e-08
5.227914436 1e-08
5.229265668 1.3013684890492443e-08
5.230616898999999 1.4952242314227383e-07
5.2319681309999995 1.808558617564808e-06
5.2333193620000005 4.182178754537405e-06
5.234670593 7.653220409878101e-06
5.236021825 8.095553234960049e-06
5.237373056 8.05714610804652e-06
5.238724288 7.137704577183535e-06
5.240075519 5.378898491735485e-06
5.241426751 3.131916533043871e-06
5.242777982 5.631469036609128e-07
5.244129213 2.66122960627536e-08
5.245480445 1e-08
5.246831676 1e-08
5.2481829079999995 1e-08
5.2495341390000005 1e-08
5.250885371000001 1e-08
5.252236602 1e-08
5.253587834 1e-08
5.254939064999999 1e-08
5.256290296 1e-08
5.257641528 1e-08
5.258992759 1e-08
5.260343991 1e-08
5.261695222 1e-08
5.263046454 1e-08
5.264397685 1e-08
5.265748917 1e-08
5.267100148000001 3.3842492171584785e-08
5.268451379 5.703740787054635e-07
5.269802611 1.6325223945201096e-07
5.2711538419999995 1.423901781902051e-08
5.272505074 1e-08
5.273856305000001 1e-08
5.275207537 1e-08
5.276558768 1e-08
5.277909999 1e-08
5.279261231 1e-08
5.280612462 1e-08
5.281963694 1e-08
5.283314925 1e-08
5.284666156999999 1e-08
5.286017388 1e-08
5.2873686200000005 1e-08
5.288719851 1e-08
5.290071082000001 1e-08
5.291422314 1e-08
5.292773545 1e-08
5.294124777 1e-08
5.295476008 1e-08
5.29682724 1e-08
5.298178471 1e-08
5.299529702 1e-08
5.300880933999999 1e-08
5.302232165 1e-08
5.303583397000001 1e-08
5.304934628 1e-08
5.30628586 1e-08
5.307637090999999 1e-08
5.3089883229999995 1e-08
5.3103395540000005 1e-08
5.311690785 1e-08
5.313042017 1e-08
5.314393248 1e-08
5.31574448 1e-08
5.317095711 1e-08
5.318446943 1e-08
5.319798174 1e-08
5.321149405 1e-08
5.322500637 1e-08
5.323851867999999 1e-08
5.3252030999999995 1e-08
5.3265543310000005 1e-08
5.327905563 1e-08
5.329256794 1e-08
5.330608026 1e-08
5.331959257 1e-08
5.333310488 1e-08
5.33466172 3.089144129133378e-08
5.336012951 7.820719312034925e-07
5.337364183 2.4726307412332554e-06
5.338715414 1.1086797365454073e-06
5.340066646 1.9958155472498703e-07
5.341417877 2.023691343859322e-08
5.342769109 1e-08
5.344120340000001 1e-08
5.345471571 1e-08
5.346822803 1e-08
5.3481740339999995 2.0663691891835286e-08
5.349525266 5.451555539819542e-07
5.350876497 4.056417858040857e-06
5.352227729 1.6601510968332103e-06
5.35357896 9.935954096963749e-07
5.354930191 9.594250667927062e-08
5.356281423 1.7616783306672234e-08
5.357632654 1.2296386018277443e-08
5.358983886 1e-08
5.360335117 1e-08
5.361686348999999 1e-08
5.36303758 1e-08
5.3643888120000005 1e-08
5.365740043 1e-08
5.367091274000001 1e-08
5.368442506 1e-08
5.369793737 1e-08
5.371144969 1e-08
5.3724962 1e-08
5.373847432 1e-08
5.375198663 1e-08
5.376549894 1e-08
5.377901125999999 1e-08
5.379252357 1e-08
5.380603589000001 1e-08
5.38195482 1e-08
5.383306052 1e-08
5.384657282999999 1e-08
5.386008515 1e-08
5.3873597460000004 1e-08
5.388710977 1e-08
5.390062209 1e-08
5.39141344 1e-08
5.392764672 1e-08
5.394115903 1e-08
5.395467135 1e-08
5.396818366000001 1e-08
5.398169598000001 1e-08
5.399520829 1e-08
5.400872059999999 1e-08
5.4022232919999995 1e-08
5.4035745230000005 1e-08
5.404925755 1e-08
5.406276986 1e-08
5.407628218 1e-08
5.408979449 1e-08
5.41033068 1e-08
5.411681912 1e-08
5.413033143 7.381940784357393e-08
5.414384375 2.000692338494899e-06
5.415735606 3.295128042505032e-06
5.417086838 2.566311717204231e-06
5.418438069 2.7108632838202075e-07
5.419789301 1.8181767500338883e-08
5.421140532000001 1e-08
5.422491763 1e-08
5.423842995 1e-08
5.4251942259999995 1e-08
5.426545458 1e-08
5.427896689 1e-08
5.429247921 1.5204285179456685e-08
5.430599152 1.954643866700978e-07
5.431950383 1.9209831782293957e-06
5.433301615 8.538448149988702e-07
5.434652846 3.3442802084582696e-07
5.436004078 4.033787836585387e-08
5.437355309 1.0129652742202805e-08
5.438706540999999 1e-08
5.440057772 1e-08
5.4414090040000005 6.734780863917313e-08
5.442760235 1.6954142684427793e-06
5.444111466000001 4.3942941208644525e-06
5.445462698 5.366604409615882e-06
5.446813929 2.682898580260246e-06
5.4481651609999995 8.199591253320099e-07
5.4495163920000005 1.4283895800115758e-07
5.450867624000001 1.9967527371733044e-08
5.452218855 1e-08
5.453570086 1e-08
5.454921317999999 1e-08
5.456272549 1e-08
5.457623781000001 1e-08
5.458975012 1e-08
5.460326244 1e-08
5.461677475 1e-08
5.463028707 1e-08
5.464379938 1e-08
5.465731169 1e-08
5.467082401 1e-08
5.468433632 1e-08
5.469784864 1e-08
5.471136094999999 1e-08
5.472487327 1e-08
5.473838558000001 1e-08
5.47518979 1.579475313238616e-08
5.476541021 1.5267335321926617e-07
5.477892251999999 1.5182348615146168e-06
5.4792434839999995 3.4550595908083366e-06
5.4805947150000005 7.241370302602059e-06
5.481945947 5.850270230631752e-06
5.483297178 4.727153007294891e-06
5.48464841 7.578646944337023e-07
5.485999641 1.8862852619729673e-06
5.487350872 5.74602677342935e-06
5.488702104 1.0890252282676557e-05
5.490053335 1.4016608850981152e-05
5.491404567 1.4129171871101022e-05
5.492755798 6.55570068948503e-06
5.49410703 3.4014630204084783e-06
5.495458261 2.7668463695940372e-06
5.496809493 2.7422302681985825e-06
5.498160724 2.7932417231216704e-06
5.499511955 3.2097463684008406e-06
5.500863187 3.6656189451402497e-06
5.502214417999999 3.0234612893135936e-06
5.50356565 2.4942448843130574e-06
5.504916881 2.481545696689367e-06
5.506268113 2.700870856763697e-06
5.507619344 3.3958478240619473e-06
5.508970575 4.87779839966448e-06
5.510321807 3.172896714616051e-06
5.511673038 1.6695716221755665e-06
5.51302427 4.6218173224407806e-07
5.514375501000001 3.6685564675056025e-08
5.515726733 1e-08
5.517077964 1e-08
5.5184291960000005 1e-08
5.519780427 1e-08
5.521131658 1e-08
5.52248289 1e-08
5.523834121 1e-08
5.5251853529999995 1e-08
5.5265365840000005 1e-08
5.527887816000001 1e-08
5.529239047 1e-08
5.530590278 1e-08
5.531941509999999 1e-08
5.533292741 1e-08
5.5346439730000005 1e-08
5.535995204 1e-08
5.537346436 1e-08
5.538697667 1e-08
5.540048899 1e-08
5.54140013 1e-08
5.542751361 1e-08
5.544102593 1e-08
5.545453824 1.4384630609477171e-08
5.546805056 8.427060203201406e-08
5.548156286999999 5.967953787395179e-07
5.549507519 1.1373571719109855e-06
5.550858750000001 2.1723888513865986e-06
5.552209982 3.0947338862311113e-06
5.553561213 4.369199868753898e-06
5.554912443999999 4.89245609287446e-06
5.5562636759999995 5.111184733412638e-06
5.5576149070000005 3.8046735306139258e-06
5.558966139 2.187737375202749e-06
5.56031737 5.668700730572128e-07
5.561668602 4.1516824175802334e-08
5.563019833 1e-08
5.564371064 1e-08
5.565722296 1e-08
5.567073527 1e-08
5.568424759000001 1e-08
5.56977599 1.70176055728827e-08
5.571127222 5.524758781795625e-08
5.5724784529999996 2.2844238518101446e-07
5.573829685 1.1362317420815428e-06
5.575180916 4.59193651210778e-06
5.576532147 5.041656651797973e-06
5.577883379 4.8143634033860975e-06
5.57923461 2.249873806356519e-06
5.5805858420000005 3.486886265361466e-06
5.581937073 4.552324536005506e-06
5.583288305 5.726676103376043e-06
5.584639536 5.4787812745596105e-06
5.585990767 5.116931079613535e-06
5.587341999 9.282995698385589e-06
5.58869323 1.1177380781459388e-05
5.590044462 1.3446187685611317e-05
5.591395693000001 1.6119635572762625e-05
5.592746925 1.991257336792816e-05
5.594098156 2.1769280790228103e-05
5.595449388 2.363456160471371e-05
5.596800619 2.259277920572929e-05
5.59815185 2.0542365103966243e-05
5.599503082 1.6673795661047676e-05
5.600854313 1.1967721180429986e-05
5.6022055449999995 6.8981764860659296e-06
5.6035567760000005 3.688336442226532e-06
5.604908008000001 2.5299367888322897e-06
