microns transmission
1.3845671689999999 2.3225281095061335e-06
1.386175261 2.4984756126410637e-06
1.387783353 6.6259649750195074e-06
1.389391445 1.2993934766887685e-05
1.390999537 1.6329588396864e-05
1.392607629 1.167344526398477e-05
1.3942157210000001 6.374054465245004e-06
1.395823813 6.261453028717688e-06
1.397431905 2.850832078230415e-06
1.399039997 2.9926537579017377e-06
1.400648089 1.0053492774330442e-05
1.402256181 9.08657056676924e-06
1.403864273 3.166290997153305e-06
1.405472365 3.5203610966298466e-06
1.407080457 6.9168209900189554e-06
1.408688549 4.015169462893484e-06
1.410296641 1.347916133738832e-05
1.411904732 1.3337401253893003e-05
1.413512824 3.72086687845509e-06
1.415120916 3.064847120820913e-06
1.4167290080000001 9.587498534249508e-06
1.4183371 1.29707641205832e-05
1.419945192 1.7097617475835504e-06
1.421553284 5.495782501296872e-06
1.423161376 4.523742136430258e-06
1.424769468 3.166450978195431e-06
1.42637756 7.970142715067294e-06
1.427985652 9.47434225526307e-06
1.429593744 8.055930631335872e-06
1.431201836 4.640095221408987e-06
1.432809928 8.646820703060207e-06
1.43441802 6.129724036543161e-06
1.436026112 7.715922209322187e-07
1.4376342039999999 1.0442904204426481e-07
1.439242296 7.078876787924993e-08
1.440850388 2.8987080600641753e-06
1.44245848 4.5336980613657666e-06
1.444066571 2.1852167705138855e-06
1.445674663 1.2378403655936737e-07
1.447282755 1.3920333697669773e-06
1.448890847 3.861237281319761e-06
1.450498939 5.029761618664333e-06
1.452107031 7.946784521267089e-06
1.453715123 9.649331496650141e-06
1.455323215 7.593468408521116e-06
1.456931307 3.918883015926373e-06
1.458539399 8.956298945692203e-06
1.4601474909999999 7.490234365548046e-06
1.461755583 4.395533128729816e-06
1.463363675 1.0028845846280766e-05
1.464971767 8.146684744319261e-06
1.4665798589999999 1.1662069922224816e-05
1.4681879510000002 4.664793109524295e-06
1.469796043 2.7041129456530776e-06
1.471404135 1.3123621452003727e-08
1.473012227 1.1396536152720025e-06
1.474620319 1.0759308394678452e-05
1.47622841 1.1240361749921631e-05
1.4778365020000002 1.0647008315000216e-05
1.479444594 2.9038677882201463e-06
1.481052686 4.990158435513405e-06
1.4826607779999998 4.348273851252655e-06
1.4842688700000002 9.159190863387933e-06
1.485876962 1.1006811665611935e-05
1.487485054 1.1953168045091528e-05
1.4890931459999999 1.1300528102762276e-05
1.4907012380000002 1.2064988786487192e-05
1.49230933 1.416132755845464e-05
1.493917422 1.3942149710998267e-05
1.495525514 1.0112461205787117e-05
1.497133606 1.35543539912709e-05
1.4987416980000001 1.6722395316919994e-05
1.50034979 1.3949918287392681e-05
1.501957882 1.1438433846120892e-05
1.503565974 8.288084877109638e-06
1.5051740660000001 7.98306868930382e-06
1.506782158 2.180015613412741e-06
1.508390249 5.362087373914231e-07
1.509998341 4.879847733965343e-08
1.5116064329999999 2.0025782124957432e-07
1.5132145250000002 5.940531810638554e-06
1.514822617 1.037755079718018e-05
1.516430709 6.8633128958342765e-06
1.5180388009999999 3.909766708530206e-06
1.519646893 3.3014808363648434e-06
1.5212549850000001 5.290088987749615e-06
1.522863077 3.744164385078976e-06
1.524471169 4.945879421668822e-06
1.526079261 3.667282274883556e-06
1.5276873530000001 1.6698957111304222e-06
1.529295445 3.2210591917695665e-06
1.530903537 3.405909145674066e-06
1.532511629 4.551231978384123e-07
1.534119721 3.84972429025228e-06
1.535727813 6.169451302332577e-06
1.537335905 7.611591704557528e-06
1.538943997 2.925489261618125e-06
1.5405520879999999 3.675173195383677e-06
1.54216018 6.870624445754129e-06
1.543768272 1.0867616756642417e-05
1.545376364 1.7769133112547967e-05
1.546984456 1.4828447371414329e-05
1.548592548 6.865076824296994e-06
1.5502006400000001 1.7500257079020806e-05
1.551808732 1.4728730294545935e-05
1.553416824 4.465299084401607e-06
1.555024916 1.8999036902217772e-06
1.556633008 6.137583695900124e-06
1.5582411 9.025111726633361e-06
1.559849192 7.940767384242319e-06
1.561457284 1.2420059188504173e-06
1.563065376 5.662659227610548e-06
1.564673468 6.089647718594994e-06
1.56628156 3.2235548259328872e-06
1.567889652 5.510268248730261e-06
1.569497744 8.332828087891509e-06
1.5711058359999999 8.8865804590834e-06
1.5727139270000001 1.2615593229702883e-05
1.574322019 4.771230271612183e-06
1.575930111 3.0741572262185512e-06
1.577538203 4.3208710314164065e-06
1.579146295 4.375762575246978e-06
1.580754387 1.3096320646662782e-05
1.582362479 1.4060271784782738e-05
1.583970571 9.894450905492406e-06
1.585578663 1.3093432332466601e-05
1.5871867549999998 1.2382424024705302e-05
1.588794847 8.147626592957606e-06
1.590402939 7.393034634327423e-06
1.592011031 2.2223194649636094e-06
1.5936191229999999 3.0292085621349244e-06
1.595227215 5.760855766521934e-06
1.596835307 7.030335322540223e-06
1.598443399 1.3169138786309975e-05
1.6000514909999999 1.2105033655939811e-05
1.6016595830000002 4.883631046624996e-06
1.6032676750000001 5.358704702115571e-06
1.604875767 5.145233006570376e-06
1.606483858 3.6755443040850845e-06
1.60809195 5.441628515686794e-06
1.6097000419999998 6.442499377503813e-06
1.6113081340000002 6.052242476144604e-06
1.612916226 6.05423567154744e-06
1.614524318 4.902009595253642e-06
1.6161324099999999 3.40051538778575e-06
1.6177405020000002 4.519883647989409e-06
1.619348594 2.8936819952882453e-06
1.620956686 2.810903547081557e-06
1.6225647779999999 4.288223130175494e-06
1.6241728700000002 5.42717591220844e-06
1.625780962 9.382215526293772e-06
1.627389054 1.0704989365622514e-05
1.628997146 9.016964821243301e-06
1.630605238 7.506767965973559e-06
1.6322133300000001 1.0826776464369818e-05
1.633821422 6.483381309693192e-06
1.635429514 5.354067817368505e-06
1.637037606 4.05757072322647e-06
1.6386456969999998 1.4930874402194115e-06
1.6402537890000002 2.1325439381686445e-06
1.641861881 3.5563642483449155e-06
1.643469973 6.224809485014715e-06
1.6450780649999999 6.764553243856284e-06
1.646686157 7.261712264183801e-06
1.648294249 5.642006647368338e-06
1.649902341 9.276353839925829e-06
1.6515104329999999 8.618761072425518e-06
1.653118525 2.883305451024717e-06
1.6547266170000001 3.925180632836308e-06
1.656334709 6.8601457232205815e-06
1.657942801 9.905601958429841e-06
1.659550893 1.1934866073101142e-05
1.661158985 6.940114989998171e-06
1.662767077 4.6739815737206315e-06
1.664375169 4.286575369785002e-06
1.665983261 5.381828035238115e-06
1.667591353 8.070456277744924e-06
1.669199445 2.842566339867452e-06
1.670807536 2.7800217427748064e-06
1.672415628 7.264126361226022e-06
1.6740237199999999 1.1087967478098356e-05
1.675631812 1.486748628139611e-05
1.6772399040000001 1.6850863349313288e-05
1.678847996 1.4052469113978981e-05
1.680456088 5.71802288642686e-06
1.68206418 5.920598664028496e-06
1.683672272 1.0399493611014037e-05
1.685280364 7.7151698892587e-06
1.686888456 5.644813989490839e-06
1.688496548 4.64510753892257e-06
1.69010464 6.335306878240097e-06
1.691712732 1.2311128362045671e-05
1.693320824 1.164386911142761e-05
1.694928916 9.813276543551524e-06
1.696537008 9.195753778021093e-06
1.6981450999999999 8.05470601695283e-06
1.699753192 3.2522766652496025e-06
1.701361284 2.7368269590570954e-06
1.702969375 7.420643915786157e-06
1.704577467 8.416092420146323e-06
1.706185559 7.839010200606468e-06
1.707793651 9.330712497700185e-06
1.709401743 1.0204295257003164e-05
1.711009835 9.286045415166017e-06
1.712617927 8.243454655599658e-06
1.714226019 8.230704130195744e-06
1.715834111 7.3358322955329735e-06
1.717442203 9.988014001137975e-06
1.719050295 1.9883162989853892e-05
1.7206583869999998 8.997320207727255e-06
1.722266479 6.1847382412564566e-06
1.723874571 6.115159264936314e-06
1.725482663 7.347444543607931e-06
1.7270907549999999 7.372352461979623e-06
1.728698847 4.517640029368139e-06
1.730306939 3.142628993066628e-06
1.731915031 1.8609297472047965e-06
1.7335231229999999 2.3781135248857174e-06
1.735131214 1.3800288570662098e-05
1.736739306 7.5842271539271604e-06
1.7383473980000002 5.584626923664933e-06
1.73995549 3.306391238588229e-06
1.741563582 3.361471984861668e-08
1.7431716739999998 2.119736690927395e-07
1.7447797660000002 1.0230877372998007e-05
1.746387858 1.7829612965221303e-05
1.74799595 1.627871095694193e-05
1.7496040419999999 1.2693945857378503e-05
1.7512121340000002 1.1312482215498598e-05
1.752820226 1.4437336772368324e-05
1.754428318 1.380662408829423e-05
1.7560364099999999 4.720964970280357e-06
1.757644502 2.7609863068301944e-06
1.7592525940000001 1.653316425617334e-06
1.760860686 1.5523650028751223e-06
1.762468778 1.575348060057411e-06
1.76407687 1.6753132551130029e-06
1.7656849620000001 3.7756253623137078e-06
1.7672930530000002 9.535885786297848e-07
1.768901145 1.6349804561055622e-06
1.770509237 6.452963569486525e-06
1.7721173289999999 4.979981277502806e-06
1.7737254210000002 5.900340436747072e-06
1.775333513 9.699646995819223e-06
1.776941605 7.305752689324012e-06
1.7785496969999999 4.045712672980189e-06
1.780157789 1.9074972661689547e-06
1.781765881 2.8779843248437097e-06
1.783373973 5.1988622419932936e-06
1.784982065 5.981135133235595e-06
1.786590157 8.758299146060125e-06
1.7881982490000001 1.0187270779660136e-05
1.789806341 8.077652189625372e-06
1.791414433 7.923399795644726e-06
1.793022525 6.120903286063096e-06
1.794630617 3.39800627581284e-06
1.796238709 2.523490390756556e-07
1.797846801 5.915903249554378e-06
1.799454893 5.800306990511637e-06
1.8010629839999999 4.565771985900414e-06
1.802671076 2.6444396473566114e-06
1.804279168 2.858240030142328e-06
1.80588726 4.844933891145436e-06
1.8074953519999999 4.871365759085472e-06
1.809103444 6.367602863754627e-06
1.8107115360000001 6.488564120869726e-06
1.812319628 2.2046924510377896e-06
1.81392772 2.747437994029686e-06
1.815535812 6.91579124291996e-06
1.817143904 6.645225576404471e-06
1.818751996 5.411003750065229e-06
1.820360088 3.533636887329403e-06
1.82196818 4.2373898221075656e-06
1.823576272 4.143007146399401e-06
1.825184364 2.0581523622951933e-06
1.826792456 3.572867745622814e-06
1.828400548 9.718071833137733e-06
1.83000864 8.319554691308965e-06
1.8316167319999999 9.302576730477667e-06
1.8332248230000001 1.4101817286617541e-05
1.834832915 9.588383507375642e-06
1.836441007 4.594661473441462e-06
1.838049099 2.1704441659354183e-06
1.839657191 3.136274882040207e-06
1.841265283 5.177184455794522e-06
1.842873375 3.356252553021067e-06
1.844481467 3.0971777941383864e-06
1.846089559 5.199637957310736e-06
1.847697651 4.423403260298849e-06
1.849305743 6.060366811293639e-06
1.850913835 8.470701018957137e-06
1.852521927 1.0019720458941341e-05
1.8541300189999999 7.835743980417578e-06
1.855738111 4.081410062445746e-06
1.857346203 3.105258433157366e-06
1.858954295 3.0662002974674268e-06
1.8605623869999999 3.872556152442589e-06
1.862170479 5.9673653902809946e-06
1.863778571 8.898535273976554e-06
1.865386662 9.29754446137776e-06
1.866994754 5.230332241040927e-06
1.868602846 3.7047054149368792e-06
1.870210938 4.412646271805759e-06
1.8718190300000002 2.902583181933454e-06
1.873427122 2.386742513342345e-06
1.875035214 3.749858388921829e-06
1.8766433059999998 5.067064291399355e-06
1.8782513980000002 5.358393065320611e-06
1.87985949 2.2701052853314716e-06
1.881467582 1.443167519615753e-06
1.8830756739999999 4.251776840903671e-06
1.8846837660000002 8.682095807975857e-06
1.886291858 7.76696275670539e-06
1.88789995 6.868292217873527e-06
1.8895080419999999 8.524999709002855e-06
1.891116134 5.875208837351566e-06
1.8927242260000001 5.262618048588692e-06
1.894332318 6.200978009359785e-06
1.89594041 4.551294378543882e-06
1.897548501 3.697162633082049e-06
1.8991565929999998 3.6993146010932103e-06
1.9007646850000002 5.011563569544561e-06
1.902372777 6.321585171166676e-06
1.903980869 3.5608432222310004e-06
1.9055889609999999 3.094730924864814e-06
1.9071970530000002 4.2844345320812e-06
1.908805145 6.017770379565717e-06
1.910413237 5.3607258523041386e-06
1.9120213289999999 2.70044108414178e-06
1.913629421 4.6170213463607036e-07
1.9152375130000001 3.4452443817180243e-06
1.916845605 2.7097199410996787e-06
1.918453697 3.6025925575891174e-06
1.920061789 6.5077967440109714e-06
1.9216698810000001 8.092758136398493e-06
1.923277973 8.441876439383368e-06
1.924886065 5.587980651717563e-06
1.926494157 5.216607427328416e-06
1.928102249 8.65564974342633e-06
1.9297103400000002 7.356521729652779e-06
1.931318432 4.400026708346252e-06
1.932926524 1.8630719448111104e-06
1.9345346159999999 2.017120594936734e-06
1.936142708 1.2441882608507641e-07
1.9377508 3.739555173970598e-07
1.939358892 2.6034754470472965e-08
1.940966984 3.3261058429091665e-08
1.942575076 1.3669470583922453e-06
1.9441831680000001 6.703002682242654e-06
1.94579126 9.105881381039084e-06
1.947399352 1.1797782688775105e-05
1.949007444 1.3094539080849073e-05
1.950615536 1.3195636423977515e-05
1.952223628 1.2433988308330418e-05
1.95383172 8.58328518352235e-06
1.955439812 5.831180700218552e-06
1.957047904 6.349885671983123e-06
1.958655996 6.769335544257533e-06
1.960264088 4.512398909024168e-06
1.961872179 4.138832889466607e-06
1.9634802709999999 7.164873796064046e-06
1.965088363 8.417949429985613e-06
1.9666964550000001 6.482886860874091e-06
1.968304547 4.975153040603622e-06
1.969912639 5.5020103273511255e-06
1.971520731 6.380900242428249e-06
1.973128823 8.66999185127849e-06
1.974736915 7.024338381447387e-06
1.976345007 6.418583952874266e-06
1.977953099 7.791930092733529e-06
1.979561191 7.1781729718179006e-06
1.981169283 4.671122705608059e-06
1.982777375 3.243685980281154e-06
1.984385467 2.864498427204981e-06
1.985993559 2.9905458865835958e-06
1.9876016509999999 3.184841062125168e-06
1.989209743 4.0528109924561675e-06
1.990817835 8.4015622177386e-06
1.992425927 7.689679994896356e-06
1.9940340189999999 9.749843229916459e-06
1.99564211 7.807288557351448e-06
1.997250202 6.532167275181119e-06
1.998858294 7.162413598036095e-06
2.0004663860000003 4.421209012577166e-06
2.002074478 1.4729992840510087e-07
2.00368257 2.6529208039725913e-07
2.005290662 1.434453541213131e-06
2.006898754 6.399909867683957e-06
2.008506846 4.736482149398454e-06
2.010114938 4.437477261503094e-06
2.01172303 6.013885889981529e-06
2.013331122 5.722322113018106e-06
2.014939214 4.432269321272297e-06
2.016547306 3.00479769084627e-06
2.018155398 2.4949426069318584e-06
2.01976349 1.4404843842529235e-06
2.021371582 1.6984186516010386e-06
2.022979674 3.4107171827476797e-07
2.0245877660000002 5.111224247889522e-07
2.026195858 1.9785343802101302e-06
2.027803949 3.999150239318928e-06
2.029412041 7.020427125032443e-06
2.031020133 7.523911670944725e-06
2.032628225 7.240051494760438e-06
2.034236317 6.926453726833654e-06
2.035844409 5.61288774809985e-06
2.037452501 6.0352340792079905e-06
2.039060593 6.559113346311088e-06
2.040668685 7.046192564755521e-06
2.042276777 6.162705831744864e-06
2.0438848689999998 7.486794368155186e-06
2.045492961 3.610832053613812e-06
2.047101053 1.527431154418712e-06
2.0487091449999997 2.0608485893257386e-06
2.0503172370000002 3.241268814050037e-06
2.0519253290000004 2.5952081758375824e-06
2.053533421 3.6256477915547565e-06
2.055141513 6.706955044515809e-06
2.056749605 9.376116557033513e-06
2.058357697 1.065061226516792e-05
2.059965788 1.0372032427308419e-05
2.06157388 1.0499592478237192e-05
2.0631819719999998 1.0943584615137924e-05
2.064790064 1.1055531608535741e-05
2.066398156 1.0909193822320735e-05
2.068006248 7.5658329606511496e-06
2.06961434 7.389803882440424e-06
2.071222432 6.209435716016713e-06
2.072830524 4.3338352521861e-06
2.074438616 4.211225511551182e-06
2.076046708 4.752552171836264e-06
2.0776548 6.9009265065057436e-06
2.079262892 7.720027153393289e-06
2.080870984 1.0049434329258743e-05
2.0824790760000003 6.741371778181342e-06
2.084087168 4.894793803966062e-06
2.08569526 4.888297834972635e-06
2.0873033519999997 5.021626602159706e-06
2.088911444 2.5229403624593215e-06
2.090519536 2.395649753253904e-06
2.092127627 2.757070660107593e-06
2.0937357189999997 5.072586359527327e-06
2.0953438110000002 5.627812087488664e-06
2.0969519030000003 6.092665683936381e-06
2.098559995 6.580062323540864e-06
2.100168087 8.054861082314665e-06
2.101776179 6.20145930127138e-06
2.103384271 4.055216082452562e-06
2.104992363 2.786988706134058e-06
2.1066004549999997 2.1653388817941855e-06
2.1082085470000003 3.318269286162752e-06
2.109816639 4.680459483742455e-06
2.111424731 5.750148385951646e-06
2.113032823 5.403593154868375e-06
2.114640915 5.740041178180054e-06
2.116249007 7.557204143108813e-06
2.1178570989999996 1.2126736082946796e-05
2.1194651909999997 8.226680874874001e-06
2.1210732830000003 6.486107681690738e-06
2.122681375 7.4798448532589896e-06
2.124289466 1.0393380154865944e-05
2.125897558 6.411249919096896e-06
2.1275056500000002 5.092566123606988e-06
2.129113742 5.350853509128433e-06
2.130721834 6.775318705236503e-06
2.1323299259999997 8.80066682127301e-06
2.133938018 9.250178563606206e-06
2.1355461100000004 1.0769952926091867e-05
2.137154202 7.564763403105805e-06
2.138762294 6.157064019051472e-06
2.140370386 6.9681675081928126e-06
2.141978478 8.088433258948132e-06
2.14358657 4.1269568534724255e-06
2.1451946619999998 1.8220095467798147e-06
2.146802754 7.083521417896878e-07
2.1484108460000004 1.7137577756666378e-06
2.150018938 4.335546736026872e-06
2.15162703 4.694406476642682e-06
2.153235122 5.327424884454881e-06
2.154843214 7.372032385766191e-06
2.156451305 1.1585573604521776e-05
2.158059397 1.057399538520993e-05
2.159667489 9.272442652947204e-06
2.161275581 7.650989455125331e-06
2.1628836729999996 5.96520670272365e-06
2.164491765 4.770348724846946e-06
2.1660998570000003 4.760332873441205e-06
2.167707949 4.956496710757531e-06
2.169316041 3.2037773924694056e-06
2.170924133 2.2056426656105665e-06
2.172532225 3.6267135580315183e-06
2.174140317 7.303548516900205e-06
2.1757484089999997 6.424321325763593e-06
2.177356501 4.213957146648047e-06
2.1789645930000003 3.3893421700176523e-06
2.180572685 3.760149431360866e-06
2.182180777 5.251095962544114e-06
2.183788869 2.724958582387605e-06
2.185396961 2.895494033094956e-06
2.187005053 2.6687446986629495e-06
2.1886131449999997 2.8166031667934023e-06
2.1902212359999997 3.6139955597513044e-06
2.191829328 2.6910619166224903e-06
2.1934374200000004 1.5577577479664937e-06
2.195045512 8.738427188214561e-07
2.196653604 1.1738133380111982e-06
2.198261696 2.1878096268137725e-06
2.199869788 4.568741971643561e-06
2.20147788 4.5691451455195384e-06
2.203085972 2.494679453735932e-06
2.204694064 1.7364835814229475e-06
2.206302156 2.372933950841288e-06
2.207910248 5.522323641613513e-06
2.2095183400000002 4.360869756371574e-06
2.211126432 3.5518824099217775e-06
2.212734524 2.5514934848022945e-06
2.2143426159999997 2.3030230005465508e-06
2.215950708 2.1696154090019095e-06
2.2175588 1.6461283830246192e-06
2.219166892 2.946926473467897e-06
2.220774984 3.7779514759231536e-06
2.222383075 4.893687518062703e-06
2.2239911670000003 6.823126491373797e-06
2.225599259 9.714042738683568e-06
2.227207351 1.5614109458538363e-05
2.228815443 8.064171890480827e-06
2.230423535 4.565081308226773e-06
2.232031627 3.991774531749599e-06
2.2336397189999997 5.5970593892375675e-06
2.2352478110000003 4.95490274342942e-06
2.236855903 2.5142926641643797e-06
2.238463995 1.5593669429324812e-06
2.240072087 2.136731161708796e-06
2.241680179 3.7744214293959175e-06
2.243288271 6.472645278570357e-06
2.2448963629999996 7.140298337874858e-06
2.2465044549999997 8.625506697113164e-06
2.2481125470000003 7.167903480413446e-06
2.249720639 6.302817153961258e-06
2.251328731 7.287063096839781e-06
2.252936823 9.557991284868064e-06
2.2545449140000002 9.928858402412828e-06
2.256153006 6.2894294320126355e-06
2.257761098 4.992426554824768e-06
2.2593691899999997 6.446398002470348e-06
2.260977282 9.908895652888815e-06
2.262585374 8.088419183708865e-06
2.264193466 2.4077708966719474e-06
2.265801558 1.0171557727817507e-06
2.2674096500000003 6.672112876641922e-07
2.269017742 1.6649076266385706e-06
2.270625834 2.6197428155246455e-06
2.2722339259999997 2.1845689367846356e-06
2.273842018 3.831210404868986e-06
2.2754501100000004 3.881870413207083e-06
2.277058202 4.352485641460977e-06
2.278666294 7.346345011922479e-06
2.280274386 8.798129227095504e-06
2.281882478 1.0917093235511563e-05
2.28349057 5.4380541807490455e-06
2.285098662 4.160968033909467e-06
2.286706753 4.1174707147310464e-06
2.288314845 5.3565078601745485e-06
2.2899229369999996 1.2100688350947405e-05
2.291531029 8.514556677341681e-06
2.2931391210000003 7.002188487215871e-06
2.294747213 6.517485546724219e-06
2.296355305 7.528699021940318e-06
2.297963397 1.2534273922365602e-05
2.299571489 9.116377797966431e-06
2.301179581 6.466736638277296e-06
2.3027876729999996 6.3303033283055235e-06
2.304395765 1.0381585365628654e-05
2.3060038570000003 1.7328652374710097e-05
2.307611949 2.613818704760283e-05
2.309220041 4.005799731873444e-05
2.310828133 6.084562391941626e-05
2.312436225 7.385032666885589e-05
2.314044317 8.973536655428655e-05
2.3156524089999997 0.00010460088050251586
2.3172605010000003 0.00011985840684945299
2.318868592 0.00013554519289647065
2.3204766840000004 0.00013877946748099194
2.322084776 0.00014215095108814928
2.323692868 0.00014830833217287107
2.32530096 0.0001571211239506917
2.326909052 0.000166453563642971
2.328517144 0.00016054723734941514
2.3301252359999998 0.00015420797713267616
2.331733328 0.00014820496395523777
2.33334142 0.00014239639679103114
2.334949512 0.0001368628591273012
2.3365576040000002 0.00012588780303265598
2.338165696 0.0001141790294559905
2.339773788 0.00010178228314627583
2.3413818799999997 7.791047075585955e-05
2.342989972 5.9909071202825264e-05
2.344598064 4.6273299364389976e-05
2.346206156 3.5820104193109516e-05
2.347814248 2.7770586887562372e-05
2.3494223400000003 1.0287917716108974e-05
2.3510304310000003 4.383700797174092e-06
2.352638523 2.1323946532360453e-06
2.354246615 1.2911137499120624e-06
2.3558547069999998 1.9984509270506835e-06
2.357462799 2.9114923279605292e-06
2.359070891 1.3058217536537962e-06
2.3606789829999997 9.606027061512697e-07
2.3622870750000002 1.3697060674486254e-06
2.363895167 2.241050098751227e-06
2.365503259 3.379698478833606e-06
2.367111351 2.839924620958391e-06
2.368719443 3.2589202674152835e-06
2.370327535 2.685622242727828e-06
2.371935627 2.059852357606285e-06
2.3735437189999997 1.8061673571778553e-06
2.3751518110000003 1.958120648840728e-06
2.376759903 2.3333003218355997e-06
2.378367995 2.889332399331492e-06
2.379976087 7.66845675886533e-07
2.381584179 4.041106262694574e-07
2.383192271 4.4096929991689867e-07
2.384800362 1.3225380900242507e-06
2.3864084539999997 5.0519410484606e-06
2.388016546 2.492163303405112e-06
2.389624638 7.524085084661842e-07
2.39123273 4.188244768543042e-07
2.392840822 8.779493702016626e-07
2.3944489140000003 2.4584675540236852e-06
2.396057006 6.875569037666586e-06
2.397665098 1.94417213594397e-06
2.3992731899999997 8.567594365951137e-07
2.400881282 1.0152335488179553e-06
2.4024893740000004 1.8293046740047118e-06
2.404097466 3.2974794288614186e-06
2.405705558 4.21646243421538e-06
2.40731365 4.524697018987142e-06
2.408921742 6.028902588264732e-06
2.410529834 3.4565518336847937e-06
2.4121379259999998 2.7498515812574143e-06
2.413746018 2.626522476466899e-06
2.41535411 4.112400867826733e-06
2.416962201 6.944625203566432e-06
2.418570293 8.432013832054346e-06
2.4201783850000003 2.2866949462285987e-06
2.421786477 6.913294310601492e-07
2.423394569 4.841182100305883e-07
2.425002661 1.194458194008616e-06
2.426610753 5.0435062985075776e-06
2.428218845 5.096400893041392e-06
2.4298269369999996 3.7153228658561297e-06
2.431435029 3.4578375943889037e-06
2.4330431210000003 2.7889631455037203e-06
2.434651213 2.3693762270082437e-06
2.436259305 3.745420958406901e-06
2.4378673969999998 3.486283008337213e-06
2.439475489 4.44461403284531e-06
2.441083581 5.267169406417745e-06
2.4426916729999997 2.524144542780245e-06
2.4442997650000002 1.9058073419058637e-06
2.4459078570000004 2.907602588388503e-06
2.447515949 5.052865729055569e-06
2.44912404 9.313682623261441e-06
2.450732132 1.0407483290984798e-05
2.452340224 4.7560639030317605e-06
2.453948316 2.7666879326934824e-06
2.455556408 2.687598676324515e-06
2.4571644999999998 4.377752448496722e-06
2.458772592 7.60866373954758e-06
2.460380684 5.504667313283136e-06
2.461988776 4.00850112018613e-06
2.463596868 3.7197730794208435e-06
2.46520496 2.7284220451457873e-06
2.466813052 2.0481103216753783e-06
2.468421144 4.947955071395241e-06
2.470029236 8.204899570176168e-06
2.471637328 8.454820842122235e-06
2.47324542 9.013687734658087e-06
2.474853512 8.121821997983981e-06
2.4764616040000003 7.034463603245051e-06
2.478069696 6.11220146998206e-06
2.479677788 8.382232085550268e-06
2.481285879 1.233716106576008e-05
2.4828939709999998 1.8293559240421125e-05
2.484502063 1.0777356329035545e-05
2.486110155 8.324591315050996e-06
2.4877182469999997 6.874661436424866e-06
2.489326339 6.9607403966902e-06
2.4909344310000003 7.988807716577572e-06
2.492542523 1.2089225433336893e-05
2.494150615 8.458355723096046e-06
2.495758707 7.806368284232337e-06
2.497366799 7.770812821399982e-06
2.498974891 7.3223210447301465e-06
2.499778162 2.6822493119639258e-06
2.5011293930000003 5.032283871361349e-06
2.502480624 5.445665293528956e-06
2.5038318559999997 9.24403389702371e-07
2.505183087 3.557590169246361e-06
2.506534319 2.3000932578889477e-06
2.50788555 5.027906641689677e-06
2.509236782 1e-08
2.510588013 4.908333614608919e-06
2.511939244 1.5942963877712957e-05
2.5132904760000003 1.3163995334859006e-05
2.514641707 5.4307458770435636e-06
2.515992939 7.575648375127201e-06
2.51734417 5.707176405799036e-06
2.5186954019999996 9.346052169154567e-06
2.5200466329999998 1e-08
2.521397865 2.4183387357534106e-06
2.522749096 3.267883133183443e-06
2.524100327 4.301418341024593e-08
2.525451559 3.749588486320777e-06
2.52680279 8.759412527247368e-06
2.5281540220000003 5.7169539637065945e-06
2.529505253 1.2886638430039939e-05
2.5308564849999997 4.037874872652646e-07
2.532207716 3.770735773067364e-06
2.533558948 7.909604397196164e-06
2.534910179 8.564360475867587e-06
2.5362614100000003 5.9038907258352436e-06
2.537612642 3.3133421699746017e-06
2.538963873 1.947796912250581e-06
2.5403151050000004 4.119029978542576e-06
2.5416663359999996 4.975501153634995e-06
2.5430175680000002 2.26964631071862e-06
2.544368799 4.593096962208234e-06
2.54572003 5.519728890334059e-06
2.547071262 5.24529708916696e-06
2.548422493 6.9269070568172156e-06
2.549773725 6.8102713074874895e-06
2.551124956 6.346942856983521e-06
2.552476188 3.42853602657419e-06
2.553827419 4.540737371805644e-06
2.5551786510000003 5.078606795106225e-06
2.556529882 3.190115602696488e-06
2.557881113 1.1291089278866542e-05
2.559232345 7.455948181917773e-06
2.560583576 4.295281644703631e-06
2.561934808 3.67862889427788e-06
2.5632860390000003 1.0292491473000418e-06
2.564637271 7.76128907726761e-06
2.565988502 6.609265224878408e-06
2.567339733 5.018845747287733e-06
2.5686909649999996 1.0539862378224077e-05
2.5700421959999997 3.002405008126582e-06
2.571393428 1.1809788390810862e-05
2.572744659 1.5993293694735186e-05
2.574095891 5.816592459249305e-06
2.575447122 5.211295317510715e-06
2.576798354 1.2512740653451252e-05
2.5781495850000002 4.206061480734788e-06
2.5795008160000004 5.127240841703466e-06
2.580852048 1.8867147069991987e-06
2.582203279 2.8069390920247144e-06
2.583554511 2.2756589435133946e-06
2.584905742 9.532301783795524e-06
2.586256974 1.4747314193013168e-05
2.587608205 1.2724740327184167e-05
2.588959437 1.220983707601932e-05
2.590310668 6.212239885461404e-06
2.591661899 7.94568750043358e-06
2.593013131 5.971809295119676e-06
2.594364362 5.307891554921221e-06
2.5957155939999996 1e-08
2.5970668249999997 1.6488836854005399e-06
2.598418057 6.354593751349087e-07
2.599769288 6.500580915460346e-06
2.601120519 1.4218939480921181e-05
2.602471751 1.1483955755812538e-05
2.603822982 8.456855640984087e-06
2.6051742140000003 1.1178555906893967e-05
2.6065254450000004 6.2683003300544895e-06
2.607876677 8.780939883012827e-06
2.609227908 1.3052890500871037e-07
2.61057914 4.365818122795029e-07
2.611930371 1e-08
2.613281602 1.2433331963964505e-08
2.614632834 7.181123444764967e-07
2.615984065 4.928119116597681e-06
2.617335297 1.6491230380703402e-07
2.618686528 3.748624874541142e-08
2.62003776 2.1257392610288705e-06
2.621388991 1.4067366519045044e-06
2.622740222 2.913602643495046e-06
2.6240914539999998 2.4022645042361806e-06
2.625442685 2.487215294860234e-06
2.626793917 1.6223241199981195e-06
2.628145148 9.277123242313611e-06
2.62949638 2.814183543498771e-06
2.630847611 3.914725730509257e-06
2.6321988430000003 2.5311126018409924e-06
2.6335500740000004 4.7415223377459864e-06
2.634901305 1.209330401499285e-06
2.636252537 3.7835341327242767e-06
2.637603768 5.731082189340648e-07
2.6389549999999997 6.316403009197915e-06
2.640306231 2.856635895760092e-06
2.641657463 7.717100307415664e-06
2.643008694 9.088234319162845e-06
2.6443599250000003 3.929084278098118e-06
2.645711157 1e-08
2.6470623879999997 1e-08
2.64841362 2.956293391750938e-07
2.649764851 1.8001080257478097e-07
2.651116083 2.3479373032423907e-06
2.652467314 4.520200947016255e-06
2.653818546 2.3711933725100757e-07
2.6551697770000002 1e-08
2.6565210080000004 8.3080905386595e-09
2.65787224 4.375324240027033e-07
2.659223471 1.349885535896733e-07
2.6605747030000004 2.903526367114707e-08
2.6619259339999997 6.946863321040934e-07
2.663277166 2.870078037736573e-06
2.664628397 2.415793660083899e-07
2.6659796289999997 3.0092009873903003e-06
2.66733086 1.3560654942688436e-06
2.668682091 2.4438755143296575e-06
2.670033323 6.78209164482858e-07
2.6713845540000003 4.677188032424035e-06
2.672735786 1.700185726235859e-05
2.6740870169999997 8.852882001695977e-06
2.675438249 9.701273166913066e-06
2.67678948 6.996917665650634e-06
2.678140711 9.496144271147221e-06
2.679491943 8.947163082006288e-06
2.680843174 2.7734138515216088e-06
2.6821944060000003 1e-08
2.6835456370000004 1.1274605921599764e-08
2.684896869 4.37170602568608e-06
2.6862481 3.488230170169245e-07
2.6875993319999996 5.520488709822417e-06
2.6889505629999997 3.6838086190552463e-06
2.690301794 6.130311431569844e-06
2.691653026 2.3076779340110412e-06
2.693004257 2.1279942803234e-06
2.694355489 5.149791497632031e-06
2.69570672 2.6624240530125272e-08
2.697057952 8.868864171391867e-07
2.6984091830000003 3.348272715998641e-06
2.699760414 2.861283231059263e-06
2.7011116459999998 4.932273524909874e-06
2.702462877 3.2243384737411474e-06
2.703814109 1.3811015142252193e-06
2.70516534 1.9980217094338275e-06
2.706516572 1.4682964185870657e-06
2.707867803 4.343036624210506e-06
2.7092190350000003 5.4650587777184485e-06
2.7105702660000004 6.430074310200585e-07
2.7119214969999996 7.077118171011518e-06
2.713272729 1.1933712466939833e-05
2.71462396 9.406661846707281e-06
2.7159751919999997 7.5185047392320206e-06
2.717326423 5.817041024314743e-07
2.718677655 1e-08
2.720028886 3.126285642530772e-06
2.7213801170000003 8.090959058739572e-07
2.722731349 6.077777934898019e-06
2.7240825799999997 5.582449047554767e-06
2.7254338120000003 1.1190820632585916e-06
2.726785043 6.121121556471125e-06
2.7281362749999998 4.997675099883261e-07
2.729487506 1.2702215182469671e-08
2.730838738 2.2996548086565083e-06
2.732189969 4.62298645158836e-08
2.7335412000000003 5.1272629860674105e-06
2.734892432 2.071684994263925e-06
2.736243663 3.0826656393461705e-08
2.737594895 3.0970441529955447e-06
2.7389461259999996 3.074340697351236e-06
2.740297358 3.30957237298551e-06
2.741648589 1.531480104701958e-06
2.7429998209999997 3.798488477993567e-06
2.744351052 4.4103047739703304e-08
2.745702283 1.418095063564947e-07
2.747053515 3.0293187918672445e-06
2.7484047460000003 4.872775854650261e-06
2.749755978 4.054301563792761e-06
2.7511072089999997 6.200561389559454e-06
2.7524584410000004 2.953969363825548e-08
2.753809672 1e-08
2.755160903 3.9925845710795225e-08
2.756512135 4.110344459906809e-06
2.757863366 4.683929177055769e-06
2.7592145980000002 8.490824618192295e-06
2.760565829 4.5772022141234175e-06
2.761917061 2.925076980060444e-06
2.7632682920000002 4.074999848837969e-06
2.764619524 4.445065360490822e-06
2.7659707549999997 5.952022764450281e-07
2.767321986 1e-08
2.768673218 1e-08
2.770024449 1.8361680629591357e-06
2.771375681 2.457057563949895e-06
2.772726912 1.9536849882564255e-06
2.774078144 1.513848716407404e-08
2.7754293750000003 4.6176838990936065e-06
2.776780606 2.772644818113594e-06
2.7781318379999997 3.9414885633788753e-07
2.779483069 1e-08
2.780834301 1.6148459770349109e-06
2.782185532 4.594410597394389e-06
2.783536764 1.6201483497339307e-06
2.784887995 5.33764288688474e-06
2.786239227 8.539288211493019e-07
2.787590458 2.0606094248278355e-06
2.788941689 1.1623480692360648e-06
2.7902929210000003 3.993373870117575e-06
2.791644152 8.304923481644271e-06
2.7929953839999997 4.404996004120722e-06
2.794346615 2.9761960351900285e-07
2.795697847 8.032398937587976e-07
2.797049078 8.938820898777952e-06
2.7984003090000003 8.730496365503161e-06
2.799751541 1.6585270654685531e-06
2.801102772 3.0875794847710465e-06
2.8024540040000003 7.604999581646066e-06
2.803805235 8.16522832246098e-06
2.8051564669999998 3.469577818327777e-06
2.806507698 5.593266329697989e-06
2.80785893 4.6490589090489306e-06
2.8092101609999998 1.7700819681785529e-06
2.810561392 2.017538530755244e-07
2.811912624 2.375697675131161e-06
2.813263855 4.80145095338241e-07
2.814615087 7.204403535370757e-06
2.8159663179999996 4.867405819852955e-06
2.8173175500000003 7.448831621177887e-07
2.818668781 5.923849020372023e-07
2.8200200129999997 1.9574218166267426e-06
2.821371244 1.0262484731558005e-06
2.822722475 1.4577224302158356e-07
2.824073707 2.1910695709406504e-06
2.8254249380000003 7.837353237617194e-08
2.82677617 2.3949934297631912e-06
2.828127401 7.212196602535979e-07
2.8294786330000004 2.0444347006677774e-06
2.830829864 2.684757712063092e-07
2.8321810949999997 1.9410152746530525e-06
2.833532327 1.7495115882219803e-06
2.834883558 3.1112771980442093e-07
2.83623479 1.3386713299487805e-06
2.837586021 3.311303546429826e-06
2.838937253 9.084739640593797e-07
2.8402884840000002 1e-08
2.841639716 1.1562648619503338e-07
2.8429909469999997 5.3596932268836446e-06
2.8443421779999998 5.456528336361801e-06
2.84569341 6.528714065820712e-07
2.847044641 3.6754827140647423e-07
2.848395873 1e-08
2.849747104 2.716475450035794e-06
2.851098336 6.214806206105743e-06
2.8524495670000003 6.803920167991676e-06
2.8538007980000004 4.5559909786429964e-06
2.85515203 4.587551155386307e-06
2.856503261 1.0545640243818577e-06
2.8578544929999996 3.8901671916757e-08
2.8592057239999997 6.418650563232419e-06
2.860556956 4.193855255463667e-06
2.861908187 3.8021872778618595e-06
2.863259419 2.033725381283835e-06
2.86461065 1.8675436942684745e-07
2.865961881 3.1063532184061256e-06
2.8673131130000002 2.4170201935628413e-06
2.868664344 2.447642001105839e-06
2.8700155759999997 3.6828803336004507e-06
2.871366807 1.762124701905581e-08
2.872718039 7.737937342310947e-08
2.87406927 5.63354174823853e-06
2.8754205010000002 9.115706199496572e-06
2.876771733 6.269368360894274e-08
2.878122964 2.2555124483551038e-08
2.8794741960000003 6.871505772807763e-06
2.8808254270000004 7.117227509684951e-06
2.882176659 3.975009010303853e-06
2.88352789 6.679815551954331e-06
2.8848791219999996 4.388292208043029e-08
2.8862303529999997 1e-08
2.887581584 1e-08
2.888932816 1e-08
2.890284047 5.20096138988365e-08
2.891635279 1.2767928074988226e-06
2.89298651 3.0210642867781823e-06
2.8943377420000003 5.374587325219427e-06
2.895688973 4.2164345537194845e-06
2.8970402049999997 5.222169781649771e-06
2.898391436 3.0020280415738803e-06
2.899742667 2.349786872529947e-07
2.901093899 2.33773659294237e-06
2.9024451300000003 3.6278191998861994e-06
2.903796362 3.313242193931625e-06
2.905147593 3.8105494457437126e-06
2.9064988250000003 1.3149361612160795e-06
2.907850056 1.9515060715746987e-06
2.9092012869999997 2.8861258154551586e-06
2.910552519 1.0018822725967058e-07
2.91190375 1.3948980738086964e-07
2.9132549819999998 2.899582979901359e-07
2.914606213 1.1839227943950741e-07
2.915957445 2.5276339807690083e-08
2.917308676 1.1426628857598869e-07
2.918659908 3.3242752334099922e-06
2.920011139 7.79811241708399e-06
2.9213623699999998 1.0802161886315958e-05
2.922713602 3.3737374082247434e-06
2.924064833 1.6614716550803238e-06
2.925416065 5.299713597477013e-06
2.926767296 8.129018478713974e-07
2.928118528 1e-08
2.9294697590000003 1e-08
2.93082099 1.270153479942152e-08
2.932172222 3.858577151397032e-06
2.933523453 1.3906200156366884e-06
2.934874685 1.0966115107914078e-08
2.9362259159999997 1.5780061218623537e-06
2.937577148 4.975739339256534e-06
2.938928379 3.7705161484083947e-06
2.940279611 4.512311406184897e-06
2.941630842 1.2172390029126848e-06
2.942982073 1e-08
2.9443333050000002 1.3982132370226802e-06
2.9456845360000004 4.4348617488514725e-06
2.947035768 5.167037199158458e-06
2.948386999 1.1381554585787412e-05
2.949738231 1.893049985454584e-06
2.951089462 2.0936841920772683e-06
2.952440694 1.2160498778219965e-05
2.953791925 4.177689714838944e-06
2.955143156 1e-08
2.956494388 1.0082326180146994e-07
2.957845619 7.364613655230619e-08
2.959196851 4.640246148324528e-06
2.960548082 3.1512877124939398e-06
2.9618993139999996 1e-08
2.9632505449999997 1e-08
2.964601776 5.240837282597551e-07
2.965953008 3.244598826299718e-06
2.967304239 4.21413023701453e-06
2.968655471 3.4075232768254634e-06
2.970006702 5.486228302392643e-06
2.9713579340000003 3.650767109198934e-06
2.9727091650000004 5.0503324218255254e-06
2.974060397 4.841312191851288e-06
2.975411628 3.374771650795694e-06
2.976762859 2.2388436384436773e-06
2.978114091 2.310392309221291e-06
2.979465322 9.946457388867345e-07
2.980816554 3.5281995271541943e-06
2.982167785 5.280589187425861e-06
2.983519017 5.0562031019860345e-06
2.984870248 3.0931165910417835e-06
2.9862214789999997 2.462391320833322e-08
2.987572711 2.3857948049538365e-07
2.988923942 1.4298049447639009e-06
2.9902751739999998 6.27572372605361e-06
2.991626405 7.256369621033027e-06
2.992977637 7.097333438316398e-06
2.994328868 8.650614681803619e-06
2.9956801 5.690099337457794e-06
2.997031331 6.537592401315426e-06
2.9983825619999998 7.885937337546688e-06
2.9997337940000004 1.3406766282886021e-05
3.001085025 7.255363009738769e-06
3.002436257 6.2561286094274755e-06
3.003787488 6.286192230725517e-06
3.0051387199999997 4.895801635116973e-06
3.006489951 3.3129779961817166e-06
3.007841182 7.233933897446864e-07
3.009192414 7.63793748529978e-06
3.0105436450000003 7.148795112599072e-06
3.011894877 5.6630331259442025e-06
3.0132461079999997 9.420445835765803e-06
3.01459734 3.550082827301756e-06
3.015948571 1.2307960814788061e-08
3.017299803 1e-08
3.018651034 2.6992908702528794e-06
3.020002265 4.176401823611184e-06
3.021353497 4.15819682889563e-06
3.0227047280000003 2.886438275922087e-06
3.02405596 2.997112817360229e-07
3.0254071909999998 1.6676702078176958e-07
3.0267584230000004 5.427866624412285e-06
3.0281096539999997 7.99775759023175e-06
3.029460886 5.059327902066581e-06
3.030812117 2.152859642933773e-06
3.032163348 2.0850452652916933e-06
3.03351458 9.284489295794314e-06
3.034865811 1.2630144757369693e-05
3.036217043 7.188406629418383e-06
3.0375682740000003 2.0432411649422047e-06
3.038919506 6.036858631121403e-06
3.0402707369999997 7.19419361407847e-06
3.041621968 5.921892317565503e-06
3.0429732 3.3179848127531726e-06
3.044324431 6.818639875559181e-06
3.045675663 8.226646610841297e-06
3.047026894 1.3748112633354137e-05
3.0483781260000002 6.271699569089854e-06
3.0497293570000004 9.050315046261767e-07
3.051080589 3.6067234742458093e-06
3.05243182 1.7906056431315248e-06
3.053783051 6.93408022546932e-07
3.0551342829999997 2.5077076259842546e-06
3.056485514 2.7305792073080305e-06
3.057836746 1.619649499924174e-06
3.059187977 2.115560637880405e-06
3.060539209 5.305979122698006e-06
3.06189044 5.329307267396022e-06
3.063241671 4.3956473538202794e-06
3.0645929030000003 6.495785081947167e-06
3.065944134 8.425757287197833e-06
3.0672953659999997 4.1670567344281415e-06
3.068646597 1.1077368958381077e-08
3.069997829 5.255817756800121e-06
3.07134906 1.3781981188208426e-05
3.072700292 1.072822091666358e-05
3.074051523 3.821270436810819e-06
3.075402754 2.5008846043989e-06
3.0767539860000004 4.598338798523529e-06
3.0781052169999996 6.914900335876911e-06
3.079456449 4.1259022426088965e-06
3.08080768 4.223134051049113e-06
3.0821589119999997 6.260419969819462e-06
3.083510143 6.814264567457993e-06
3.084861374 1.939112061490201e-06
3.086212606 2.343482683988679e-06
3.0875638370000003 3.1221719592905937e-07
3.088915069 9.164620847021132e-07
3.0902662999999997 1.951681383793728e-07
3.0916175320000003 5.53584211851467e-06
3.092968763 6.354388573231174e-06
3.0943199949999998 5.528791893497677e-06
3.095671226 3.3420776693794648e-06
3.097022457 1.2258429527486491e-08
3.098373689 3.07112712748695e-06
3.0997249200000003 1.8032722511206918e-06
3.101076152 2.568605432706574e-06
3.102427383 3.3911872948574435e-06
3.103778615 5.4879950443348804e-06
3.1051298459999996 4.308093868884465e-06
3.106481078 2.06948912298141e-06
3.107832309 4.820410174219375e-07
3.10918354 1.1611780119565426e-06
3.110534772 3.3023292798636654e-06
3.111886003 4.923095367203694e-06
3.113237235 4.2195232736785115e-06
3.1145884660000003 6.922156574782698e-06
3.115939698 6.502587826379903e-06
3.1172909289999997 1.9892513436673637e-06
3.11864216 6.625639524607017e-07
3.119993392 8.661473319784632e-06
3.121344623 7.4488782225820784e-06
3.122695855 5.814586477833199e-06
3.124047086 3.556167576584302e-06
3.1253983180000002 3.879511664562263e-06
3.126749549 3.6000314680553134e-06
3.128100781 6.231843250183235e-06
3.1294520120000002 3.797927289973856e-06
3.130803243 4.845724686887316e-06
3.1321544749999997 2.2809728222302203e-06
3.133505706 6.566499369681346e-06
3.134856938 5.990262829217402e-06
3.136208169 5.101537748350328e-06
3.137559401 1.5529450696345155e-06
3.138910632 2.3964306690292894e-06
3.140261863 2.080134680709249e-06
3.1416130950000003 4.039898470813135e-06
3.142964326 8.618465425448832e-06
3.1443155579999997 3.1017815843528254e-06
3.145666789 1.8643405536274322e-06
3.147018021 5.547526730514917e-06
3.148369252 9.190215157900499e-06
3.149720484 6.736533261407423e-06
3.151071715 5.931440874580057e-06
3.152422946 6.338298006677688e-06
3.153774178 5.027536209316211e-06
3.155125409 3.3531537477207767e-06
3.1564766410000002 4.989883045190202e-06
3.157827872 2.50125993049607e-06
3.1591791039999997 4.770050818175995e-06
3.160530335 9.647615732578425e-06
3.161881566 8.94385410651646e-06
3.163232798 1.1067050282944205e-05
3.1645840290000002 4.343358747358849e-06
3.165935261 2.6554959187658906e-06
3.167286492 6.585831838199389e-06
3.1686377240000003 7.563261460177866e-06
3.169988955 3.392954329717686e-06
3.1713401869999998 3.729919806486142e-06
3.172691418 6.193460884736676e-06
3.174042649 5.428959928135518e-06
3.1753938809999998 5.514434256452291e-06
3.176745112 1.0753173037704726e-05
3.178096344 4.595153129410726e-06
3.179447575 1.954905279420026e-06
3.180798807 7.823118007396052e-06
3.182150038 8.188370868774905e-06
3.1835012700000003 4.816199788027561e-06
3.184852501 1.2970755628867085e-06
3.186203732 7.635376675258981e-06
3.187554964 4.10652747294905e-06
3.188906195 2.9781552102074883e-08
3.190257427 2.8786796889407466e-06
3.1916086580000003 1.1682958593098563e-05
3.19295989 9.005360684720866e-06
3.194311121 4.558775611943875e-06
3.195662352 2.415368936953152e-06
3.197013584 7.340668423113829e-06
3.1983648149999997 5.017347670782429e-06
3.199716047 7.861162005403284e-07
3.201067278 4.091356729343272e-06
3.2024185099999998 7.356465918393336e-06
3.203769741 5.365882083503806e-06
3.205120973 1.8728953785849663e-06
3.206472204 1.6146802312952627e-06
3.207823435 2.9334879929448716e-06
3.209174667 4.006741559920158e-06
3.2105258979999998 7.605125459671635e-06
3.21187713 7.337332113959467e-06
3.213228361 3.758401284976606e-06
3.214579593 7.078071367833883e-06
3.215930824 7.849470599925398e-06
3.217282055 2.369735684867188e-06
3.2186332870000003 2.86222196737234e-06
3.2199845180000004 3.191859612838221e-06
3.22133575 7.497717141097867e-06
3.222686981 1.0927360676773432e-05
3.2240382129999996 1.2957734453355861e-05
3.2253894439999997 9.967731382574134e-06
3.226740676 1.91589831486759e-06
3.228091907 1.7513514953878924e-06
3.229443138 5.61822989726096e-06
3.23079437 5.427249702743654e-06
3.232145601 8.373552103764088e-06
3.2334968330000002 5.894876309189379e-06
3.234848064 5.180456874529874e-06
3.2361992959999997 1.0638876511090555e-05
3.237550527 9.236197294219047e-06
3.238901759 2.5512696602172386e-06
3.24025299 1.366579383065573e-08
3.2416042210000002 1.15297856088097e-06
3.242955453 1.0548591127821754e-06
3.244306684 2.4564261502901114e-06
3.2456579160000003 4.11115792744942e-06
3.2470091470000004 5.208763813083964e-06
3.248360379 9.362505436402644e-06
3.24971161 1.290413684725748e-05
3.251062841 9.153602467802538e-06
3.2524140729999997 3.814294873932652e-06
3.253765304 5.471467850875772e-06
3.255116536 2.5821079103090743e-07
3.256467767 1.2540580659470673e-06
3.257818999 2.422127904077022e-08
3.25917023 3.822774662688039e-06
3.2605214620000003 7.16316925358649e-06
3.261872693 7.663744825196464e-06
3.263223924 6.17629692072932e-06
3.264575156 2.5489834582407437e-06
3.265926387 1e-08
3.267277619 4.0925908310964234e-08
3.2686288500000003 1.1192633098088921e-06
3.269980082 1.0187056396032544e-08
3.271331313 2.805433671407641e-06
3.272682544 1.662778823970909e-06
3.274033776 1.0225030073340473e-06
3.2753850069999997 3.6896600625299925e-06
3.276736239 4.069225204154695e-06
3.27808747 7.110544887472289e-06
3.2794387019999998 4.772238514164245e-06
3.280789933 1.0832398950787339e-06
3.282141165 1.6827736876362824e-06
3.283492396 3.584664030728756e-06
3.2848436270000003 2.9693928152132873e-06
3.286194859 4.1565786461561505e-06
3.2875460899999998 8.74743981140585e-06
3.288897322 8.777062804015473e-06
3.290248553 6.618227188205788e-06
3.291599785 4.684023660446789e-06
3.292951016 2.6532945803365333e-06
3.294302247 4.026998145172679e-06
3.2956534790000003 6.037658567967765e-06
3.29700471 7.558718015678129e-07
3.298355942 1e-08
3.299707173 1.278789815278175e-07
3.301058405 3.8920756976013136e-06
3.3024096359999997 6.67967619966702e-06
3.303760868 6.005444048060778e-06
3.305112099 2.32519146459301e-06
3.30646333 1.0068591748936382e-08
3.307814562 4.219747049676674e-06
3.309165793 5.177216703611286e-06
3.3105170250000002 4.4035417348139955e-06
3.3118682560000003 9.172644852996125e-06
3.313219488 3.022911381155313e-06
3.3145707189999998 2.983542423710903e-08
3.315921951 2.021792640175601e-07
3.317273182 2.9283105777778457e-06
3.318624413 4.50106666838474e-06
3.319975645 4.135688667505865e-06
3.321326876 7.904038076127555e-06
3.322678108 4.344116369675999e-06
3.324029339 4.49732288972523e-06
3.325380571 4.052970363873122e-06
3.326731802 3.815594508724971e-06
3.328083033 1.315965392631527e-06
3.3294342649999997 2.6982832318699935e-08
3.330785496 1.0863558370351678e-06
3.332136728 2.0128552067991957e-06
3.333487959 1.2389034955824904e-06
3.334839191 7.465828227782566e-07
3.336190422 1.685823158660667e-06
3.3375416540000002 5.1163791753770095e-06
3.3388928850000004 1.642431060693657e-07
3.340244116 1e-08
3.341595348 2.8086820956750042e-06
3.342946579 7.721776149125043e-06
3.344297811 6.191258982859839e-06
3.345649042 3.580166981965689e-06
3.347000274 5.7197265019780155e-06
3.348351505 5.1370877917578164e-06
3.3497027360000002 5.422982843190713e-06
3.351053968 4.252013749639874e-06
3.3524051989999997 2.4217487122153557e-06
3.353756431 1e-08
3.355107662 1e-08
3.3564588939999997 1.7934041577513033e-08
3.357810125 1.364356126247095e-06
3.359161357 2.688397812842637e-06
3.360512588 2.5037312315794423e-06
3.3618638190000003 5.598838695183914e-06
3.363215051 6.570820595596322e-06
3.3645662819999997 1.7384573233307986e-06
3.3659175140000004 3.0699593055730935e-06
3.367268745 7.687606932158615e-06
3.368619977 1.0270383732877437e-05
3.369971208 9.897102669512725e-06
3.371322439 7.014630536390573e-06
3.372673671 5.002288428571261e-06
3.374024902 3.176632638439717e-06
3.375376134 3.6912790149369714e-06
3.3767273650000003 6.0534433209969255e-06
3.378078597 1.0155491728521332e-05
3.3794298279999997 5.453772653897933e-06
3.38078106 1.4663206478331316e-08
3.382132291 2.29932632089639e-08
3.383483522 8.135376420378528e-06
3.384834754 7.730014372611852e-06
3.386185985 5.594358895961168e-06
3.387537217 6.430205470306683e-06
3.3888884480000003 7.24178783872613e-06
3.39023968 2.6264192734131533e-06
3.3915909109999998 4.0003263849018136e-07
3.3929421430000004 6.489677469485723e-06
3.3942933739999996 1.3569028603942613e-06
3.3956446049999998 1e-08
3.396995837 3.118367845915756e-07
3.398347068 7.902097560169461e-06
3.3996983 7.572718303185955e-06
3.401049531 4.5318848959355256e-06
3.402400763 4.034551707872809e-06
3.4037519940000003 3.808026877866894e-06
3.405103225 2.524521836208881e-06
3.4064544569999997 2.6948738996115414e-06
3.407805688 2.578700903581916e-06
3.40915692 1.391319882448512e-06
3.410508151 5.339104480134904e-06
3.411859383 5.725035478551258e-06
3.413210614 5.210397972644129e-06
3.4145618460000002 5.01104257758039e-06
3.4159130770000004 3.566978435227043e-06
3.4172643079999996 2.995679263193386e-06
3.41861554 1.418394698416397e-08
3.419966771 4.048340842080591e-06
3.4213180029999997 4.468183184862865e-06
3.422669234 1.9783057181982684e-06
3.424020466 4.3343699924946486e-06
3.425371697 5.768160273147534e-06
3.4267229280000002 6.594496660277e-06
3.42807416 2.23776258800554e-06
3.429425391 1.3296396407635997e-07
3.4307766230000003 1e-08
3.432127854 1.4061256780114785e-06
3.4334790859999997 5.2406070740693266e-06
3.434830317 1e-08
3.436181549 2.416955593655284e-08
3.43753278 1.0014475235711026e-07
3.4388840110000003 3.2816473690331375e-06
3.440235243 3.7564376604395715e-06
3.441586474 1.8324214199484667e-06
3.4429377060000004 8.083717601275062e-06
3.4442889369999996 1.3231912000079505e-05
3.445640169 8.705689459027919e-06
3.4469914 4.646105152711522e-06
3.448342631 4.034480765067864e-06
3.449693863 2.8753122549781236e-06
3.451045094 6.247373638048631e-06
3.452396326 5.937443498903963e-06
3.4537475570000002 3.1137259588346644e-06
3.455098789 3.779664000212448e-06
3.45645002 3.0986948439297187e-06
3.4578012520000003 9.672187204418476e-06
3.459152483 4.304835473462136e-06
3.460503714 1.1411202866889527e-06
3.461854946 1.3685242552398508e-06
3.463206177 9.076357149252473e-06
3.464557409 9.493007958314616e-06
3.4659086400000003 4.108176388323267e-06
3.467259872 1.4647908221823272e-07
3.468611103 2.1445145263451192e-07
3.469962335 1.4190977796132773e-08
3.4713135659999996 5.828222107774118e-07
3.4726647969999997 4.250924367141819e-06
3.474016029 5.069105578511022e-07
3.47536726 4.711057350943197e-07
3.476718492 3.723883796603165e-07
3.478069723 1.0004698181251665e-06
3.479420955 2.3416630753224777e-06
3.4807721860000003 1.6630667628575223e-07
3.482123417 1e-08
3.483474649 2.7347914798826052e-08
3.48482588 1.6868535363735018e-06
3.486177112 6.709440986007297e-06
3.487528343 4.429293859610507e-06
3.488879575 2.519398431647192e-06
3.490230806 1.930955990950918e-06
3.491582038 3.6638014220503705e-07
3.492933269 2.494679585836001e-06
3.4942845 4.336735455602533e-06
3.495635732 3.6108655292865256e-06
3.496986963 2.9967806590011398e-06
3.4983381949999997 9.127679495267995e-07
3.4996894259999998 1e-08
3.501040658 2.652335161748824e-08
3.502391889 2.2589226289619834e-06
3.50374312 3.025149743235709e-06
3.505094352 8.277329056690178e-07
3.506445583 3.611329981827629e-07
3.5077968150000003 2.6797515214474095e-06
3.509148046 4.245669875114491e-06
3.5104992779999997 4.2482884096888197e-07
3.511850509 1e-08
3.513201741 1.7071157642250215e-07
3.514552972 3.1991456361091816e-06
3.515904203 2.145167625656939e-06
3.517255435 4.276519088571691e-06
3.518606666 5.690612931740993e-06
3.519957898 2.668482169180156e-06
3.521309129 2.4288100837947555e-06
3.5226603610000002 7.951150659530305e-07
3.524011592 8.700163723254649e-07
3.5253628239999997 7.068052906225844e-07
3.526714055 5.886401564325664e-06
3.528065286 3.5159226150201548e-06
3.529416518 1.8779422258179776e-06
3.5307677490000002 2.4665626609017063e-06
3.532118981 4.2168309550906086e-06
3.533470212 5.780215582200269e-06
3.5348214440000003 4.207982010504066e-06
3.536172675 1.6793700386323585e-06
3.537523906 1.8329398635449208e-06
3.538875138 1.7907827433914415e-06
3.540226369 4.885976552864063e-06
3.5415776009999997 5.7487510087243e-06
3.542928832 5.378347430762952e-06
3.544280064 4.310691270330981e-06
3.545631295 1.6467967455370014e-07
3.546982527 2.9433001432072898e-06
3.548333758 3.658649953465171e-06
3.5496849889999997 4.150859595285158e-06
3.551036221 2.09907531184996e-06
3.552387452 2.306803884808706e-06
3.553738684 4.823878508505681e-06
3.555089915 4.7401986908918936e-06
3.556441147 3.9821993650725525e-06
3.5577923780000003 4.665782184449139e-06
3.5591436090000004 4.910680202797683e-06
3.560494841 3.6939727679090715e-06
3.561846072 5.163970825819228e-06
3.563197304 5.437478370625575e-06
3.5645485349999997 6.01750580319388e-07
3.565899767 1.3610192650128373e-06
3.567250998 5.491022066929852e-06
3.5686022299999998 8.555535258620694e-06
3.569953461 7.684958221414159e-07
3.571304692 3.880748099245468e-06
3.572655924 6.585755421771472e-06
3.574007155 6.9248289497721765e-06
3.575358387 3.910869020467208e-06
3.5767096179999998 1.5729744441000853e-06
3.57806085 3.353349881241604e-07
3.579412081 2.5986353218297434e-06
3.580763312 6.033133146380073e-06
3.582114544 4.552272202486517e-06
3.583465775 2.9342801945941283e-06
3.5848170070000003 2.9775373303281067e-06
3.5861682380000004 3.103905852653717e-06
3.58751947 3.48526537845364e-06
3.588870701 5.2298194406362044e-06
3.5902219329999996 2.034469106903356e-06
3.5915731639999997 1.9322024352338607e-06
3.592924395 1.7184419265853931e-06
3.594275627 1.1418670094839055e-08
3.595626858 1.3502490421324118e-07
3.59697809 1.3426244830990396e-06
3.598329321 2.6621754686791553e-06
3.5996805530000002 1.8745197130610921e-07
3.601031784 1.4277964631183272e-06
3.602383016 4.221405881905027e-08
3.603734247 4.021045240364226e-07
3.605085478 7.322573002431692e-06
3.60643671 1.4684096250447708e-05
3.607787941 8.868124211565037e-06
3.609139173 5.417057761220868e-06
3.610490404 3.729226999816978e-06
3.6118416360000003 4.648256340475168e-06
3.6131928670000004 4.8227583427063625e-06
3.6145440979999997 3.7104770535679656e-06
3.61589533 3.928358578977933e-06
3.617246561 6.547077938151628e-06
3.6185977929999997 3.9926629358486235e-06
3.619949024 1.321745018600522e-07
3.621300256 2.3464678247689552e-06
3.622651487 1.00996760548881e-05
3.624002719 9.593153453400075e-06
3.62535395 5.467631193529637e-06
3.6267051809999997 1.5303423118973122e-06
3.628056413 9.735026900879543e-07
3.629407644 1.4883921334770762e-06
3.630758876 1.6170591889628136e-06
3.632110107 5.745586595280481e-07
3.633461339 3.2033398780968427e-07
3.6348125700000002 3.98756154215442e-06
3.6361638010000004 3.4556659003142977e-06
3.637515033 2.786772800766242e-06
3.638866264 3.075981084283801e-06
3.640217496 1.573187980993721e-07
3.6415687269999997 2.0147778061051976e-06
3.642919959 6.662335267389784e-06
3.64427119 8.318843111929166e-06
3.6456224219999998 8.750615393506725e-06
3.646973653 4.672773477260924e-06
3.648324884 1.6232873029812565e-08
3.649676116 8.787454992840651e-07
3.6510273470000003 4.001574326503386e-06
3.652378579 6.052452314400614e-06
3.6537298099999997 5.616503658582588e-06
3.655081042 8.05004262681049e-06
3.656432273 1.866200637382806e-06
3.657783504 1e-08
3.659134736 1e-08
3.660485967 2.7562502388184453e-08
3.6618371990000003 1.5903113433979871e-06
3.66318843 1.0945610768754298e-06
3.664539662 9.4451744954733e-07
3.665890893 8.363476301357837e-08
3.667242125 1e-08
3.6685933559999997 1e-08
3.669944587 2.1520440422290197e-07
3.671295819 2.7610641049572785e-06
3.67264705 3.477815746724568e-06
3.673998282 6.206296709053212e-06
3.675349513 3.301807367382496e-06
3.676700745 2.7899136388271716e-06
3.6780519760000003 3.454432370623855e-06
3.679403208 2.6060549334297814e-06
3.6807544389999998 1.0235251548758221e-06
3.68210567 1.406973455215254e-06
3.683456902 3.4660345193975557e-06
3.684808133 4.967372567963584e-06
3.686159365 3.7289322917987253e-06
3.687510596 1e-08
3.688861828 1.189353722745684e-08
3.690213059 8.545981198304632e-07
3.6915642899999996 4.3255924908710245e-06
3.692915522 6.02207822188089e-06
3.694266753 3.7652221566491892e-06
3.6956179849999997 1.4896314734550052e-06
3.696969216 1.0372474380063345e-06
3.698320448 1.634159499274691e-06
3.699671679 4.707869971055328e-06
3.701022911 5.836219592631173e-06
3.702374142 5.539736563472948e-06
3.703725373 6.116058243717209e-06
3.7050766050000004 8.213828075948202e-06
3.706427836 5.266429326699227e-06
3.707779068 2.1565905362592173e-06
3.709130299 3.2040882669291074e-06
3.710481531 3.5428139929135417e-06
3.711832762 1.0753049913687703e-06
3.713183993 9.162757932335386e-08
3.714535225 9.007174403743585e-07
3.7158864560000002 3.583768192770733e-06
3.717237688 2.0658330929196575e-06
3.7185889189999997 3.045000033935648e-06
3.719940151 4.7247052179301155e-06
3.721291382 9.410146347786862e-06
3.7226426139999997 9.32713831277905e-06
3.723993845 6.695474706854996e-06
3.725345076 4.9147923851868145e-06
3.726696308 1.422327157068692e-06
3.7280475390000003 1.6793921323333167e-07
3.729398771 2.021716288051941e-06
3.730750002 1.7715016575264145e-06
3.7321012340000004 3.777593584644937e-06
3.733452465 3.4140549371798894e-06
3.7348036959999997 1.2071374534452027e-06
3.736154928 7.873184277939846e-07
3.737506159 3.326978064824387e-08
3.738857391 8.501463611151133e-08
3.740208622 2.9543494530013497e-06
3.741559854 9.861646622067513e-06
3.7429110850000002 7.030816148611987e-06
3.744262317 2.5705115449297137e-06
3.7456135479999997 2.3074379318322956e-06
3.746964779 6.990319944547985e-06
3.748316011 9.748594001977251e-06
3.749667242 1.422902258184434e-05
3.751018474 1.1367442543190022e-05
3.752369705 5.627200517374083e-06
3.753720937 1.2552701331797224e-06
3.7550721680000003 7.167098220113639e-07
3.7564234 2.733667945306037e-08
3.757774631 1e-08
3.759125862 1e-08
3.7604770939999996 4.614589461382301e-07
3.7618283249999998 7.868837956018343e-06
3.763179557 5.010002067055555e-06
3.764530788 1.299552171074757e-06
3.76588202 2.8244684363669936e-06
3.767233251 2.9935436514889848e-06
3.768584482 3.2413677327477694e-06
3.7699357140000003 3.889068902471562e-06
3.771286945 3.14923580321762e-06
3.7726381769999997 2.627616722871565e-06
3.773989408 2.3395893921623026e-06
3.77534064 3.323033414717668e-06
3.776691871 2.2782617689641595e-06
3.778043103 1.0248003008840368e-06
3.779394334 2.4092717817171883e-06
3.780745565 4.440445113953355e-06
3.7820967970000003 4.802843393734556e-06
3.7834480279999996 3.7251067344651547e-06
3.7847992599999998 1.4939972924671386e-06
3.786150491 2.548055889247994e-06
3.7875017229999997 2.6523793075497687e-06
3.7888529539999998 2.9574984528963294e-06
3.790204185 2.4628124383499554e-06
3.791555417 2.7392072130397057e-06
3.792906648 5.235232139568867e-06
3.79425788 7.96330733589202e-06
3.795609111 5.845548115468436e-06
3.7969603430000003 4.89108900829404e-06
3.798311574 7.5667523605886e-06
3.7996628059999997 7.499783344371786e-06
3.801014037 3.2325960781135784e-06
3.802365268 4.473761387626895e-06
3.8037165 4.58107390471531e-06
3.8050677310000003 5.320864052015085e-06
3.806418963 9.647614360827332e-06
3.807770194 1.1013578417672142e-05
3.8091214260000004 5.629504489357891e-06
3.8104726569999996 3.2406841702631635e-06
3.811823889 2.365190891497159e-08
3.81317512 2.901191681675289e-07
3.814526351 9.963558019910832e-07
3.815877583 3.1089607249223637e-07
3.817228814 2.330293699026647e-06
3.818580046 4.892804853644514e-06
3.8199312770000002 3.633008544042142e-06
3.821282509 1.9562776908771727e-07
3.82263374 2.585859095595294e-06
3.823984971 4.186983696691508e-07
3.825336203 1.2617065208397794e-06
3.826687434 1.1775826796489212e-06
3.828038666 7.169273016369487e-07
3.829389897 1.3312712123104615e-06
3.830741129 3.3433676738701853e-06
3.8320923600000003 6.3197969615013185e-06
3.833443592 7.990528724489236e-06
3.834794823 1.05726791368737e-05
3.836146054 1.2004680174659014e-05
3.8374972859999996 1.0147333767543244e-05
3.8388485169999997 8.723502369962864e-06
3.840199749 5.7216870083729834e-06
3.84155098 7.655717529197121e-07
3.842902212 1.7775916798106838e-08
3.844253443 3.759597841647685e-07
3.845604674 4.444319918745768e-06
3.8469559060000003 8.048320563832838e-06
3.848307137 9.050936129496494e-06
3.849658369 6.3787480744343925e-06
3.8510096 3.4751035231550174e-06
3.852360832 1.971183191690853e-07
3.853712063 4.282519492320651e-08
3.855063295 5.564080596129008e-06
3.856414526 7.1164398374571595e-06
3.857765757 3.957225629831677e-06
3.859116989 2.0386327401638835e-06
3.86046822 4.8816011029517575e-06
3.861819452 6.52340544521931e-06
3.863170683 5.945754088368537e-06
3.8645219149999996 5.671102932323168e-06
3.8658731459999998 7.319456001448236e-06
3.867224377 8.387507882864055e-06
3.868575609 4.644170038828163e-06
3.86992684 9.29912494071971e-07
3.871278072 2.065360413035979e-06
3.872629303 1.5317898637215968e-06
3.8739805350000003 1.6967220554177483e-07
3.875331766 1e-08
3.876682998 1e-08
3.878034229 1e-08
3.87938546 1e-08
3.880736692 1.3027749232387415e-08
3.882087923 3.1430107046451732e-06
3.883439155 6.493522783790414e-06
3.884790386 7.927020606338297e-06
3.886141618 9.400129140639185e-06
3.887492849 8.595348135128294e-06
3.8888440810000002 5.65560322814007e-06
3.890195312 4.757897234524327e-06
3.891546543 7.401494953690159e-06
3.892897775 6.919517261082751e-06
3.894249006 5.7663517809322686e-06
3.895600238 3.752383676969728e-06
3.8969514690000002 3.755044048498459e-06
3.898302701 2.166310271022637e-06
3.899653932 1.6286027858033561e-06
3.9010051629999998 1.5888211994109547e-07
3.902356395 6.655467867498892e-08
3.903707626 1.3389490720507825e-08
3.905058858 1e-08
3.906410089 1e-08
3.9077613209999997 1e-08
3.909112552 1e-08
3.910463784 4.9370691144369364e-08
3.911815015 1.7025321609849248e-06
3.913166246 5.755764898602319e-06
3.914517478 8.855802951306172e-06
3.9158687089999997 9.721144431702953e-06
3.917219941 5.514802671231194e-06
3.918571172 2.9990051041937515e-06
3.919922404 1.4178344414701138e-06
3.921273635 2.2117374049116307e-06
3.922624866 4.606410192320845e-06
3.9239760980000002 8.263121893964061e-06
3.9253273290000004 7.35586202850599e-06
3.926678561 5.085435938236531e-07
3.928029792 1.2498916967585856e-06
3.929381024 7.0981280989904025e-06
3.9307322549999997 6.25299408581368e-06
3.932083487 3.4421412929678274e-06
3.933434718 3.1677631038143757e-06
3.934785949 2.5974775065891165e-06
3.936137181 1.6033715572094073e-06
3.937488412 5.304766479728141e-07
3.938839644 7.577891212519767e-07
3.940190875 1.8990614635047156e-06
3.941542107 3.280599348633867e-06
3.9428933379999997 4.78202033760743e-06
3.944244569 8.007960131334125e-06
3.945595801 7.796686414776318e-06
3.946947032 5.7253097231366915e-06
3.948298264 4.607123401514249e-06
3.949649495 4.138589831983635e-06
3.9510007270000003 4.2686797228786e-06
3.9523519580000004 7.684293294098212e-06
3.95370319 1.2110063218145722e-05
3.955054421 1.1456058629275487e-05
3.956405652 8.291627708378344e-06
3.9577568839999997 8.570335425033019e-06
3.959108115 6.1431563549121365e-06
3.960459347 4.725318894647861e-06
3.961810578 9.11974153920927e-06
3.96316181 1.1139930881790455e-05
3.964513041 9.247804649100046e-06
3.965864273 4.644206043959807e-06
3.967215504 1.2893752162104544e-06
3.968566735 1.717251038319092e-07
3.9699179669999998 1.8832840947220926e-06
3.971269198 7.626066170215506e-06
3.97262043 1.2338440949787464e-05
3.973971661 1.5162091441400238e-05
3.975322893 1.1987806203526139e-05
3.976674124 1.2403344849181335e-05
3.978025355 1.6422406594999073e-05
3.9793765870000004 2.173896239629925e-05
3.9807278179999996 2.207320704244705e-05
3.98207905 1.8386313574773345e-05
3.983430281 1.617147939738937e-05
3.9847815129999997 1.3380526374951688e-05
3.986132744 7.049202813430811e-06
3.987483976 4.501742348297545e-06
3.988835207 6.100407392966261e-06
3.9901864380000003 9.016139602391494e-06
3.99153767 8.963191572597069e-06
3.9928889009999997 4.252096840083566e-06
3.994240133 2.7581065269910545e-06
3.995591364 2.14337746727211e-06
3.996942596 1.2487385913857849e-06
3.998293827 1.8832063170502405e-06
3.999645058 4.336116834711777e-06
4.00099629 8.397898989139281e-06
4.002347521 1.1486973820042139e-05
4.003698753 1.31400857803314e-05
4.005049984 9.470641535778938e-06
4.006401216 4.581248066969789e-06
4.007752447 1.4479711287302845e-06
4.009103679 4.2481162430545385e-06
4.01045491 5.38115030734406e-06
4.011806141 6.324097416546714e-06
4.013157373 7.144320847683641e-06
4.014508604 5.429185518215197e-06
4.015859836 6.3690981605962305e-06
4.017211067 1.0989635117698396e-05
4.018562299 1.3472489589884604e-05
4.01991353 1.0897242418958645e-05
4.021264761 8.096232692182881e-06
4.022615993 6.453293336888265e-06
4.023967224 4.173709592821548e-06
4.025318456 3.3277831443834857e-06
4.026669687 4.235157230626408e-06
4.028020919 5.869977353888758e-06
4.02937215 6.952855032571124e-06
4.030723382 4.492506406776304e-06
4.032074613 4.589009865821089e-06
4.033425844 6.055584093787168e-06
4.034777076 7.553463733115613e-06
4.036128307 7.300609280339365e-06
4.037479539 5.531096526686911e-06
4.03883077 5.558455857970292e-06
4.040182002 8.411369585174057e-06
4.041533233 1.3766403724797605e-05
4.042884465 1.5309981184548105e-05
4.044235696 1.0951708621564168e-05
4.0455869269999996 5.036071516212837e-06
4.046938159 3.1757812432524937e-06
4.04828939 2.117097726778601e-06
4.049640622 4.569217806008764e-06
4.050991853 3.601135690083025e-06
4.052343085 2.1644790972297374e-06
4.053694316 4.246399810170824e-06
4.055045547 6.3641252772497865e-06
4.056396779 6.351438076519821e-06
4.05774801 5.235366915391009e-06
4.059099241999999 3.9212698531385465e-06
4.0604504729999995 1.9106614111282205e-06
4.061801705 2.624377152702566e-07
4.063152936 4.0552690578613726e-07
4.064504168 1.296990524130755e-08
4.065855399 1e-08
4.06720663 4.4897762387747615e-08
4.0685578620000005 6.212982411144229e-07
4.069909093000001 2.9607011848110962e-06
4.071260325 7.782207271102602e-06
4.072611556 7.774102546176027e-06
4.073962788 1.978250843090439e-06
4.075314019 3.734478690599859e-08
4.07666525 1e-08
4.078016482 1e-08
4.079367713 1e-08
4.080718945 1e-08
4.082070176 1e-08
4.083421408 1e-08
4.084772639 2.117337052108647e-08
4.086123871 2.8636427017122264e-07
4.087475102 5.056787218028771e-06
4.088826333 6.415924535870655e-06
4.090177565 5.829129772252264e-06
4.091528796 4.328696350250797e-06
4.092880028 1.3391339550670635e-06
4.094231259 1.5711773507055584e-06
4.095582491 2.9578586081731977e-07
4.096933722 2.0742582009121738e-06
4.098284953 2.997613859086371e-06
4.0996361850000005 1.9195467496271263e-06
4.100987416 1.365181254302267e-07
4.102338648 1.109192307657785e-07
4.103689878999999 2.8006762781220553e-08
4.105041110999999 2.6703634214991795e-06
4.106392342 5.420667121909755e-06
4.107743574 2.3971127164648075e-06
4.109094805 6.7128593981574e-08
4.110446036 5.236782757136001e-08
4.111797268 1.1296377812975892e-06
4.113148499 4.472944098517307e-06
4.1144997309999995 4.661867135486232e-06
4.115850962000001 2.74690077913917e-06
4.117202194000001 4.4954699879310746e-07
4.118553425 1.19044947611734e-06
4.119904657 2.1802858661064742e-07
4.121255887999999 1e-08
4.122607119 4.40037566002279e-07
4.123958351000001 6.2911849262874e-07
4.125309582 5.010325884248714e-08
4.126660814 1e-08
4.128012045 1.234284125784003e-08
4.129363277 2.392350881994994e-07
4.130714508 1.6469389994532768e-08
4.132065739 1e-08
4.133416971 1e-08
4.134768202 1.8209402201177644e-08
4.136119434 9.370217722408293e-07
4.1374706649999995 2.146878422712837e-06
4.138821897 1.823703559648278e-06
4.140173128000001 8.081523077069908e-08
4.14152436 2.1533885888375113e-08
4.142875591 2.189641008231237e-07
4.144226821999999 1.0982739306485478e-08
4.145578054 1e-08
4.146929285000001 1e-08
4.148280517 3.9565670300614063e-08
4.149631748 3.5792670572188144e-07
4.15098298 1e-08
4.152334211 1e-08
4.153685442 1e-08
4.155036674 1e-08
4.156387905 1e-08
4.157739136999999 1e-08
4.159090368 1e-08
4.1604416 1e-08
4.161792831 1e-08
4.163144063 1e-08
4.164495294 1e-08
4.165846525 1e-08
4.167197757 1e-08
4.1685489879999995 1e-08
4.169900220000001 1e-08
4.171251451 1e-08
4.172602683 1e-08
4.173953914 1e-08
4.1753051459999995 1e-08
4.1766563770000005 1e-08
4.178007608 1e-08
4.17935884 1e-08
4.180710071 1.330208849618331e-07
4.182061303 9.528749492015283e-07
4.183412534 2.0374741042244994e-06
4.184763766 2.2017587592029028e-06
4.186114997 2.144588119893946e-06
4.187466228 2.142388229454057e-06
4.18881746 2.636826770127728e-06
4.190168691 4.0193893607015495e-06
4.1915199229999995 6.1791642154614555e-06
4.1928711540000005 6.0772233221552405e-06
4.194222386000001 2.3388497559587563e-06
4.195573617 5.7468776053903554e-08
4.196924849 2.0277845662592196e-08
4.198276079999999 9.426982123334413e-08
4.199627311 1.0676614707713644e-08
4.200978543 9.005806795577701e-07
4.202329774 7.980492497046356e-06
4.203681006 1.0080378442737881e-05
4.205032237 1.0055471234160147e-05
4.206383469 7.448832355570783e-06
4.2077347 5.841574019344628e-06
4.209085931 6.464048011328605e-06
4.210437163 7.932442941329529e-06
4.211788394 1.0200965072862757e-05
4.213139626 1.1945506241172627e-05
4.2144908569999995 1.0073015832860877e-05
4.215842089 7.007534769498058e-06
4.217193320000001 7.985047179675896e-06
4.218544552 4.569869203563356e-06
4.219895783 2.0130345561411068e-08
4.221247013999999 1.3656684439764295e-07
4.2225982459999996 1.948941074433669e-06
4.223949477 7.210101663256266e-06
4.225300709 8.956405372885132e-06
4.22665194 6.969262312617611e-06
4.228003171999999 3.544604405305417e-06
4.229354403 3.386768973187919e-07
4.2307056339999995 4.4351808017031716e-07
4.232056866 2.0133772691548707e-06
4.233408097000001 3.016250637801345e-06
4.234759329 7.27934709062431e-06
4.23611056 1.2981135071008262e-05
4.237461792 1.685992922032251e-05
4.238813023 1.7337712529964213e-05
4.240164255 1.6752713773537713e-05
4.241515486 1.4385122422098445e-05
4.242866717 9.997857278671609e-06
4.244217949 5.380899057763697e-06
4.24556918 6.0351543992747924e-06
4.246920412000001 8.819630282659294e-06
4.248271643 1.1005165562161542e-05
4.249622875 7.836711746007727e-06
4.250974105999999 1.485466769352345e-06
4.2523253379999995 2.2407237669205e-07
4.2536765690000005 4.653830760819728e-06
4.2550278 4.352077562556512e-06
4.256379032 3.607234356727428e-06
4.257730263 4.759973546292376e-06
4.259081495 1.3722799901437493e-06
4.260432726 1.0198462804933907e-07
4.261783958 1.0559096076555813e-08
4.263135189 1e-08
4.26448642 5.700441037952153e-08
4.265837652 1.1678659129888067e-06
4.267188883 4.044791544824881e-06
4.2685401149999995 4.1280569729638275e-06
4.2698913460000005 2.8468328050265764e-06
4.271242578000001 1.3251867379987942e-06
4.272593809 2.9538259559783107e-07
4.273945041 1.261480068724093e-08
4.275296271999999 1e-08
4.276647503 5.0705189713299535e-08
4.277998735 2.0124025547293675e-06
4.279349966 5.3110480881800085e-06
4.280701198 6.125741230030316e-06
4.282052429 5.073326474120766e-06
4.283403661 2.7986559391071864e-06
4.284754892 8.94210365980104e-07
4.286106123 1.8859896086530743e-08
4.287457355 1e-08
4.288808586 1e-08
4.290159818 1.1183101468888357e-08
4.2915110489999995 3.0598805110575484e-07
4.292862281 4.103153982696686e-08
4.294213512000001 1e-08
4.295564744 1e-08
4.296915975 1e-08
4.298267206 1e-08
4.299618438 1e-08
4.300969669 1e-08
4.302320901 1e-08
4.303672132 1e-08
4.305023363999999 1e-08
4.306374595 1.5840941482033216e-08
4.3077258259999995 1.255201735399638e-06
4.309077058 1.2608029866922526e-06
4.310428289000001 9.452131512086036e-08
4.311779521 1.4511247550429673e-08
4.313130752 3.262688557289794e-07
4.314481984 2.274450825304425e-08
4.315833215 8.507577465357746e-09
4.317184447 7.755608658163682e-09
4.318535678 9.720474784827449e-09
4.319886909 4.888557537886627e-07
4.321238141 3.1266643559355767e-06
4.322589372 5.2860931333163326e-06
4.323940604000001 6.5644149931113965e-06
4.325291835 6.704567994042882e-06
4.326643067 4.944059302340993e-06
4.327994297999999 3.7677012295327516e-06
4.329345529999999 3.8982943164137965e-06
4.3306967610000004 3.454495881400122e-06
4.332047992 1.7938114503522647e-07
4.333399224 1.5291937589030125e-08
4.334750455 5.415865550081924e-07
4.336101687 2.8165987726420274e-08
4.337452918 1e-08
4.33880415 1.3913240897280582e-08
4.340155381 3.2617908716743575e-07
4.341506612 2.7464914322653925e-08
4.342857844 1e-08
4.344209075 1e-08
4.3455603069999995 1e-08
4.3469115380000005 1e-08
4.34826277 2.995185448382107e-08
4.349614001 9.55814247774343e-07
4.350965233 2.4205692820814112e-06
4.352316464 2.5905074287341216e-06
4.353667695 1.2128733911217267e-06
4.355018927 2.9796147559958324e-07
4.356370158 4.272622862441647e-07
4.35772139 1.1161218034331383e-06
4.359072621 2.550937168870613e-06
4.360423853 5.681172267236977e-06
4.361775084 5.710513252383129e-06
4.363126315000001 2.733737147570046e-06
4.364477547000001 2.2218350556060523e-06
4.365828778 1.0377333297578837e-06
4.36718001 3.1080899388392903e-07
4.3685312409999995 2.919037984371687e-06
4.369882473 3.545611113490897e-06
4.371233704 1.920018096589688e-06
4.372584936 4.356720867517391e-08
4.373936167 1e-08
4.375287398 1e-08
4.37663863 1e-08
4.377989861 1.4654380710497163e-07
4.379341093 3.513900687928294e-06
4.380692324 4.336874539491429e-06
4.382043555999999 4.4006028526087825e-06
4.383394787 4.084108227196292e-06
4.3847460179999995 3.309485446121745e-06
4.38609725 2.1199354864109385e-06
4.387448481000001 3.817618361051474e-08
4.388799713 1e-08
4.390150944 1e-08
4.391502176 1e-08
4.392853407 1e-08
4.394204639 1e-08
4.39555587 1e-08
4.396907101 1e-08
4.398258332999999 1e-08
4.399609564 1e-08
4.400960796000001 1e-08
4.402312027 1e-08
4.403663259 1e-08
4.405014489999999 1e-08
4.406365721999999 1e-08
4.407716953 1e-08
4.409068184 1e-08
4.410419416 1e-08
4.411770647 1e-08
4.413121879 1e-08
4.41447311 1e-08
4.415824342 1e-08
4.417175573000001 1e-08
4.418526804 2.5913874915942872e-08
4.419878036 1.9638285328908257e-06
4.421229266999999 2.873440091366199e-08
4.4225804989999995 1e-08
4.4239317300000005 1e-08
4.425282962 1e-08
4.426634193 1e-08
4.427985425 1e-08
4.429336656 1e-08
4.430687887 1e-08
4.432039119 1e-08
4.43339035 1e-08
4.434741582 1e-08
4.436092813 1e-08
4.437444045 1e-08
4.438795276 1e-08
4.440146507000001 1e-08
4.441497739000001 1e-08
4.44284897 1e-08
4.444200202 1e-08
4.445551432999999 1.039744871532097e-07
4.446902665 3.820368264971029e-07
4.448253896 1.108566405896687e-08
4.449605128 1e-08
4.450956359 1e-08
4.45230759 1e-08
4.453658822 1e-08
4.455010053 1e-08
4.456361285 1e-08
4.457712516 1e-08
4.459063747999999 1e-08
4.460414979 1e-08
4.4617662110000005 1e-08
4.463117442 1e-08
4.464468673000001 1e-08
4.465819905 1e-08
4.467171136 1e-08
4.468522368 1e-08
4.469873599 2.2058584818063854e-08
4.471224831000001 1.6460923907505842e-06
4.472576062 1.4980035034264978e-06
4.473927293 1.6530960505343638e-07
4.475278524999999 1e-08
4.476629756 1e-08
4.4779809880000006 1e-08
4.479332219 1e-08
4.480683451 1e-08
4.482034682 1e-08
4.483385914 1e-08
4.484737145 1e-08
4.486088376 1e-08
4.487439608 1e-08
4.488790839 1e-08
4.490142071 1e-08
4.491493302 1e-08
4.492844534 1e-08
4.494195765000001 1e-08
4.495546996 1e-08
4.496898228 1e-08
4.498249458999999 1e-08
4.4996006909999995 1e-08
4.5009519220000005 1e-08
4.502303154 1e-08
4.503654385 1e-08
4.505005617 1e-08
4.506356848 1e-08
4.507708079 1e-08
4.509059311 1e-08
4.510410542 1e-08
4.511761774 1e-08
4.513113005 1e-08
4.514464237 1e-08
4.5158154679999996 1e-08
4.517166699000001 1e-08
4.518517931 3.2308677435349174e-08
4.519869162 4.247300040259223e-06
4.521220394 8.802400988394297e-06
4.522571624999999 5.248452968706127e-06
4.523922857 3.7012835384705554e-06
4.525274088 3.7760104166513917e-06
4.52662532 4.137386551271308e-06
4.527976551 4.8035896449590846e-06
4.529327782 2.8608229200759716e-06
4.530679014 2.17259091522547e-07
4.532030245 1e-08
4.533381477 1e-08
4.534732708 1e-08
4.53608394 1e-08
4.537435171 1e-08
4.5387864030000005 1e-08
4.540137634 1e-08
4.541488865 1e-08
4.542840097 1e-08
4.544191328 1e-08
4.5455425599999995 1e-08
4.5468937910000005 1e-08
4.548245023000001 1e-08
4.549596254 1e-08
4.550947485 2.0416377682902564e-07
4.552298716999999 5.104560012781915e-06
4.553649948 4.943116698064181e-06
4.5550011800000005 2.1572395723529597e-06
4.556352411 7.669809459240744e-06
4.557703643 1.3973848551558043e-05
4.559054874 2.4912967635426492e-05
4.560406106 5.154714269939483e-05
4.561757337 8.547295899050381e-05
4.563108568 0.00012962499742403085
4.5644598 0.00019152503856014643
4.565811031 0.0002757188512799544
4.567162263 0.00037705712365933926
4.568513493999999 0.0005036702949912083
4.569864726 0.0006568307905499665
4.571215957000001 0.0008385272326624267
4.572567188 0.0010618464549140376
4.57391842 0.00133410509972596
4.575269650999999 0.0016289403551450357
4.5766208829999995 0.0019464191311902503
4.5779721140000005 0.002275862495376786
4.579323346 0.0025248148703631507
4.580674577 0.0027201830108373377
4.582025809 0.002847806369958114
4.58337704 0.002839189595921104
4.584728271 0.002793410574895152
4.586079503 0.002714804582461473
4.587430734 0.00264733921240824
4.588781966 0.002608703951404232
4.590133197 0.0025969887375948074
4.591484429 0.002653215414396775
4.5928356599999995 0.0027488592818273954
4.5941868910000005 0.0028870078605083556
4.595538123 0.00309954209621691
4.596889354 0.003356973564819801
4.598240586 0.0036686442600032828
4.599591817 0.004082328455643887
4.6009430490000005 0.004580508569147989
4.60229428 0.0051854425371243495
4.603645512 0.005960052502789545
4.604996743 0.006906535571220615
4.606347974 0.008077347153196955
4.607699206 0.009588983358381261
4.609050437 0.011467061129320546
4.610401669 0.01383175482321916
4.611752900000001 0.016917620248556003
4.613104132 0.02084896977867983
4.614455363 0.025943160040449085
4.6158065950000005 0.03273551961694602
4.617157826 0.04162688639718327
4.618509057 0.05348936384242289
4.619860289 0.0694833697724852
4.62121152 0.09062891532831385
4.622562751999999 0.1186920101584665
4.6239139830000004 0.15466273983897533
4.625265215000001 0.20010176425579476
4.626616446 0.25465848730871443
4.627967677 0.3155839110782023
4.629318908999999 0.38422676986115867
4.63067014 0.45152016354951646
4.6320213720000005 0.5146952003643585
4.633372603 0.5753481273191831
4.634723835 0.6189832925694293
4.636075066 0.652222795669329
4.637426298 0.6765000155861413
4.638777529 0.6850326123355966
4.64012876 0.6890178990682715
4.641479992 0.688760505859953
4.642831223 0.6868470848240255
4.644182455 0.6860456499454541
4.645533685999999 0.686581584506044
4.646884918 0.690298088666973
4.648236149000001 0.6952768302782265
4.64958738 0.7018521114980139
4.650938612 0.708712103455633
4.652289842999999 0.7151289515066712
4.6536410749999995 0.7202485114975847
4.6549923060000005 0.7229658759745087
4.656343538 0.7241491233644695
4.657694769 0.7224234226452669
4.659046001 0.7190266645529719
4.660397232 0.7146869482896113
4.661748463 0.7098062083698771
4.663099695 0.7056444457048652
4.664450926000001 0.7020703418810048
4.665802158 0.7006827596731138
4.667153389 0.6995475388041928
4.668504621 0.6987118525883328
4.6698558519999995 0.6938435329832155
4.6712070830000005 0.6846452889470495
4.672558315 0.6681329560550338
4.673909546 0.6379908375875872
4.675260778 0.6009620747892818
4.676612009 0.5500312633934135
4.6779632410000005 0.4898472578370493
4.679314472 0.42873271496714715
4.680665704 0.36072621564747614
4.682016935 0.2974634986085894
4.683368166 0.24089925626813777
4.684719398 0.1892698600873603
4.686070629 0.14743887036254047
4.687421861 0.11349700574491836
4.688773092 0.08684432498079167
4.690124324 0.06644783431852955
4.691475555 0.05100317322494675
4.6928267869999996 0.03947173715484474
4.694178018 0.030719877874356257
4.695529249 0.024228584947945726
4.696880481 0.019279704883738587
4.698231712 0.015455687454667917
4.699582943999999 0.012571766800220303
4.700934175 0.01028696467120768
4.702285407000001 0.008487398579525293
4.703636638 0.00707854559388203
4.704987869 0.005934450386258362
4.706339100999999 0.005018510256510599
4.707690332 0.004274221653953262
4.7090415640000005 0.003657340100371094
4.710392795 0.003164448184799702
4.711744027 0.0027488098993952896
4.713095258 0.0023974075932059148
4.71444649 0.0020980272824157984
4.7157977209999995 0.0018400339174757907
4.717148952 0.0016198663972000068
4.718500184000001 0.0014292277274379817
4.719851415 0.0012624032603669834
4.721202647 0.0011165551127693596
4.722553877999999 0.0009909269397307416
4.72390511 0.0008818102397106109
4.725256341000001 0.0007883637293609917
4.726607572 0.0007081433178270273
4.727958804 0.0006407849902557457
4.729310035 0.0005902448848876665
4.730661267 0.000548033695471741
4.7320124980000005 0.0005150950340760491
4.73336373 0.0004876447943186976
4.734714961 0.00046411898530576126
4.736066193 0.00044563416301587417
4.737417424 0.000425656531629345
4.738768654999999 0.0004028318843229068
4.740119887 0.00037627303356417807
4.741471118000001 0.0003504918277920033
4.74282235 0.00032730014751679895
4.744173581 0.00030721815150757043
4.745524813 0.0002894962085500811
4.7468760439999995 0.0002761973954599491
4.748227276 0.0002626241034613412
4.749578507 0.0002480171096518055
4.750929738 0.00022384572758621157
4.75228097 0.00019777896263309565
4.753632201 0.00016757840535067055
4.7549834330000005 0.00014362754790010865
4.756334664 0.00012455713119057494
4.757685896 0.00011147504796623423
4.759037127 0.00010048245451966071
4.760388358 9.13019460809604e-05
4.76173959 8.225514394321822e-05
4.763090821 7.340961956717678e-05
4.764442053 6.0830300184750204e-05
4.765793284 4.810359881932967e-05
4.767144516 3.5632030972568335e-05
4.768495747 1.926543326667044e-05
4.7698469789999995 8.504438785942424e-06
4.77119821 1.8677941076727058e-06
4.772549441 1.5359743353043308e-07
4.773900673 1.0756011607068102e-08
4.775251904 1e-08
4.776603135999999 1e-08
4.777954367 1e-08
4.779305599000001 8.3123471873676e-08
4.78065683 4.201026654795046e-06
4.782008061000001 6.442750705137486e-06
4.783359293 1.0274991859909267e-05
4.784710524 1.0506845620182408e-05
4.7860617560000005 1.2317792148238513e-05
4.787412987 1.4751618907919126e-05
4.788764219 1.7788742960698683e-05
4.79011545 2.0525860582927065e-05
4.791466682 2.443147323022294e-05
4.7928179129999995 2.6162832493957198e-05
4.7941691440000005 2.5392504243531654e-05
4.795520376000001 2.2556390567519616e-05
4.796871607 2.1859591217440603e-05
4.798222839 2.330831075792711e-05
4.799574069999999 2.5591261702647196e-05
4.800925302 2.664553816274164e-05
4.802276533000001 2.410843312647824e-05
4.803627764 1.755356786758775e-05
4.804978996 1.3388168069335316e-05
4.806330227 7.050916664828032e-06
4.807681459 5.389249788947734e-06
4.80903269 2.7185983520179855e-06
4.810383922 9.67660739917684e-07
4.811735153 5.434892479228693e-07
4.813086384999999 2.4079320018414847e-06
4.814437616 6.553954928109067e-06
4.815788846999999 8.450456743639828e-06
4.817140079 7.873423363192904e-06
4.818491310000001 6.586420168131672e-06
4.819842542 5.531400036082671e-06
4.821193773 5.684581371257822e-06
4.822545005 5.605758401720479e-06
4.8238962359999995 2.0482517192654956e-07
4.825247468 1e-08
4.826598699 1e-08
4.82794993 1e-08
4.829301162 1e-08
4.830652393 1e-08
4.8320036250000005 1e-08
4.833354856 1e-08
4.834706088 1e-08
4.836057318999999 1e-08
4.83740855 1e-08
4.838759782 1e-08
4.840111013 1e-08
4.841462245 1e-08
4.842813476 1e-08
4.844164708 1e-08
4.845515939 1e-08
4.8468671709999995 1e-08
4.8482184020000005 1e-08
4.849569633 1e-08
4.850920865 1e-08
4.852272096 1e-08
4.853623327999999 1e-08
4.854974559 1e-08
4.856325791000001 1e-08
4.857677022 1e-08
4.859028253 1e-08
4.860379485 1e-08
4.861730716 1e-08
4.863081948 1e-08
4.864433179 4.589426730689979e-08
4.865784411 1.6792345194938726e-06
4.867135642 1.0383579120815867e-06
4.868486874 2.8316641813807324e-07
4.8698381049999995 1.884796964505586e-08
4.8711893360000005 1e-08
4.872540568000001 1e-08
4.873891799 1e-08
4.875243031 1e-08
4.876594261999999 1e-08
4.8779454939999995 1e-08
4.879296725000001 1e-08
4.880647956 1e-08
4.881999188 1e-08
4.883350419 1e-08
4.884701651 1e-08
4.8860528819999995 1e-08
4.887404114 1e-08
4.888755345 1e-08
4.890106576999999 1e-08
4.891457808 1e-08
4.892809038999999 1e-08
4.894160271 1e-08
4.895511502000001 1e-08
4.896862734 1e-08
4.898213965 1e-08
4.899565197 1e-08
4.900916428 1e-08
4.902267660000001 1e-08
4.903618891 1e-08
4.904970122 1.0082681479752913e-08
4.906321354 5.21615698631153e-08
4.907672585 4.715773373442401e-07
4.9090238170000005 2.9667999821912082e-06
4.910375048 9.969092509738147e-06
4.91172628 1.45578377818317e-05
4.913077511 1.5056925565689317e-05
4.914428742 1.4523194904589202e-05
4.915779974 1.3677714977982031e-05
4.917131205 1.2981181302539117e-05
4.918482437 1.3375566144044947e-05
4.919833668 9.285431708960777e-06
4.9211849 4.520501043971495e-06
4.922536131 1.4830923591537867e-07
4.9238873629999995 1e-08
4.9252385940000005 1e-08
4.926589825 2.7283774635977465e-08
4.927941057 8.594500810962351e-07
4.929292288 1.99862268569486e-06
4.930643519999999 1.7122610032653824e-06
4.931994751 5.1406230442556614e-08
4.933345983000001 1e-08
4.934697214 1e-08
4.936048445 1e-08
4.937399677 1e-08
4.938750908 1e-08
4.94010214 1e-08
4.941453371 1e-08
4.942804603 1e-08
4.944155834 1e-08
4.945507066 1e-08
4.9468582969999995 1e-08
4.9482095280000005 1e-08
4.949560760000001 1e-08
4.950911991 1e-08
4.952263223 1e-08
4.953614453999999 1e-08
4.9549656859999995 1e-08
4.9563169170000005 1e-08
4.957668148 1e-08
4.95901938 1e-08
4.960370611 1e-08
4.961721843 1e-08
4.9630730739999995 1e-08
4.964424306 1e-08
4.965775537000001 1e-08
4.967126769 1e-08
4.968478 1e-08
4.969829230999999 1e-08
4.971180463 1e-08
4.972531694000001 1e-08
4.973882926 1e-08
4.975234157 1e-08
4.976585389 1e-08
4.97793662 1e-08
4.979287852000001 1e-08
4.980639083 1e-08
4.981990314 1e-08
4.983341545999999 1e-08
4.984692777 1e-08
4.986044009 2.4425267489082704e-08
4.98739524 2.1964466709103613e-07
4.988746472 3.6106188060427886e-08
4.990097703 1e-08
4.991448934 1e-08
4.992800166 1e-08
4.9941513969999995 1e-08
4.995502629 1e-08
4.99685386 1e-08
4.998205092 1e-08
4.999556323 1e-08
5.0009075549999995 1e-08
5.0022587860000005 1e-08
5.003610017 1e-08
5.004961249 1e-08
5.006312479999999 1e-08
5.007663711999999 1e-08
5.009014943 1e-08
5.010366175 1e-08
5.011717406 1e-08
5.013068637 1e-08
5.014419869 1e-08
5.0157711 1e-08
5.017122332 1e-08
5.018473563 1e-08
5.019824795000001 1e-08
5.021176026 1e-08
5.022527258 1e-08
5.0238784889999994 1e-08
5.0252297200000005 1e-08
5.026580952000001 1e-08
5.027932183 1e-08
5.029283415 1e-08
5.030634646 1e-08
5.031985878 1e-08
5.033337109 1e-08
5.034688341 1e-08
5.036039572 1e-08
5.037390803 1e-08
5.038742035 1e-08
5.0400932659999995 1e-08
5.041444498 1e-08
5.042795729000001 1e-08
5.044146961 1e-08
5.045498192 1e-08
5.046849422999999 1e-08
5.048200655 1e-08
5.049551886000001 1e-08
5.050903118 1e-08
5.052254349 1e-08
5.053605581 1.8633403636097323e-08
5.054956812 5.722098151162163e-07
5.056308044000001 3.4361424876865965e-06
5.057659275 2.8588848567730124e-06
5.059010506 2.2686688501618002e-07
5.060361737999999 1.2314251266285906e-08
5.061712969 1e-08
5.063064201 1e-08
5.064415432 1e-08
5.065766664 1e-08
5.067117895 1e-08
5.068469126 1e-08
5.069820358 1e-08
5.0711715889999995 1e-08
5.072522821 1e-08
5.073874052 1e-08
5.075225284 1e-08
5.076576515 1e-08
5.0779277469999995 1e-08
5.0792789780000005 1e-08
5.080630209 1e-08
5.081981441 1e-08
5.083332671999999 1e-08
5.084683904 1e-08
5.086035135 1e-08
5.087386367 1e-08
5.088737598 1e-08
5.090088829 1e-08
5.091440061 1e-08
5.092791292 1e-08
5.094142524 1e-08
5.095493755000001 1e-08
5.096844987000001 1e-08
5.098196218 1e-08
5.09954745 1e-08
5.100898680999999 1e-08
5.102249912 1e-08
5.103601144000001 1e-08
5.104952375 1e-08
5.106303607 3.392345899629127e-08
5.107654838 6.50593829383424e-07
5.10900607 1.9040878518578995e-06
5.110357301 3.3611817213474336e-06
5.111708533 4.343649920968487e-06
5.113059764 4.0188220609641974e-06
5.114410995 8.319244320940252e-08
5.115762227 1e-08
5.1171134579999995 1e-08
5.11846469 1e-08
5.119815921000001 1e-08
5.121167153 1e-08
5.122518384 1e-08
5.123869614999999 1e-08
5.125220847 1e-08
5.126572078000001 1e-08
5.12792331 1e-08
5.129274541 1e-08
5.130625772999999 1e-08
5.131977004 1e-08
5.1333282360000005 1e-08
5.134679467 1e-08
5.136030698 1e-08
5.137381929999999 1e-08
5.138733161 1e-08
5.140084393 1e-08
5.141435624 1e-08
5.142786856 1e-08
5.144138087 1e-08
5.145489318 1e-08
5.14684055 1e-08
5.148191781 1e-08
5.149543013000001 1e-08
5.150894244 1e-08
5.152245476 6.612130550215261e-08
5.153596706999999 1.5820481816064375e-06
5.1549479389999995 3.5762518089884676e-06
5.1562991700000005 7.339887191015786e-06
5.157650401 8.246468086581865e-06
5.159001633 8.595867257024121e-06
5.160352864 6.4982516250335445e-06
5.161704096 4.8332604066017454e-06
5.163055327 3.4528132410498808e-06
5.164406559 2.7904968882626145e-06
5.16575779 2.7418078278956364e-06
5.167109021 5.036579196922788e-07
5.168460253 2.144330845123633e-08
5.169811484 1e-08
5.1711627159999995 1e-08
5.172513947000001 1e-08
5.173865179000001 1e-08
5.17521641 1e-08
5.176567642 1e-08
5.177918872999999 1e-08
5.179270104 1e-08
5.180621336 1e-08
5.181972567 1e-08
5.183323799 1e-08
5.18467503 1e-08
5.186026262 1e-08
5.187377493 1e-08
5.188728725 1e-08
5.190079956 1e-08
5.191431187 1e-08
5.192782419 1e-08
5.1941336499999995 1e-08
5.195484882 1e-08
5.196836113000001 1e-08
5.198187345 1e-08
5.199538576 1e-08
5.200889806999999 1e-08
5.202241039 1e-08
5.20359227 1e-08
5.204943502 1e-08
5.206294733 1e-08
5.207645964999999 1e-08
5.208997196 1e-08
5.2103484280000005 1e-08
5.211699659 1e-08
5.213050890000001 1e-08
5.214402122 1e-08
5.215753353 1e-08
5.217104585 1e-08
5.218455816 1e-08
5.219807048 1e-08
5.221158279 1e-08
5.22250951 1e-08
5.223860742 1e-08
5.225211973 1e-08
5.226563205000001 1e-08
5.227914436 1e-08
5.229265668 1e-08
5.230616898999999 1e-08
5.2319681309999995 1e-08
5.2333193620000005 1e-08
5.234670593 1e-08
5.236021825 1e-08
5.237373056 1.3281832643794296e-08
5.238724288 5.530299092952633e-08
5.240075519 8.360906959227412e-08
5.241426751 1.7153364282181574e-08
5.242777982 1e-08
5.244129213 1e-08
5.245480445 1e-08
5.246831676 1e-08
5.2481829079999995 1e-08
5.2495341390000005 1e-08
5.250885371000001 2.9327075721842076e-08
5.252236602 8.390717913660176e-07
5.253587834 2.7014058992411634e-06
5.254939064999999 1.3357302098741837e-06
5.256290296 1.861452964485837e-07
5.257641528 1.6639481265141005e-08
5.258992759 1e-08
5.260343991 1e-08
5.261695222 6.84499032558243e-08
5.263046454 2.3936316048388562e-06
5.264397685 9.590180137505123e-06
5.265748917 1.2838994536944948e-05
5.267100148000001 1.1593773024357156e-05
5.268451379 9.663007420516572e-06
5.269802611 7.663211885938949e-06
5.2711538419999995 8.922835897412716e-06
5.272505074 1.0241852806838404e-05
5.273856305000001 1.1560969480132395e-05
5.275207537 1.207462342305745e-05
5.276558768 1.227966697928318e-05
5.277909999 1.236180001308081e-05
5.279261231 1.2973725992851759e-05
5.280612462 1.3073190553823815e-05
5.281963694 1.3227512862916334e-05
5.283314925 1.1791898008957628e-05
5.284666156999999 1.1564802432821253e-05
5.286017388 1.2123059098987777e-05
5.2873686200000005 1.2817111693309635e-05
5.288719851 1.359242753647695e-05
5.290071082000001 1.4548313511775531e-05
5.291422314 1.2801055137810303e-05
5.292773545 1.0705709598978208e-05
5.294124777 8.019051620907036e-06
5.295476008 5.9793755248435445e-06
5.29682724 6.421746455975251e-06
5.298178471 8.078917921712064e-06
5.299529702 9.536463848137862e-06
5.300880933999999 1.1147086126089725e-05
5.302232165 9.501576361092309e-06
5.303583397000001 7.938965139773092e-06
5.304934628 4.9764587220966826e-06
5.30628586 3.932679226568108e-06
5.307637090999999 2.57460437447545e-07
5.3089883229999995 1.4294228646032784e-08
5.3103395540000005 1e-08
5.311690785 1e-08
5.313042017 1e-08
5.314393248 1e-08
5.31574448 1e-08
5.317095711 1e-08
5.318446943 1e-08
5.319798174 1e-08
5.321149405 1e-08
5.322500637 1e-08
5.323851867999999 1e-08
5.3252030999999995 1e-08
5.3265543310000005 2.155334297447217e-08
5.327905563 1.53094536762521e-07
5.329256794 4.0262067636191077e-07
5.330608026 5.067296934798941e-07
5.331959257 1.2750361399681339e-07
5.333310488 1.644144112369413e-08
5.33466172 1e-08
5.336012951 1e-08
5.337364183 1e-08
5.338715414 1e-08
5.340066646 1e-08
5.341417877 1e-08
5.342769109 1.794078906034822e-08
5.344120340000001 1.5646250411381795e-07
5.345471571 2.2661257913407057e-07
5.346822803 2.132458656735846e-07
5.3481740339999995 3.624566730932079e-07
5.349525266 2.7610527588793655e-08
5.350876497 1e-08
5.352227729 1e-08
5.35357896 1.2067872714576537e-08
5.354930191 3.2716127889539354e-08
5.356281423 1.477224006989917e-07
5.357632654 1.0694035299856464e-06
5.358983886 5.34886177434425e-06
5.360335117 5.9879688662475695e-06
5.361686348999999 6.487975936837472e-06
5.36303758 5.933022789549202e-06
5.3643888120000005 4.769657495549398e-06
5.365740043 1.3347604544759087e-06
5.367091274000001 3.568857002537775e-07
5.368442506 4.093734851942747e-08
5.369793737 1.0024141339770238e-08
5.371144969 3.2293901307624806e-08
5.3724962 2.047462643631315e-07
5.373847432 6.90703905535892e-07
5.375198663 2.2448040707213665e-06
5.376549894 1.746304581349785e-06
5.377901125999999 1.5313834897830023e-06
5.379252357 1.968189778647181e-07
5.380603589000001 1.6462641313407032e-08
5.38195482 1e-08
5.383306052 1e-08
5.384657282999999 1e-08
5.386008515 1e-08
5.3873597460000004 1e-08
5.388710977 1e-08
5.390062209 1e-08
5.39141344 1e-08
5.392764672 1e-08
5.394115903 1e-08
5.395467135 1e-08
5.396818366000001 1e-08
5.398169598000001 1e-08
5.399520829 1e-08
5.400872059999999 1e-08
5.4022232919999995 1e-08
5.4035745230000005 1e-08
5.404925755 1e-08
5.406276986 1e-08
5.407628218 1e-08
5.408979449 1e-08
5.41033068 1e-08
5.411681912 1e-08
5.413033143 1e-08
5.414384375 1e-08
5.415735606 1e-08
5.417086838 1e-08
5.418438069 1e-08
5.419789301 1e-08
5.421140532000001 1e-08
5.422491763 1e-08
5.423842995 1e-08
5.4251942259999995 1e-08
5.426545458 1e-08
5.427896689 1e-08
5.429247921 1.495149941195735e-08
5.430599152 1.7261341434890518e-07
5.431950383 1.6398733188383963e-06
5.433301615 1.0081031261705774e-06
5.434652846 1.4975320701260007e-06
5.436004078 1.650703612165142e-06
5.437355309 2.4517532250017576e-06
5.438706540999999 1.201912052183842e-07
5.440057772 1.164087241762804e-08
5.4414090040000005 1e-08
5.442760235 1e-08
5.444111466000001 4.33549799007021e-08
5.445462698 8.719846815119499e-07
5.446813929 2.5205420502419873e-06
5.4481651609999995 2.2897393893171507e-06
5.4495163920000005 4.524470650786038e-07
5.450867624000001 1.4297407901779806e-07
5.452218855 1.9273040622760985e-07
5.453570086 2.4549723027176813e-08
5.454921317999999 1e-08
5.456272549 1e-08
5.457623781000001 1e-08
5.458975012 1e-08
5.460326244 1e-08
5.461677475 1e-08
5.463028707 1e-08
5.464379938 1e-08
5.465731169 1e-08
5.467082401 1e-08
5.468433632 1e-08
5.469784864 1e-08
5.471136094999999 1e-08
5.472487327 1e-08
5.473838558000001 1e-08
5.47518979 1e-08
5.476541021 1e-08
5.477892251999999 1e-08
5.4792434839999995 1e-08
5.4805947150000005 1e-08
5.481945947 1e-08
5.483297178 1e-08
5.48464841 1e-08
5.485999641 1e-08
5.487350872 1e-08
5.488702104 1e-08
5.490053335 1e-08
5.491404567 1e-08
5.492755798 1e-08
5.49410703 1e-08
5.495458261 1e-08
5.496809493 1e-08
5.498160724 1e-08
5.499511955 1e-08
5.500863187 1e-08
5.502214417999999 1e-08
5.50356565 1e-08
5.504916881 1e-08
5.506268113 1e-08
5.507619344 1e-08
5.508970575 1e-08
5.510321807 2.012547924225332e-08
5.511673038 1.9455064402235218e-07
5.51302427 1.153249681042132e-06
5.514375501000001 1.8236152028275443e-06
5.515726733 4.165678712040584e-06
5.517077964 3.7214935125966344e-06
5.5184291960000005 4.467353613150534e-06
5.519780427 4.289623973256591e-06
5.521131658 4.119060935967454e-06
5.52248289 4.321735672616508e-06
5.523834121 4.608837601373702e-06
5.5251853529999995 3.890671353324325e-06
5.5265365840000005 2.9242733509359284e-06
5.527887816000001 5.888087987221887e-07
5.529239047 2.999504276527353e-07
5.530590278 2.0782611474306716e-06
5.531941509999999 2.049146350034768e-06
5.533292741 1.4156172065071817e-06
5.5346439730000005 1.365191657102269e-07
5.535995204 7.463471095082188e-07
5.537346436 1.6170962700478823e-06
5.538697667 3.1192697640012955e-06
5.540048899 4.267727605964166e-06
5.54140013 5.19950432084797e-06
5.542751361 6.0778974979003405e-06
5.544102593 6.874499968390083e-06
5.545453824 6.987282617272756e-06
5.546805056 5.891114881757473e-06
5.548156286999999 2.9202788554595263e-06
5.549507519 1.1018368286345715e-07
5.550858750000001 1.0350489583513603e-08
5.552209982 5.9066480652066876e-08
5.553561213 9.023752692204638e-07
5.554912443999999 2.0288526288674272e-06
5.5562636759999995 2.695754595717209e-06
5.5576149070000005 3.6179955645926765e-06
5.558966139 4.686365361863277e-06
5.56031737 5.318455933269328e-06
5.561668602 3.6486263288071173e-06
5.563019833 2.2602340036951644e-06
5.564371064 7.684304603126502e-07
5.565722296 2.8375660083256567e-07
5.567073527 4.729273038002644e-08
5.568424759000001 1.2315668884984733e-08
5.56977599 1e-08
5.571127222 1e-08
5.5724784529999996 1.7019178730979758e-08
5.573829685 9.888616285907792e-08
5.575180916 2.3484752771295233e-07
5.576532147 2.3767580716988448e-07
5.577883379 2.71139473389456e-06
5.57923461 5.225235084592623e-06
5.5805858420000005 1.0102097140326627e-05
5.581937073 1.0138588023257675e-05
5.583288305 9.512565963451441e-06
5.584639536 6.164147346934286e-06
5.585990767 3.3804106584193145e-06
5.587341999 7.195439001774069e-07
5.58869323 4.399587204694349e-08
5.590044462 1e-08
5.591395693000001 1e-08
5.592746925 1e-08
5.594098156 1e-08
5.595449388 1e-08
5.596800619 1e-08
5.59815185 1e-08
5.599503082 1e-08
5.600854313 1e-08
5.6022055449999995 1.3546338861120266e-08
5.6035567760000005 1.457287544438106e-07
5.604908008000001 2.8135201633027535e-06
