microns transmission
1.387783353 1.4562877673699773e-08
1.389391445 5.053474230494429e-06
1.390999537 6.603341953592356e-06
1.392607629 7.297036526818888e-06
1.3942157210000001 1.7057567350183926e-05
1.395823813 2.7083938109560774e-06
1.397431905 3.445322775203093e-06
1.399039997 2.327412532236113e-07
1.400648089 1.1672900750596694e-07
1.402256181 4.0890120521935464e-06
1.403864273 5.976100991637955e-06
1.405472365 9.481435161287316e-06
1.407080457 1.888018586243317e-05
1.408688549 2.2148022755708002e-05
1.410296641 1.0463809016839565e-05
1.411904732 1.1628770539445805e-05
1.413512824 1.3422617197349389e-05
1.415120916 9.300669099940481e-06
1.4167290080000001 1.068853404229345e-08
1.4183371 4.570984826601331e-07
1.419945192 9.159747252672927e-06
1.421553284 9.885795981843901e-06
1.423161376 1.1049235130459662e-05
1.424769468 3.906499136536982e-06
1.42637756 5.120074194548555e-06
1.427985652 3.979762817087323e-06
1.429593744 4.444654460115323e-06
1.431201836 3.7659780618153907e-06
1.432809928 6.709998848003409e-06
1.43441802 1.2533610510532931e-05
1.436026112 1.329215395797944e-05
1.4376342039999999 5.072671691289066e-06
1.439242296 2.435915880999157e-07
1.440850388 1e-08
1.44245848 1.4245845009606474e-07
1.444066571 9.51809185352856e-06
1.445674663 2.4534328332513307e-05
1.447282755 1.1076494619145316e-05
1.448890847 8.795559451620099e-06
1.450498939 5.973264885080291e-06
1.452107031 6.943153723656444e-06
1.453715123 1.3915062450228103e-05
1.455323215 1.4464474691950133e-05
1.456931307 1.1051884206309997e-05
1.458539399 1.4036759774667899e-05
1.4601474909999999 1.8398812306548386e-05
1.461755583 1.6405630933022587e-05
1.463363675 5.5551873193440496e-06
1.464971767 1.8647350418337573e-06
1.4665798589999999 2.190944300873028e-06
1.4681879510000002 2.7886289279794745e-06
1.469796043 3.945943570846998e-06
1.471404135 3.3405899603460323e-06
1.473012227 5.281640019483046e-06
1.474620319 5.697088858430032e-06
1.47622841 1.1558453516802913e-05
1.4778365020000002 1.1410031939103918e-05
1.479444594 9.405539721021599e-06
1.481052686 3.915510176316123e-06
1.4826607779999998 1.8191071128764536e-06
1.4842688700000002 6.53255400276364e-06
1.485876962 3.6052443334503183e-06
1.487485054 4.923339320201115e-06
1.4890931459999999 5.176456803165261e-06
1.4907012380000002 9.84229415165896e-07
1.49230933 9.54148144601394e-07
1.493917422 2.6852762598435354e-06
1.495525514 4.850489604677214e-06
1.497133606 6.434188472676894e-06
1.4987416980000001 3.5548681435320805e-06
1.50034979 3.755074528431031e-06
1.501957882 1.8322075994676917e-06
1.503565974 2.516766088682237e-06
1.5051740660000001 3.7958267589704232e-06
1.506782158 4.994743596574018e-06
1.508390249 1.3573000549292567e-05
1.509998341 1.8540366074337292e-05
1.5116064329999999 5.4411668132916295e-06
1.5132145250000002 4.309080187053483e-06
1.514822617 7.638017763990535e-06
1.516430709 7.823731875258783e-06
1.5180388009999999 1.0148697707115854e-05
1.519646893 8.384436497546171e-06
1.5212549850000001 1.235866793132944e-05
1.522863077 1.6483474413579593e-05
1.524471169 7.742428166902168e-06
1.526079261 6.3809749982143185e-06
1.5276873530000001 2.865175039785469e-06
1.529295445 4.586775567980404e-06
1.530903537 8.448059617064992e-06
1.532511629 8.290580626533351e-06
1.534119721 7.938866690047439e-06
1.535727813 5.454747128832816e-06
1.537335905 2.8868177141017614e-06
1.538943997 6.330476619737745e-06
1.5405520879999999 2.483171699143914e-06
1.54216018 5.129694658799132e-06
1.543768272 6.072281032955935e-06
1.545376364 8.099154067689453e-06
1.546984456 1.2945810322001679e-05
1.548592548 1.4466432031786379e-05
1.5502006400000001 1.063532459028688e-05
1.551808732 9.846423772694238e-06
1.553416824 4.893494461284339e-07
1.555024916 1.6372227658729228e-06
1.556633008 4.759836316821793e-08
1.5582411 1e-08
1.559849192 8.740610088897576e-08
1.561457284 6.985990770090215e-06
1.563065376 1.3522834301663844e-05
1.564673468 2.5230065917696825e-05
1.56628156 1.3189513303420223e-05
1.567889652 9.810160442655947e-06
1.569497744 1.1450151319716698e-05
1.5711058359999999 1.5735898100064553e-05
1.5727139270000001 2.1416901023002885e-05
1.574322019 1.963109822518173e-05
1.575930111 1.4469605652816104e-05
1.577538203 1.558453951088342e-05
1.579146295 1.18441214608108e-05
1.580754387 1.0316273936865561e-05
1.582362479 1.0067703658729371e-05
1.583970571 3.641795910591399e-06
1.585578663 7.120582729336823e-06
1.5871867549999998 4.98517526539185e-06
1.588794847 1.559474978516624e-06
1.590402939 1.9787037736207433e-06
1.592011031 8.970472131187868e-06
1.5936191229999999 8.434230558381126e-06
1.595227215 1.2434936805746551e-05
1.596835307 3.5966887666801144e-06
1.598443399 2.531516592085276e-06
1.6000514909999999 5.173983852672896e-06
1.6016595830000002 8.692438099277068e-06
1.6032676750000001 1.2730461210701076e-05
1.604875767 1.5698165719567546e-05
1.606483858 1.6193237401731132e-05
1.60809195 1.7752776402383125e-05
1.6097000419999998 1.7545160757555338e-05
1.6113081340000002 9.313536941344616e-06
1.612916226 5.655901900302825e-06
1.614524318 1.0857888801483713e-06
1.6161324099999999 1.432982566597765e-06
1.6177405020000002 6.9804729610163215e-06
1.619348594 1.514133014712012e-05
1.620956686 1.2373660802370193e-05
1.6225647779999999 1.325648100683437e-05
1.6241728700000002 7.272215434066821e-06
1.625780962 3.077971300902129e-06
1.627389054 8.730977008886721e-06
1.628997146 3.3787300053937414e-06
1.630605238 3.056785397396852e-06
1.6322133300000001 2.831582744029739e-06
1.633821422 3.1506848723365642e-06
1.635429514 6.033674135929554e-06
1.637037606 3.5601799271858805e-06
1.6386456969999998 2.1456902851031516e-07
1.6402537890000002 3.054671197875386e-06
1.641861881 7.291169376673808e-06
1.643469973 3.356940061782306e-06
1.6450780649999999 2.894606492511188e-07
1.646686157 5.066193933011599e-08
1.648294249 2.4352198779963047e-06
1.649902341 6.177691751463235e-06
1.6515104329999999 1.0299174688645892e-05
1.653118525 1.2045328930934457e-05
1.6547266170000001 1.4593662913925958e-05
1.656334709 1.8468948491043075e-05
1.657942801 1.7827881020118066e-05
1.659550893 1.0561807467313315e-05
1.661158985 9.079309343546317e-06
1.662767077 4.836039452852903e-06
1.664375169 2.8338911629562252e-06
1.665983261 4.779498725162267e-06
1.667591353 3.746048595754193e-06
1.669199445 5.341046881529474e-06
1.670807536 4.121189108868193e-06
1.672415628 1.6332851477543812e-06
1.6740237199999999 8.954518894441539e-07
1.675631812 4.671551103209083e-06
1.6772399040000001 4.39640262082745e-07
1.678847996 1.6250621508467195e-07
1.680456088 3.591679847687805e-07
1.68206418 1.0859443482808613e-08
1.683672272 1e-08
1.685280364 8.626871083349058e-08
1.686888456 1.965876066481936e-06
1.688496548 2.3237070002446988e-06
1.69010464 3.646541412937281e-06
1.691712732 7.770171419433913e-06
1.693320824 1.0235142159327976e-05
1.694928916 7.205473909215406e-06
1.696537008 5.1132010977634745e-06
1.6981450999999999 2.4097958373202914e-06
1.699753192 2.206784495408504e-06
1.701361284 3.5488716290603104e-06
1.702969375 5.132591358203968e-06
1.704577467 6.67864834310547e-06
1.706185559 2.9122416968133866e-06
1.707793651 2.3567965088937956e-06
1.709401743 5.322943226143249e-06
1.711009835 5.347500381226571e-06
1.712617927 4.509456163301655e-06
1.714226019 2.597126753458941e-06
1.715834111 3.0961348002096706e-06
1.717442203 7.239080510693828e-06
1.719050295 1.0422740949118036e-05
1.7206583869999998 8.285069112247852e-06
1.722266479 5.563581442074927e-06
1.723874571 5.149982522237503e-06
1.725482663 5.5940259617630545e-06
1.7270907549999999 8.599549047497817e-06
1.728698847 9.408219278223512e-06
1.730306939 8.196950410858775e-06
1.731915031 5.334324335130087e-06
1.7335231229999999 3.206353117902e-06
1.735131214 2.958467727674666e-06
1.736739306 5.431373291155155e-06
1.7383473980000002 5.386983974651844e-06
1.73995549 3.2930793130903774e-07
1.741563582 1.3457215896894854e-06
1.7431716739999998 1.1700035552885205e-06
1.7447797660000002 4.818548420980412e-06
1.746387858 7.723218390638907e-06
1.74799595 8.467807561921513e-06
1.7496040419999999 7.676928384104113e-06
1.7512121340000002 8.317085629323788e-06
1.752820226 1.0446354574784303e-05
1.754428318 1.2279589065471603e-05
1.7560364099999999 1.0872587024585703e-05
1.757644502 6.553966555908302e-06
1.7592525940000001 4.582531699174327e-06
1.760860686 1.5224451757286773e-06
1.762468778 2.0248384910919256e-07
1.76407687 6.99953321187757e-07
1.7656849620000001 2.336553135581181e-06
1.7672930530000002 6.089550860547147e-06
1.768901145 3.962878512930859e-06
1.770509237 2.2965329760554994e-06
1.7721173289999999 9.291143032955703e-07
1.7737254210000002 2.583504949757735e-06
1.775333513 4.185796330915403e-06
1.776941605 5.754092513202314e-06
1.7785496969999999 6.833633273866241e-06
1.780157789 6.803134729065338e-06
1.781765881 6.836370470596768e-06
1.783373973 5.946146970738027e-06
1.784982065 4.1326591286527035e-06
1.786590157 7.087428344564108e-06
1.7881982490000001 8.753523779537764e-06
1.789806341 4.596893243499597e-06
1.791414433 3.496388455490888e-06
1.793022525 6.775347319334688e-06
1.794630617 7.233215485326401e-06
1.796238709 5.900449556630614e-06
1.797846801 9.428432965852378e-06
1.799454893 9.967409905619147e-06
1.8010629839999999 7.572634227648675e-06
1.802671076 5.139903248905876e-06
1.804279168 4.113179510140894e-06
1.80588726 5.256421039533586e-06
1.8074953519999999 3.0898965923101875e-06
1.809103444 3.85636147710486e-06
1.8107115360000001 4.9553209319516335e-06
1.812319628 1.30880772757524e-06
1.81392772 1.982628394748625e-06
1.815535812 6.2856572921158465e-06
1.817143904 5.519484306963023e-06
1.818751996 3.494691839514615e-06
1.820360088 5.131823846822316e-06
1.82196818 7.474294295587278e-06
1.823576272 1.1579199095120018e-05
1.825184364 1.2251352173277658e-05
1.826792456 1.3846814730159949e-05
1.828400548 1.5374875368103035e-05
1.83000864 7.210222565796329e-06
1.8316167319999999 5.058880568417669e-06
1.8332248230000001 7.695342148222321e-06
1.834832915 1.2632449213677339e-06
1.836441007 1.1987823160261373e-08
1.838049099 3.3030055422716474e-07
1.839657191 2.592564463919561e-06
1.841265283 1.4200155190489823e-06
1.842873375 2.0756608921707085e-07
1.844481467 1.270426191186308e-06
1.846089559 2.020743304623047e-06
1.847697651 1.9165250186279903e-06
1.849305743 1.6390788057883742e-06
1.850913835 3.2585181557647726e-06
1.852521927 9.837525301417413e-06
1.8541300189999999 3.955446724102931e-06
1.855738111 3.517649336329319e-06
1.857346203 7.3436764393651545e-06
1.858954295 6.064986633913953e-06
1.8605623869999999 5.985274027214342e-06
1.862170479 6.578029448891667e-06
1.863778571 6.180014441717215e-06
1.865386662 4.794928240150048e-06
1.866994754 1.0901835333863834e-06
1.868602846 1.3917892680645807e-06
1.870210938 4.402324739307328e-06
1.8718190300000002 5.638033054738788e-06
1.873427122 3.6347411623049384e-06
1.875035214 6.085453326970985e-06
1.8766433059999998 5.46672527104354e-06
1.8782513980000002 9.219071034622548e-07
1.87985949 7.129838745671934e-07
1.881467582 2.0979815409135153e-06
1.8830756739999999 1.796577716043766e-06
1.8846837660000002 1.5689546275879992e-06
1.886291858 1.7942636935325553e-06
1.88789995 2.3307506640662117e-06
1.8895080419999999 4.043186565272855e-06
1.891116134 3.3059357057673223e-06
1.8927242260000001 4.836116072631153e-06
1.894332318 4.618689315494242e-06
1.89594041 8.200156596614242e-06
1.897548501 6.857532583228735e-06
1.8991565929999998 5.112042850150104e-06
1.9007646850000002 5.9493677836181425e-06
1.902372777 5.044999731623257e-06
1.903980869 4.154804837280216e-06
1.9055889609999999 4.0799781129081575e-06
1.9071970530000002 3.6148911269002657e-06
1.908805145 3.2871336458913703e-06
1.910413237 7.304928049112089e-07
1.9120213289999999 1.2210232411843721e-06
1.913629421 1.8327997631295748e-06
1.9152375130000001 4.112807181251674e-06
1.916845605 3.582582443673181e-06
1.918453697 5.475814724772362e-06
1.920061789 5.906178715348575e-06
1.9216698810000001 2.58869006725721e-06
1.923277973 3.509229112711669e-06
1.924886065 3.0739528155185504e-06
1.926494157 2.8009714765518007e-06
1.928102249 3.05953550786695e-06
1.9297103400000002 2.795344263171264e-06
1.931318432 3.505993210052805e-06
1.932926524 3.1593999995872364e-06
1.9345346159999999 2.163113466407225e-06
1.936142708 2.3221240018010982e-06
1.9377508 3.4662085357354585e-06
1.939358892 2.408781027444287e-07
1.940966984 2.303652139881964e-06
1.942575076 1.8466307408247976e-06
1.9441831680000001 2.8998255404665183e-06
1.94579126 4.61278797050453e-06
1.947399352 5.63974633766287e-06
1.949007444 5.277380005757961e-06
1.950615536 2.9977673321046996e-06
1.952223628 4.4943458564848745e-06
1.95383172 4.1804308785260975e-06
1.955439812 3.8905149436572924e-06
1.957047904 4.928049574605893e-06
1.958655996 5.387197062685635e-06
1.960264088 4.062476252594368e-06
1.961872179 6.44252236936058e-06
1.9634802709999999 8.089607003685046e-06
1.965088363 9.706007761777474e-06
1.9666964550000001 9.337643537591037e-06
1.968304547 8.183650274144106e-06
1.969912639 7.027962611327034e-06
1.971520731 4.882156207010162e-06
1.973128823 4.353548990052791e-06
1.974736915 5.9187996245051225e-06
1.976345007 9.477517186460683e-06
1.977953099 8.417341239477672e-06
1.979561191 7.928649770744889e-06
1.981169283 6.793897527425357e-06
1.982777375 4.3326401008411935e-06
1.984385467 3.979719611665408e-06
1.985993559 1.9678967224350476e-06
1.9876016509999999 2.791991871973721e-06
1.989209743 2.667148903312047e-06
1.990817835 1.2709919795181163e-06
1.992425927 2.0726148040764097e-07
1.9940340189999999 4.121076545707373e-06
1.99564211 6.506002191333487e-06
1.997250202 8.512448954727452e-06
1.998858294 6.38202798473519e-06
2.0004663860000003 5.872588477184741e-06
2.002074478 4.051160735138438e-06
2.00368257 4.081162130540039e-06
2.005290662 4.376651567131754e-06
2.006898754 5.412595936902225e-06
2.008506846 4.583671894382208e-06
2.010114938 7.0408344586405965e-06
2.01172303 5.092636064698182e-06
2.013331122 2.289411712453521e-06
2.014939214 2.6355697307547876e-06
2.016547306 8.92852737726701e-06
2.018155398 7.065298676534251e-06
2.01976349 2.708512362004673e-06
2.021371582 2.4399324986720246e-06
2.022979674 2.7296815972895425e-06
2.0245877660000002 4.304239445475077e-06
2.026195858 6.579464856183011e-06
2.027803949 6.296651481027814e-06
2.029412041 4.156158213124255e-06
2.031020133 2.5063809452832534e-06
2.032628225 7.018320283610665e-07
2.034236317 1.1608357564088447e-06
2.035844409 2.8678916314169477e-06
2.037452501 3.2023642773452243e-06
2.039060593 2.8695405958650428e-06
2.040668685 4.7075657145489345e-06
2.042276777 4.909769647134431e-06
2.0438848689999998 4.1457150870968304e-06
2.045492961 3.480709797218911e-06
2.047101053 3.6288663501244933e-06
2.0487091449999997 4.27673917073575e-06
2.0503172370000002 6.0489721351163606e-06
2.0519253290000004 7.438594358504634e-06
2.053533421 6.733644291773011e-06
2.055141513 6.736793505180266e-06
2.056749605 8.284731048835453e-06
2.058357697 9.886308861938551e-06
2.059965788 1.0920488747707469e-05
2.06157388 1.0447575839893982e-05
2.0631819719999998 9.958600459259898e-06
2.064790064 9.311072503223802e-06
2.066398156 8.724525141340138e-06
2.068006248 8.586883927605114e-06
2.06961434 8.196456292836959e-06
2.071222432 5.295613286408547e-06
2.072830524 3.345064035509453e-06
2.074438616 2.947037785080097e-06
2.076046708 4.662331062791316e-06
2.0776548 6.419574869196073e-06
2.079262892 5.266625542476677e-06
2.080870984 6.1374877206289275e-06
2.0824790760000003 7.700207599239673e-06
2.084087168 8.666000150731252e-06
2.08569526 6.2162325851515035e-06
2.0873033519999997 4.754101714940688e-06
2.088911444 3.668144741536851e-06
2.090519536 7.774191303658277e-06
2.092127627 8.718893691543285e-06
2.0937357189999997 1.1781490301767265e-05
2.0953438110000002 6.019757139783284e-06
2.0969519030000003 5.829633922787545e-06
2.098559995 5.536030099259703e-06
2.100168087 7.185490919152808e-06
2.101776179 5.284902903319827e-06
2.103384271 3.450992877283798e-06
2.104992363 3.6970068555828606e-06
2.1066004549999997 4.904496228751252e-06
2.1082085470000003 9.836148434921172e-07
2.109816639 4.469432125794657e-08
2.111424731 3.099164722512834e-08
2.113032823 4.885229642357284e-07
2.114640915 2.830385198164741e-06
2.116249007 2.0296053964651516e-06
2.1178570989999996 1.69313326958246e-06
2.1194651909999997 7.880744725132693e-07
2.1210732830000003 3.691472476684485e-07
2.122681375 1.2866450530955516e-06
2.124289466 6.157896533039616e-06
2.125897558 6.028993579244203e-07
2.1275056500000002 2.7096338533888488e-08
2.129113742 7.073772530447617e-08
2.130721834 1.3478135231115249e-06
2.1323299259999997 3.6907405079420067e-06
2.133938018 2.359647605349338e-06
2.1355461100000004 2.180097977414152e-06
2.137154202 3.412124464999044e-06
2.138762294 6.9727067778481736e-06
2.140370386 6.231955045847733e-06
2.141978478 6.3454408143868e-06
2.14358657 4.6407924506205245e-06
2.1451946619999998 4.364722827976656e-06
2.146802754 5.2760781766664496e-06
2.1484108460000004 7.710651163923704e-06
2.150018938 5.434304671613505e-06
2.15162703 3.386200319270863e-06
2.153235122 3.3221802552033694e-06
2.154843214 5.6874063218795e-06
2.156451305 1.2392499643701885e-05
2.158059397 6.045958318035152e-06
2.159667489 3.5400304704457835e-06
2.161275581 3.3404878238262866e-06
2.1628836729999996 4.12659530397319e-06
2.164491765 4.314700451626535e-06
2.1660998570000003 3.0267359636572026e-06
2.167707949 2.5658498561874434e-06
2.169316041 2.8643365706743913e-06
2.170924133 3.3530440714069504e-06
2.172532225 4.854638903880577e-06
2.174140317 9.303758308415344e-06
2.1757484089999997 6.75751668926328e-06
2.177356501 4.502116567062673e-06
2.1789645930000003 5.709022126441545e-06
2.180572685 1.0442467736562385e-05
2.182180777 7.868407686425724e-06
2.183788869 2.4008458446181e-06
2.185396961 1.0961472916083464e-06
2.187005053 1.1474077850057765e-06
2.1886131449999997 3.2723303369840337e-06
2.1902212359999997 3.1747780502590352e-06
2.191829328 2.5090126759132946e-06
2.1934374200000004 2.162939252282356e-06
2.195045512 2.1482652648328808e-06
2.196653604 4.018172267081629e-06
2.198261696 5.091336818535376e-06
2.199869788 6.741581912030897e-06
2.20147788 4.62237329281793e-06
2.203085972 3.5510664520664587e-06
2.204694064 3.899617011105487e-06
2.206302156 5.507085194972743e-06
2.207910248 4.9238656942623115e-06
2.2095183400000002 1.285846238677069e-06
2.211126432 7.658776302615437e-07
2.212734524 1.889274429006098e-06
2.2143426159999997 5.922106704348026e-06
2.215950708 7.750092243465614e-06
2.2175588 5.978143068212431e-06
2.219166892 4.953213235492376e-06
2.220774984 4.221744127339992e-06
2.222383075 5.773612857124338e-06
2.2239911670000003 5.778956789311015e-06
2.225599259 5.5766727181517144e-06
2.227207351 5.101772642876426e-06
2.228815443 4.073958592719989e-06
2.230423535 3.4664572032906264e-06
2.232031627 4.408831860920784e-06
2.2336397189999997 5.904555599351617e-06
2.2352478110000003 3.1255725552161512e-06
2.236855903 1.55362373192022e-06
2.238463995 1.152468110720907e-06
2.240072087 1.8370471799770168e-06
2.241680179 5.767072673005887e-06
2.243288271 1.8077658354700285e-06
2.2448963629999996 1.1456313377638708e-06
2.2465044549999997 1.3361387386780625e-06
2.2481125470000003 2.5383081790614963e-06
2.249720639 7.1668965601578795e-06
2.251328731 6.997201761398402e-06
2.252936823 7.756299660315077e-06
2.2545449140000002 6.79310261816658e-06
2.256153006 5.521423967338404e-06
2.257761098 4.716147179049008e-06
2.2593691899999997 4.495375676970456e-06
2.260977282 4.5283033667783505e-06
2.262585374 5.458941761766205e-07
2.264193466 4.450931688074557e-08
2.265801558 2.7229856735828933e-08
2.2674096500000003 4.639990517491306e-07
2.269017742 7.992923496152644e-06
2.270625834 4.666865189595906e-06
2.2722339259999997 2.6474031046551708e-06
2.273842018 2.6225569822097005e-06
2.2754501100000004 4.341010503747308e-06
2.277058202 7.44751112807793e-06
2.278666294 4.161133879528168e-06
2.280274386 3.491781090390698e-06
2.281882478 2.842715765642657e-06
2.28349057 2.0926735889903156e-06
2.285098662 1.5416573550224815e-06
2.286706753 1.0259989201392462e-06
2.288314845 1.1109434332076412e-06
2.2899229369999996 7.576148855582833e-07
2.291531029 7.532719029771475e-08
2.2931391210000003 1.066676619738813e-08
2.294747213 4.584065099797387e-08
2.296355305 5.183105013987912e-07
2.297963397 7.136232535838218e-07
2.299571489 6.118564959064748e-08
2.301179581 1.0886154561427465e-08
2.3027876729999996 8.866801830393871e-08
2.304395765 1.1925312476729698e-06
2.3060038570000003 4.88977846348099e-06
2.307611949 2.9439612381390865e-06
2.309220041 1.993856250718769e-06
2.310828133 2.9968142739375034e-07
2.312436225 8.019496176803183e-07
2.314044317 5.438551802516594e-06
2.3156524089999997 5.6824341301879676e-06
2.3172605010000003 5.9466796394052075e-06
2.318868592 9.452600341945462e-07
2.3204766840000004 7.025454768163076e-08
2.322084776 1.3837253818106744e-08
2.323692868 1.935108157456461e-07
2.32530096 2.8783540100782676e-06
2.326909052 5.857571302239573e-06
2.328517144 2.266666583787693e-06
2.3301252359999998 9.052022092680188e-07
2.331733328 2.4460059354583524e-06
2.33334142 7.637669478957836e-06
2.334949512 1.8087506327367906e-05
2.3365576040000002 2.213423863495457e-05
2.338165696 2.7578890937745087e-05
2.339773788 3.707287097726249e-05
2.3413818799999997 5.144365560660045e-05
2.342989972 7.061699377503293e-05
2.344598064 8.237402886645436e-05
2.346206156 9.609378472675793e-05
2.347814248 0.00010835165488096927
2.3494223400000003 0.00011777302854632196
2.3510304310000003 0.00012802063406431715
2.352638523 0.00013764524652920925
2.354246615 0.00014769640378868234
2.3558547069999998 0.00015488096735757532
2.357462799 0.00014727977476823974
2.359070891 0.00014007422066882505
2.3606789829999997 0.00013503078526668245
2.3622870750000002 0.00013173784271221247
2.363895167 0.0001285528811851447
2.365503259 0.00011309016249730186
2.367111351 9.787289834819287e-05
2.368719443 8.475348361468361e-05
2.370327535 7.352052184090088e-05
2.371935627 6.382758665749684e-05
2.3735437189999997 5.007373370491186e-05
2.3751518110000003 3.550535298871924e-05
2.376759903 2.5286760343957854e-05
2.378367995 1.3841936638320594e-05
2.379976087 9.101436901351624e-06
2.381584179 6.51920656686415e-06
2.383192271 6.102720866824958e-06
2.384800362 5.714864352603865e-06
2.3864084539999997 3.080291888517654e-06
2.388016546 1.4459990244942506e-06
2.389624638 1.0984069894335229e-06
2.39123273 1.565946836787385e-06
2.392840822 3.4197218406798054e-06
2.3944489140000003 1.2312135784878313e-05
2.396057006 1.3363362399040187e-06
2.397665098 9.416166486879512e-08
2.3992731899999997 1.4479767253988513e-08
2.400881282 1.675521330124244e-07
2.4024893740000004 1.958180767476853e-06
2.404097466 6.849145139668737e-06
2.405705558 4.426653613759665e-06
2.40731365 3.0964911119395543e-06
2.408921742 3.33663812236559e-06
2.410529834 4.639700680855589e-06
2.4121379259999998 6.458859410559834e-06
2.413746018 6.47410352011283e-06
2.41535411 6.278795092058165e-06
2.416962201 6.639176928092365e-06
2.418570293 2.2644250775014406e-06
2.4201783850000003 1.0633101524062523e-06
2.421786477 8.194610835319355e-07
2.423394569 2.1666193586317234e-06
2.425002661 6.873692605086097e-06
2.426610753 1.1664813713891514e-05
2.428218845 7.208764014057283e-06
2.4298269369999996 4.813059492240617e-06
2.431435029 5.0279582921901105e-06
2.4330431210000003 7.134373145072106e-06
2.434651213 1.3002077146390684e-05
2.436259305 6.826556069557561e-06
2.4378673969999998 3.5515944925753005e-06
2.439475489 2.1887999964449084e-06
2.441083581 2.760603711943715e-06
2.4426916729999997 3.886520248283919e-06
2.4442997650000002 7.290026874493959e-06
2.4459078570000004 7.538485495643532e-06
2.447515949 7.943715080343847e-06
2.44912404 6.268574143701522e-06
2.450732132 2.707161689673965e-06
2.452340224 1.5636583849077652e-06
2.453948316 1.3051128861268012e-06
2.455556408 1.958887784786732e-06
2.4571644999999998 3.2876747732615165e-06
2.458772592 1.6876221201963574e-06
2.460380684 1.733144051920268e-07
2.461988776 2.0826974241548402e-08
2.463596868 2.7725184592106587e-08
2.46520496 2.400427449275956e-07
2.466813052 2.3259859751730623e-06
2.468421144 3.1548350486129956e-06
2.470029236 2.103371412954553e-06
2.471637328 1.5410837620150462e-06
2.47324542 1.916481264106018e-06
2.474853512 3.00855636384034e-06
2.4764616040000003 6.69730549661083e-06
2.478069696 6.4792609699919596e-06
2.479677788 5.028879917107787e-06
2.481285879 4.174312082120706e-06
2.4828939709999998 3.879246461087904e-06
2.484502063 4.173065725684644e-06
2.486110155 4.759642259405242e-06
2.4877182469999997 5.908511293567866e-06
2.489326339 7.627016226717493e-06
2.4909344310000003 1.1298571702400734e-05
2.492542523 5.4803631228382305e-06
2.494150615 3.222159059492213e-06
2.495758707 2.0149537914564465e-06
2.497366799 3.222291656647847e-06
2.498974891 5.716628000696743e-06
2.499778162 1.5463579010234816e-05
2.5005829829999997 1.0595407873163391e-05
2.5011293930000003 8.693761534664945e-06
2.5021910750000003 9.473438368105291e-06
2.502480624 7.414263202997706e-06
2.5038318559999997 1.0824673832343102e-05
2.505183087 1.2714791092913185e-05
2.506534319 3.064390607499065e-06
2.50788555 2.1389957605958865e-06
2.509236782 6.732926159388781e-06
2.510588013 1.586342204984094e-05
2.511939244 1.2482001356277942e-05
2.5132904760000003 1.2572589520222609e-06
2.514641707 8.464509553703401e-07
2.515992939 8.584403722832405e-06
2.51734417 1.1604033988128836e-05
2.5186954019999996 7.170983674064456e-06
2.5200466329999998 7.547511144976943e-06
2.521397865 5.871812468627682e-06
2.522749096 6.412032050003152e-06
2.524100327 9.684804938620396e-07
2.525451559 2.246907970885615e-06
2.52680279 2.5637353411607756e-06
2.5281540220000003 2.2889247044778948e-06
2.529505253 2.0956878723887425e-06
2.5308564849999997 7.750550637316834e-06
2.532207716 2.5833218027282294e-06
2.533558948 6.262650526786562e-06
2.534910179 3.6862932291393815e-06
2.5362614100000003 2.1638179955184376e-06
2.537612642 9.333435386200861e-06
2.538963873 2.139724498260155e-06
2.5403151050000004 5.532842531943038e-07
2.5416663359999996 3.492618922573139e-06
2.5430175680000002 9.595433486017434e-07
2.544368799 1.8290596687317638e-06
2.54572003 1.526442386864097e-06
2.547071262 3.1443331381995515e-06
2.548422493 2.5467242244617353e-07
2.549773725 6.336022174175798e-06
2.551124956 1.1985116243777478e-06
2.552476188 4.5441238273019276e-07
2.553827419 1.3563046336166197e-06
2.5551786510000003 7.111310711839384e-06
2.556529882 8.557628460622083e-06
2.557881113 6.029081064637485e-06
2.559232345 5.771365226993978e-06
2.560583576 3.383930417933084e-06
2.561934808 2.934314033348915e-07
2.5632860390000003 6.563215612487114e-07
2.564637271 2.2079375870896853e-06
2.565988502 4.434455425914852e-06
2.567339733 7.823701967872603e-06
2.5686909649999996 5.91468191707297e-06
2.5700421959999997 3.608948910470435e-07
2.571393428 4.999346826822781e-06
2.572744659 6.179351971351983e-06
2.574095891 4.675672801572041e-06
2.575447122 5.221527766406851e-06
2.576798354 4.456084470649648e-06
2.5781495850000002 7.580401975258152e-06
2.5795008160000004 1.0879212165032532e-05
2.580852048 5.602154359698453e-06
2.582203279 6.508618460710721e-06
2.583554511 9.818447712033565e-07
2.584905742 3.6643670063781066e-06
2.586256974 9.997339926186982e-06
2.587608205 6.636092986745508e-06
2.588959437 5.932513678945568e-06
2.590310668 1.3859918731918412e-05
2.591661899 5.728745545984826e-06
2.593013131 3.7193759544816925e-06
2.594364362 2.745986521270559e-06
2.5957155939999996 7.890705327951261e-06
2.5970668249999997 3.22905697731093e-07
2.598418057 1.6895463512191022e-07
2.599769288 9.054753197371341e-06
2.601120519 1.4378402159365942e-05
2.602471751 7.501543364775318e-06
2.603822982 2.91324421588468e-06
2.6051742140000003 6.4256391449750896e-06
2.6065254450000004 7.635588989532821e-06
2.607876677 3.4563741500623722e-06
2.609227908 4.6311065927626776e-06
2.61057914 8.811254209307485e-06
2.611930371 1.4984364159104102e-05
2.613281602 8.696653126404543e-06
2.614632834 1.0912845139944749e-05
2.615984065 2.0014901162771834e-06
2.617335297 1.5226196962246532e-06
2.618686528 5.622404723901409e-06
2.62003776 9.36457220102956e-06
2.621388991 7.241835267861751e-06
2.622740222 9.444003775875837e-06
2.6240914539999998 6.333901439836641e-06
2.625442685 8.568787174875582e-06
2.626793917 6.749134787079498e-06
2.628145148 4.309234690571286e-06
2.62949638 4.7105232544779204e-08
2.630847611 2.49017644936097e-07
2.6321988430000003 6.676506156549594e-06
2.6335500740000004 9.703499141078833e-06
2.634901305 4.6131207478016395e-06
2.636252537 6.065582394399196e-06
2.637603768 1.239115945067654e-05
2.6389549999999997 9.518218034337234e-06
2.640306231 8.086921147329017e-06
2.641657463 3.849220851519539e-06
2.643008694 4.735312041453281e-06
2.6443599250000003 8.302790326657743e-06
2.645711157 1.075564307331999e-05
2.6470623879999997 7.745988776093623e-06
2.64841362 2.044078292511701e-06
2.649764851 2.2283914423024083e-06
2.651116083 3.8062650368084363e-06
2.652467314 2.2887880322306418e-06
2.653818546 5.351998328038331e-06
2.6551697770000002 8.591010617269653e-06
2.6565210080000004 6.006852029975108e-06
2.65787224 7.42256785547527e-06
2.659223471 6.130968628119969e-06
2.6605747030000004 4.4882218173087125e-06
2.6619259339999997 4.504534673780139e-06
2.663277166 7.875654037873058e-06
2.664628397 5.827082120240903e-06
2.6659796289999997 1.929648753992018e-06
2.66733086 4.143967402783501e-06
2.668682091 5.986230822200987e-06
2.670033323 4.61470466311998e-06
2.6713845540000003 2.498763745499902e-06
2.672735786 1.4140378369117937e-06
2.6740870169999997 5.792988309102189e-06
2.675438249 1.0858509925296785e-05
2.67678948 9.586544236457344e-06
2.678140711 7.730194609686332e-07
2.679491943 3.2187791505164508e-06
2.680843174 1.3410412014122952e-06
2.6821944060000003 4.595466314980496e-07
2.6835456370000004 4.6289645294839595e-06
2.684896869 8.692220915979999e-06
2.6862481 7.667994078324464e-06
2.6875993319999996 8.603331410601932e-07
2.6889505629999997 6.507439994615143e-06
2.690301794 8.744600025974754e-06
2.691653026 3.055184537644782e-06
2.693004257 3.890240726063601e-06
2.694355489 5.140445074099121e-06
2.69570672 3.575534773759495e-06
2.697057952 3.906425453446922e-06
2.6984091830000003 4.8515346549700515e-06
2.699760414 2.645346787917288e-06
2.7011116459999998 7.449545574345118e-07
2.702462877 1.0522825710491375e-06
2.703814109 2.1505120693056667e-06
2.70516534 3.1854267239952176e-06
2.706516572 1.4477758527652487e-08
2.707867803 2.1149392188093267e-07
2.7092190350000003 2.6429023888476035e-08
2.7105702660000004 3.423247583328404e-08
2.7119214969999996 2.6941775468048092e-06
2.713272729 3.053657865514006e-06
2.71462396 1.92447666549227e-06
2.7159751919999997 2.775705823628145e-06
2.717326423 2.3918114418190195e-06
2.718677655 1.0302146545237812e-08
2.720028886 1e-08
2.7213801170000003 5.975200752502158e-07
2.722731349 7.721453216272267e-06
2.7240825799999997 2.506598022842167e-06
2.7254338120000003 5.445091615612769e-06
2.726785043 2.8920299129613617e-06
2.7281362749999998 5.528511615813989e-06
2.729487506 1.0066329154450537e-06
2.730838738 1.7208479359019866e-06
2.732189969 4.6074016395198485e-06
2.7335412000000003 5.061604620321086e-06
2.734892432 1.8408162237723898e-06
2.736243663 1.2636824918951347e-06
2.737594895 1.4636706707400258e-06
2.7389461259999996 3.864332758243602e-06
2.740297358 5.802967162684333e-06
2.741648589 1.083002455691758e-08
2.7429998209999997 3.3463313730092062e-06
2.744351052 2.3150595410945375e-06
2.745702283 6.309311890772204e-08
2.747053515 7.523943504281022e-08
2.7484047460000003 6.100948025847028e-06
2.749755978 2.980247475999189e-06
2.7511072089999997 1.0268915797816545e-08
2.7524584410000004 2.986992486425095e-06
2.753809672 3.918935999029442e-06
2.755160903 4.688520830630156e-06
2.756512135 2.67910062369889e-06
2.757863366 9.007882934578042e-07
2.7592145980000002 9.201360262773073e-06
2.760565829 9.008282855050872e-06
2.761917061 1.0856342557943314e-05
2.7632682920000002 6.592414668798759e-06
2.764619524 6.342660454547235e-06
2.7659707549999997 1.5778809573362465e-06
2.767321986 1.4249883592446489e-06
2.768673218 1.6708062285492046e-06
2.770024449 3.8619006830836e-06
2.771375681 4.205669577830655e-06
2.772726912 3.4520714756375375e-06
2.774078144 4.455138390512124e-06
2.7754293750000003 3.4175641337909216e-06
2.776780606 8.395337012148775e-06
2.7781318379999997 4.808819044944282e-06
2.779483069 1.0255483274302074e-06
2.780834301 2.816598377530166e-07
2.782185532 5.099444323375696e-06
2.783536764 4.1739380106244255e-06
2.784887995 8.502732435507999e-08
2.786239227 7.757665496539001e-07
2.787590458 2.9616656620019885e-06
2.788941689 8.142407352840642e-06
2.7902929210000003 3.926665375123522e-06
2.791644152 2.5630419079414563e-06
2.7929953839999997 1.5862367295461096e-07
2.794346615 1.0183899512074101e-06
2.795697847 3.3347620324825946e-06
2.797049078 2.305678559058492e-06
2.7984003090000003 2.3144220731251417e-08
2.799751541 1.8858443579652943e-06
2.801102772 5.4826972314238085e-06
2.8024540040000003 6.599391087305674e-06
2.803805235 8.896309856066533e-06
2.8051564669999998 6.249863355443142e-06
2.806507698 7.24287333065446e-06
2.80785893 1.0751444754405124e-05
2.8092101609999998 6.9852650651574e-06
2.810561392 3.2428750130946e-06
2.811912624 3.24416708997309e-08
2.813263855 5.261301711801833e-06
2.814615087 1.0909624949741988e-08
2.8159663179999996 2.489094988679237e-07
2.8173175500000003 3.7607409148763397e-06
2.818668781 4.0748004370076124e-06
2.8200200129999997 3.013275844578381e-06
2.821371244 1.691638061788199e-08
2.822722475 1.7736847926186336e-06
2.824073707 7.840115517907983e-07
2.8254249380000003 1.7694937458678037e-06
2.82677617 1.1303570810210737e-05
2.828127401 3.443463467244316e-06
2.8294786330000004 2.685367296558824e-06
2.830829864 1.0598693977258827e-06
2.8321810949999997 7.198903324904777e-07
2.833532327 9.401955193466407e-07
2.834883558 2.2782471323867626e-07
2.83623479 2.921456826900334e-06
2.837586021 8.661511519151342e-07
2.838937253 1e-08
2.8402884840000002 1e-08
2.841639716 1e-08
2.8429909469999997 2.6683578504195035e-07
2.8443421779999998 6.953410222301589e-08
2.84569341 2.8057904378238398e-08
2.847044641 6.964298762784253e-06
2.848395873 2.6007524681766243e-06
2.849747104 7.828239644606581e-07
2.851098336 1.356059870106428e-06
2.8524495670000003 8.128568061841944e-06
2.8538007980000004 6.299039148254176e-06
2.85515203 4.909650940690491e-06
2.856503261 4.511351013094576e-06
2.8578544929999996 4.2696642650054475e-06
2.8592057239999997 4.5633825817321596e-08
2.860556956 1e-08
2.861908187 1e-08
2.863259419 1.5207925917390068e-06
2.86461065 2.2633012537523925e-06
2.865961881 5.710124123180107e-06
2.8673131130000002 2.810158393994579e-06
2.868664344 6.104573644519166e-06
2.8700155759999997 6.492334859383273e-08
2.871366807 1e-08
2.872718039 1e-08
2.87406927 1.0944631923731389e-07
2.8754205010000002 2.517608893548297e-06
2.876771733 1.9065952383044609e-06
2.878122964 4.819948000882406e-06
2.8794741960000003 7.832053276461688e-06
2.8808254270000004 4.091589140362259e-08
2.882176659 3.23088600239273e-07
2.88352789 1.0269065609565352e-07
2.8848791219999996 1e-08
2.8862303529999997 5.397090539314435e-07
2.887581584 1e-08
2.888932816 1e-08
2.890284047 1e-08
2.891635279 1.3917630605855086e-08
2.89298651 4.630782933637389e-06
2.8943377420000003 2.14891959560266e-06
2.895688973 1e-08
2.8970402049999997 1e-08
2.898391436 3.6638922176665093e-06
2.899742667 2.6499197366109368e-06
2.901093899 1.0891241535437908e-07
2.9024451300000003 2.82598908860883e-06
2.903796362 8.100201552798022e-06
2.905147593 7.227677221584115e-06
2.9064988250000003 1.373774272296238e-06
2.907850056 3.0046950854693546e-06
2.9092012869999997 1.4658859444482696e-06
2.910552519 7.353052693818702e-06
2.91190375 1.233285829836129e-06
2.9132549819999998 1e-08
2.914606213 5.087545403975683e-08
2.915957445 7.409248549007318e-06
2.917308676 1.5409520311117117e-06
2.918659908 2.4215322960299916e-06
2.920011139 2.5722617202827497e-06
2.9213623699999998 2.1800120316758366e-06
2.922713602 4.214318004056081e-06
2.924064833 1.1070026715656157e-05
2.925416065 9.348343015942474e-06
2.926767296 1.0054930933540352e-06
2.928118528 2.2000459907972387e-06
2.9294697590000003 1.3394763726735762e-07
2.93082099 4.421457029130111e-06
2.932172222 1.1566928949428789e-06
2.933523453 1.3650794044466387e-06
2.934874685 6.509187394897235e-06
2.9362259159999997 1.3698980430614783e-06
2.937577148 2.323213561257375e-06
2.938928379 1.0180971493296148e-05
2.940279611 6.4848914998398e-06
2.941630842 3.6010003067455584e-06
2.942982073 2.9740369646236217e-06
2.9443333050000002 2.1047742255898824e-06
2.9456845360000004 1.1025813586990622e-06
2.947035768 1e-08
2.948386999 1.3402413339841723e-08
2.949738231 1.9236709144048453e-08
2.951089462 7.00635314472779e-08
2.952440694 7.425637633182136e-06
2.953791925 6.650376601821068e-06
2.955143156 3.612860251265277e-06
2.956494388 5.0905138321166474e-06
2.957845619 9.077779767382947e-06
2.959196851 1.3734139993331134e-05
2.960548082 8.234180024576365e-06
2.9618993139999996 8.931159828607981e-06
2.9632505449999997 6.608053921218978e-06
2.964601776 8.025214536562013e-06
2.965953008 6.561483864072449e-06
2.967304239 1.7351177107915303e-06
2.968655471 6.961064686197753e-07
2.970006702 6.074190683903394e-06
2.9713579340000003 5.433455377870169e-07
2.9727091650000004 1e-08
2.974060397 1e-08
2.975411628 2.5226129363741862e-06
2.976762859 3.5305800400743773e-06
2.978114091 4.42964030705522e-06
2.979465322 4.09859414621238e-06
2.980816554 3.360686615733013e-06
2.982167785 8.791372739915564e-06
2.983519017 1.0204148973163779e-07
2.984870248 2.9191586945632433e-06
2.9862214789999997 1.4157126146900607e-06
2.987572711 3.0738825570383414e-06
2.988923942 4.622615637823775e-06
2.9902751739999998 2.0234643687964326e-06
2.991626405 5.584815218726518e-07
2.992977637 3.1111964232176407e-06
2.994328868 2.3909863365254404e-06
2.9956801 8.977377716083219e-06
2.997031331 1.0662782897266487e-05
2.9983825619999998 9.62156170781439e-06
2.9997337940000004 6.019139452097214e-06
3.001085025 5.884692165408013e-06
3.002436257 1.0704921786022007e-05
3.003787488 1.4242694280381999e-05
3.0051387199999997 7.817184561629773e-06
3.006489951 4.0505145319401943e-07
3.007841182 1.4935903469468412e-07
3.009192414 6.015757173849343e-06
3.0105436450000003 4.208997154448553e-07
3.011894877 2.8061684293454133e-06
3.0132461079999997 6.928351165803345e-07
3.01459734 2.2885006668817586e-06
3.015948571 1.1604012568494326e-06
3.017299803 1.0380318662705544e-06
3.018651034 6.743110878467944e-06
3.020002265 5.385765119232212e-06
3.021353497 5.7041468022997144e-06
3.0227047280000003 5.162105125722044e-06
3.02405596 9.748342490536939e-06
3.0254071909999998 1.153664735536851e-05
3.0267584230000004 6.066978671437572e-06
3.0281096539999997 3.6478405885460647e-06
3.029460886 6.767159905791674e-06
3.030812117 4.4567541534805255e-06
3.032163348 6.510223800082529e-07
3.03351458 5.743202956047795e-06
3.034865811 3.2579055501097655e-06
3.036217043 2.1644795930771187e-06
3.0375682740000003 1.1142814541829493e-06
3.038919506 5.071770436268702e-06
3.0402707369999997 2.0824465061658535e-07
3.041621968 1.114075944732427e-06
3.0429732 9.406844039301946e-06
3.044324431 6.405469660244041e-06
3.045675663 1.5959971408944943e-07
3.047026894 8.619801207633889e-07
3.0483781260000002 3.2238236961905955e-06
3.0497293570000004 2.3830661310424353e-06
3.051080589 3.3985144697946605e-06
3.05243182 6.767169071955319e-06
3.053783051 1.8699170604028865e-07
3.0551342829999997 2.9474422111977414e-06
3.056485514 8.883682832676454e-06
3.057836746 8.430529962411224e-06
3.059187977 6.705601684766522e-06
3.060539209 2.937787655213076e-06
3.06189044 1.9671887803391714e-06
3.063241671 4.4931352050471695e-06
3.0645929030000003 1.0282946537233798e-05
3.065944134 1.1232363816047864e-05
3.0672953659999997 5.424748315887758e-06
3.068646597 1.1400185085855468e-06
3.069997829 7.848514696152326e-07
3.07134906 1.8338610235074031e-06
3.072700292 5.956229072637059e-08
3.074051523 2.1842005494150686e-06
3.075402754 7.0206872814241495e-06
3.0767539860000004 1.2321392069429302e-05
3.0781052169999996 1.3820322260516673e-05
3.079456449 1.2830926395299132e-05
3.08080768 4.938935010703373e-06
3.0821589119999997 6.796168814140496e-06
3.083510143 6.194206534970322e-06
3.084861374 4.4816338202975634e-08
3.086212606 1.1578136384986643e-06
3.0875638370000003 2.5507770810144567e-06
3.088915069 9.94894106850089e-06
3.0902662999999997 6.2006601668033975e-06
3.0916175320000003 3.349612265847954e-06
3.092968763 6.689298549512625e-06
3.0943199949999998 3.207821976821571e-06
3.095671226 5.7162523430701865e-08
3.097022457 1e-08
3.098373689 4.73464606914772e-08
3.0997249200000003 4.5891378782682945e-06
3.101076152 3.4568747471011746e-06
3.102427383 4.072778077261972e-06
3.103778615 1.2486775874338891e-06
3.1051298459999996 8.156609574131719e-06
3.106481078 1.6627510430423533e-05
3.107832309 1.1944469014905e-05
3.10918354 6.558586396833728e-06
3.110534772 1.1258783080419113e-07
3.111886003 1e-08
3.113237235 2.6834759647440395e-06
3.1145884660000003 3.7088781882504234e-06
3.115939698 2.0591126934022277e-06
3.1172909289999997 9.420204559891143e-07
3.11864216 2.554943641904228e-06
3.119993392 9.483375306889919e-07
3.121344623 2.7504306142907905e-06
3.122695855 2.7606892594642954e-06
3.124047086 1.620435778236333e-08
3.1253983180000002 1.8854941784734298e-06
3.126749549 6.4414069952474335e-06
3.128100781 7.837358691118956e-06
3.1294520120000002 3.014458683544429e-06
3.130803243 5.206531001969501e-06
3.1321544749999997 1.451456155109391e-05
3.133505706 1.3865064795513932e-05
3.134856938 9.677793318715369e-06
3.136208169 3.05192532805115e-06
3.137559401 2.340988570905107e-06
3.138910632 3.738220791456812e-06
3.140261863 4.042674438382342e-06
3.1416130950000003 4.8306303114787645e-06
3.142964326 6.585649270086282e-07
3.1443155579999997 2.8738923719471925e-08
3.145666789 4.258710621061438e-06
3.147018021 2.9668304800855602e-06
3.148369252 1.1449168928521557e-06
3.149720484 1.6123937970584864e-06
3.151071715 3.4370526907820822e-06
3.152422946 4.390555987646707e-06
3.153774178 9.19948345168644e-07
3.155125409 1e-08
3.1564766410000002 1e-08
3.157827872 3.1752923372180195e-06
3.1591791039999997 1.50151629293323e-05
3.160530335 1.641024270257215e-05
3.161881566 9.215141487342274e-06
3.163232798 7.925490632949363e-06
3.1645840290000002 6.467368491544769e-06
3.165935261 6.994881970255615e-06
3.167286492 1.4137513463614572e-05
3.1686377240000003 1.3115338655972052e-05
3.169988955 6.389962896591006e-06
3.1713401869999998 1.727070568541755e-07
3.172691418 1.0946567883276052e-08
3.174042649 7.543741810448595e-07
3.1753938809999998 2.372089285173667e-06
3.176745112 1.3215909485149231e-06
3.178096344 2.442028342554784e-07
3.179447575 1.770762434789476e-08
3.180798807 1.6144288779002002e-08
3.182150038 5.8751059915412745e-06
3.1835012700000003 1.62083302932316e-05
3.184852501 1.659029420818084e-05
3.186203732 1.1661400667353571e-05
3.187554964 1.026577866927209e-05
3.188906195 8.142419484354195e-06
3.190257427 1.6668564819534477e-06
3.1916086580000003 1.3966900064261435e-08
3.19295989 1.485838898380945e-06
3.194311121 3.5007404946193928e-06
3.195662352 7.067399006851219e-06
3.197013584 9.29143506113299e-06
3.1983648149999997 7.544158988032989e-06
3.199716047 1.6582093211921364e-06
3.201067278 8.52785646110416e-07
3.2024185099999998 4.756405662838924e-06
3.203769741 1.796409966634109e-06
3.205120973 9.082195797706218e-07
3.206472204 4.395241307250703e-06
3.207823435 4.070892060370009e-06
3.209174667 1.5509286168561353e-06
3.2105258979999998 1.3796989392585167e-06
3.21187713 3.450433549341771e-06
3.213228361 1.666753070539606e-06
3.214579593 7.167540242313551e-06
3.215930824 1.2910368026186406e-05
3.217282055 1.2143099894452445e-05
3.2186332870000003 5.296427082448943e-06
3.2199845180000004 2.9600036464507348e-08
3.22133575 1e-08
3.222686981 1.802950284292499e-08
3.2240382129999996 4.863876831962439e-07
3.2253894439999997 1.5518836658721078e-08
3.226740676 1.7022796967431463e-06
3.228091907 1.7346666950656807e-06
3.229443138 1.562904890410511e-07
3.23079437 9.038715353675509e-08
3.232145601 1.8810255346350028e-06
3.2334968330000002 1.9931494867358914e-06
3.234848064 3.237451970258981e-06
3.2361992959999997 3.312393563975736e-06
3.237550527 2.0139087110346634e-06
3.238901759 3.745556182131741e-07
3.24025299 2.2233555600947795e-06
3.2416042210000002 3.023614413045661e-07
3.242955453 4.310691270330981e-06
3.244306684 1.4509611262968183e-06
3.2456579160000003 1e-08
3.2470091470000004 1.0006298253247346e-07
3.248360379 1.4649158614067899e-06
3.24971161 2.0298169702110844e-06
3.251062841 5.07613160449683e-06
3.2524140729999997 1.0249796257940408e-05
3.253765304 1.4282801369147776e-05
3.255116536 3.1252170091110417e-06
3.256467767 1.0942949630862986e-06
3.257818999 1.25660597376758e-06
3.25917023 6.924385522271186e-06
3.2605214620000003 5.02800443482082e-06
3.261872693 1.481988781959929e-05
3.263223924 1.6177048237865536e-05
3.264575156 1.0920228258209386e-05
3.265926387 9.422721246579214e-06
3.267277619 6.707061660115496e-06
3.2686288500000003 2.2363919013301286e-06
3.269980082 3.4105421740631528e-06
3.271331313 3.359765220799756e-06
3.272682544 3.0106361977916594e-06
3.274033776 3.6022998963775567e-06
3.2753850069999997 1.5532254021915767e-06
3.276736239 2.763783829548116e-07
3.27808747 1.8854283428846525e-06
3.2794387019999998 9.403319946989273e-06
3.280789933 5.010765350535522e-06
3.282141165 6.733428941514563e-06
3.283492396 1.8928458049305733e-06
3.2848436270000003 3.7660817719433965e-08
3.286194859 1.7647025906903813e-06
3.2875460899999998 1.118602466708079e-08
3.288897322 3.895724419752285e-06
3.290248553 4.1596901284901195e-06
3.291599785 4.2378256361729885e-07
3.292951016 1e-08
3.294302247 2.2807826770054582e-08
3.2956534790000003 2.6333441570937685e-07
3.29700471 4.101335145729656e-06
3.298355942 4.485106513646114e-06
3.299707173 1.33719975452812e-07
3.301058405 1.139104975459125e-07
3.3024096359999997 2.2272534227096405e-06
3.303760868 7.885784271818858e-07
3.305112099 2.0032131581335728e-08
3.30646333 1.3415757949512913e-06
3.307814562 6.639482507406737e-06
3.309165793 8.400438697568794e-06
3.3105170250000002 5.924720216969576e-06
3.3118682560000003 4.814047655560686e-06
3.313219488 5.803352259825301e-06
3.3145707189999998 8.890420860825908e-07
3.315921951 2.6321161881827567e-06
3.317273182 4.004880442069265e-07
3.318624413 3.9456059274813183e-07
3.319975645 2.635608970404242e-06
3.321326876 2.4776021710365018e-06
3.322678108 1.4624743207423985e-07
3.324029339 4.5382439923417686e-07
3.325380571 4.510019032620439e-06
3.326731802 6.153405237660408e-06
3.328083033 6.072832920931453e-06
3.3294342649999997 7.738974596191291e-06
3.330785496 7.168220274203938e-06
3.332136728 6.928457340930704e-06
3.333487959 8.551168634669869e-06
3.334839191 1.1290571615563634e-05
3.336190422 9.51101306922813e-06
3.3375416540000002 4.673636735020153e-06
3.3388928850000004 1.1022278075023381e-07
3.340244116 3.53322685675073e-07
3.341595348 4.387187451006258e-06
3.342946579 1.434201096375416e-06
3.344297811 1.3285580047076026e-06
3.345649042 3.5750602132586045e-06
3.347000274 9.474987616411359e-06
3.348351505 1.2053012969401054e-05
3.3497027360000002 6.7171389726590754e-06
3.351053968 6.440985229296742e-06
3.3524051989999997 5.736057252440666e-06
3.353756431 6.666196180680878e-06
3.355107662 5.988792419141601e-06
3.3564588939999997 4.20286370942922e-06
3.357810125 6.1490334369404705e-06
3.359161357 4.251227333654454e-06
3.360512588 1.4477587928082066e-06
3.3618638190000003 1.3288136708420047e-06
3.363215051 2.5247062731593277e-06
3.3645662819999997 6.3558994515842785e-06
3.3659175140000004 7.220211664983283e-06
3.367268745 9.233445331501446e-07
3.368619977 1.1870378150885112e-06
3.369971208 4.119286036536742e-06
3.371322439 2.333763643677415e-06
3.372673671 3.92295577927659e-06
3.374024902 2.8034850099183676e-06
3.375376134 4.822801027247676e-06
3.3767273650000003 2.286678010986691e-06
3.378078597 2.8945607163321606e-06
3.3794298279999997 1.8950941696892486e-07
3.38078106 1.0699179380127033e-08
3.382132291 1.6256036408633161e-06
3.383483522 3.7904511996330848e-06
3.384834754 3.857463204415868e-06
3.386185985 5.3114186357325205e-06
3.387537217 4.3889650583137334e-07
3.3888884480000003 1.641076695765239e-08
3.39023968 6.599773277139746e-07
3.3915909109999998 3.175642932220385e-06
3.3929421430000004 3.4988514112289425e-06
3.3942933739999996 4.360178403889104e-06
3.3956446049999998 1.5330223400640892e-06
3.396995837 4.25999349405983e-08
3.398347068 1.0798567037553562e-06
3.3996983 6.083336379315041e-06
3.401049531 3.2036603030426244e-06
3.402400763 1.6692504677580185e-06
3.4037519940000003 6.845881029571037e-07
3.405103225 5.720051972655508e-06
3.4064544569999997 9.33043760585139e-06
3.407805688 8.45634007043536e-06
3.40915692 5.582556160660191e-06
3.410508151 2.158256524661228e-06
3.411859383 4.090782137362984e-06
3.413210614 4.940830205529979e-06
3.4145618460000002 2.512296575693503e-06
3.4159130770000004 6.961674204248918e-07
3.4172643079999996 1.8955445986063492e-08
3.41861554 6.720166005242973e-07
3.419966771 5.702430443429892e-06
3.4213180029999997 8.352219196452526e-06
3.422669234 5.1634505050427295e-06
3.424020466 1.0744218163126979e-06
3.425371697 5.499517052871959e-07
3.4267229280000002 5.4370234148210945e-06
3.42807416 9.163684759732976e-06
3.429425391 4.743124572138463e-06
3.4307766230000003 6.9531299621423e-06
3.432127854 9.975876685804491e-06
3.4334790859999997 8.252852120331798e-06
3.434830317 5.466308037891847e-06
3.436181549 5.811336397894752e-06
3.43753278 4.06671963173269e-06
3.4388840110000003 2.957684529859432e-06
3.440235243 5.608885379142476e-06
3.441586474 3.7086920097448103e-06
3.4429377060000004 4.781380320352398e-07
3.4442889369999996 3.7056697210939615e-06
3.445640169 4.710386953082055e-06
3.4469914 1.1625573021392798e-06
3.448342631 1e-08
3.449693863 1e-08
3.451045094 1e-08
3.452396326 9.691407631153053e-08
3.4537475570000002 1.6171296437544677e-06
3.455098789 4.1497018758941555e-06
3.45645002 8.025605437457254e-06
3.4578012520000003 8.534679014262198e-07
3.459152483 1e-08
3.460503714 1.0638723506541064e-07
3.461854946 2.583520265515403e-06
3.463206177 1.6996970234865858e-06
3.464557409 1.0206148122726658e-06
3.4659086400000003 3.0935713497286794e-07
3.467259872 1e-08
3.468611103 1e-08
3.469962335 5.933148704581916e-07
3.4713135659999996 1.9010276716702756e-06
3.4726647969999997 1e-08
3.474016029 1e-08
3.47536726 4.979113414927442e-08
3.476718492 3.1119483228578563e-06
3.478069723 6.4614289628175786e-06
3.479420955 3.989274062776216e-06
3.4807721860000003 1.6029234112586695e-06
3.482123417 9.124429799393907e-07
3.483474649 2.0203231456699145e-06
3.48482588 1.7523563220844537e-06
3.486177112 2.1061108839566e-06
3.487528343 3.7962612004363633e-06
3.488879575 5.411530353014196e-06
3.490230806 9.574504229663789e-06
3.491582038 8.1060075703999e-06
3.492933269 4.847347653632549e-06
3.4942845 6.868830788643439e-06
3.495635732 1.3688604276610283e-05
3.496986963 1.5372313158190132e-05
3.4983381949999997 9.783007415983842e-06
3.4996894259999998 7.5021705438721215e-06
3.501040658 6.246796012855854e-06
3.502391889 2.4211975476686335e-07
3.50374312 1e-08
3.505094352 3.0679057183928886e-07
3.506445583 4.929490163988943e-06
3.5077968150000003 6.551467979357498e-06
3.509148046 1.076628316805337e-06
3.5104992779999997 2.4683839030161695e-08
3.511850509 2.7457802674975346e-06
3.513201741 9.222823025514135e-06
3.514552972 3.5088208020819695e-06
3.515904203 3.6558230938447845e-07
3.517255435 1.5251255181417722e-06
3.518606666 5.997575976144674e-06
3.519957898 7.909280225625419e-06
3.521309129 6.302010937914764e-06
3.5226603610000002 4.279626676278714e-06
3.524011592 5.444775712235305e-06
3.5253628239999997 2.9218222249341993e-06
3.526714055 1.591483820125822e-06
3.528065286 1.0783909756749917e-08
3.529416518 1.2036425057125243e-08
3.5307677490000002 6.859476684491626e-07
3.532118981 1.930666481851447e-06
3.533470212 1.2087421654874805e-06
3.5348214440000003 3.326630583116671e-08
3.536172675 9.017497049517265e-07
3.537523906 4.448093000237051e-06
3.538875138 2.9342321366768224e-06
3.540226369 1.806249100588478e-06
3.5415776009999997 2.2483507536046137e-08
3.542928832 1e-08
3.544280064 1e-08
3.545631295 1e-08
3.546982527 1e-08
3.548333758 7.18425302654508e-07
3.5496849889999997 4.294429399523515e-06
3.551036221 1.5769200769518688e-06
3.552387452 1.2742372594579011e-08
3.553738684 4.998072508224634e-07
3.555089915 1e-08
3.556441147 1e-08
3.5577923780000003 1.0966323269281017e-07
3.5591436090000004 2.3472696016710772e-06
3.560494841 1.7236407716562094e-06
3.561846072 5.700418926439305e-07
3.563197304 1.6716203350826249e-06
3.5645485349999997 2.0097203615457946e-06
3.565899767 1.919673518272609e-06
3.567250998 1.9620897844524486e-06
3.5686022299999998 9.800219499417788e-08
3.569953461 4.5879998570222677e-08
3.571304692 4.2852347249516094e-08
3.572655924 6.962667042566127e-08
3.574007155 9.095772535519924e-07
3.575358387 1.4884470031607445e-08
3.5767096179999998 1e-08
3.57806085 1.0575847360638472e-08
3.579412081 1.211341697356448e-07
3.580763312 3.292766073250243e-07
3.582114544 4.487613028099518e-06
3.583465775 4.550859425199462e-06
3.5848170070000003 2.656055767000091e-06
3.5861682380000004 2.0152818686562577e-06
3.58751947 1.5386066287084337e-06
3.588870701 1.2961978707378962e-06
3.5902219329999996 4.450564394342069e-06
3.5915731639999997 3.6952597307014193e-06
3.592924395 3.3285451781021083e-06
3.594275627 1.6153718458139435e-06
3.595626858 1.3924386021302149e-06
3.59697809 6.973239809331226e-06
3.598329321 7.3885406828613805e-06
3.5996805530000002 5.098547986581633e-06
3.601031784 2.3237677249090712e-06
3.602383016 4.8440101124889565e-06
3.603734247 6.36425107947311e-06
3.605085478 3.0230575719854752e-06
3.60643671 1.2754816314252735e-06
3.607787941 4.352802006533388e-06
3.609139173 9.271137262492017e-06
3.610490404 1.8778998464885643e-06
3.6118416360000003 1.910509386521503e-08
3.6131928670000004 3.5905031948117033e-06
3.6145440979999997 3.0969687114532336e-06
3.61589533 2.565324255188275e-07
3.617246561 6.215002561583694e-08
3.6185977929999997 1.9737589979023928e-06
3.619949024 5.5096362929020795e-08
3.621300256 1.7016252110919167e-07
3.622651487 3.759547249123439e-06
3.624002719 6.756526357875378e-06
3.62535395 3.7141418042638996e-06
3.6267051809999997 3.995335424974496e-06
3.628056413 4.248130276601646e-06
3.629407644 1.1697385635021995e-06
3.630758876 3.346323389813275e-06
3.632110107 7.623251095599089e-06
3.633461339 8.488663913805179e-06
3.6348125700000002 7.638943047840323e-06
3.6361638010000004 6.5905290599395055e-06
3.637515033 5.3095337944622845e-06
3.638866264 4.000249945544656e-06
3.640217496 2.80021623665132e-06
3.6415687269999997 4.356880571462906e-06
3.642919959 6.9523879330449985e-06
3.64427119 6.220374630703091e-06
3.6456224219999998 3.308702011810699e-07
3.646973653 1.354999911255039e-08
3.648324884 1e-08
3.649676116 8.348402541667669e-07
3.6510273470000003 2.472856123013229e-06
3.652378579 3.3744532648342914e-06
3.6537298099999997 4.904454141984397e-06
3.655081042 7.815612041162135e-06
3.656432273 7.607736897901631e-06
3.657783504 5.093924454300779e-06
3.659134736 2.9538107294638224e-06
3.660485967 1.7601804230162333e-06
3.6618371990000003 5.788984844956037e-06
3.66318843 4.505901111399205e-06
3.664539662 7.236191357203555e-06
3.665890893 6.2771230321294784e-06
3.667242125 1.1012590385680658e-05
3.6685933559999997 1.5950830399426286e-05
3.669944587 1.488056652015487e-05
3.671295819 1.1557064421052344e-05
3.67264705 6.745346196107687e-06
3.673998282 3.6496966469590415e-06
3.675349513 1.1286678506475403e-06
3.676700745 3.662809366386372e-06
3.6780519760000003 4.9287553272840385e-06
3.679403208 1.0400037198610297e-05
3.6807544389999998 1.5647071328679597e-05
3.68210567 1.4987472262744279e-05
3.683456902 7.19115145001211e-06
3.684808133 3.0591619398551123e-06
3.686159365 3.864093926796494e-06
3.687510596 1.4768508469779042e-06
3.688861828 1e-08
3.690213059 1e-08
3.6915642899999996 1.5029082222763195e-08
3.692915522 2.379043887071288e-06
3.694266753 3.132513870883634e-06
3.6956179849999997 4.019402085457898e-07
3.696969216 1e-08
3.698320448 2.532280465380153e-08
3.699671679 2.6535131028159184e-06
3.701022911 6.27423020362237e-06
3.702374142 4.269119350357252e-06
3.703725373 2.188262686430457e-06
3.7050766050000004 1.46692967645951e-06
3.706427836 1.5643745089652568e-06
3.707779068 1.2795223993643703e-06
3.709130299 5.168831993558198e-06
3.710481531 8.807869979918767e-06
3.711832762 1.052291469034059e-05
3.713183993 8.939365237491035e-06
3.714535225 4.16792440298825e-06
3.7158864560000002 3.1573567977118987e-07
3.717237688 2.2223913605338465e-08
3.7185889189999997 1e-08
3.719940151 1e-08
3.721291382 3.8989598422200957e-08
3.7226426139999997 7.403501549388277e-07
3.723993845 2.1588138554900297e-06
3.725345076 4.720851387313005e-06
3.726696308 1.7436042492359925e-06
3.7280475390000003 4.672295350819498e-08
3.729398771 5.17734297146287e-07
3.730750002 9.13452681186937e-06
3.7321012340000004 1.14509441320903e-05
3.733452465 8.964666364221482e-06
3.7348036959999997 5.707472649559803e-06
3.736154928 4.672186426284255e-06
3.737506159 4.454620206281874e-06
3.738857391 4.3911212373929556e-06
3.740208622 4.5135745882027645e-06
3.741559854 3.809022023756282e-06
3.7429110850000002 4.610376322296123e-06
3.744262317 4.95405723681403e-06
3.7456135479999997 4.483030538116923e-06
3.746964779 6.850875225563689e-06
3.748316011 1.0236251355026538e-05
3.749667242 8.266714763940814e-06
3.751018474 4.100585746651484e-06
3.752369705 4.80364709315106e-06
3.753720937 7.802654112821958e-06
3.7550721680000003 7.6983975090807e-06
3.7564234 4.100857051311505e-06
3.757774631 9.364414952421633e-06
3.759125862 9.211673034940964e-06
3.7604770939999996 4.208449843869605e-06
3.7618283249999998 2.6036774043471378e-06
3.763179557 5.043416715680642e-08
3.764530788 2.004853974510389e-07
3.76588202 5.0042120337734014e-06
3.767233251 7.2300680046376295e-06
3.768584482 6.64155694469701e-06
3.7699357140000003 4.502443502126274e-06
3.771286945 1.9080196272774684e-06
3.7726381769999997 6.456002526832518e-08
3.773989408 6.506665297321218e-08
3.77534064 2.0818513117701376e-06
3.776691871 3.6730505714776774e-06
3.778043103 1.3153540163853686e-06
3.779394334 1.1860610913482714e-07
3.780745565 1.2863377611789714e-06
3.7820967970000003 3.397957247389145e-06
3.7834480279999996 6.040375833036076e-06
3.7847992599999998 5.0394557706621376e-06
3.786150491 4.9863676784216505e-06
3.7875017229999997 4.072183277626116e-06
3.7888529539999998 3.9969180863994095e-06
3.790204185 2.7439155310360313e-06
3.791555417 2.5586166298991683e-06
3.792906648 2.5843079698194688e-06
3.79425788 3.56043201026423e-06
3.795609111 1.030579340149775e-05
3.7969603430000003 9.81993735820879e-06
3.798311574 6.585194935914653e-06
3.7996628059999997 4.528039738116906e-06
3.801014037 3.205552625748408e-06
3.802365268 2.1572356427544224e-06
3.8037165 1.9679015741944638e-06
3.8050677310000003 4.231167405600814e-06
3.806418963 9.417819088283075e-06
3.807770194 1.3097724790432052e-05
3.8091214260000004 8.93623253395752e-06
3.8104726569999996 3.194498591073656e-08
3.811823889 1e-08
3.81317512 6.758566380596665e-08
3.814526351 3.590211041437323e-07
3.815877583 5.726931418937211e-07
3.817228814 1.4962662137982696e-06
3.818580046 5.956578694626623e-06
3.8199312770000002 3.0120775613870802e-06
3.821282509 2.9414344659248197e-06
3.82263374 3.352418298462498e-06
3.823984971 3.969973563048017e-06
3.825336203 2.5492584021561115e-06
3.826687434 2.0929200138911105e-07
3.828038666 1e-08
3.829389897 1.2617924214396251e-08
3.830741129 8.27987911665024e-08
3.8320923600000003 1.0922833133028783e-06
3.833443592 4.247150732061931e-08
3.834794823 1e-08
3.836146054 1e-08
3.8374972859999996 1e-08
3.8388485169999997 1e-08
3.840199749 1.851584156299529e-06
3.84155098 6.996827513744179e-06
3.842902212 9.218985198883189e-06
3.844253443 9.881523005117873e-06
3.845604674 7.3122137703147064e-06
3.8469559060000003 4.826668675121744e-06
3.848307137 2.7776928197701893e-06
3.849658369 7.393178072315805e-07
3.8510096 1.2095176228266728e-06
3.852360832 3.2461872616432027e-06
3.853712063 4.2682672701825216e-06
3.855063295 3.390708672643636e-06
3.856414526 2.5236465544384755e-06
3.857765757 3.05363362901569e-06
3.859116989 4.201596927896113e-06
3.86046822 5.672582479926386e-06
3.861819452 9.264714003589466e-06
3.863170683 9.108611404275032e-06
3.8645219149999996 1.1406069074846163e-05
3.8658731459999998 1.4547102973840414e-05
3.867224377 1.4754048445882212e-05
3.868575609 1.224404579906018e-05
3.86992684 1.067507912930593e-05
3.871278072 8.714756370124243e-06
3.872629303 4.811092470886154e-06
3.8739805350000003 2.616684850635573e-06
3.875331766 7.651195208423856e-06
3.876682998 1.4458073853920309e-05
3.878034229 8.676673504996405e-06
3.87938546 4.8386280039761595e-06
3.880736692 5.849351689217768e-06
3.882087923 9.12865709818273e-06
3.883439155 8.351293330096307e-06
3.884790386 4.530600023105259e-06
3.886141618 1.6565923197292692e-06
3.887492849 7.192501392923183e-07
3.8888440810000002 2.8260151962545343e-08
3.890195312 1e-08
3.891546543 1.2772260905507397e-07
3.892897775 3.952173519991107e-06
3.894249006 5.464509656541482e-06
3.895600238 3.4942742247490052e-06
3.8969514690000002 5.636994366617004e-07
3.898302701 1.2972561815974642e-08
3.899653932 1.5619758821587137e-06
3.9010051629999998 2.645966590821297e-06
3.902356395 3.927264337184178e-06
3.903707626 7.89814403378033e-06
3.905058858 9.576345173701236e-06
3.906410089 7.364864478089853e-06
3.9077613209999997 4.628025120344465e-06
3.909112552 2.612782683049197e-06
3.910463784 1.3685839938271562e-06
3.911815015 1.3125954424125958e-06
3.913166246 5.538067405254896e-06
3.914517478 1.327013658736047e-05
3.9158687089999997 1.6369523713687314e-05
3.917219941 9.39020466743728e-06
3.918571172 1.4925222932322623e-06
3.919922404 1.2524009033394758e-06
3.921273635 2.810074163018373e-08
3.922624866 1e-08
3.9239760980000002 1.6651293682005138e-07
3.9253273290000004 3.356216209324005e-06
3.926678561 2.3757986358793257e-06
3.928029792 3.3856322221095316e-07
3.929381024 1.4477200990737207e-08
3.9307322549999997 1.3440989341172765e-06
3.932083487 1.931606791138424e-06
3.933434718 2.548617528877263e-06
3.934785949 1.9677146371767676e-06
3.936137181 1.7251991491616044e-06
3.937488412 8.505759130009084e-07
3.938839644 5.278947526093024e-08
3.940190875 1e-08
3.941542107 1e-08
3.9428933379999997 1.420394833697393e-08
3.944244569 1.9414873897021544e-07
3.945595801 1.020751842793034e-08
3.946947032 3.2806065222091405e-07
3.948298264 1.7152223841649038e-06
3.949649495 2.538484760975068e-06
3.9510007270000003 2.5147025469765307e-06
3.9523519580000004 1.0966346985144063e-07
3.95370319 7.537735961845332e-08
3.955054421 4.285183146758487e-06
3.956405652 5.392059671024034e-06
3.9577568839999997 1.9315742603030693e-06
3.959108115 1.1958477341163006e-08
3.960459347 9.596528621951794e-08
3.961810578 9.808388966139264e-07
3.96316181 1.855927671581088e-06
3.964513041 6.40182870496919e-06
3.965864273 7.0736434602421e-06
3.967215504 1.0393216744750633e-05
3.968566735 9.409803505008376e-06
3.9699179669999998 4.623360308497752e-06
3.971269198 9.054686489115417e-07
3.97262043 1.7686051661572595e-06
3.973971661 3.836225494033206e-06
3.975322893 4.433840000803696e-06
3.976674124 3.807906678487851e-06
3.978025355 2.21393508134712e-06
3.9793765870000004 7.296301895654715e-06
3.9807278179999996 9.824696160703771e-06
3.98207905 1.143480510379247e-05
3.983430281 1.2547439034941455e-05
3.9847815129999997 1.1709775234732826e-05
3.986132744 7.743504084557797e-06
3.987483976 1.7707751762295264e-06
3.988835207 2.4379487841442255e-06
3.9901864380000003 3.009433568599056e-06
3.99153767 2.1602708193659818e-06
3.9928889009999997 4.025319409048096e-06
3.994240133 4.718021245604205e-06
3.995591364 9.470198813911234e-07
3.996942596 1.9908397183358423e-08
3.998293827 1.2115434414813434e-07
3.999645058 1.6958689931229614e-06
4.00099629 2.5174972689886796e-06
4.002347521 5.242653489158702e-07
4.003698753 1.4591127902047501e-08
4.005049984 3.3997126495111372e-06
4.006401216 3.7762720298655663e-06
4.007752447 3.870444106268631e-06
4.009103679 4.4943310982660194e-06
4.01045491 5.308000036796265e-06
4.011806141 9.117529052914754e-06
4.013157373 8.848829367865194e-06
4.014508604 2.5464303120643e-06
4.015859836 1.1576851843486601e-08
4.017211067 1e-08
4.018562299 1e-08
4.01991353 1e-08
4.021264761 6.902302517317507e-08
4.022615993 2.631716197685634e-06
4.023967224 3.6782089319987625e-06
4.025318456 4.9553120694e-06
4.026669687 5.958619034094427e-06
4.028020919 6.867929812301365e-06
4.02937215 1.1403329382354295e-05
4.030723382 1.0706439883051193e-05
4.032074613 4.540750998856854e-06
4.033425844 4.653022486853491e-07
4.034777076 1.1680786918565624e-08
4.036128307 5.966241920550526e-07
4.037479539 9.234058013017831e-07
4.03883077 3.2169149272648893e-06
4.040182002 5.046927768506269e-06
4.041533233 1.3476963535526325e-06
4.042884465 1.0515423532786559e-06
4.044235696 6.949627978981797e-06
4.0455869269999996 1.0302197540400875e-05
4.046938159 1.1418848758516294e-05
4.04828939 1.2036491028929835e-05
4.049640622 1.0958116386624331e-05
4.050991853 8.922908825094453e-06
4.052343085 7.305302889284764e-06
4.053694316 8.528483929871373e-06
4.055045547 9.800592283549238e-06
4.056396779 7.03728480106002e-06
4.05774801 4.765855359368459e-06
4.059099241999999 5.258116766531912e-06
4.0604504729999995 7.997432506183172e-06
4.061801705 1.09645384683928e-05
4.063152936 1.338779483363446e-05
4.064504168 1.2575397724191174e-05
4.065855399 7.807374663111603e-06
4.06720663 5.151925173676033e-06
4.0685578620000005 7.842340705776926e-06
4.069909093000001 9.838518099040994e-06
4.071260325 5.926452689854215e-06
4.072611556 3.5864230139452587e-06
4.073962788 4.11846442355672e-06
4.075314019 3.197504591836668e-06
4.07666525 1.6633852559021962e-06
4.078016482 1.2600633877277555e-06
4.079367713 3.523093354772016e-06
4.080718945 6.010448830175182e-06
4.082070176 6.228087875191847e-06
4.083421408 8.908023017140408e-06
4.084772639 1.0818977583097935e-05
4.086123871 1.0815635688951454e-05
4.087475102 8.44029257001983e-06
4.088826333 6.581508059629685e-06
4.090177565 5.890152886796983e-06
4.091528796 5.402505945899534e-06
4.092880028 4.141678630796332e-06
4.094231259 9.044933747747183e-07
4.095582491 3.042645076564897e-06
4.096933722 2.7036157372755314e-06
4.098284953 1.4053028044028043e-06
4.0996361850000005 2.681582798963775e-06
4.100987416 4.023083969980241e-06
4.102338648 3.877850053042283e-06
4.103689878999999 6.094959360434244e-07
4.105041110999999 1.5327201174999487e-06
4.106392342 4.826330473199077e-06
4.107743574 8.164498440137497e-06
4.109094805 7.957227140607037e-06
4.110446036 3.7543228861388774e-06
4.111797268 1.2919680169286106e-06
4.113148499 2.8671000958093845e-06
4.1144997309999995 9.45477381531839e-06
4.115850962000001 1.4390403907582007e-05
4.117202194000001 1.260887454940472e-05
4.118553425 6.540880858149564e-06
4.119904657 3.291884355299559e-06
4.121255887999999 4.682991077520891e-06
4.122607119 9.149359301390434e-06
4.123958351000001 1.1200301056465803e-05
4.125309582 9.908760142957552e-06
4.126660814 6.443818625367941e-06
4.128012045 2.3753559794910557e-06
4.129363277 5.484194371895468e-07
4.130714508 1.769255894810262e-08
4.132065739 1e-08
4.133416971 1e-08
4.134768202 2.0388740294874593e-08
4.136119434 2.0217394873015923e-06
4.1374706649999995 4.171146326854938e-06
4.138821897 3.960248616490542e-06
4.140173128000001 1.1983547564784303e-07
4.14152436 1e-08
4.142875591 1e-08
4.144226821999999 1e-08
4.145578054 7.824308870202119e-07
4.146929285000001 4.261639046230731e-06
4.148280517 2.309555860600855e-06
4.149631748 1.7274272806224951e-06
4.15098298 5.683556830931002e-07
4.152334211 1.1598017457179315e-06
4.153685442 5.728220562529193e-06
4.155036674 3.956102503963892e-06
4.156387905 4.150174255653383e-07
4.157739136999999 1.222793365316886e-08
4.159090368 1.191801451537911e-06
4.1604416 4.25276204459378e-06
4.161792831 6.531395296466351e-06
4.163144063 8.336043788346094e-06
4.164495294 8.7664778535541e-06
4.165846525 6.774314405753357e-06
4.167197757 4.72438356087208e-06
4.1685489879999995 5.5769539522351626e-06
4.169900220000001 4.60694151614806e-06
4.171251451 4.049821638352884e-06
4.172602683 5.952016552475727e-06
4.173953914 9.218973477596082e-06
4.1753051459999995 1.0179077992911515e-05
4.1766563770000005 1.2815338265636347e-05
4.178007608 1.0899244593192551e-05
4.17935884 1.0653415991621637e-05
4.180710071 8.838860348931243e-06
4.182061303 6.548183327421919e-06
4.183412534 5.674400798106778e-06
4.184763766 5.808971747324303e-06
4.186114997 6.447649067002588e-06
4.187466228 7.950218710896787e-06
4.18881746 9.78862357394929e-06
4.190168691 1.1311567193266683e-05
4.1915199229999995 1.2353874126100376e-05
4.1928711540000005 1.4089782302760822e-05
4.194222386000001 1.6841535821405214e-05
4.195573617 1.823948250100762e-05
4.196924849 1.903608355670856e-05
4.198276079999999 2.0692778915700722e-05
4.199627311 2.3143340106839527e-05
4.200978543 2.385558823252817e-05
4.202329774 2.3640143445422167e-05
4.203681006 2.6057252364092566e-05
4.205032237 2.728366918835836e-05
4.206383469 2.7222745529100946e-05
4.2077347 2.595637722608288e-05
4.209085931 2.515252691628451e-05
4.210437163 2.373451520524526e-05
4.211788394 2.0310614860793116e-05
4.213139626 2.0024367260624998e-05
4.2144908569999995 2.436399805787204e-05
4.215842089 2.66070139923278e-05
4.217193320000001 2.8820431130398006e-05
4.218544552 2.6421052099838532e-05
4.219895783 1.886064001872993e-05
4.221247013999999 1.7075889392670505e-05
4.2225982459999996 1.8166306839413983e-05
4.223949477 2.260169153469772e-05
4.225300709 2.6642131800037623e-05
4.22665194 2.454298558375438e-05
4.228003171999999 2.0394282641278215e-05
4.229354403 1.7625828101712306e-05
4.2307056339999995 1.2627772388461559e-05
4.232056866 8.771549425144323e-06
4.233408097000001 7.0605089535529916e-06
4.234759329 6.262998065124845e-06
4.23611056 5.290417509945253e-06
4.237461792 4.285752788243404e-06
4.238813023 1.8880068950208255e-06
4.240164255 1.3711673116138765e-06
4.241515486 1.4572587265305783e-07
4.242866717 1.3686984026978248e-08
4.244217949 1.1072165834208548e-06
4.24556918 4.463696772429365e-06
4.246920412000001 6.9683098438303965e-06
4.248271643 4.527803872021122e-06
4.249622875 2.8973315415749437e-06
4.250974105999999 4.6757307371205224e-07
4.2523253379999995 3.071476534285902e-08
4.2536765690000005 1e-08
4.2550278 1e-08
4.256379032 1e-08
4.257730263 1e-08
4.259081495 1e-08
4.260432726 1.5328538339274765e-08
4.261783958 4.176192787877759e-07
4.263135189 2.063820386142117e-06
4.26448642 3.4127676261194908e-06
4.265837652 3.2709525825620134e-06
4.267188883 9.369339452929004e-07
4.2685401149999995 1.6667627933467456e-08
4.2698913460000005 1e-08
4.271242578000001 1.3598909146161903e-08
4.272593809 5.367433882751169e-08
4.273945041 1.7547564930135305e-06
4.275296271999999 9.086691750603782e-07
4.276647503 6.627743853020617e-08
4.277998735 1e-08
4.279349966 1e-08
4.280701198 3.604314595656939e-08
4.282052429 2.2215399926086178e-07
4.283403661 7.007805727606964e-07
4.284754892 5.771129373793845e-07
4.286106123 1.7670265415934252e-08
4.287457355 1e-08
4.288808586 1e-08
4.290159818 1e-08
4.2915110489999995 1e-08
4.292862281 1e-08
4.294213512000001 3.627566702762912e-08
4.295564744 2.301075179223987e-06
4.296915975 3.3372917256826744e-06
4.298267206 5.595858783839708e-08
4.299618438 1e-08
4.300969669 1e-08
4.302320901 1e-08
4.303672132 2.504189503733648e-08
4.305023363999999 2.39817378253936e-07
4.306374595 2.728000024788485e-06
4.3077258259999995 3.693816152358044e-06
4.309077058 1.5583558948767143e-06
4.310428289000001 9.705674136215407e-08
4.311779521 1e-08
4.313130752 1e-08
4.314481984 2.893334294941434e-07
4.315833215 2.810245324572547e-06
4.317184447 3.4792985256657217e-06
4.318535678 2.754242863482425e-06
4.319886909 1.4325918700361755e-06
4.321238141 9.208158800789639e-08
4.322589372 1e-08
4.323940604000001 1e-08
4.325291835 1e-08
4.326643067 1e-08
4.327994297999999 1e-08
4.329345529999999 1e-08
4.3306967610000004 5.105597074378517e-07
4.332047992 5.567185013391264e-06
4.333399224 9.045040910490824e-06
4.334750455 8.59179929295125e-06
4.336101687 7.345242800238001e-06
4.337452918 5.4140804399122946e-06
4.33880415 1.466958474473711e-06
4.340155381 1.615371357373302e-08
4.341506612 1e-08
4.342857844 4.435732691371964e-08
4.344209075 1.66330133384624e-06
4.3455603069999995 8.292042394884431e-07
4.3469115380000005 8.632933903740497e-08
4.34826277 4.7576484374926715e-07
4.349614001 5.224588369636318e-07
4.350965233 1.5124570546448986e-08
4.352316464 1e-08
4.353667695 1e-08
4.355018927 1.1217078931510068e-08
4.356370158 4.3511528364819825e-07
4.35772139 6.786488029161206e-08
4.359072621 1e-08
4.360423853 1e-08
4.361775084 1e-08
4.363126315000001 1e-08
4.364477547000001 1e-08
4.365828778 1e-08
4.36718001 1e-08
4.3685312409999995 1e-08
4.369882473 1.3938463644777604e-08
4.371233704 3.4459899864834297e-07
4.372584936 1.6228653375574808e-06
4.373936167 3.446098806989829e-06
4.375287398 4.461492662380053e-06
4.37663863 2.9821172735568654e-06
4.377989861 7.748451791493091e-08
4.379341093 1e-08
4.380692324 1e-08
4.382043555999999 1e-08
4.383394787 1e-08
4.3847460179999995 1e-08
4.38609725 1e-08
4.387448481000001 1e-08
4.388799713 1e-08
4.390150944 1e-08
4.391502176 1e-08
4.392853407 1e-08
4.394204639 1e-08
4.39555587 1e-08
4.396907101 1e-08
4.398258332999999 1e-08
4.399609564 1e-08
4.400960796000001 1e-08
4.402312027 1e-08
4.403663259 1e-08
4.405014489999999 1e-08
4.406365721999999 1e-08
4.407716953 1e-08
4.409068184 1e-08
4.410419416 1e-08
4.411770647 1e-08
4.413121879 1e-08
4.41447311 1e-08
4.415824342 1e-08
4.417175573000001 1e-08
4.418526804 1e-08
4.419878036 1e-08
4.421229266999999 1.6871357338324487e-07
4.4225804989999995 1.3485808564809992e-06
4.4239317300000005 2.5696910937645988e-06
4.425282962 2.1343683897161353e-06
4.426634193 1.59653714537426e-06
4.427985425 2.4576620925223606e-07
4.429336656 1.0012179847536091e-08
4.430687887 1e-08
4.432039119 5.2874408517132095e-08
4.43339035 6.731537625407104e-07
4.434741582 1.4934405421616552e-08
4.436092813 1e-08
4.437444045 1e-08
4.438795276 1e-08
4.440146507000001 4.7630829387273787e-07
4.441497739000001 4.220328580776522e-06
4.44284897 8.589223199475167e-06
4.444200202 9.324076684746168e-06
4.445551432999999 6.0276351723563745e-06
4.446902665 9.97929859375951e-07
4.448253896 1.3122899483738493e-08
4.449605128 1e-08
4.450956359 1e-08
4.45230759 1e-08
4.453658822 1e-08
4.455010053 1e-08
4.456361285 1e-08
4.457712516 1e-08
4.459063747999999 1e-08
4.460414979 1e-08
4.4617662110000005 1e-08
4.463117442 1e-08
4.464468673000001 1e-08
4.465819905 1e-08
4.467171136 1e-08
4.468522368 1.1577998038330046e-07
4.469873599 2.1220700414558698e-06
4.471224831000001 1.5624914717162114e-06
4.472576062 1.6275953511395147e-06
4.473927293 4.375005873940192e-06
4.475278524999999 4.895369406237764e-06
4.476629756 3.047679385913907e-06
4.4779809880000006 4.151745029175116e-06
4.479332219 2.6764544735887625e-06
4.480683451 8.847742854753507e-07
4.482034682 4.8161473316587655e-08
4.483385914 1e-08
4.484737145 1e-08
4.486088376 1e-08
4.487439608 1e-08
4.488790839 1e-08
4.490142071 1e-08
4.491493302 1e-08
4.492844534 1e-08
4.494195765000001 1e-08
4.495546996 1e-08
4.496898228 1e-08
4.498249458999999 1e-08
4.4996006909999995 1e-08
4.5009519220000005 1.5026714171787984e-08
4.502303154 1.1589309818776312e-07
4.503654385 1.9865810007972446e-08
4.505005617 1e-08
4.506356848 1e-08
4.507708079 1e-08
4.509059311 1e-08
4.510410542 1.2333008168963007e-08
4.511761774 6.017184283445198e-07
4.513113005 3.803274550893262e-06
4.514464237 5.391803528826597e-06
4.5158154679999996 5.835836990872519e-06
4.517166699000001 6.04763758876371e-06
4.518517931 5.891589131363141e-06
4.519869162 5.127666306387319e-06
4.521220394 9.620787844690887e-07
4.522571624999999 9.525361582189103e-08
4.523922857 1.0919768147394978e-08
4.525274088 1e-08
4.52662532 1e-08
4.527976551 1e-08
4.529327782 1e-08
4.530679014 1e-08
4.532030245 1.0752877259324144e-08
4.533381477 9.420106385261748e-08
4.534732708 5.415519874510554e-08
4.53608394 1e-08
4.537435171 1e-08
4.5387864030000005 1e-08
4.540137634 1e-08
4.541488865 1e-08
4.542840097 1e-08
4.544191328 1e-08
4.5455425599999995 1e-08
4.5468937910000005 1e-08
4.548245023000001 1e-08
4.549596254 1e-08
4.550947485 1e-08
4.552298716999999 2.5740972655539652e-08
4.553649948 3.0714780023244765e-06
4.5550011800000005 8.775619725963773e-06
4.556352411 1.1227232166806545e-05
4.557703643 1.0927348270336997e-05
4.559054874 8.060835799193509e-06
4.560406106 4.566497650678254e-06
4.561757337 1.870150997302408e-06
4.563108568 4.0948792548126155e-08
4.5644598 1e-08
4.565811031 1e-08
4.567162263 1e-08
4.568513493999999 1e-08
4.569864726 1e-08
4.571215957000001 1e-08
4.572567188 1e-08
4.57391842 1e-08
4.575269650999999 2.632897656874215e-07
4.5766208829999995 3.3738191476145333e-06
4.5779721140000005 1.4234787474449372e-05
4.579323346 1.568725892109892e-05
4.580674577 1.4349945953651992e-05
4.582025809 1.3907054764040317e-05
4.58337704 1.6547653501459347e-05
4.584728271 1.8373523735141808e-05
4.586079503 1.9129261682516208e-05
4.587430734 1.33595684482175e-05
4.588781966 7.295159341932224e-07
4.590133197 1e-08
4.591484429 1e-08
4.5928356599999995 1e-08
4.5941868910000005 1e-08
4.595538123 3.381022282577292e-08
4.596889354 2.62753792133012e-07
4.598240586 2.8175171522351873e-06
4.599591817 4.4427198608805825e-06
4.6009430490000005 6.465333168417059e-06
4.60229428 1.3065784713848606e-05
4.603645512 2.090114911579691e-05
4.604996743 3.686658428159481e-05
4.606347974 5.4299518062733496e-05
4.607699206 6.728750911172279e-05
4.609050437 7.845323116739554e-05
4.610401669 8.623741518119718e-05
4.611752900000001 9.573295567923948e-05
4.613104132 0.00010607084176266592
4.614455363 0.00011573065524407213
4.6158065950000005 0.00012467344643254778
4.617157826 0.0001360406097240063
4.618509057 0.00015259693342331424
4.619860289 0.00017128947448725226
4.62121152 0.00019189750844962936
4.622562751999999 0.00021312931578762188
4.6239139830000004 0.00023586416281832514
4.625265215000001 0.00025978091495314974
4.626616446 0.00028311516941329347
4.627967677 0.00031082955565652
4.629318908999999 0.00034246572083607564
4.63067014 0.00037830498688332077
4.6320213720000005 0.00041122221276976094
4.633372603 0.00044331721412671184
4.634723835 0.0004770685818064835
4.636075066 0.0005184816994153752
4.637426298 0.0005678825871302712
4.638777529 0.0006328794519295218
4.64012876 0.0007160582731896426
4.641479992 0.000821057718643032
4.642831223 0.0009540557105823201
4.644182455 0.001109879020669362
4.645533685999999 0.0012928458362773479
4.646884918 0.0015150222529058462
4.648236149000001 0.001774945732074734
4.64958738 0.0020768219227851213
4.650938612 0.0024229845806125923
4.652289842999999 0.0028275016154620486
4.6536410749999995 0.003306346397832327
4.6549923060000005 0.003869833483887766
4.656343538 0.004534579541658503
4.657694769 0.005332335716653699
4.659046001 0.006311184319977347
4.660397232 0.007501951815035577
4.661748463 0.00898612741751459
4.663099695 0.010817836916544657
4.664450926000001 0.013075888112912121
4.665802158 0.015986173989275737
4.667153389 0.019642705671257185
4.668504621 0.02428750622399782
4.6698558519999995 0.030377625992138457
4.6712070830000005 0.038230025188122366
4.672558315 0.048575565920937785
4.673909546 0.06236879543202295
4.675260778 0.08049255028153063
4.676612009 0.10471212659177345
4.6779632410000005 0.13641758816998867
4.679314472 0.17765012989439344
4.680665704 0.22886741274124447
4.682016935 0.2901844384947932
4.683368166 0.36277127967075357
4.684719398 0.43380254233817217
4.686070629 0.5068431853761237
4.687421861 0.5732754992763848
4.688773092 0.6216105200850536
4.690124324 0.6615921448966899
4.691475555 0.6845516633835284
4.6928267869999996 0.6971909407912823
4.694178018 0.7042460974103095
4.695529249 0.7051819639615495
4.696880481 0.705336520487435
4.698231712 0.704844638793935
4.699582943999999 0.7049999848631462
4.700934175 0.7054405515363281
4.702285407000001 0.7062877279646371
4.703636638 0.7069628664616501
4.704987869 0.707278096526353
4.706339100999999 0.7065745364802304
4.707690332 0.7046692450610975
4.7090415640000005 0.7020382090205356
4.710392795 0.698092932265262
4.711744027 0.6939251708587351
4.713095258 0.6895334756624966
4.71444649 0.6860391494461677
4.7157977209999995 0.6833691955251255
4.717148952 0.6822142337112622
4.718500184000001 0.6827244810481738
4.719851415 0.6838706055585574
4.721202647 0.6852273124012135
4.722553877999999 0.6839137251813905
4.72390511 0.6804785963498631
4.725256341000001 0.665284622853822
4.726607572 0.6428294243943697
4.727958804 0.6095218251962747
4.729310035 0.5605812974903409
4.730661267 0.5070334723114548
4.7320124980000005 0.4422963288690094
4.73336373 0.3763632314045733
4.734714961 0.3145893538801509
4.736066193 0.25394616131665254
4.737417424 0.20304784808878257
4.738768654999999 0.1600133377935553
4.740119887 0.12513412307272156
4.741471118000001 0.09766923065015
4.74282235 0.07629802426023277
4.744173581 0.05986720265320336
4.745524813 0.047133180748622855
4.7468760439999995 0.037512515828578646
4.748227276 0.03000346224571569
4.749578507 0.024192970969730946
4.750929738 0.019687011209915263
4.75228097 0.016097241300196578
4.753632201 0.013299400138388736
4.7549834330000005 0.011051374172145587
4.756334664 0.009231934018023448
4.757685896 0.007777404221843334
4.759037127 0.006575866210307107
4.760388358 0.005596658869977393
4.76173959 0.004788443123036075
4.763090821 0.00410884240037838
4.764442053 0.003545013874342521
4.765793284 0.003068227011743415
4.767144516 0.002666296493821292
4.768495747 0.0023231049456904685
4.7698469789999995 0.0020245984602843014
4.77119821 0.0017616214287500245
4.772549441 0.0015346516507455579
4.773900673 0.00133817727966156
4.775251904 0.0011701717476100726
4.776603135999999 0.0010257174578964016
4.777954367 0.0009033675606870302
4.779305599000001 0.0008074466029289594
4.78065683 0.0007272593678560225
4.782008061000001 0.0006647428078310425
4.783359293 0.0006079416009368747
4.784710524 0.0005563789693552629
4.7860617560000005 0.0005088289768339657
4.787412987 0.000464770115727362
4.788764219 0.0004220852923887993
4.79011545 0.0003830126379475995
4.791466682 0.00034729343951034883
4.7928179129999995 0.0003139688779129176
4.7941691440000005 0.0002823429308696168
4.795520376000001 0.0002500005636722662
4.796871607 0.00022363707389531893
4.798222839 0.0002014264216071469
4.799574069999999 0.00018636482275437904
4.800925302 0.00016996885960042534
4.802276533000001 0.00014975078183218619
4.803627764 0.00012852601811868874
4.804978996 0.00010906785770439852
4.806330227 9.63873899154573e-05
4.807681459 8.566880759592603e-05
4.80903269 7.694554250788469e-05
4.810383922 6.888710447944566e-05
4.811735153 6.203199096892183e-05
4.813086384999999 5.463049483080602e-05
4.814437616 4.6649546974246475e-05
4.815788846999999 3.825949375589143e-05
4.817140079 2.9310769122153057e-05
4.818491310000001 2.1520134404973168e-05
4.819842542 1.3052631587692198e-05
4.821193773 6.494229455959424e-06
4.822545005 3.437866909189596e-06
4.8238962359999995 1.2513676400378188e-07
4.825247468 1e-08
4.826598699 1e-08
4.82794993 1e-08
4.829301162 1e-08
4.830652393 1e-08
4.8320036250000005 1e-08
4.833354856 1e-08
4.834706088 1e-08
4.836057318999999 1e-08
4.83740855 1e-08
4.838759782 1.2642187230308791e-08
4.840111013 5.025228637227742e-07
4.841462245 6.057521659187106e-06
4.842813476 7.825514213728042e-06
4.844164708 8.163465379952568e-06
4.845515939 7.972656453757781e-06
4.8468671709999995 7.303505353263832e-06
4.8482184020000005 7.125203643219589e-06
4.849569633 7.541085267537806e-06
4.850920865 8.116566006145305e-06
4.852272096 8.671991817348034e-06
4.853623327999999 6.898800122592392e-06
4.854974559 3.5880494810886103e-06
4.856325791000001 9.660910358921594e-07
4.857677022 7.661393286161869e-08
4.859028253 1.0157915031323826e-08
4.860379485 2.299969612192444e-08
4.861730716 8.931074587643636e-08
4.863081948 4.925967038435884e-07
4.864433179 1.0840128173061636e-06
4.865784411 3.1162761214967613e-06
4.867135642 2.153249363024246e-06
4.868486874 7.556096309459886e-07
4.8698381049999995 2.2983156897927962e-08
4.8711893360000005 3.791578332118057e-08
4.872540568000001 1.4395068258587862e-06
4.873891799 1.075989265681784e-06
4.875243031 3.186380403855654e-07
4.876594261999999 2.1837510761127338e-08
4.8779454939999995 1e-08
4.879296725000001 1e-08
4.880647956 1e-08
4.881999188 1e-08
4.883350419 1e-08
4.884701651 1e-08
4.8860528819999995 1e-08
4.887404114 1e-08
4.888755345 1e-08
4.890106576999999 1e-08
4.891457808 1e-08
4.892809038999999 1e-08
4.894160271 1e-08
4.895511502000001 1e-08
4.896862734 1e-08
4.898213965 1e-08
4.899565197 1e-08
4.900916428 1e-08
4.902267660000001 1e-08
4.903618891 1e-08
4.904970122 1e-08
4.906321354 1e-08
4.907672585 1e-08
4.9090238170000005 1e-08
4.910375048 1e-08
4.91172628 1e-08
4.913077511 1e-08
4.914428742 1e-08
4.915779974 1e-08
4.917131205 1e-08
4.918482437 1e-08
4.919833668 1e-08
4.9211849 1e-08
4.922536131 1e-08
4.9238873629999995 1e-08
4.9252385940000005 1e-08
4.926589825 1e-08
4.927941057 1e-08
4.929292288 1e-08
4.930643519999999 1e-08
4.931994751 1e-08
4.933345983000001 1e-08
4.934697214 1e-08
4.936048445 1e-08
4.937399677 1e-08
4.938750908 1e-08
4.94010214 1e-08
4.941453371 1e-08
4.942804603 1e-08
4.944155834 1e-08
4.945507066 1e-08
4.9468582969999995 1e-08
4.9482095280000005 1e-08
4.949560760000001 1e-08
4.950911991 1e-08
4.952263223 1e-08
4.953614453999999 1e-08
4.9549656859999995 1e-08
4.9563169170000005 1e-08
4.957668148 1e-08
4.95901938 1e-08
4.960370611 1e-08
4.961721843 1e-08
4.9630730739999995 1e-08
4.964424306 1e-08
4.965775537000001 1e-08
4.967126769 1e-08
4.968478 1e-08
4.969829230999999 1e-08
4.971180463 1e-08
4.972531694000001 1e-08
4.973882926 1e-08
4.975234157 1e-08
4.976585389 1e-08
4.97793662 1e-08
4.979287852000001 1e-08
4.980639083 1e-08
4.981990314 1e-08
4.983341545999999 1e-08
4.984692777 1e-08
4.986044009 1e-08
4.98739524 1e-08
4.988746472 1e-08
4.990097703 1e-08
4.991448934 1e-08
4.992800166 1e-08
4.9941513969999995 1e-08
4.995502629 1e-08
4.99685386 1e-08
4.998205092 1e-08
4.999556323 1e-08
5.0009075549999995 1e-08
5.0022587860000005 1e-08
5.003610017 1e-08
5.004961249 1e-08
5.006312479999999 1e-08
5.007663711999999 1e-08
5.009014943 1e-08
5.010366175 1e-08
5.011717406 1e-08
5.013068637 1e-08
5.014419869 1e-08
5.0157711 1e-08
5.017122332 1e-08
5.018473563 1e-08
5.019824795000001 1e-08
5.021176026 1e-08
5.022527258 1e-08
5.0238784889999994 1e-08
5.0252297200000005 1e-08
5.026580952000001 1e-08
5.027932183 1e-08
5.029283415 3.601761763794178e-08
5.030634646 1.261584340054633e-06
5.031985878 4.848569965700572e-06
5.033337109 5.359818787442589e-06
5.034688341 2.949656181803985e-06
5.036039572 1.3217665682945553e-06
5.037390803 5.117586224490935e-08
5.038742035 1e-08
5.0400932659999995 1e-08
5.041444498 1e-08
5.042795729000001 1e-08
5.044146961 1e-08
5.045498192 1e-08
5.046849422999999 1e-08
5.048200655 1e-08
5.049551886000001 1e-08
5.050903118 1e-08
5.052254349 1e-08
5.053605581 1.7611943370144525e-08
5.054956812 4.0187559310918524e-07
5.056308044000001 2.239512536001781e-06
5.057659275 2.1029488600186487e-06
5.059010506 2.039401574397921e-06
5.060361737999999 2.00758675922226e-06
5.061712969 2.4273654130714193e-06
5.063064201 3.0586681845872126e-06
5.064415432 4.89271484848188e-06
5.065766664 7.500184501472505e-06
5.067117895 9.661054590972511e-06
5.068469126 1.061081380754749e-05
5.069820358 8.829269829634894e-06
5.0711715889999995 4.643235859645346e-06
5.072522821 1.6300487379267546e-06
5.073874052 1.3478159715332264e-07
5.075225284 1.1926848357413312e-08
5.076576515 1.11048217559469e-07
5.0779277469999995 5.4021672680451765e-06
5.0792789780000005 5.28762505294412e-06
5.080630209 4.518777358411705e-06
5.081981441 2.0510848985139116e-06
5.083332671999999 4.225645837126894e-07
5.084683904 2.3729366285336255e-08
5.086035135 1e-08
5.087386367 1e-08
5.088737598 1e-08
5.090088829 1e-08
5.091440061 1e-08
5.092791292 1e-08
5.094142524 1e-08
5.095493755000001 1e-08
5.096844987000001 1e-08
5.098196218 1e-08
5.09954745 1e-08
5.100898680999999 1e-08
5.102249912 1e-08
5.103601144000001 1e-08
5.104952375 1e-08
5.106303607 1e-08
5.107654838 1e-08
5.10900607 1e-08
5.110357301 1e-08
5.111708533 1e-08
5.113059764 1e-08
5.114410995 1e-08
5.115762227 1e-08
5.1171134579999995 1e-08
5.11846469 1e-08
5.119815921000001 1e-08
5.121167153 1e-08
5.122518384 1e-08
5.123869614999999 1e-08
5.125220847 1e-08
5.126572078000001 1e-08
5.12792331 1e-08
5.129274541 1e-08
5.130625772999999 1e-08
5.131977004 1e-08
5.1333282360000005 1e-08
5.134679467 1e-08
5.136030698 1e-08
5.137381929999999 1e-08
5.138733161 1e-08
5.140084393 1e-08
5.141435624 1e-08
5.142786856 1e-08
5.144138087 1e-08
5.145489318 1e-08
5.14684055 1e-08
5.148191781 1e-08
5.149543013000001 1e-08
5.150894244 1e-08
5.152245476 1e-08
5.153596706999999 1e-08
5.1549479389999995 1e-08
5.1562991700000005 1e-08
5.157650401 1e-08
5.159001633 1e-08
5.160352864 1e-08
5.161704096 1e-08
5.163055327 1e-08
5.164406559 1e-08
5.16575779 1e-08
5.167109021 1e-08
5.168460253 1e-08
5.169811484 1e-08
5.1711627159999995 1e-08
5.172513947000001 1e-08
5.173865179000001 1e-08
5.17521641 1e-08
5.176567642 1e-08
5.177918872999999 1e-08
5.179270104 1e-08
5.180621336 1e-08
5.181972567 1e-08
5.183323799 1e-08
5.18467503 1e-08
5.186026262 1e-08
5.187377493 1e-08
5.188728725 1e-08
5.190079956 1e-08
5.191431187 1e-08
5.192782419 1e-08
5.1941336499999995 1e-08
5.195484882 1e-08
5.196836113000001 1e-08
5.198187345 1e-08
5.199538576 1e-08
5.200889806999999 1e-08
5.202241039 1e-08
5.20359227 1e-08
5.204943502 1e-08
5.206294733 1e-08
5.207645964999999 1e-08
5.208997196 1e-08
5.2103484280000005 1e-08
5.211699659 1e-08
5.213050890000001 1e-08
5.214402122 1e-08
5.215753353 1e-08
5.217104585 1e-08
5.218455816 1e-08
5.219807048 1e-08
5.221158279 1.0449225966694958e-08
5.22250951 4.893515782631857e-08
5.223860742 2.8985720905204e-07
5.225211973 3.2072459083737824e-08
5.226563205000001 1e-08
5.227914436 1e-08
5.229265668 1e-08
5.230616898999999 1e-08
5.2319681309999995 1e-08
5.2333193620000005 1e-08
5.234670593 1e-08
5.236021825 1e-08
5.237373056 1e-08
5.238724288 1e-08
5.240075519 1e-08
5.241426751 1e-08
5.242777982 1e-08
5.244129213 1e-08
5.245480445 1e-08
5.246831676 1e-08
5.2481829079999995 1e-08
5.2495341390000005 1e-08
5.250885371000001 1e-08
5.252236602 1e-08
5.253587834 1e-08
5.254939064999999 1e-08
5.256290296 1e-08
5.257641528 1e-08
5.258992759 1e-08
5.260343991 1e-08
5.261695222 1e-08
5.263046454 1e-08
5.264397685 1e-08
5.265748917 1e-08
5.267100148000001 1e-08
5.268451379 1e-08
5.269802611 1e-08
5.2711538419999995 1e-08
5.272505074 1e-08
5.273856305000001 1e-08
5.275207537 1e-08
5.276558768 1e-08
5.277909999 1e-08
5.279261231 1e-08
5.280612462 1e-08
5.281963694 1e-08
5.283314925 1e-08
5.284666156999999 1e-08
5.286017388 1e-08
5.2873686200000005 1e-08
5.288719851 1e-08
5.290071082000001 1e-08
5.291422314 1e-08
5.292773545 1e-08
5.294124777 1e-08
5.295476008 1e-08
5.29682724 1e-08
5.298178471 1e-08
5.299529702 1e-08
5.300880933999999 1e-08
5.302232165 1e-08
5.303583397000001 1e-08
5.304934628 1e-08
5.30628586 1e-08
5.307637090999999 1e-08
5.3089883229999995 1e-08
5.3103395540000005 1e-08
5.311690785 1e-08
5.313042017 1e-08
5.314393248 1e-08
5.31574448 1e-08
5.317095711 1e-08
5.318446943 1e-08
5.319798174 1e-08
5.321149405 1e-08
5.322500637 1e-08
5.323851867999999 1e-08
5.3252030999999995 1e-08
5.3265543310000005 1e-08
5.327905563 1e-08
5.329256794 1e-08
5.330608026 1e-08
5.331959257 1e-08
5.333310488 1e-08
5.33466172 1e-08
5.336012951 1e-08
5.337364183 1e-08
5.338715414 1e-08
5.340066646 1e-08
5.341417877 1e-08
5.342769109 1e-08
5.344120340000001 1e-08
5.345471571 1e-08
5.346822803 1e-08
5.3481740339999995 1e-08
5.349525266 1e-08
5.350876497 1e-08
5.352227729 1e-08
5.35357896 1e-08
5.354930191 1e-08
5.356281423 1e-08
5.357632654 1e-08
5.358983886 1e-08
5.360335117 1e-08
5.361686348999999 1e-08
5.36303758 1e-08
5.3643888120000005 1e-08
5.365740043 1e-08
5.367091274000001 1e-08
5.368442506 1e-08
5.369793737 1e-08
5.371144969 1e-08
5.3724962 1e-08
5.373847432 1e-08
5.375198663 1e-08
5.376549894 1e-08
5.377901125999999 1e-08
5.379252357 1e-08
5.380603589000001 1e-08
5.38195482 1e-08
5.383306052 1e-08
5.384657282999999 1e-08
5.386008515 1e-08
5.3873597460000004 1e-08
5.388710977 1e-08
5.390062209 1e-08
5.39141344 1e-08
5.392764672 1e-08
5.394115903 1e-08
5.395467135 1e-08
5.396818366000001 1e-08
5.398169598000001 1e-08
5.399520829 1e-08
5.400872059999999 1e-08
5.4022232919999995 1e-08
5.4035745230000005 1e-08
5.404925755 1e-08
5.406276986 1e-08
5.407628218 1e-08
5.408979449 1e-08
5.41033068 5.192731235215694e-08
5.411681912 6.638775478712298e-07
5.413033143 2.255797634291566e-06
5.414384375 6.385375011846958e-06
5.415735606 5.060998429174965e-06
5.417086838 2.88291741904211e-06
5.418438069 2.751168749645153e-07
5.419789301 1.823124348466402e-08
5.421140532000001 1e-08
5.422491763 1e-08
5.423842995 1e-08
5.4251942259999995 1e-08
5.426545458 1e-08
5.427896689 1e-08
5.429247921 1e-08
5.430599152 1e-08
5.431950383 1e-08
5.433301615 1e-08
5.434652846 1e-08
5.436004078 1e-08
5.437355309 1e-08
5.438706540999999 1e-08
5.440057772 1e-08
5.4414090040000005 1e-08
5.442760235 1e-08
5.444111466000001 1e-08
5.445462698 1e-08
5.446813929 1e-08
5.4481651609999995 1e-08
5.4495163920000005 1e-08
5.450867624000001 1e-08
5.452218855 1e-08
5.453570086 1e-08
5.454921317999999 1e-08
5.456272549 1e-08
5.457623781000001 1e-08
5.458975012 1e-08
5.460326244 1e-08
5.461677475 1e-08
5.463028707 1e-08
5.464379938 3.27956640436451e-08
5.465731169 2.625580990261416e-07
5.467082401 6.045159944727444e-07
5.468433632 9.185740778352911e-07
5.469784864 8.585669158570244e-07
5.471136094999999 6.087515802994178e-07
5.472487327 6.655382016703636e-07
5.473838558000001 1.1201398070456101e-06
5.47518979 1.6196977830397661e-06
5.476541021 1.7909209387841056e-06
5.477892251999999 1.0018766988951538e-06
5.4792434839999995 5.7754060156948927e-08
5.4805947150000005 1e-08
5.481945947 1e-08
5.483297178 1e-08
5.48464841 8.298181369725847e-08
5.485999641 2.1715013900545164e-06
5.487350872 5.4491579892308786e-06
5.488702104 7.146708318755838e-06
5.490053335 6.970121215897282e-06
5.491404567 5.751014708067606e-06
5.492755798 4.7377842880978115e-06
5.49410703 3.896730655994729e-06
5.495458261 3.255203125474755e-06
5.496809493 2.804666892961124e-06
5.498160724 1.4450702135037586e-06
5.499511955 7.391983442311773e-08
5.500863187 1e-08
5.502214417999999 1e-08
5.50356565 1e-08
5.504916881 1e-08
5.506268113 1e-08
5.507619344 1e-08
5.508970575 1e-08
5.510321807 1e-08
5.511673038 1e-08
5.51302427 1e-08
5.514375501000001 1e-08
5.515726733 1e-08
5.517077964 1e-08
5.5184291960000005 1e-08
5.519780427 1e-08
5.521131658 1e-08
5.52248289 1e-08
5.523834121 1e-08
5.5251853529999995 1e-08
5.5265365840000005 1e-08
5.527887816000001 1e-08
5.529239047 1e-08
5.530590278 1e-08
5.531941509999999 1e-08
5.533292741 1e-08
5.5346439730000005 1e-08
5.535995204 1e-08
5.537346436 1e-08
5.538697667 1e-08
5.540048899 1e-08
5.54140013 1e-08
5.542751361 1e-08
5.544102593 1e-08
5.545453824 1e-08
5.546805056 1e-08
5.548156286999999 1.232233255403987e-08
5.549507519 1.3811489749525827e-07
5.550858750000001 3.0570944319998514e-06
5.552209982 3.046821799194024e-06
5.553561213 2.755907244251384e-06
5.554912443999999 2.656463796846068e-07
5.5562636759999995 1.9081953147371414e-08
5.5576149070000005 1e-08
5.558966139 1e-08
5.56031737 1e-08
5.561668602 1e-08
5.563019833 1e-08
5.564371064 1e-08
5.565722296 1e-08
5.567073527 7.120633738188507e-08
5.568424759000001 1.4907105568823137e-06
5.56977599 3.8039564891220544e-06
5.571127222 4.366478494749663e-06
5.5724784529999996 3.908626058085732e-06
5.573829685 2.776877002256478e-06
5.575180916 2.1150260128781254e-06
5.576532147 2.016840333995926e-06
5.577883379 3.4058370811054177e-06
5.57923461 2.934999494433127e-06
5.5805858420000005 4.639143432930189e-06
5.581937073 5.905644242770004e-06
5.583288305 7.224996874190573e-06
5.584639536 6.881793987213706e-06
5.585990767 5.680632878673994e-06
5.587341999 3.5348061406842674e-06
5.58869323 1.4654364044352884e-06
5.590044462 5.639791169973398e-07
5.591395693000001 1.552095143000038e-07
5.592746925 4.628359002348805e-08
5.594098156 1.6018977162133887e-07
5.595449388 6.925160386199084e-07
5.596800619 7.026466435507607e-07
5.59815185 3.98700677042587e-07
5.599503082 1.1828788160667055e-07
5.600854313 2.18273139988704e-08
5.6022055449999995 1e-08
5.6035567760000005 1e-08
5.604908008000001 1e-08
