microns transmission
1.3845671689999999 1.4738537333608882e-05
1.386175261 5.586906209382351e-06
1.387783353 7.023248699413658e-06
1.389391445 2.7890410029969804e-06
1.390999537 6.309601438153261e-06
1.392607629 7.695075315783526e-06
1.3942157210000001 3.904275266857946e-06
1.395823813 7.572456465354924e-06
1.397431905 1.1514850226825593e-05
1.399039997 6.520063366163673e-06
1.400648089 3.2635835936368494e-06
1.402256181 3.879835939508391e-06
1.403864273 1.9163135289031825e-06
1.405472365 1.6947803138983641e-06
1.407080457 1.4872344936822183e-07
1.408688549 8.756285048241693e-06
1.410296641 1.3885536449313363e-05
1.411904732 1.87294616626162e-05
1.413512824 9.834956826335e-06
1.415120916 4.258469667930812e-06
1.4167290080000001 5.635518607316707e-06
1.4183371 7.238279291132281e-06
1.419945192 1.4404093306077867e-05
1.421553284 8.57112991044108e-06
1.423161376 6.653153459482815e-06
1.424769468 5.846926746156019e-06
1.42637756 1.2358925234228167e-05
1.427985652 1.4649534387598166e-05
1.429593744 1.4472786282434025e-05
1.431201836 8.522657953133058e-06
1.432809928 2.9087135540776403e-06
1.43441802 5.6697766997225595e-06
1.436026112 8.435107832279741e-06
1.4376342039999999 9.387448435338516e-06
1.439242296 1.0422277459163785e-05
1.440850388 8.793638796340938e-06
1.44245848 6.874774789249359e-06
1.444066571 1.0712894215551925e-05
1.445674663 1.0382033198691437e-05
1.447282755 5.317887107723262e-06
1.448890847 4.448029399352605e-06
1.450498939 6.739800561627774e-06
1.452107031 5.775305315976185e-06
1.453715123 5.485443649843714e-06
1.455323215 6.09464072805245e-06
1.456931307 5.5189661777985475e-06
1.458539399 8.261701228460648e-06
1.4601474909999999 1.3448813042253249e-05
1.461755583 1.5794061508379507e-05
1.463363675 1.3961906431949231e-05
1.464971767 1.7358495975483734e-06
1.4665798589999999 2.2356767885339888e-08
1.4681879510000002 4.554402948802753e-06
1.469796043 1.2449993742662715e-05
1.471404135 1.6219796682092813e-05
1.473012227 6.289589048723476e-06
1.474620319 1.8548186246685701e-06
1.47622841 9.361561319311272e-06
1.4778365020000002 9.894355845907943e-06
1.479444594 7.187364963695602e-06
1.481052686 7.982618289270235e-06
1.4826607779999998 4.9558737942846555e-06
1.4842688700000002 7.848351195299547e-06
1.485876962 1.4480076933777747e-05
1.487485054 6.0074320709370056e-06
1.4890931459999999 6.6444088362968644e-06
1.4907012380000002 1.0509645986729714e-06
1.49230933 1.0081656559951563e-07
1.493917422 2.2856111483501765e-06
1.495525514 4.474898983230203e-06
1.497133606 2.6419435150546176e-06
1.4987416980000001 8.423423963088458e-06
1.50034979 8.39589091397093e-06
1.501957882 9.219111199743506e-06
1.503565974 1.2196408621636387e-05
1.5051740660000001 1.1363873029640586e-05
1.506782158 8.14678744797204e-06
1.508390249 6.363357001663651e-06
1.509998341 4.026413542587091e-06
1.5116064329999999 5.537041925166211e-06
1.5132145250000002 6.550703803118874e-06
1.514822617 7.28809690576025e-06
1.516430709 3.5032424304386294e-06
1.5180388009999999 1.9223236418329446e-06
1.519646893 1.6575016274229779e-06
1.5212549850000001 1.415735114858865e-06
1.522863077 5.646493779754506e-06
1.524471169 4.40007605788801e-06
1.526079261 3.425232449992184e-06
1.5276873530000001 3.632347733424637e-06
1.529295445 5.177384976086426e-06
1.530903537 1.253106451973025e-05
1.532511629 1.983985425832693e-05
1.534119721 1.839372521973657e-05
1.535727813 1.8026763621002087e-05
1.537335905 7.771404959296965e-06
1.538943997 5.160829909879456e-06
1.5405520879999999 8.292542851028607e-06
1.54216018 1.2387134776785762e-05
1.543768272 1.558564851048613e-05
1.545376364 1.5714905141049747e-05
1.546984456 1.0809385520429885e-05
1.548592548 9.60586923466235e-06
1.5502006400000001 7.695733542522985e-06
1.551808732 7.28848137189645e-06
1.553416824 5.503515676044509e-06
1.555024916 7.570230435171825e-06
1.556633008 6.487223114357275e-06
1.5582411 6.4546753457141e-06
1.559849192 7.156425475571265e-06
1.561457284 1.3505679266374641e-05
1.563065376 5.2544419252461686e-08
1.564673468 1.2814441832343174e-07
1.56628156 2.1002365615692017e-06
1.567889652 1.2925598425028832e-05
1.569497744 1.074486730147522e-05
1.5711058359999999 5.482746177030263e-06
1.5727139270000001 1.617172409761756e-08
1.574322019 8.778439346012126e-07
1.575930111 6.802818973695683e-06
1.577538203 7.071505857229668e-06
1.579146295 1.1162203110487236e-05
1.580754387 6.582129769748601e-06
1.582362479 6.473345450455265e-06
1.583970571 7.166227152876572e-06
1.585578663 8.29369732989652e-06
1.5871867549999998 9.162206387306942e-06
1.588794847 8.144898483806929e-06
1.590402939 6.001970130274935e-06
1.592011031 8.796282648660958e-06
1.5936191229999999 8.925249533618559e-06
1.595227215 1.0731534636583722e-05
1.596835307 1.1150720957907891e-05
1.598443399 4.898207526375795e-06
1.6000514909999999 1.8902314589778774e-06
1.6016595830000002 2.7724774159545664e-06
1.6032676750000001 2.531496061776983e-06
1.604875767 2.9803418775080993e-06
1.606483858 6.310144279813462e-06
1.60809195 3.6911550190078646e-06
1.6097000419999998 6.988508611398492e-06
1.6113081340000002 6.6778794296921876e-06
1.612916226 7.086325528350711e-06
1.614524318 7.337928352894853e-06
1.6161324099999999 3.936789366482839e-06
1.6177405020000002 5.539755880884359e-07
1.619348594 1.467472504057242e-06
1.620956686 7.834585560203348e-06
1.6225647779999999 6.226369161558826e-06
1.6241728700000002 7.06571276659995e-06
1.625780962 3.831570443931682e-08
1.627389054 2.8236777020214385e-07
1.628997146 5.277849715647183e-06
1.630605238 3.3993883774442735e-06
1.6322133300000001 1.0271033735031132e-06
1.633821422 1.9893517777494847e-06
1.635429514 1.925895436778644e-06
1.637037606 2.0600856859340512e-06
1.6386456969999998 1.1039250596989493e-05
1.6402537890000002 1.0620101832896616e-05
1.641861881 1.2250818262204582e-05
1.643469973 1.055514486288295e-05
1.6450780649999999 5.924245558972658e-06
1.646686157 4.295433965687802e-06
1.648294249 5.324768714179669e-06
1.649902341 2.534516790923564e-06
1.6515104329999999 1.1909836699708997e-06
1.653118525 5.38782261632716e-07
1.6547266170000001 3.130207886176323e-07
1.656334709 3.5964523262993726e-06
1.657942801 1.0157902093286622e-05
1.659550893 1.1585537815488342e-05
1.661158985 1.3468553201071408e-05
1.662767077 9.263004511206822e-06
1.664375169 7.346005678430931e-06
1.665983261 5.1166969801658145e-06
1.667591353 3.153019419849699e-06
1.669199445 1.3776834726682515e-06
1.670807536 3.791887980096539e-06
1.672415628 3.039480974121918e-06
1.6740237199999999 5.0075596184348565e-06
1.675631812 5.6228292876838036e-06
1.6772399040000001 7.225881521774211e-06
1.678847996 5.877659379588831e-06
1.680456088 3.4301961842381885e-06
1.68206418 2.2463085740658187e-06
1.683672272 6.759041422592883e-06
1.685280364 5.84711889675457e-06
1.686888456 2.6755900072051316e-06
1.688496548 2.8327982939955236e-06
1.69010464 8.140188486518985e-06
1.691712732 1.2121599169132894e-05
1.693320824 1.2173078893294804e-05
1.694928916 8.747332607477892e-06
1.696537008 8.516987668077961e-06
1.6981450999999999 5.200883398493878e-06
1.699753192 2.9804933551038575e-06
1.701361284 3.446994512492697e-06
1.702969375 2.2757526739899897e-06
1.704577467 5.160994923574308e-06
1.706185559 7.498830204501504e-06
1.707793651 9.671551173121842e-06
1.709401743 8.628297617436315e-06
1.711009835 5.605150693886167e-06
1.712617927 3.89800257866733e-06
1.714226019 3.076658298765817e-06
1.715834111 2.3356855416221015e-06
1.717442203 4.3075984475570724e-06
1.719050295 6.474760153377035e-06
1.7206583869999998 8.872193867292107e-06
1.722266479 1.0264485729852677e-05
1.723874571 8.729569337307055e-06
1.725482663 1.127294356483549e-05
1.7270907549999999 1.216001658529813e-05
1.728698847 1.1507817477501897e-05
1.730306939 1.1755289946645513e-05
1.731915031 9.00259045449556e-06
1.7335231229999999 1.2575435774338823e-06
1.735131214 1.3810934807926087e-07
1.736739306 1.6043064207932782e-06
1.7383473980000002 5.242747009033265e-06
1.73995549 7.522037904900388e-06
1.741563582 9.95462741480784e-06
1.7431716739999998 9.298210684802735e-06
1.7447797660000002 5.952262686890584e-06
1.746387858 6.7347558457734174e-06
1.74799595 7.987498314563397e-06
1.7496040419999999 7.649163759240788e-06
1.7512121340000002 5.82185792000538e-06
1.752820226 5.954373565480444e-06
1.754428318 6.53765004020453e-06
1.7560364099999999 3.83972745280981e-06
1.757644502 6.128984906961676e-06
1.7592525940000001 9.549289950059135e-06
1.760860686 8.191522592742516e-06
1.762468778 5.125435173833375e-06
1.76407687 2.966567084149693e-06
1.7656849620000001 2.6942757872585552e-06
1.7672930530000002 4.7312952399645995e-06
1.768901145 1.1461714942908761e-05
1.770509237 1.70608025356448e-05
1.7721173289999999 1.3288508221033287e-05
1.7737254210000002 9.285029762710395e-06
1.775333513 7.446742676187173e-06
1.776941605 8.076686487113454e-06
1.7785496969999999 9.430296976374891e-06
1.780157789 6.506790562509423e-06
1.781765881 2.687278109500649e-06
1.783373973 2.3543606506613507e-06
1.784982065 1.938718019328941e-06
1.786590157 2.2696339541222433e-06
1.7881982490000001 5.7020275781703244e-06
1.789806341 9.50295203420631e-06
1.791414433 5.015529290027665e-06
1.793022525 2.6162328039005516e-06
1.794630617 2.267762121315967e-06
1.796238709 5.323185487390657e-06
1.797846801 6.387720868851759e-06
1.799454893 7.824621295136757e-06
1.8010629839999999 8.62209800336285e-06
1.802671076 7.003317330180151e-06
1.804279168 5.005103164082807e-06
1.80588726 3.845979052439419e-06
1.8074953519999999 4.36527715622908e-06
1.809103444 2.20374037036344e-06
1.8107115360000001 8.814717065543944e-07
1.812319628 3.2172290443775975e-07
1.81392772 6.722441765342884e-07
1.815535812 1.1335915256511503e-06
1.817143904 2.2249459649948215e-06
1.818751996 3.0606639585530135e-06
1.820360088 2.2490672107473177e-06
1.82196818 8.052109878405294e-07
1.823576272 5.98449570498372e-07
1.825184364 1.3630932487630051e-06
1.826792456 3.502193075068066e-06
1.828400548 1.0561226668960556e-05
1.83000864 1.1092196594558439e-05
1.8316167319999999 9.278363232502044e-06
1.8332248230000001 1.0184278866792039e-05
1.834832915 8.695422883812405e-06
1.836441007 6.779830820393081e-06
1.838049099 4.742885349554415e-06
1.839657191 4.3576756769124045e-06
1.841265283 3.996327486068065e-06
1.842873375 2.0985579800742655e-06
1.844481467 1.0186400059424811e-06
1.846089559 3.0320637358030436e-06
1.847697651 3.7102731548947977e-06
1.849305743 6.708287397467929e-06
1.850913835 7.653360733477673e-06
1.852521927 1.0059655677116622e-05
1.8541300189999999 1.3628771732811806e-05
1.855738111 8.739947078586071e-06
1.857346203 8.256517712672608e-06
1.858954295 6.761175241594561e-06
1.8605623869999999 4.153240027596325e-06
1.862170479 4.811882401995775e-06
1.863778571 2.7312805988024457e-06
1.865386662 5.066555188016378e-06
1.866994754 6.642635620587407e-06
1.868602846 8.471632182448045e-06
1.870210938 8.967610323046575e-06
1.8718190300000002 5.897028965415976e-06
1.873427122 4.808332866750664e-06
1.875035214 3.6715880996594192e-06
1.8766433059999998 3.990940748613804e-07
1.8782513980000002 2.394681923965884e-06
1.87985949 2.8603258175921115e-06
1.881467582 1.918668871096846e-06
1.8830756739999999 7.212814512131317e-07
1.8846837660000002 2.0426164904328908e-07
1.886291858 1.047288621798341e-06
1.88789995 3.3555672706440523e-06
1.8895080419999999 6.583262052489844e-06
1.891116134 8.272929472417303e-06
1.8927242260000001 7.828919880428476e-06
1.894332318 5.64091710300318e-06
1.89594041 6.465983524446958e-06
1.897548501 6.673542046358633e-06
1.8991565929999998 5.287269757052429e-06
1.9007646850000002 4.44938755069444e-06
1.902372777 3.065290015603121e-06
1.903980869 2.373051218860208e-06
1.9055889609999999 2.5344749245249615e-06
1.9071970530000002 2.3853074058463794e-06
1.908805145 5.038329417316327e-06
1.910413237 5.183567705766642e-06
1.9120213289999999 5.4799722115096954e-06
1.913629421 3.470788335247336e-06
1.9152375130000001 6.8973187100401e-06
1.916845605 8.80401829351517e-06
1.918453697 9.363104030994173e-06
1.920061789 9.416251853147017e-06
1.9216698810000001 3.396361159486109e-06
1.923277973 3.4144158967918813e-06
1.924886065 3.617547825326003e-06
1.926494157 4.03281182496309e-06
1.928102249 3.4120044955890682e-06
1.9297103400000002 3.822624469597833e-06
1.931318432 4.912480583895682e-06
1.932926524 3.7185852958789055e-06
1.9345346159999999 5.820064042004906e-06
1.936142708 6.653224634688517e-06
1.9377508 7.2319885780378245e-06
1.939358892 4.558236562127184e-06
1.940966984 4.162682613803804e-06
1.942575076 6.126681075264935e-06
1.9441831680000001 7.077986659229838e-06
1.94579126 7.658331475174042e-06
1.947399352 5.937069211434605e-06
1.949007444 5.901232703326726e-06
1.950615536 6.062714147973757e-06
1.952223628 6.924442630700372e-06
1.95383172 7.618667329391004e-06
1.955439812 8.509608510428934e-06
1.957047904 8.820090816944819e-06
1.958655996 8.44201643207955e-06
1.960264088 4.969979185412162e-06
1.961872179 5.620063105614517e-06
1.9634802709999999 9.347822876038255e-06
1.965088363 1.0809038406054698e-05
1.9666964550000001 1.1464823000267507e-05
1.968304547 9.385389968241717e-06
1.969912639 7.76239284622265e-06
1.971520731 6.604887089227489e-06
1.973128823 5.856904604625634e-06
1.974736915 3.8055851219149605e-06
1.976345007 3.0775371350161626e-06
1.977953099 3.6491086180425965e-06
1.979561191 1.9051266994490684e-06
1.981169283 1.4739640086009714e-06
1.982777375 1.5257155342565575e-06
1.984385467 1.55471225223434e-06
1.985993559 1.4811163754024845e-06
1.9876016509999999 2.208623825409933e-06
1.989209743 3.726079080191968e-06
1.990817835 5.516813418954698e-06
1.992425927 5.927100258061675e-06
1.9940340189999999 6.464221095502663e-06
1.99564211 5.525852954614809e-06
1.997250202 5.456844697878006e-06
1.998858294 5.596669399411862e-06
2.0004663860000003 4.906944610184393e-06
2.002074478 1.7901407876018263e-06
2.00368257 8.876001581915676e-07
2.005290662 2.099374386757012e-06
2.006898754 7.754065035652574e-06
2.008506846 5.22215424703e-06
2.010114938 3.903387722581042e-06
2.01172303 3.533065191234509e-06
2.013331122 4.175186772055589e-06
2.014939214 3.9582439321053414e-06
2.016547306 3.352681543926179e-06
2.018155398 2.612453567811096e-06
2.01976349 1.9474956924558647e-06
2.021371582 1.9970895777752974e-06
2.022979674 1.6153853870626576e-06
2.0245877660000002 3.1646391517895562e-06
2.026195858 3.433024159224548e-06
2.027803949 3.7204687742651e-06
2.029412041 3.709608116609161e-06
2.031020133 2.1613500722057883e-06
2.032628225 2.3791436712494045e-06
2.034236317 3.998046019133806e-06
2.035844409 3.5166235056747e-06
2.037452501 3.123423451044953e-06
2.039060593 1.7237561350619146e-06
2.040668685 1.7952897313131029e-06
2.042276777 1.771756862755258e-06
2.0438848689999998 2.754458180295884e-06
2.045492961 4.621079357880222e-06
2.047101053 4.597492498471989e-06
2.0487091449999997 5.645346460288733e-06
2.0503172370000002 7.9477465207317e-06
2.0519253290000004 4.4852234383147875e-06
2.053533421 3.892113344914107e-06
2.055141513 4.727122656395836e-06
2.056749605 7.691010263252706e-06
2.058357697 1.0651815279723925e-05
2.059965788 9.298154507776444e-06
2.06157388 5.4833464815278015e-06
2.0631819719999998 6.066279261248704e-06
2.064790064 6.556492401608454e-06
2.066398156 6.365226250734073e-06
2.068006248 3.985664890469e-06
2.06961434 1.6155581223238022e-06
2.071222432 1.1059746976706367e-06
2.072830524 1.8123112101783587e-06
2.074438616 3.3668085733163924e-06
2.076046708 2.090998788196554e-06
2.0776548 2.198618196381751e-06
2.079262892 3.786719129799357e-06
2.080870984 4.708735021281747e-06
2.0824790760000003 8.560515825634325e-07
2.084087168 3.4422570835815126e-07
2.08569526 8.294050240424737e-07
2.0873033519999997 1.920686998153404e-06
2.088911444 2.793065849171806e-06
2.090519536 7.066756940577169e-06
2.092127627 5.291713956813644e-06
2.0937357189999997 4.8812938262528245e-06
2.0953438110000002 6.2332974640963045e-06
2.0969519030000003 8.483528400318202e-06
2.098559995 5.605130138985646e-06
2.100168087 3.126675374566736e-06
2.101776179 2.88428337916082e-06
2.103384271 5.0813525745640345e-06
2.104992363 9.864842857411863e-06
2.1066004549999997 9.24082396888797e-06
2.1082085470000003 8.990768111628357e-06
2.109816639 9.71232072225065e-06
2.111424731 9.433413958849142e-06
2.113032823 8.450887281164234e-06
2.114640915 9.14892491472078e-06
2.116249007 8.603880097181018e-06
2.1178570989999996 8.092099170161732e-06
2.1194651909999997 8.793032297521037e-06
2.1210732830000003 1.224899057662165e-05
2.122681375 8.751160873049189e-06
2.124289466 6.555824332106119e-06
2.125897558 4.176377281421673e-06
2.1275056500000002 4.73838793236539e-06
2.129113742 4.2300671567589875e-06
2.130721834 2.732587529376054e-06
2.1323299259999997 2.244760720456091e-06
2.133938018 2.8718424518516054e-06
2.1355461100000004 5.47872743152043e-06
2.137154202 5.0356788337046405e-06
2.138762294 6.162114688775801e-06
2.140370386 6.180461166252141e-06
2.141978478 6.354463352345008e-06
2.14358657 7.206574662957863e-06
2.1451946619999998 8.938692297583397e-06
2.146802754 1.0729549977697595e-05
2.1484108460000004 1.0654908413806434e-05
2.150018938 1.0612830202883749e-05
2.15162703 9.612604033868263e-06
2.153235122 8.598112499569096e-06
2.154843214 5.522377530518152e-06
2.156451305 4.715212110217889e-06
2.158059397 4.791341458683168e-06
2.159667489 4.920452733389425e-06
2.161275581 5.552292879440896e-06
2.1628836729999996 6.842135285679406e-06
2.164491765 6.233560701859094e-06
2.1660998570000003 5.938687492800379e-06
2.167707949 7.0881128619985704e-06
2.169316041 6.8930195942411906e-06
2.170924133 7.374179875877804e-06
2.172532225 6.624506309179055e-06
2.174140317 6.774538702296584e-06
2.1757484089999997 6.5442760066130746e-06
2.177356501 6.520793811799732e-06
2.1789645930000003 9.250343007537534e-06
2.180572685 9.426404423911995e-06
2.182180777 1.0579809813898002e-05
2.183788869 9.220843971242447e-06
2.185396961 8.872030496048328e-06
2.187005053 7.31741616133188e-06
2.1886131449999997 6.640090736937382e-06
2.1902212359999997 6.238976717893875e-06
2.191829328 5.527549961837961e-06
2.1934374200000004 5.209003116966993e-06
2.195045512 5.893462591610282e-06
2.196653604 6.871183421904766e-06
2.198261696 7.45525060656345e-06
2.199869788 8.022022375561516e-06
2.20147788 8.585640989337244e-06
2.203085972 9.707564804261829e-06
2.204694064 9.072677932847067e-06
2.206302156 7.4260301181703365e-06
2.207910248 7.917875626117255e-06
2.2095183400000002 8.648133827472591e-06
2.211126432 9.77283889963706e-06
2.212734524 9.03768178891978e-06
2.2143426159999997 7.189980276076964e-06
2.215950708 4.88719621634934e-06
2.2175588 3.4999816215459073e-06
2.219166892 3.514589213363184e-06
2.220774984 2.653210998709999e-06
2.222383075 2.1924443202403814e-06
2.2239911670000003 1.7247625431909258e-06
2.225599259 1.4465918276391617e-06
2.227207351 1.498613912424677e-06
2.228815443 1.1604253072651532e-06
2.230423535 1.60260745149639e-06
2.232031627 1.1779001287576926e-06
2.2336397189999997 5.689453872266737e-07
2.2352478110000003 5.350616219853795e-07
2.236855903 1.6851021155336343e-06
2.238463995 5.8908004341060545e-06
2.240072087 3.1892320289309917e-06
2.241680179 1.541898516078952e-06
2.243288271 1.5257609851772172e-06
2.2448963629999996 3.015835354105418e-06
2.2465044549999997 5.467047712117064e-06
2.2481125470000003 3.5534783906141545e-06
2.249720639 2.860980584882431e-06
2.251328731 2.1205632912312044e-06
2.252936823 1.496421301606444e-06
2.2545449140000002 1.3066149765853925e-06
2.256153006 2.3287263656344803e-06
2.257761098 6.837662776340037e-06
2.2593691899999997 3.6324057376286294e-06
2.260977282 1.8283313727641374e-06
2.262585374 1.6760163914258212e-06
2.264193466 3.351426354969208e-06
2.265801558 8.300432865230536e-06
2.2674096500000003 3.801126861140876e-06
2.269017742 2.1874018464350964e-06
2.270625834 1.6714522220380848e-06
2.2722339259999997 1.8038989649225896e-06
2.273842018 3.4856889437461235e-06
2.2754501100000004 2.1145571772626175e-06
2.277058202 1.955283614685271e-06
2.278666294 2.1516753959603133e-06
2.280274386 2.7021690865936545e-06
2.281882478 3.7070367258414327e-06
2.28349057 4.526443858202922e-06
2.285098662 6.16998751601468e-06
2.286706753 4.935641588863322e-06
2.288314845 3.875088016842377e-06
2.2899229369999996 4.891065817102254e-06
2.291531029 5.725348368063051e-06
2.2931391210000003 6.770699816350774e-06
2.294747213 2.2388372019815683e-06
2.296355305 1.4171007967338925e-07
2.297963397 1.1943153532261244e-08
2.299571489 1.0733210049587006e-07
2.301179581 1.596193585879818e-06
2.3027876729999996 7.630137206912735e-06
2.304395765 5.157095540327516e-06
2.3060038570000003 3.621361554191273e-06
2.307611949 3.027454555406443e-06
2.309220041 2.8809614354931057e-06
2.310828133 3.40080591750217e-06
2.312436225 2.8993832189803187e-06
2.314044317 3.058112085007228e-06
2.3156524089999997 2.531617616974193e-06
2.3172605010000003 2.2735908382468438e-06
2.318868592 2.068216126340083e-06
2.3204766840000004 1.5813586312454415e-06
2.322084776 2.8181696753078255e-06
2.323692868 6.063614699664916e-06
2.32530096 5.547429370492753e-06
2.326909052 5.363881137936876e-06
2.328517144 7.676390287819021e-06
2.3301252359999998 1.1870850144823017e-05
2.331733328 1.8956646582618887e-05
2.33334142 2.09433138818055e-05
2.334949512 2.3836518173363948e-05
2.3365576040000002 3.1410052946184545e-05
2.338165696 4.35273049638796e-05
2.339773788 5.938432700041134e-05
2.3413818799999997 6.974150851072098e-05
2.342989972 8.208899578253076e-05
2.344598064 9.372134908416216e-05
2.346206156 0.00010341656879685612
2.347814248 0.00011421976320764008
2.3494223400000003 0.00012251417557284492
2.3510304310000003 0.00013072836691809073
2.352638523 0.00013655913313782712
2.354246615 0.00013011392308379013
2.3558547069999998 0.00012400127096082533
2.357462799 0.00011651939957785041
2.359070891 0.00010828000275426546
2.3606789829999997 0.00010082166856567265
2.3622870750000002 8.101661536062259e-05
2.363895167 6.412024989210614e-05
2.365503259 5.194733549932535e-05
2.367111351 4.500863445331825e-05
2.368719443 3.904799221321611e-05
2.370327535 3.1636144445672207e-05
2.371935627 2.4388312492194004e-05
2.3735437189999997 1.923865089311146e-05
2.3751518110000003 1.6238935406808763e-05
2.376759903 1.3931446027372338e-05
2.378367995 1.2175901245968775e-05
2.379976087 1.2763832084409234e-05
2.381584179 1.3498159092518964e-05
2.383192271 1.1852826248089088e-05
2.384800362 8.968435224256024e-06
2.3864084539999997 7.251940366819185e-06
2.388016546 7.431886883992966e-06
2.389624638 8.847475552777452e-06
2.39123273 1.1904992171384535e-05
2.392840822 7.68568570653396e-06
2.3944489140000003 5.121790966973693e-06
2.396057006 3.9053179165007e-06
2.397665098 5.563017077476491e-06
2.3992731899999997 8.4161067044425e-06
2.400881282 9.21420721347196e-06
2.4024893740000004 6.268795376747621e-06
2.404097466 4.967849417390947e-06
2.405705558 4.563826144630428e-06
2.40731365 4.6256431379771045e-06
2.408921742 5.222051660605e-06
2.410529834 5.75616035729681e-06
2.4121379259999998 6.248727838408865e-06
2.413746018 6.701351221342472e-06
2.41535411 4.477719381027607e-06
2.416962201 3.4291480003893353e-06
2.418570293 3.09760902721407e-06
2.4201783850000003 4.274322696476516e-06
2.421786477 6.52524301709186e-06
2.423394569 5.761425082571296e-06
2.425002661 3.736834813750156e-06
2.426610753 3.034151019343481e-06
2.428218845 3.4862765658227333e-06
2.4298269369999996 5.160231243350866e-06
2.431435029 1.1438548337376328e-05
2.4330431210000003 1.053126893205202e-05
2.434651213 8.583109353163793e-06
2.436259305 7.461515612067964e-06
2.4378673969999998 8.980586511270852e-06
2.439475489 1.1068942052585962e-05
2.441083581 1.3551977753450842e-05
2.4426916729999997 1.1863321700506155e-05
2.4442997650000002 1.051871074355211e-05
2.4459078570000004 8.68230927344457e-06
2.447515949 5.966824237565185e-06
2.44912404 4.4087932266043434e-06
2.450732132 4.053348088811708e-06
2.452340224 5.4251945009224e-06
2.453948316 7.940069775213355e-06
2.455556408 8.920582851352397e-06
2.4571644999999998 6.680178789204412e-06
2.458772592 5.622535757400278e-06
2.460380684 6.0858556192158575e-06
2.461988776 7.645997470795474e-06
2.463596868 1.0326330274396432e-05
2.46520496 9.352684334490467e-06
2.466813052 7.481300049301887e-06
2.468421144 6.308536703258853e-06
2.470029236 7.43023328781533e-06
2.471637328 9.824718408059637e-06
2.47324542 1.3430932243119318e-05
2.474853512 1.4068242647655708e-05
2.4764616040000003 1.387523477697566e-05
2.478069696 1.383167641561671e-05
2.479677788 1.2839250949298585e-05
2.481285879 1.1953361294295209e-05
2.4828939709999998 1.1191642339681787e-05
2.484502063 1.191957419091737e-05
2.486110155 1.2895038786879312e-05
2.4877182469999997 1.4315890397575101e-05
2.489326339 1.0746010029924973e-05
2.4909344310000003 8.175763412478599e-06
2.492542523 6.299594151624211e-06
2.494150615 7.912473381189909e-06
2.495758707 1.0330353829727017e-05
2.497366799 1.671753550554513e-05
2.498974891 1.365909445532723e-05
2.499778162 1.5122706220513579e-05
2.5011293930000003 3.5491498913516282e-06
2.502480624 6.962565563847672e-08
2.5038318559999997 6.155129814237016e-06
2.505183087 1.3023768373891918e-05
2.506534319 3.843373870010055e-06
2.50788555 1.042218474876909e-07
2.509236782 8.996335053272267e-06
2.510588013 3.421965955556293e-06
2.511939244 6.11588649803369e-06
2.5132904760000003 1.1981277214879591e-05
2.514641707 6.243222494946315e-06
2.515992939 3.911251633513312e-06
2.51734417 5.9426499982532e-06
2.5186954019999996 1.0265739528324862e-05
2.5200466329999998 6.354566884604393e-06
2.521397865 6.312166920295403e-06
2.522749096 3.858361911266164e-06
2.524100327 5.57748178177463e-06
2.525451559 2.0678207817029625e-05
2.52680279 4.90855074043765e-06
2.5281540220000003 2.0189314727694654e-08
2.529505253 1e-08
2.5308564849999997 1e-08
2.532207716 1.446604064699662e-08
2.533558948 9.428732488959794e-06
2.534910179 7.649047161281922e-06
2.5362614100000003 1.1523495589454938e-05
2.537612642 5.426179216320374e-06
2.538963873 7.152852083854622e-06
2.5403151050000004 1.3173378325788895e-06
2.5416663359999996 1e-08
2.5430175680000002 7.93896598006707e-08
2.544368799 1.146774049945571e-05
2.54572003 9.378374595922475e-06
2.547071262 4.722581976708412e-06
2.548422493 1.5252465946843738e-05
2.549773725 1.0011240494773785e-05
2.551124956 4.7359218148335765e-06
2.552476188 5.001070093752735e-06
2.553827419 6.633290308394286e-06
2.5551786510000003 8.583562990740521e-06
2.556529882 1.1374908770284673e-05
2.557881113 5.021029378637054e-06
2.559232345 2.2029337322054525e-07
2.560583576 8.300415573019942e-06
2.561934808 8.973723197824085e-06
2.5632860390000003 2.6910931129725937e-06
2.564637271 2.7223370766753906e-06
2.565988502 5.540438028077267e-06
2.567339733 1.955641725813101e-05
2.5686909649999996 1.559488271079184e-05
2.5700421959999997 1.4418147189211057e-05
2.571393428 1.0379080089395807e-05
2.572744659 1.423991446564802e-05
2.574095891 5.273159143219798e-06
2.575447122 6.925038435313773e-06
2.576798354 1.3439677478456333e-05
2.5781495850000002 1.334661285807883e-06
2.5795008160000004 4.708700451584427e-06
2.580852048 9.147034674251979e-06
2.582203279 8.48130216313382e-06
2.583554511 1.7091564078436264e-06
2.584905742 5.533956042542674e-06
2.586256974 5.25136345981589e-06
2.587608205 3.846099887963462e-06
2.588959437 2.3908458072547438e-06
2.590310668 2.5477591163727342e-06
2.591661899 4.774924393613528e-06
2.593013131 8.316823241322815e-06
2.594364362 1.0247884230334298e-06
2.5957155939999996 7.499014221812238e-06
2.5970668249999997 3.835008727522386e-06
2.598418057 6.29905776916043e-06
2.599769288 4.5129629773499446e-06
2.601120519 2.943850292706682e-06
2.602471751 3.067564862606701e-08
2.603822982 1.9441088233058937e-06
2.6051742140000003 3.7116864689773613e-06
2.6065254450000004 5.793691236643934e-06
2.607876677 4.174258556313052e-06
2.609227908 7.332927113845024e-06
2.61057914 1.2442388573208473e-06
2.611930371 3.4470639503056013e-06
2.613281602 1.5867295200331894e-06
2.614632834 7.718096048165848e-06
2.615984065 3.799905246827883e-07
2.617335297 5.7073493780066235e-06
2.618686528 1.24593835298525e-06
2.62003776 4.3695056864172145e-06
2.621388991 4.2891687863581785e-06
2.622740222 5.139424734697225e-06
2.6240914539999998 4.104299733818473e-06
2.625442685 2.646708114913858e-06
2.626793917 3.8198465361609444e-08
2.628145148 4.036598919497794e-06
2.62949638 7.366912930278033e-07
2.630847611 3.5902064956890354e-06
2.6321988430000003 1.276520333990614e-05
2.6335500740000004 1.0003913267272295e-05
2.634901305 2.618570051787593e-06
2.636252537 2.8958942026412937e-06
2.637603768 3.746545052423274e-07
2.6389549999999997 3.332100123060351e-06
2.640306231 2.240407304499003e-06
2.641657463 3.212740505267524e-06
2.643008694 1.0633607095813441e-05
2.6443599250000003 1.2207677734446916e-05
2.645711157 1.2804607710858427e-05
2.6470623879999997 2.2744453212981456e-06
2.64841362 6.497811551923825e-06
2.649764851 1.1413404481411868e-05
2.651116083 8.555334874104854e-06
2.652467314 1.3368647177022702e-06
2.653818546 7.090400449262205e-06
2.6551697770000002 6.798523674886896e-06
2.6565210080000004 6.4697047194440205e-06
2.65787224 3.916695042867194e-07
2.659223471 1.1017267918150152e-06
2.6605747030000004 8.427832963058558e-06
2.6619259339999997 5.494647830140807e-06
2.663277166 3.4255328375469318e-06
2.664628397 7.065013017046027e-08
2.6659796289999997 3.6643541299330127e-06
2.66733086 2.672387985865852e-06
2.668682091 4.587585011492511e-06
2.670033323 2.769551263938451e-06
2.6713845540000003 6.180163154990654e-07
2.672735786 3.649161810950295e-08
2.6740870169999997 3.5412886685989416e-08
2.675438249 1.4955175459722923e-06
2.67678948 1.8700351484600949e-06
2.678140711 4.143515454348903e-06
2.679491943 2.8976006283566828e-06
2.680843174 4.145126508183241e-06
2.6821944060000003 1.3376453843246363e-08
2.6835456370000004 6.616774323480615e-07
2.684896869 1.7725367349684484e-06
2.6862481 4.574010903875192e-06
2.6875993319999996 2.569437338308041e-06
2.6889505629999997 4.131189042246944e-06
2.690301794 2.212642474022725e-06
2.691653026 1.704019974321327e-07
2.693004257 5.237984089411758e-06
2.694355489 2.743880383925725e-06
2.69570672 2.20572703049555e-06
2.697057952 1.320495368712825e-06
2.6984091830000003 3.191046124032212e-07
2.699760414 3.3083098153311723e-08
2.7011116459999998 4.66942764574707e-06
2.702462877 6.347407368710557e-06
2.703814109 4.887192794104714e-06
2.70516534 1e-08
2.706516572 4.399694759168369e-06
2.707867803 1.3769437796707338e-06
2.7092190350000003 5.148234710308858e-07
2.7105702660000004 2.4730700802787167e-08
2.7119214969999996 4.272223622833964e-06
2.713272729 6.011647732199382e-06
2.71462396 6.170771346011676e-06
2.7159751919999997 8.04368617499023e-06
2.717326423 4.0304037502469565e-06
2.718677655 3.191279244560248e-06
2.720028886 1.8037314987403154e-06
2.7213801170000003 1.8383303947048258e-06
2.722731349 1e-08
2.7240825799999997 6.740275468292795e-07
2.7254338120000003 7.029312436858541e-08
2.726785043 9.1156471964161e-06
2.7281362749999998 3.1776389846355524e-06
2.729487506 1.1080556935010178e-06
2.730838738 5.095073084345822e-06
2.732189969 2.2514345273752125e-06
2.7335412000000003 2.2100599263368493e-06
2.734892432 6.753329871039827e-06
2.736243663 9.054776670464133e-06
2.737594895 1e-08
2.7389461259999996 1.5676707211262155e-08
2.740297358 4.902988017941014e-06
2.741648589 8.426399764001392e-06
2.7429998209999997 2.348155163208565e-06
2.744351052 1.7826006149587566e-06
2.745702283 3.163861143981908e-06
2.747053515 8.765822315545766e-08
2.7484047460000003 1.6036303225989667e-08
2.749755978 1.2152489089289716e-08
2.7511072089999997 1.5931453463371062e-06
2.7524584410000004 3.773321653051138e-06
2.753809672 3.017479666520732e-06
2.755160903 3.3886039322336912e-06
2.756512135 2.3061394405258725e-06
2.757863366 1e-08
2.7592145980000002 8.782155389471274e-07
2.760565829 1.9180027598910495e-06
2.761917061 5.028881496705244e-06
2.7632682920000002 1.448117478254581e-07
2.764619524 1.5420835379640829e-07
2.7659707549999997 1.9884617438486003e-06
2.767321986 1.9938033118637455e-06
2.768673218 9.156472063669125e-07
2.770024449 2.013836148724902e-06
2.771375681 1.7360795224485912e-06
2.772726912 1e-08
2.774078144 9.56520566317854e-08
2.7754293750000003 6.233675968526902e-06
2.776780606 4.5216340904697245e-06
2.7781318379999997 4.7542650340418955e-06
2.779483069 3.480952405408512e-06
2.780834301 1.16131065214173e-06
2.782185532 1.1321753058452352e-08
2.783536764 6.5115229408383695e-06
2.784887995 4.865681052143548e-07
2.786239227 4.208448004752444e-08
2.787590458 2.051342724533271e-06
2.788941689 1.640114926033581e-06
2.7902929210000003 4.674885667374361e-06
2.791644152 3.1934280907542767e-07
2.7929953839999997 2.198012018204395e-06
2.794346615 8.943912807968749e-06
2.795697847 4.192695397645419e-06
2.797049078 6.655169625038545e-07
2.7984003090000003 2.951371337941845e-06
2.799751541 4.1233603156363855e-06
2.801102772 4.380653146222651e-06
2.8024540040000003 7.061555715131928e-06
2.803805235 1.7138331788918788e-08
2.8051564669999998 1e-08
2.806507698 1e-08
2.80785893 2.898115678078921e-07
2.8092101609999998 1.282625581628097e-08
2.810561392 2.3309290170847595e-07
2.811912624 3.007323496665832e-08
2.813263855 3.970681627900286e-06
2.814615087 5.906862128804688e-06
2.8159663179999996 6.383444449959792e-06
2.8173175500000003 2.47773494317043e-06
2.818668781 3.921279038862531e-06
2.8200200129999997 6.921709686493108e-06
2.821371244 4.351757648044327e-06
2.822722475 4.628671299274288e-06
2.824073707 2.259524286586254e-06
2.8254249380000003 1.5157900391686639e-06
2.82677617 1e-08
2.828127401 1e-08
2.8294786330000004 1e-08
2.830829864 1e-08
2.8321810949999997 2.964482261470479e-07
2.833532327 2.377738684741273e-06
2.834883558 3.8485641356609976e-08
2.83623479 3.089697196557853e-06
2.837586021 2.680100027831358e-06
2.838937253 6.653696129951301e-06
2.8402884840000002 4.934576237893336e-06
2.841639716 1e-08
2.8429909469999997 1e-08
2.8443421779999998 4.552085264121135e-06
2.84569341 4.072061634686485e-06
2.847044641 1.1338267694093543e-08
2.848395873 5.430557313064677e-07
2.849747104 6.117619537945148e-06
2.851098336 7.980747941699406e-06
2.8524495670000003 7.693888467369912e-06
2.8538007980000004 4.1050799011310145e-06
2.85515203 1.250006207288768e-06
2.856503261 3.169453219355915e-07
2.8578544929999996 5.329359769731202e-06
2.8592057239999997 3.7096243178881403e-06
2.860556956 1.2796647368503e-06
2.861908187 4.34114219954004e-06
2.863259419 3.273645484590786e-06
2.86461065 1.0001258421889136e-05
2.865961881 1.0493596861409475e-05
2.8673131130000002 2.95852901368136e-06
2.868664344 2.4018628402124957e-06
2.8700155759999997 1.2007275593980376e-05
2.871366807 5.018978805695656e-06
2.872718039 1.9417532685507998e-06
2.87406927 7.944982313945206e-06
2.8754205010000002 6.46061855836618e-06
2.876771733 1.0008036317677743e-05
2.878122964 8.553168030894934e-06
2.8794741960000003 4.736334977917221e-06
2.8808254270000004 1.1937500108179332e-06
2.882176659 9.658282539025484e-08
2.88352789 3.358684880225898e-06
2.8848791219999996 3.7717426510369226e-06
2.8862303529999997 4.3441392759506165e-06
2.887581584 4.97254975475523e-06
2.888932816 3.0716912446912362e-06
2.890284047 1.154087776337304e-07
2.891635279 3.822145959755968e-06
2.89298651 1.0289480195334375e-05
2.8943377420000003 4.518171693631598e-06
2.895688973 4.366897833555713e-06
2.8970402049999997 1.1208315584967999e-05
2.898391436 1.0113324128349904e-05
2.899742667 7.611840628153049e-06
2.901093899 4.9380043788057845e-06
2.9024451300000003 3.535425042494752e-06
2.903796362 9.437975104267821e-06
2.905147593 7.0055570228025515e-06
2.9064988250000003 8.700101041212575e-06
2.907850056 4.605426108786567e-06
2.9092012869999997 2.732778985509746e-06
2.910552519 7.332806359569882e-06
2.91190375 5.713005956787103e-06
2.9132549819999998 3.900350343849181e-06
2.914606213 1.532326105529661e-06
2.915957445 8.664287202681681e-06
2.917308676 4.3725850980546914e-06
2.918659908 7.447202679460485e-06
2.920011139 1.356686586307121e-05
2.9213623699999998 5.46923975994858e-06
2.922713602 1.4700150943958782e-06
2.924064833 1.212461004935868e-07
2.925416065 1.0195061507319634e-07
2.926767296 4.069775111305455e-06
2.928118528 4.7227105375921185e-06
2.9294697590000003 2.2307336538165415e-06
2.93082099 7.450156860454421e-06
2.932172222 6.771550458842609e-06
2.933523453 6.040094080180511e-06
2.934874685 8.670660225187182e-06
2.9362259159999997 9.08142116121954e-06
2.937577148 7.441421169930023e-06
2.938928379 3.54573201078292e-06
2.940279611 2.3035982026855845e-06
2.941630842 1.6917320049896272e-06
2.942982073 2.59896310502342e-07
2.9443333050000002 4.807012238087226e-06
2.9456845360000004 2.6055293705147808e-06
2.947035768 3.380962365274786e-06
2.948386999 1.7648515332915647e-06
2.949738231 4.638022152998984e-06
2.951089462 2.3635766694372624e-07
2.952440694 5.420037083674599e-06
2.953791925 2.540317391835514e-06
2.955143156 2.7804597125183484e-06
2.956494388 5.464559796777576e-06
2.957845619 2.631711483809971e-06
2.959196851 7.847329764841794e-06
2.960548082 7.2187375040161035e-06
2.9618993139999996 7.357920490370312e-06
2.9632505449999997 6.357039535189054e-06
2.964601776 1.618492643053528e-06
2.965953008 1.0783807711377794e-08
2.967304239 1.6646572748506052e-06
2.968655471 3.952380986521169e-06
2.970006702 7.458922885560408e-06
2.9713579340000003 6.946939910196034e-06
2.9727091650000004 2.554519933110784e-06
2.974060397 6.880495109434795e-06
2.975411628 7.591445140288925e-06
2.976762859 1.3243496888753682e-05
2.978114091 8.641029072352013e-06
2.979465322 3.982663557084111e-06
2.980816554 7.94390065571555e-06
2.982167785 7.5126669887410625e-06
2.983519017 6.373811332767526e-06
2.984870248 9.36510263189937e-07
2.9862214789999997 3.7437170590484914e-06
2.987572711 3.820586634145963e-06
2.988923942 3.258438203915354e-06
2.9902751739999998 3.279824188324916e-06
2.991626405 4.674453292052314e-06
2.992977637 1.1056513192300016e-06
2.994328868 4.973448450625099e-06
2.9956801 7.889912264366601e-06
2.997031331 6.305608293006904e-06
2.9983825619999998 3.6574667310321973e-06
2.9997337940000004 3.00265145533177e-06
3.001085025 1.3390466023336528e-08
3.002436257 7.496526066976232e-08
3.003787488 7.93088361291165e-06
3.0051387199999997 8.775093436263304e-06
3.006489951 4.262650684041177e-06
3.007841182 3.945789952879477e-08
3.009192414 3.776342071888661e-06
3.0105436450000003 5.78124450995468e-06
3.011894877 8.693010946554291e-06
3.0132461079999997 7.2544326294896e-06
3.01459734 3.888922439721009e-07
3.015948571 3.3873971674391627e-07
3.017299803 7.661566876184797e-08
3.018651034 2.4422149592576355e-06
3.020002265 2.7067535884141134e-06
3.021353497 1.1287015282281438e-08
3.0227047280000003 1.6391161293476518e-06
3.02405596 5.366622181673044e-06
3.0254071909999998 5.11283430804737e-06
3.0267584230000004 5.268308187694155e-06
3.0281096539999997 7.322194152757194e-06
3.029460886 1.285895341982643e-06
3.030812117 1.3693473229781277e-06
3.032163348 6.473342053999827e-06
3.03351458 2.796024176341212e-06
3.034865811 7.782548311109821e-06
3.036217043 1.4880286589558003e-05
3.0375682740000003 1.4844696356042721e-05
3.038919506 1.158378879634087e-05
3.0402707369999997 8.000832919995072e-06
3.041621968 3.2051353443844677e-06
3.0429732 3.448907660582482e-08
3.044324431 1e-08
3.045675663 8.397100806052536e-06
3.047026894 1.2100660325818726e-05
3.0483781260000002 1.1519581479237728e-05
3.0497293570000004 9.580599454443767e-06
3.051080589 6.4032263928769865e-06
3.05243182 4.7939713188029395e-06
3.053783051 9.479881448226893e-06
3.0551342829999997 5.496860369184793e-06
3.056485514 1e-08
3.057836746 1.0614995655228563e-08
3.059187977 4.235316257432682e-06
3.060539209 9.301664749149733e-06
3.06189044 4.471141984931391e-07
3.063241671 1.0039344023785865e-08
3.0645929030000003 1e-08
3.065944134 2.7967366828276856e-06
3.0672953659999997 3.892209980021323e-06
3.068646597 2.6996939001753727e-06
3.069997829 6.998632050495458e-06
3.07134906 8.14762834856176e-06
3.072700292 9.02124936926917e-06
3.074051523 6.687651086158356e-06
3.075402754 4.494000279408442e-06
3.0767539860000004 1.168371061490056e-05
3.0781052169999996 1.098339688689607e-05
3.079456449 8.645832619865579e-06
3.08080768 7.315992294648215e-06
3.0821589119999997 5.069035833542877e-06
3.083510143 3.982004687969636e-06
3.084861374 1.445940468032339e-06
3.086212606 3.681610104788587e-06
3.0875638370000003 8.377734958009075e-06
3.088915069 9.155003205563176e-06
3.0902662999999997 4.642111200810364e-06
3.0916175320000003 2.6522713743611606e-06
3.092968763 3.2588902460217148e-06
3.0943199949999998 5.082878594827587e-06
3.095671226 6.357709654569919e-06
3.097022457 6.501867439307317e-06
3.098373689 1.2027956393754818e-06
3.0997249200000003 4.827810104529582e-06
3.101076152 1.1496510348934323e-05
3.102427383 1.3711073438164803e-05
3.103778615 9.010729770033686e-06
3.1051298459999996 5.929436922443801e-06
3.106481078 1.022651472775089e-05
3.107832309 1.6472113518437662e-05
3.10918354 6.828936133219795e-06
3.110534772 3.3932157156693664e-06
3.111886003 4.835805101350312e-06
3.113237235 4.9119723238253e-06
3.1145884660000003 9.45111922330229e-06
3.115939698 1.2221807504693184e-05
3.1172909289999997 7.410830603763685e-06
3.11864216 4.497695438108601e-06
3.119993392 1.026965909724792e-05
3.121344623 1.1296302542246326e-05
3.122695855 6.4079502777533e-06
3.124047086 1.1228595497190504e-05
3.1253983180000002 1.3918278357553971e-05
3.126749549 9.782582166714655e-06
3.128100781 1.4738761636062721e-06
3.1294520120000002 3.319258899980233e-07
3.130803243 8.67033414258865e-06
3.1321544749999997 3.1806433877547064e-06
3.133505706 1.2728664059942468e-08
3.134856938 2.0893306103758168e-07
3.136208169 3.2375424902750537e-06
3.137559401 5.091348245271182e-06
3.138910632 4.8788272538574365e-06
3.140261863 2.5586943709912397e-06
3.1416130950000003 2.4620072676246424e-06
3.142964326 4.682227858952146e-06
3.1443155579999997 3.7856679741524635e-06
3.145666789 9.976393594497214e-06
3.147018021 8.001780676724505e-06
3.148369252 4.949989808506069e-06
3.149720484 6.660155218033824e-06
3.151071715 8.052622490491174e-06
3.152422946 4.898891652454534e-06
3.153774178 1.7482993961719367e-06
3.155125409 1.0977611362450267e-06
3.1564766410000002 5.021466383427472e-06
3.157827872 5.432877082373654e-06
3.1591791039999997 1.0062069168241677e-05
3.160530335 1.4169287334144936e-05
3.161881566 1.4241693457275474e-05
3.163232798 4.764637794149422e-06
3.1645840290000002 1e-08
3.165935261 4.152820806628524e-07
3.167286492 3.957539496406159e-06
3.1686377240000003 7.752802435096514e-06
3.169988955 8.477622433585486e-06
3.1713401869999998 8.699443033768443e-06
3.172691418 1.8353464887374969e-06
3.174042649 3.2639956802207444e-06
3.1753938809999998 5.1124853363419604e-08
3.176745112 5.390859117202738e-07
3.178096344 2.552053218674875e-06
3.179447575 5.319167385810381e-06
3.180798807 1.1815411178605266e-05
3.182150038 1.0545019958674267e-05
3.1835012700000003 7.800079680117056e-06
3.184852501 9.618022444778051e-06
3.186203732 6.762850982058106e-06
3.187554964 4.730527192224189e-06
3.188906195 8.39615384699128e-06
3.190257427 1.1163746561729086e-05
3.1916086580000003 1.1230793292777194e-05
3.19295989 2.5595057326410733e-06
3.194311121 1.037192967722899e-06
3.195662352 3.804673530613926e-06
3.197013584 4.628749251334421e-06
3.1983648149999997 7.057929326027493e-06
3.199716047 1.1758341485216703e-05
3.201067278 1.1184894207899533e-05
3.2024185099999998 1.2689702365955276e-05
3.203769741 1.0013871585171588e-05
3.205120973 6.353602806385552e-06
3.206472204 8.731645185172964e-06
3.207823435 9.18736956828492e-06
3.209174667 1.0337155539526396e-05
3.2105258979999998 1.2697688049065953e-05
3.21187713 7.701989437999099e-06
3.213228361 6.56991742211354e-06
3.214579593 1.1830322462822883e-05
3.215930824 9.606137629532934e-06
3.217282055 1.7906815980543647e-06
3.2186332870000003 4.830008458612972e-07
3.2199845180000004 9.62870090291821e-06
3.22133575 1.4084168119651641e-05
3.222686981 4.877583771413357e-06
3.2240382129999996 1.4953681610514781e-06
3.2253894439999997 1.739356311920581e-06
3.226740676 7.69725267663663e-06
3.228091907 1.248336357839039e-05
3.229443138 6.560681647226754e-06
3.23079437 6.02172715284828e-06
3.232145601 6.5095272334314745e-06
3.2334968330000002 9.132838046602242e-06
3.234848064 8.63513891839703e-06
3.2361992959999997 4.432002661346994e-06
3.237550527 7.913129556285381e-06
3.238901759 6.731866750288922e-06
3.24025299 8.077152102068503e-06
3.2416042210000002 8.49440606140488e-06
3.242955453 8.087516658818205e-06
3.244306684 8.200798843520882e-06
3.2456579160000003 7.371723564001097e-06
3.2470091470000004 7.3665659784295515e-06
3.248360379 9.936389430328316e-06
3.24971161 6.08951745192511e-06
3.251062841 1.3908055470611841e-06
3.2524140729999997 2.0181847840553e-07
3.253765304 8.173665756661206e-07
3.255116536 4.901914154452848e-06
3.256467767 3.2428828031628153e-06
3.257818999 3.441441060892709e-07
3.25917023 1e-08
3.2605214620000003 1.6866693924578726e-07
3.261872693 3.0699321670176555e-06
3.263223924 8.004326453782824e-06
3.264575156 5.5047987753367275e-06
3.265926387 9.533992125322474e-06
3.267277619 9.555301798636218e-06
3.2686288500000003 6.622481066574519e-06
3.269980082 1.0198958765700236e-05
3.271331313 1.3088453974519364e-05
3.272682544 6.486947087644377e-06
3.274033776 3.0288228984751613e-06
3.2753850069999997 1.2311482122605936e-06
3.276736239 2.824772853337414e-06
3.27808747 5.404162545963397e-06
3.2794387019999998 6.595132955943781e-06
3.280789933 1.3112973692630963e-05
3.282141165 1.3033725598032757e-05
3.283492396 7.915901819383172e-06
3.2848436270000003 5.812112530793287e-06
3.286194859 4.9071855123914395e-06
3.2875460899999998 3.610521075046072e-06
3.288897322 1.2690107396920252e-06
3.290248553 1.5417386494486838e-06
3.291599785 3.12553119787469e-06
3.292951016 6.337698702963355e-06
3.294302247 4.553222188372834e-06
3.2956534790000003 6.0671016216302465e-06
3.29700471 7.012725509766834e-06
3.298355942 4.809612253997429e-06
3.299707173 7.5997396918113495e-06
3.301058405 6.129282339563082e-06
3.3024096359999997 1.6319725281993897e-06
3.303760868 2.6995439563312927e-06
3.305112099 5.9030690081887e-06
3.30646333 5.397763931303031e-07
3.307814562 1.7100788349017638e-06
3.309165793 2.6706760198285033e-06
3.3105170250000002 1.508828576007144e-06
3.3118682560000003 5.955956771827887e-07
3.313219488 3.2726633944578645e-06
3.3145707189999998 4.01277305643819e-08
3.315921951 1.7966119088020242e-06
3.317273182 2.959396872726544e-06
3.318624413 4.964439225127674e-06
3.319975645 7.463609650563081e-06
3.321326876 1.3152458827896142e-05
3.322678108 1.3157325856305312e-05
3.324029339 9.240670915306423e-06
3.325380571 4.179999677687163e-06
3.326731802 5.8125052743410046e-06
3.328083033 2.649144638651384e-06
3.3294342649999997 6.546165083123174e-07
3.330785496 1.7744162570397355e-06
3.332136728 1.2684004897695125e-06
3.333487959 6.886016177683502e-08
3.334839191 7.540196031490594e-07
3.336190422 1.7233325074846949e-06
3.3375416540000002 2.9192592902113627e-06
3.3388928850000004 1.227061390037188e-07
3.340244116 1e-08
3.341595348 1e-08
3.342946579 3.7179855371086122e-06
3.344297811 1.0902577772693409e-05
3.345649042 7.964091996773133e-06
3.347000274 4.793803404496727e-06
3.348351505 5.440905816795596e-07
3.3497027360000002 2.117941770966384e-08
3.351053968 2.4412682075438576e-07
3.3524051989999997 2.9569324266020085e-06
3.353756431 5.125235798340789e-06
3.355107662 5.637480472794818e-06
3.3564588939999997 8.02921311142942e-06
3.357810125 1.0284307777600364e-05
3.359161357 8.199675902884942e-06
3.360512588 6.673701822831908e-06
3.3618638190000003 5.156531090962641e-06
3.363215051 7.970730336003173e-06
3.3645662819999997 9.872489142243995e-06
3.3659175140000004 1.0594172517633351e-05
3.367268745 1.0606673421292483e-05
3.368619977 4.163508895421696e-06
3.369971208 4.098460516309023e-07
3.371322439 5.6461425694968295e-06
3.372673671 4.9250315530772476e-06
3.374024902 1.5649788311784843e-06
3.375376134 3.0045712286656407e-06
3.3767273650000003 7.073271476744745e-06
3.378078597 8.378725935406714e-06
3.3794298279999997 4.924916641662486e-06
3.38078106 5.595073299203412e-06
3.382132291 1.722285126940377e-06
3.383483522 1.0400429363188138e-06
3.384834754 6.398432106913894e-06
3.386185985 1.4621015505535777e-05
3.387537217 1.0582116196813462e-05
3.3888884480000003 8.49563916311019e-06
3.39023968 7.350677539384336e-06
3.3915909109999998 3.6121046328578627e-06
3.3929421430000004 3.11173644815615e-06
3.3942933739999996 6.19362340716151e-06
3.3956446049999998 6.521765499187741e-06
3.396995837 6.004435663214388e-06
3.398347068 3.866851485012279e-06
3.3996983 2.1876520011583957e-06
3.401049531 2.1020743110523507e-06
3.402400763 3.2264625134406183e-06
3.4037519940000003 9.51395146208714e-07
3.405103225 1.4061386856239022e-08
3.4064544569999997 4.396080652983878e-06
3.407805688 4.060322341696032e-06
3.40915692 4.444904845255774e-06
3.410508151 1.3674999226556793e-06
3.411859383 7.721067965526859e-06
3.413210614 6.792523722990501e-06
3.4145618460000002 3.7654480392063955e-06
3.4159130770000004 3.3920808199353015e-06
3.4172643079999996 5.1980099170986695e-06
3.41861554 4.5037339434481174e-06
3.419966771 6.048582798659006e-06
3.4213180029999997 2.4852512568525937e-06
3.422669234 4.1767687351600217e-08
3.424020466 1e-08
3.425371697 1e-08
3.4267229280000002 4.458148830166418e-06
3.42807416 4.53901483496553e-06
3.429425391 6.255816689541494e-06
3.4307766230000003 4.1999083154523164e-06
3.432127854 4.484873078075279e-06
3.4334790859999997 8.582781265829486e-06
3.434830317 1.4319747405651712e-06
3.436181549 5.214795363596289e-08
3.43753278 4.681011473048219e-06
3.4388840110000003 5.415813183524846e-06
3.440235243 1.515085806269492e-06
3.441586474 2.538847663792218e-06
3.4429377060000004 1.3684460198730433e-06
3.4442889369999996 3.6164406799151415e-08
3.445640169 1.6365079478462878e-07
3.4469914 1.4766885378024907e-08
3.448342631 1.0422391322797283e-08
3.449693863 6.471233253613111e-07
3.451045094 5.219102782798497e-06
3.452396326 5.915152814652507e-06
3.4537475570000002 9.14314943288267e-06
3.455098789 1.125912594084515e-05
3.45645002 1.0922908967154425e-05
3.4578012520000003 5.585216570128094e-06
3.459152483 6.785881630448496e-06
3.460503714 4.594356541169735e-06
3.461854946 2.8641954210606436e-06
3.463206177 5.7596019739840585e-06
3.464557409 2.9787141607419937e-06
3.4659086400000003 2.0597321838208667e-07
3.467259872 4.343862668907812e-06
3.468611103 9.049375587041105e-06
3.469962335 4.960559598196301e-06
3.4713135659999996 1.4226776957262707e-08
3.4726647969999997 1.1228454043118488e-06
3.474016029 1.3742151911716886e-06
3.47536726 4.348539167405362e-08
3.476718492 1.4311610278706566e-07
3.478069723 2.6514539330869484e-06
3.479420955 3.0008869311343454e-06
3.4807721860000003 4.530253943987173e-06
3.482123417 4.71178321834756e-06
3.483474649 2.201047131773697e-06
3.48482588 6.128918829136416e-08
3.486177112 1e-08
3.487528343 4.777724175355128e-07
3.488879575 6.008785663383474e-06
3.490230806 3.788346689078137e-06
3.491582038 4.643329270817616e-08
3.492933269 1e-08
3.4942845 1.5552828815767206e-07
3.495635732 3.1889492746641156e-06
3.496986963 3.714615559297719e-07
3.4983381949999997 1.0022309623152807e-08
3.4996894259999998 1.575272209421043e-06
3.501040658 4.147526739648106e-06
3.502391889 2.709539451298818e-06
3.50374312 1.1229764869309798e-06
3.505094352 2.274795153735216e-08
3.506445583 1e-08
3.5077968150000003 1e-08
3.509148046 8.879101144831387e-07
3.5104992779999997 4.477768694403058e-06
3.511850509 3.7173200371919933e-06
3.513201741 8.313967600618852e-07
3.514552972 1.5930071222669073e-07
3.515904203 2.2092476757125226e-06
3.517255435 1.984123289899398e-06
3.518606666 2.7336830385854805e-06
3.519957898 6.095214821817377e-06
3.521309129 6.66917014257864e-06
3.5226603610000002 6.373217237224754e-06
3.524011592 1.0077503059094676e-05
3.5253628239999997 9.633663007399284e-06
3.526714055 7.872641683775087e-06
3.528065286 5.389072176350025e-06
3.529416518 2.5095450375614436e-06
3.5307677490000002 1.2121958974139866e-06
3.532118981 8.145190577150121e-08
3.533470212 7.742020166517378e-07
3.5348214440000003 2.9395112788441804e-08
3.536172675 1.32742760646235e-07
3.537523906 2.486087364220111e-06
3.538875138 6.730920350077817e-06
3.540226369 1.2974422676231566e-05
3.5415776009999997 1.2130364334486099e-05
3.542928832 1.0315303542144975e-05
3.544280064 1.1898035159048792e-05
3.545631295 1.0200873790351739e-05
3.546982527 5.407423907254489e-06
3.548333758 4.612251065284777e-06
3.5496849889999997 3.181476708379711e-06
3.551036221 3.7273136773495707e-06
3.552387452 7.449275945061617e-06
3.553738684 1.0143498460546372e-06
3.555089915 4.747621096964554e-08
3.556441147 1e-08
3.5577923780000003 6.821718934925539e-08
3.5591436090000004 1.7933218567079494e-06
3.560494841 2.152973188737546e-06
3.561846072 1.552356674893719e-08
3.563197304 1e-08
3.5645485349999997 1e-08
3.565899767 1.6024250902721107e-08
3.567250998 2.943083772027864e-06
3.5686022299999998 4.358995624278211e-06
3.569953461 1.1244708085748485e-05
3.571304692 1.944085999870936e-05
3.572655924 1.9891799154736984e-05
3.574007155 1.112228257544914e-05
3.575358387 2.7695334779174838e-06
3.5767096179999998 1.2528905523754922e-08
3.57806085 9.323357210661404e-07
3.579412081 2.9417045422519744e-06
3.580763312 5.2662017717338e-06
3.582114544 2.6470736411209568e-06
3.583465775 7.888787415953968e-08
3.5848170070000003 8.724749831387681e-08
3.5861682380000004 3.732717240360591e-06
3.58751947 7.367123080213949e-06
3.588870701 8.017261114560166e-06
3.5902219329999996 6.8219993180874235e-06
3.5915731639999997 4.808266672238228e-06
3.592924395 2.6285957335794245e-06
3.594275627 6.956640236934011e-07
3.595626858 1.0977495564520796e-06
3.59697809 2.2042874076956876e-06
3.598329321 1.5663188060430187e-06
3.5996805530000002 2.0455488659414884e-06
3.601031784 4.9197503031523394e-06
3.602383016 6.491872210455488e-06
3.603734247 5.120066409700197e-06
3.605085478 2.772742611236734e-06
3.60643671 3.075286367270321e-06
3.607787941 7.674188645070452e-06
3.609139173 7.107680430747581e-06
3.610490404 3.675372222694455e-06
3.6118416360000003 7.0439146681661615e-06
3.6131928670000004 1.2731426552468447e-05
3.6145440979999997 1.1059222557914257e-05
3.61589533 3.4928032645190197e-06
3.617246561 4.916277533068949e-07
3.6185977929999997 8.242874145616793e-08
3.619949024 1.3973195650357876e-06
3.621300256 9.296591626143777e-07
3.622651487 1.7265367900684754e-06
3.624002719 6.108105888648966e-07
3.62535395 2.1961198463142804e-06
3.6267051809999997 6.888973303455469e-06
3.628056413 1.0297119485728386e-05
3.629407644 4.823526097664928e-06
3.630758876 1.691085628198226e-06
3.632110107 2.580837157064945e-06
3.633461339 3.9593860992471534e-06
3.6348125700000002 5.533233893277252e-06
3.6361638010000004 3.6381185588720426e-07
3.637515033 7.353951507376084e-07
3.638866264 8.368380760089022e-07
3.640217496 2.159621200486697e-07
3.6415687269999997 1.3597967447515956e-08
3.642919959 3.1597793746933654e-07
3.64427119 6.085311169263961e-06
3.6456224219999998 7.736910923305797e-06
3.646973653 6.625004156453943e-06
3.648324884 4.021046913829359e-06
3.649676116 2.3204407608511757e-06
3.6510273470000003 3.5372766530183496e-06
3.652378579 5.8047613800567935e-06
3.6537298099999997 6.550882093101109e-06
3.655081042 8.11626767798034e-06
3.656432273 8.592638166277567e-06
3.657783504 6.412634377509625e-06
3.659134736 2.874760244391691e-06
3.660485967 6.2053844631603535e-06
3.6618371990000003 9.414731278510045e-06
3.66318843 4.335986447402254e-06
3.664539662 3.1787073245138018e-06
3.665890893 2.3750758986559634e-06
3.667242125 2.5980505856280626e-06
3.6685933559999997 2.3867680905817683e-06
3.669944587 4.2687282379326857e-07
3.671295819 7.156185250667779e-07
3.67264705 2.006043912608052e-06
3.673998282 2.046894522572333e-06
3.675349513 4.535407180208358e-06
3.676700745 5.105384765847166e-06
3.6780519760000003 3.2268930874653806e-06
3.679403208 3.762488526763226e-07
3.6807544389999998 2.62829480872189e-07
3.68210567 4.411867830400194e-06
3.683456902 7.548236298629518e-06
3.684808133 5.583051602047388e-06
3.686159365 1.8191530197397118e-06
3.687510596 1.143014007642897e-08
3.688861828 2.4726026825116765e-06
3.690213059 4.195279122721888e-06
3.6915642899999996 2.3223645245223814e-06
3.692915522 7.9160537309335e-07
3.694266753 1.2246679482997422e-06
3.6956179849999997 3.15246128229805e-07
3.696969216 2.5656868638033283e-06
3.698320448 2.1702067536431096e-06
3.699671679 2.409598432065789e-06
3.701022911 3.852095779477577e-06
3.702374142 1.0322024653530135e-06
3.703725373 2.2879540265328375e-07
3.7050766050000004 1.256012176075661e-07
3.706427836 1.946345861583165e-06
3.707779068 2.368262653903278e-06
3.709130299 2.9285817319393237e-06
3.710481531 3.765125045919919e-06
3.711832762 3.1129201701610277e-06
3.713183993 2.318672886441959e-06
3.714535225 2.313115078824141e-06
3.7158864560000002 2.7160923178986754e-06
3.717237688 5.500456384517923e-07
3.7185889189999997 1.8195954545610724e-06
3.719940151 3.8153489459879256e-06
3.721291382 5.306244468407758e-06
3.7226426139999997 1.998990616665293e-06
3.723993845 8.166303249444391e-07
3.725345076 2.8428294529721933e-06
3.726696308 3.3637902032164453e-06
3.7280475390000003 6.266514701840124e-08
3.729398771 7.45228994966789e-08
3.730750002 9.316517842595275e-07
3.7321012340000004 2.0115216551474507e-06
3.733452465 3.0843825210694297e-06
3.7348036959999997 5.628343755442673e-08
3.736154928 1e-08
3.737506159 1e-08
3.738857391 2.969878633186933e-07
3.740208622 3.4336627965118434e-06
3.741559854 1.5342889156424059e-06
3.7429110850000002 4.0092230284222006e-07
3.744262317 7.775654285239264e-07
3.7456135479999997 5.385627508664523e-06
3.746964779 8.8815142896607e-06
3.748316011 9.179119494499199e-06
3.749667242 4.773836691954437e-06
3.751018474 3.852732713810744e-06
3.752369705 5.162376473219687e-06
3.753720937 2.1466540001491373e-07
3.7550721680000003 2.4729828080745522e-06
3.7564234 4.014835998471055e-06
3.757774631 6.244255339805594e-06
3.759125862 8.354526442963082e-06
3.7604770939999996 8.11314402878972e-06
3.7618283249999998 1.6057735926443726e-06
3.763179557 1.4410628555601083e-07
3.764530788 6.62517002525071e-07
3.76588202 2.5564785716861456e-07
3.767233251 4.0359010394079275e-06
3.768584482 3.5578109210084747e-06
3.7699357140000003 3.5800276947017104e-06
3.771286945 3.929156244426698e-06
3.7726381769999997 1.533067605324553e-07
3.773989408 1e-08
3.77534064 1e-08
3.776691871 1e-08
3.778043103 3.3455558290747014e-08
3.779394334 6.938612779731247e-07
3.780745565 3.963600976382596e-07
3.7820967970000003 9.124536546009675e-07
3.7834480279999996 2.384283687668077e-06
3.7847992599999998 4.181496182829412e-06
3.786150491 5.662812589950821e-06
3.7875017229999997 5.819833162516384e-06
3.7888529539999998 6.848090932655621e-06
3.790204185 6.0462299692536995e-06
3.791555417 5.275929847764865e-06
3.792906648 6.448849792283279e-06
3.79425788 9.549936289380814e-06
3.795609111 1.0851938642319611e-05
3.7969603430000003 9.911266629834002e-06
3.798311574 5.207094350220586e-06
3.7996628059999997 4.337774249221495e-06
3.801014037 6.626339742994398e-06
3.802365268 1.0127662963206927e-05
3.8037165 1.0334102342728875e-05
3.8050677310000003 8.174445996847245e-06
3.806418963 7.856774934519904e-06
3.807770194 6.714635008262335e-06
3.8091214260000004 2.2570781689674602e-06
3.8104726569999996 2.708841120261777e-06
3.811823889 8.176098049062493e-07
3.81317512 1.1144548934170848e-06
3.814526351 2.0760061549597004e-06
3.815877583 1.5874514447011608e-06
3.817228814 3.979295252965705e-08
3.818580046 1.4543726022835193e-07
3.8199312770000002 6.641602676021052e-07
3.821282509 1.4756853288024367e-07
3.82263374 3.7647722859776973e-07
3.823984971 4.7169640499266975e-06
3.825336203 8.887259685038794e-06
3.826687434 8.852982511524907e-06
3.828038666 7.241978765454299e-06
3.829389897 6.635397012946611e-06
3.830741129 7.332292712336928e-06
3.8320923600000003 5.806382118569366e-06
3.833443592 4.345623171317785e-06
3.834794823 1.6350916071271824e-06
3.836146054 1e-08
3.8374972859999996 1e-08
3.8388485169999997 1.7410166691559095e-06
3.840199749 6.585762288711912e-06
3.84155098 7.412151431766069e-06
3.842902212 3.6613922393610953e-06
3.844253443 1.5707597695733317e-06
3.845604674 1.7894036825684419e-06
3.8469559060000003 4.3361532819652384e-06
3.848307137 6.146591246001683e-06
3.849658369 9.165888321535908e-06
3.8510096 6.848015676585978e-06
3.852360832 8.576556880410084e-06
3.853712063 9.154776575691255e-06
3.855063295 7.301010413657698e-06
3.856414526 7.482343673853703e-06
3.857765757 9.751134672725314e-06
3.859116989 1.549685372017411e-05
3.86046822 1.601103434232177e-05
3.861819452 1.4728367677838474e-05
3.863170683 1.3422175348248275e-05
3.8645219149999996 1.1031895184469485e-05
3.8658731459999998 8.38863992026072e-06
3.867224377 6.438251133479113e-06
3.868575609 5.739350393333491e-06
3.86992684 6.977863792630211e-08
3.871278072 1.1164881395474084e-07
3.872629303 1.5700000270295856e-06
3.8739805350000003 5.333983453877457e-06
3.875331766 9.57559148589382e-06
3.876682998 1.2826903882734604e-05
3.878034229 1.0077423881223067e-05
3.87938546 3.92344129149934e-06
3.880736692 1.8601003830033413e-06
3.882087923 3.641150987728579e-06
3.883439155 3.604158609238403e-06
3.884790386 4.6876138975616495e-06
3.886141618 6.234840782620901e-06
3.887492849 4.949753589910539e-06
3.8888440810000002 1.9273512217321934e-06
3.890195312 1.8740210493236428e-06
3.891546543 3.7732095984897833e-06
3.892897775 6.157815210164693e-06
3.894249006 8.046045466688158e-06
3.895600238 7.072526733399408e-06
3.8969514690000002 5.014732212865392e-06
3.898302701 3.5584460589261586e-06
3.899653932 2.8575913575747613e-06
3.9010051629999998 5.475588997808307e-07
3.902356395 1.6908117453845668e-06
3.903707626 6.516528112837195e-06
3.905058858 4.908607669733409e-06
3.906410089 2.988063183069502e-06
3.9077613209999997 1.9882775800951443e-06
3.909112552 2.277647212594991e-06
3.910463784 4.599753704772943e-06
3.911815015 1.2480498540371587e-05
3.913166246 1.0473803498060766e-05
3.914517478 5.923952012658975e-06
3.9158687089999997 2.848007043590252e-06
3.917219941 2.282086298206872e-06
3.918571172 2.522910625880035e-06
3.919922404 3.1640531488727025e-06
3.921273635 4.1353443761875975e-06
3.922624866 6.632967377162524e-06
3.9239760980000002 5.476036850759701e-06
3.9253273290000004 4.1447005559303334e-06
3.926678561 4.5612594211421905e-07
3.928029792 2.754375723782434e-06
3.929381024 2.7377487004376243e-06
3.9307322549999997 3.0599474563832247e-06
3.932083487 4.024618676714344e-06
3.933434718 5.719874407169238e-06
3.934785949 9.17350777574731e-06
3.936137181 8.608054125317519e-06
3.937488412 9.60188172076869e-06
3.938839644 1.0832286626465278e-05
3.940190875 9.469639637986756e-06
3.941542107 5.1634193519851035e-06
3.9428933379999997 2.7741055603664685e-06
3.944244569 4.566363044946101e-06
3.945595801 5.605004157229228e-06
3.946947032 4.378350496867491e-06
3.948298264 5.307198078517108e-06
3.949649495 6.3229482703836534e-06
3.9510007270000003 4.217123393466029e-06
3.9523519580000004 4.064703909058194e-06
3.95370319 3.2162860788765907e-06
3.955054421 4.7018729871324155e-07
3.956405652 6.160042091404241e-06
3.9577568839999997 6.838811946902993e-06
3.959108115 4.954488353464157e-06
3.960459347 6.115626855040143e-06
3.961810578 8.303649694757025e-06
3.96316181 6.437377099300257e-06
3.964513041 3.3835987573601916e-06
3.965864273 2.15790892580491e-06
3.967215504 1.8814060451106552e-06
3.968566735 2.1291816144976737e-06
3.9699179669999998 4.517873560804254e-06
3.971269198 4.866582469797768e-06
3.97262043 5.785959163020457e-06
3.973971661 9.628463659135295e-06
3.975322893 7.6231558327411615e-06
3.976674124 4.4007554326248405e-06
3.978025355 1.0823386041397736e-06
3.9793765870000004 5.854084288735496e-06
3.9807278179999996 8.272441317009988e-06
3.98207905 9.022600165352682e-06
3.983430281 1.1055564094490943e-05
3.9847815129999997 1.608160013404989e-05
3.986132744 2.0675270461513744e-05
3.987483976 1.9326778138510245e-05
3.988835207 1.2232658660983913e-05
3.9901864380000003 8.192278966320664e-06
3.99153767 4.859497819185341e-06
3.9928889009999997 5.356140461674227e-06
3.994240133 6.13104578822124e-06
3.995591364 8.396143027762301e-06
3.996942596 1.1903701363150821e-05
3.998293827 9.035495232599179e-06
3.999645058 3.4945654062271883e-06
4.00099629 2.350443916640626e-06
4.002347521 3.8736335581978496e-06
4.003698753 6.15969627585397e-06
4.005049984 7.173444382400222e-06
4.006401216 7.749020344234769e-06
4.007752447 5.370469071979228e-06
4.009103679 4.650883773669867e-07
4.01045491 3.1949281725536385e-08
4.011806141 5.7968264002459855e-08
4.013157373 3.2777459304806323e-06
4.014508604 1.0740711636208192e-05
4.015859836 1.4236380402449268e-05
4.017211067 1.3042332004617417e-05
4.018562299 1.1965176267809561e-05
4.01991353 9.691468622836023e-06
4.021264761 3.6851648150710667e-06
4.022615993 2.811676044674044e-06
4.023967224 3.555149800008929e-06
4.025318456 6.307407461596618e-06
4.026669687 9.96752319714461e-06
4.028020919 1.1912783164404993e-05
4.02937215 1.000080926412245e-05
4.030723382 6.820457899904537e-06
4.032074613 6.018570020122658e-06
4.033425844 9.796994678435325e-06
4.034777076 1.305193078384095e-05
4.036128307 1.0158838038240198e-05
4.037479539 7.63635253283301e-06
4.03883077 8.19021239545753e-06
4.040182002 8.68079227167742e-06
4.041533233 5.047765725836499e-06
4.042884465 3.1707337306298407e-06
4.044235696 1.0854950985025923e-06
4.0455869269999996 4.298727193869038e-06
4.046938159 5.081769940485132e-06
4.04828939 2.914987942330164e-07
4.049640622 2.747677457521855e-06
4.050991853 2.206824035122842e-06
4.052343085 2.8764882572257367e-07
4.053694316 1.2009722903858539e-08
4.055045547 2.2333309621810907e-06
4.056396779 6.148209823846623e-06
4.05774801 6.661873887089622e-06
4.059099241999999 2.3234892465358968e-07
4.0604504729999995 1e-08
4.061801705 1.726717630585118e-08
4.063152936 2.8134347366474528e-06
4.064504168 7.276034589218479e-06
4.065855399 1.0717837312755309e-05
4.06720663 7.75770183962835e-06
4.0685578620000005 3.7062951711976614e-06
4.069909093000001 2.8599358463744052e-06
4.071260325 2.9916626101997945e-06
4.072611556 2.041054478476579e-06
4.073962788 2.8437281341680604e-06
4.075314019 4.581220526791637e-06
4.07666525 6.578260982299474e-06
4.078016482 8.0406186075945e-06
4.079367713 1.0111591807885677e-05
4.080718945 1.1432749420772684e-05
4.082070176 8.112795848024429e-06
4.083421408 6.124537226440221e-06
4.084772639 7.703691964285547e-06
4.086123871 4.4675235301668244e-06
4.087475102 5.394587281356946e-07
4.088826333 1e-08
4.090177565 1e-08
4.091528796 2.96137455944028e-07
4.092880028 2.9677303326669646e-06
4.094231259 1.6797429590920916e-06
4.095582491 1.236372741153897e-07
4.096933722 1.1535117016534735e-08
4.098284953 7.232434699784358e-07
4.0996361850000005 2.4780649762165643e-06
4.100987416 2.1145071690938207e-06
4.102338648 1.602489759169874e-06
4.103689878999999 1.4672862555850797e-06
4.105041110999999 2.5021050512877087e-06
4.106392342 9.048774865771024e-07
4.107743574 1.669183611879065e-06
4.109094805 5.19398532468624e-06
4.110446036 6.319163726359212e-06
4.111797268 9.203508909177245e-06
4.113148499 1.4940858870813275e-05
4.1144997309999995 1.4086644609411444e-05
4.115850962000001 5.371124380614571e-06
4.117202194000001 1.354216401273218e-07
4.118553425 1e-08
4.119904657 1e-08
4.121255887999999 1e-08
4.122607119 1e-08
4.123958351000001 1.0873184376444296e-07
4.125309582 1.557133347454947e-06
4.126660814 7.153231032426447e-06
4.128012045 1.5248863747607349e-05
4.129363277 1.6745590088506483e-05
4.130714508 1.196532993166442e-05
4.132065739 6.2114263437736095e-06
4.133416971 6.248295493420222e-06
4.134768202 6.2384792478529e-06
4.136119434 4.790618932252261e-06
4.1374706649999995 9.528095628359323e-07
4.138821897 8.746627095683918e-07
4.140173128000001 1.7592740280896077e-06
4.14152436 5.959669003601518e-06
4.142875591 9.484826937326511e-06
4.144226821999999 9.764382447279475e-06
4.145578054 9.684206446734556e-06
4.146929285000001 1.022672056028711e-05
4.148280517 7.247767059157707e-06
4.149631748 3.83929514646396e-06
4.15098298 5.095793868183019e-06
4.152334211 7.146712664339107e-06
4.153685442 1.3143056135909395e-05
4.155036674 1.6537788285832857e-05
4.156387905 1.4167803592676509e-05
4.157739136999999 9.162406580672843e-06
4.159090368 6.829950922052212e-06
4.1604416 1.0586092713616352e-05
4.161792831 1.5436904345461156e-05
4.163144063 1.3380957264988162e-05
4.164495294 1.1560672794985376e-05
4.165846525 1.0788008665640446e-05
4.167197757 1.1605034603206605e-05
4.1685489879999995 1.119237780783699e-05
4.169900220000001 1.1045639817886643e-05
4.171251451 1.2120136967220124e-05
4.172602683 1.380584306839876e-05
4.173953914 1.3448326789114709e-05
4.1753051459999995 1.3067113723742932e-05
4.1766563770000005 1.4786316062782858e-05
4.178007608 1.7619275007294994e-05
4.17935884 1.819798274671429e-05
4.180710071 1.1512922998228464e-05
4.182061303 4.885044847113905e-06
4.183412534 4.896425522671052e-06
4.184763766 5.920933400899509e-06
4.186114997 4.310797830900433e-06
4.187466228 2.643411608838801e-06
4.18881746 8.401639848877366e-08
4.190168691 1e-08
4.1915199229999995 1.9126399935408557e-08
4.1928711540000005 4.789527509578327e-06
4.194222386000001 4.777549437351596e-06
4.195573617 2.7362272955554158e-06
4.196924849 1.9687694113203574e-06
4.198276079999999 2.2561394620837217e-06
4.199627311 2.839322070681953e-06
4.200978543 3.0340453268152548e-06
4.202329774 3.5179246956047173e-06
4.203681006 4.124167969707167e-06
4.205032237 4.407518481538929e-06
4.206383469 3.6504936308441835e-06
4.2077347 2.3582953312943575e-06
4.209085931 1.6131223349824786e-06
4.210437163 1.0244697103679303e-06
4.211788394 3.743405188340626e-07
4.213139626 1.3117127540151248e-08
4.2144908569999995 1e-08
4.215842089 1e-08
4.217193320000001 1e-08
4.218544552 1e-08
4.219895783 1e-08
4.221247013999999 1e-08
4.2225982459999996 4.237961827347576e-08
4.223949477 1.9378154964624823e-06
4.225300709 4.5761462927504465e-06
4.22665194 7.2283051751752305e-06
4.228003171999999 8.24665781720542e-06
4.229354403 5.817410704624811e-06
4.2307056339999995 2.593674509169481e-06
4.232056866 1.7623765151722083e-06
4.233408097000001 4.093566858665077e-06
4.234759329 8.590050579482411e-06
4.23611056 8.782722718279035e-06
4.237461792 4.719091457713969e-06
4.238813023 2.3953185759025457e-06
4.240164255 2.335432095625416e-06
4.241515486 2.9991844869073555e-06
4.242866717 4.002613905217888e-06
4.244217949 3.561414067003973e-06
4.24556918 3.9700330530459264e-08
4.246920412000001 1e-08
4.248271643 1e-08
4.249622875 1e-08
4.250974105999999 1e-08
4.2523253379999995 1e-08
4.2536765690000005 1e-08
4.2550278 1e-08
4.256379032 1e-08
4.257730263 5.6205382600062216e-08
4.259081495 4.1720975526886316e-07
4.260432726 3.414399141999484e-07
4.261783958 1.0791902155603948e-08
4.263135189 1e-08
4.26448642 8.1296375164894e-08
4.265837652 1.9056088640299329e-06
4.267188883 3.1023159014281856e-06
4.2685401149999995 3.4623007215775975e-06
4.2698913460000005 3.99301040989512e-06
4.271242578000001 5.004050934541534e-06
4.272593809 6.730050820645091e-06
4.273945041 9.492607912270251e-06
4.275296271999999 6.615727963789807e-06
4.276647503 3.4600496548067e-06
4.277998735 1.6827080794766805e-06
4.279349966 1.5575736277982945e-06
4.280701198 1.372946774342072e-06
4.282052429 1.4855289921365222e-06
4.283403661 2.2912854615225555e-06
4.284754892 5.761552935387781e-06
4.286106123 6.773613203266051e-06
4.287457355 5.228809488387821e-06
4.288808586 5.037448990160375e-07
4.290159818 1e-08
4.2915110489999995 1e-08
4.292862281 1e-08
4.294213512000001 2.680932310474976e-08
4.295564744 7.835731492887348e-07
4.296915975 1.8352710028560596e-06
4.298267206 4.718846821279908e-08
4.299618438 1e-08
4.300969669 1e-08
4.302320901 1e-08
4.303672132 1e-08
4.305023363999999 1e-08
4.306374595 1e-08
4.3077258259999995 1e-08
4.309077058 6.293213166146528e-07
4.310428289000001 5.861465664003867e-06
4.311779521 1.7193188662079244e-06
4.313130752 1.418503576619626e-08
4.314481984 1e-08
4.315833215 4.2511844991300016e-08
4.317184447 7.177536769535671e-07
4.318535678 4.313006476527046e-07
4.319886909 2.1642905083662136e-08
4.321238141 3.899257561133636e-08
4.322589372 8.073832952407775e-07
4.323940604000001 3.4932350111519682e-06
4.325291835 8.849850393760129e-07
4.326643067 6.372758347673858e-08
4.327994297999999 1e-08
4.329345529999999 1e-08
4.3306967610000004 1e-08
4.332047992 1e-08
4.333399224 1e-08
4.334750455 1e-08
4.336101687 2.4864459000562357e-07
4.337452918 2.630327821356662e-06
4.33880415 1.2294844479537208e-06
4.340155381 1.3516558999663559e-08
4.341506612 1e-08
4.342857844 1e-08
4.344209075 1e-08
4.3455603069999995 1e-08
4.3469115380000005 1e-08
4.34826277 1e-08
4.349614001 1e-08
4.350965233 1e-08
4.352316464 1.5253322809664843e-07
4.353667695 3.3011760230633917e-06
4.355018927 6.310720770805658e-06
4.356370158 7.432877257283428e-06
4.35772139 1.11024424990127e-05
4.359072621 1.1614452339347166e-05
4.360423853 9.020656169023185e-06
4.361775084 1.3038425964348246e-06
4.363126315000001 1.0184777229556101e-07
4.364477547000001 3.1459932976576264e-08
4.365828778 1.229014326134782e-06
4.36718001 3.079936869817516e-06
4.3685312409999995 4.7776043644855286e-06
4.369882473 5.137545339911227e-06
4.371233704 2.748157166698932e-06
4.372584936 4.900772851759136e-08
4.373936167 1e-08
4.375287398 1.1867737222313231e-08
4.37663863 3.063818505269755e-07
4.377989861 2.346418225435972e-06
4.379341093 5.446188763021759e-06
4.380692324 5.160029788673616e-06
4.382043555999999 3.03399635893138e-08
4.383394787 1e-08
4.3847460179999995 1e-08
4.38609725 1e-08
4.387448481000001 1e-08
4.388799713 1.4632986623247933e-08
4.390150944 3.312050805505457e-08
4.391502176 1.1596108487618625e-08
4.392853407 1e-08
4.394204639 1e-08
4.39555587 1e-08
4.396907101 1e-08
4.398258332999999 1e-08
4.399609564 1e-08
4.400960796000001 1e-08
4.402312027 1e-08
4.403663259 1e-08
4.405014489999999 1e-08
4.406365721999999 1e-08
4.407716953 1e-08
4.409068184 1e-08
4.410419416 1e-08
4.411770647 1e-08
4.413121879 1e-08
4.41447311 1e-08
4.415824342 1e-08
4.417175573000001 1e-08
4.418526804 1e-08
4.419878036 1e-08
4.421229266999999 1e-08
4.4225804989999995 1e-08
4.4239317300000005 1e-08
4.425282962 1e-08
4.426634193 1e-08
4.427985425 1e-08
4.429336656 1e-08
4.430687887 1e-08
4.432039119 1e-08
4.43339035 1e-08
4.434741582 1e-08
4.436092813 1e-08
4.437444045 1e-08
4.438795276 1e-08
4.440146507000001 1e-08
4.441497739000001 1e-08
4.44284897 1e-08
4.444200202 1e-08
4.445551432999999 1e-08
4.446902665 1e-08
4.448253896 1e-08
4.449605128 1e-08
4.450956359 1e-08
4.45230759 1e-08
4.453658822 1e-08
4.455010053 1e-08
4.456361285 1e-08
4.457712516 1e-08
4.459063747999999 1e-08
4.460414979 1e-08
4.4617662110000005 1e-08
4.463117442 1e-08
4.464468673000001 1e-08
4.465819905 1e-08
4.467171136 1e-08
4.468522368 1e-08
4.469873599 1e-08
4.471224831000001 1e-08
4.472576062 1e-08
4.473927293 1e-08
4.475278524999999 1.077457501314842e-08
4.476629756 4.377902152443721e-07
4.4779809880000006 3.1243984135617397e-06
4.479332219 2.8799386970820324e-06
4.480683451 4.836967248608554e-07
4.482034682 3.528706970436361e-08
4.483385914 1e-08
4.484737145 1e-08
4.486088376 1e-08
4.487439608 1e-08
4.488790839 1e-08
4.490142071 1e-08
4.491493302 1e-08
4.492844534 1e-08
4.494195765000001 1e-08
4.495546996 1e-08
4.496898228 1e-08
4.498249458999999 1e-08
4.4996006909999995 1e-08
4.5009519220000005 1e-08
4.502303154 1e-08
4.503654385 1e-08
4.505005617 1e-08
4.506356848 1e-08
4.507708079 1e-08
4.509059311 1e-08
4.510410542 1e-08
4.511761774 1e-08
4.513113005 1e-08
4.514464237 1e-08
4.5158154679999996 1e-08
4.517166699000001 1.376176443660781e-07
4.518517931 4.387005897375235e-06
4.519869162 5.729745725103369e-06
4.521220394 8.712235324244722e-08
4.522571624999999 1e-08
4.523922857 1e-08
4.525274088 1.739908620515924e-07
4.52662532 1.8108752528281036e-06
4.527976551 2.1203199338974526e-06
4.529327782 3.291663266989938e-08
4.530679014 1e-08
4.532030245 1e-08
4.533381477 1e-08
4.534732708 1e-08
4.53608394 1e-08
4.537435171 1e-08
4.5387864030000005 1e-08
4.540137634 1.2786149844679098e-08
4.541488865 1.498128408503634e-07
4.542840097 1.122115735503167e-06
4.544191328 3.6318063490125625e-06
4.5455425599999995 3.028146815550684e-06
4.5468937910000005 8.994628866737283e-08
4.548245023000001 1e-08
4.549596254 1e-08
4.550947485 1e-08
4.552298716999999 1e-08
4.553649948 1e-08
4.5550011800000005 1e-08
4.556352411 1e-08
4.557703643 1e-08
4.559054874 1e-08
4.560406106 1e-08
4.561757337 1e-08
4.563108568 1e-08
4.5644598 1e-08
4.565811031 1e-08
4.567162263 1e-08
4.568513493999999 1e-08
4.569864726 1e-08
4.571215957000001 1e-08
4.572567188 1e-08
4.57391842 1e-08
4.575269650999999 1e-08
4.5766208829999995 1e-08
4.5779721140000005 1.012966868987976e-08
4.579323346 2.67199669628757e-07
4.580674577 2.742714875181357e-06
4.582025809 4.421148615357502e-06
4.58337704 6.771307538560959e-06
4.584728271 9.745675175715007e-06
4.586079503 1.317484638964034e-05
4.587430734 1.3557803957594315e-05
4.588781966 1.3024141456619936e-05
4.590133197 1.17073909380962e-05
4.591484429 9.330312009789992e-06
4.5928356599999995 8.461474581317801e-06
4.5941868910000005 8.70509411131292e-06
4.595538123 1.4173270375317983e-05
4.596889354 2.180535458122443e-05
4.598240586 4.060198757603148e-05
4.599591817 6.541324118615299e-05
4.6009430490000005 0.00010227906523985512
4.60229428 0.0001441653846554404
4.603645512 0.0001815854804709938
4.604996743 0.00022166155835366962
4.606347974 0.00026136052480100103
4.607699206 0.0002891618475716917
4.609050437 0.0003082424652134789
4.610401669 0.0003140131986225189
4.611752900000001 0.00030900586266370154
4.613104132 0.0003015190005517181
4.614455363 0.0002918118058808493
4.6158065950000005 0.00028016619709035585
4.617157826 0.00027181744880365243
4.618509057 0.0002696159502859913
4.619860289 0.00027594862959007157
4.62121152 0.0002854831630756456
4.622562751999999 0.0002979559378856426
4.6239139830000004 0.00031753726691724835
4.625265215000001 0.0003417952523267268
4.626616446 0.0003722630010101532
4.627967677 0.0004061188571259471
4.629318908999999 0.0004449398529059406
4.63067014 0.0004943059175634266
4.6320213720000005 0.0005541097941873544
4.633372603 0.0006243946316094513
4.634723835 0.0007069542452452043
4.636075066 0.0008038727797667013
4.637426298 0.0009172448331137732
4.638777529 0.001055667211279695
4.64012876 0.001225714404570818
4.641479992 0.0014341556208145115
4.642831223 0.0017005049774713496
4.644182455 0.0020214637208987585
4.645533685999999 0.002410134287898341
4.646884918 0.0028933555164703416
4.648236149000001 0.0034811490698660103
4.64958738 0.004199650321242118
4.650938612 0.005055231730290015
4.652289842999999 0.006075515718954495
4.6536410749999995 0.0072821615101928035
4.6549923060000005 0.008696570478822602
4.656343538 0.010359569869182872
4.657694769 0.012279311916192534
4.659046001 0.014507578334975537
4.660397232 0.017101695775658576
4.661748463 0.020074041233482068
4.663099695 0.02350617195289535
4.664450926000001 0.027470530980363974
4.665802158 0.03205353464658195
4.667153389 0.0374194434520274
4.668504621 0.04371097549152535
4.6698558519999995 0.0512473007473434
4.6712070830000005 0.06026906783479933
4.672558315 0.07125854507759921
4.673909546 0.08496088048804784
4.675260778 0.10179440402514889
4.676612009 0.1230756371017832
4.6779632410000005 0.14974091506580364
4.679314472 0.18281385264465783
4.680665704 0.22363425115384214
4.682016935 0.27200150927471595
4.683368166 0.32915389157063496
4.684719398 0.3884912454568194
4.686070629 0.45119415936555446
4.687421861 0.5121701710150431
4.688773092 0.5612079661193741
4.690124324 0.6045578515370389
4.691475555 0.6334397324909091
4.6928267869999996 0.6515509599982839
4.694178018 0.6635697220598842
4.695529249 0.6674609293311893
4.696880481 0.6698997419432176
4.698231712 0.6711255976820619
4.699582943999999 0.6732725865632101
4.700934175 0.6761992486221472
4.702285407000001 0.6802788856529223
4.703636638 0.6851456504174943
4.704987869 0.6899588138696684
4.706339100999999 0.6939873372583146
4.707690332 0.6962446369501322
4.7090415640000005 0.6973349550255483
4.710392795 0.6954487204366632
4.711744027 0.6923301879519199
4.713095258 0.68796591526511
4.71444649 0.6830734975527843
4.7157977209999995 0.6786131211106455
4.717148952 0.6751170668666844
4.718500184000001 0.6729652624843223
4.719851415 0.6711593000156186
4.721202647 0.6685570446428408
4.722553877999999 0.6616146069671628
4.72390511 0.6513327588578396
4.725256341000001 0.625221404153169
4.726607572 0.5909349467631366
4.727958804 0.5448770412178581
4.729310035 0.48421809071905564
4.730661267 0.42202480744174403
4.7320124980000005 0.3532212984653173
4.73336373 0.2881862323710114
4.734714961 0.23085013539377758
4.736066193 0.17912667106273955
4.737417424 0.13804288594903974
4.738768654999999 0.10529466128355708
4.740119887 0.080249241768861
4.741471118000001 0.06125667480984716
4.74282235 0.04713898347049078
4.744173581 0.03659155512738133
4.745524813 0.028591791455293305
4.7468760439999995 0.022708303182412112
4.748227276 0.018152838703606067
4.749578507 0.014664946018069528
4.750929738 0.01197638862793095
4.75228097 0.009836199472207206
4.753632201 0.00817784458627235
4.7549834330000005 0.006846454393226461
4.756334664 0.005768363478589341
4.757685896 0.004905965665575643
4.759037127 0.004189616590417702
4.760388358 0.003604740105749491
4.76173959 0.003120497325950725
4.763090821 0.0027095468993938183
4.764442053 0.0023559474362706023
4.765793284 0.0020482777577025047
4.767144516 0.0017805011986117367
4.768495747 0.0015505904672860552
4.7698469789999995 0.0013525025108892111
4.77119821 0.0011852296655293327
4.772549441 0.0010495875828378785
4.773900673 0.0009369272410635148
4.775251904 0.0008534764890755514
4.776603135999999 0.0007814322570486083
4.777954367 0.000721442147450938
4.779305599000001 0.0006710612724790311
4.78065683 0.000626454505764457
4.782008061000001 0.0005865393356600579
4.783359293 0.0005487060315513076
4.784710524 0.0005127352278456348
4.7860617560000005 0.00047951815008830215
4.787412987 0.00044741048858394194
4.788764219 0.0004114724948223116
4.79011545 0.0003742570327384579
4.791466682 0.00033701530415418824
4.7928179129999995 0.0003041391943079938
4.7941691440000005 0.00027436685801095656
4.795520376000001 0.00024695197719226355
4.796871607 0.0002223110299845713
4.798222839 0.00020029246941003404
4.799574069999999 0.00018377299393117295
4.800925302 0.00016757950168485737
4.802276533000001 0.00015042880745728667
4.803627764 0.0001319907019568334
4.804978996 0.00011478003165833751
4.806330227 9.988584219997038e-05
4.807681459 8.55026658268245e-05
4.80903269 7.11460728177272e-05
4.810383922 5.630235492799936e-05
4.811735153 4.507726340743044e-05
4.813086384999999 3.847449247938166e-05
4.814437616 3.1105933550312474e-05
4.815788846999999 2.2768730228401326e-05
4.817140079 1.0162135369471907e-05
4.818491310000001 4.004242815644984e-06
4.819842542 4.788227793837644e-08
4.821193773 1e-08
4.822545005 1e-08
4.8238962359999995 1e-08
4.825247468 1e-08
4.826598699 1e-08
4.82794993 4.8533952985785826e-08
4.829301162 3.2020240693039315e-06
4.830652393 1.1477629260571573e-05
4.8320036250000005 2.20329682135337e-05
4.833354856 2.9176093175637548e-05
4.834706088 3.606733187097255e-05
4.836057318999999 4.096426743100244e-05
4.83740855 4.3533564588733856e-05
4.838759782 4.5605847861344645e-05
4.840111013 4.452070806001921e-05
4.841462245 4.235651235778579e-05
4.842813476 3.873946668704926e-05
4.844164708 3.341815413943218e-05
4.845515939 2.8398300657382062e-05
4.8468671709999995 2.3475263970304092e-05
4.8482184020000005 1.986765337544765e-05
4.849569633 1.9117472355560953e-05
4.850920865 1.688701547946073e-05
4.852272096 1.7333558397995677e-05
4.853623327999999 1.59116659099316e-05
4.854974559 1.6412103623756065e-05
4.856325791000001 1.8048025449322778e-05
4.857677022 1.9796023874260094e-05
4.859028253 2.1458257930495823e-05
4.860379485 1.8128684157150166e-05
4.861730716 1.0995881829011873e-05
4.863081948 1.0599823186835415e-05
4.864433179 1.2087829705012458e-05
4.865784411 1.397551960766236e-05
4.867135642 1.2182164991779744e-05
4.868486874 9.687121105323246e-06
4.8698381049999995 6.212823485845987e-06
4.8711893360000005 3.502838304024465e-06
4.872540568000001 1.8037232229699863e-06
4.873891799 7.030587160931081e-08
4.875243031 1e-08
4.876594261999999 1e-08
4.8779454939999995 1e-08
4.879296725000001 1e-08
4.880647956 5.524948950415821e-08
4.881999188 1.035077742494722e-06
4.883350419 1.5277140569013184e-06
4.884701651 2.2826212351647026e-06
4.8860528819999995 3.5632873065477527e-06
4.887404114 5.3273314901684625e-06
4.888755345 1.0156466048044409e-05
4.890106576999999 1.105313113555118e-05
4.891457808 1.225294860695408e-05
4.892809038999999 1.4342086509802171e-05
4.894160271 1.5778130061024925e-05
4.895511502000001 1.6520486234494143e-05
4.896862734 1.2658896887407358e-05
4.898213965 7.589212465273308e-06
4.899565197 1.4562392204915882e-06
4.900916428 1.8583735751741044e-07
4.902267660000001 1.6858578946867877e-08
4.903618891 1e-08
4.904970122 1e-08
4.906321354 1e-08
4.907672585 1e-08
4.9090238170000005 1e-08
4.910375048 1e-08
4.91172628 1e-08
4.913077511 1e-08
4.914428742 1e-08
4.915779974 1e-08
4.917131205 1e-08
4.918482437 1e-08
4.919833668 1e-08
4.9211849 1e-08
4.922536131 1e-08
4.9238873629999995 1e-08
4.9252385940000005 1e-08
4.926589825 1e-08
4.927941057 1e-08
4.929292288 1e-08
4.930643519999999 1e-08
4.931994751 1e-08
4.933345983000001 1e-08
4.934697214 1e-08
4.936048445 1e-08
4.937399677 1e-08
4.938750908 1e-08
4.94010214 1e-08
4.941453371 1e-08
4.942804603 1e-08
4.944155834 1e-08
4.945507066 9.89376162819567e-09
4.9468582969999995 9.719068777987377e-09
4.9482095280000005 9.835269055428332e-09
4.949560760000001 1e-08
4.950911991 1e-08
4.952263223 1e-08
4.953614453999999 1e-08
4.9549656859999995 3.7471917207154205e-08
4.9563169170000005 1.3553740819168343e-06
4.957668148 1.1360261994137437e-07
4.95901938 1e-08
4.960370611 1e-08
4.961721843 1e-08
4.9630730739999995 1e-08
4.964424306 1e-08
4.965775537000001 1e-08
4.967126769 1e-08
4.968478 1e-08
4.969829230999999 1e-08
4.971180463 1.6364121048159407e-08
4.972531694000001 4.1855524133831164e-07
4.973882926 3.603884006272815e-07
4.975234157 1.502863936550181e-08
4.976585389 1e-08
4.97793662 1e-08
4.979287852000001 1e-08
4.980639083 1e-08
4.981990314 1e-08
4.983341545999999 1e-08
4.984692777 1e-08
4.986044009 3.395586296179412e-08
4.98739524 6.261088047494699e-07
4.988746472 5.817645263040965e-08
4.990097703 1e-08
4.991448934 1e-08
4.992800166 1e-08
4.9941513969999995 1e-08
4.995502629 3.7838026265558546e-08
4.99685386 1.6388643055685235e-06
4.998205092 2.831987326925111e-06
4.999556323 1.9101748371112036e-06
5.0009075549999995 6.09596548775488e-08
5.0022587860000005 1e-08
5.003610017 1e-08
5.004961249 1e-08
5.006312479999999 1e-08
5.007663711999999 1e-08
5.009014943 1e-08
5.010366175 1e-08
5.011717406 1e-08
5.013068637 1e-08
5.014419869 1e-08
5.0157711 1e-08
5.017122332 1e-08
5.018473563 1e-08
5.019824795000001 1e-08
5.021176026 1e-08
5.022527258 1e-08
5.0238784889999994 1e-08
5.0252297200000005 1e-08
5.026580952000001 1.1663544656477593e-08
5.027932183 2.8858119993699376e-08
5.029283415 3.111936247585559e-08
5.030634646 1.2181542582213062e-08
5.031985878 1e-08
5.033337109 1e-08
5.034688341 1e-08
5.036039572 1e-08
5.037390803 1e-08
5.038742035 1e-08
5.0400932659999995 1e-08
5.041444498 1e-08
5.042795729000001 1e-08
5.044146961 1e-08
5.045498192 1e-08
5.046849422999999 1e-08
5.048200655 1e-08
5.049551886000001 1e-08
5.050903118 1e-08
5.052254349 1e-08
5.053605581 1.7145760888154795e-08
5.054956812 3.3848757304755825e-07
5.056308044000001 2.8704538775552955e-06
5.057659275 7.0331131897880624e-06
5.059010506 9.092792463095103e-06
5.060361737999999 8.7354104407232e-06
5.061712969 6.19631172379743e-06
5.063064201 4.201345796632419e-06
5.064415432 3.4709048582708355e-06
5.065766664 2.76920774934321e-06
5.067117895 1.9158856560740813e-06
5.068469126 1.1979600929096565e-06
5.069820358 6.287058539542743e-07
5.0711715889999995 4.927768793753538e-07
5.072522821 5.492628633776837e-07
5.073874052 8.742618969057917e-08
5.075225284 1.1631969546455434e-08
5.076576515 1e-08
5.0779277469999995 1.0196577582662954e-08
5.0792789780000005 9.763761986202003e-08
5.080630209 1.350117401702743e-06
5.081981441 1.4911069977559302e-06
5.083332671999999 5.272146224006807e-07
5.084683904 2.507547793620536e-08
5.086035135 1e-08
5.087386367 1e-08
5.088737598 1e-08
5.090088829 1e-08
5.091440061 1e-08
5.092791292 1e-08
5.094142524 1e-08
5.095493755000001 1e-08
5.096844987000001 1e-08
5.098196218 1e-08
5.09954745 1e-08
5.100898680999999 1e-08
5.102249912 1e-08
5.103601144000001 1e-08
5.104952375 1e-08
5.106303607 1e-08
5.107654838 1e-08
5.10900607 1e-08
5.110357301 1e-08
5.111708533 1e-08
5.113059764 1e-08
5.114410995 1e-08
5.115762227 1e-08
5.1171134579999995 1e-08
5.11846469 1e-08
5.119815921000001 1e-08
5.121167153 1e-08
5.122518384 1e-08
5.123869614999999 1e-08
5.125220847 1e-08
5.126572078000001 1e-08
5.12792331 1e-08
5.129274541 1e-08
5.130625772999999 1e-08
5.131977004 1e-08
5.1333282360000005 1e-08
5.134679467 1e-08
5.136030698 1e-08
5.137381929999999 1e-08
5.138733161 1e-08
5.140084393 1e-08
5.141435624 1e-08
5.142786856 1e-08
5.144138087 1e-08
5.145489318 1e-08
5.14684055 1e-08
5.148191781 1e-08
5.149543013000001 1e-08
5.150894244 1e-08
5.152245476 1e-08
5.153596706999999 1e-08
5.1549479389999995 1e-08
5.1562991700000005 1e-08
5.157650401 1e-08
5.159001633 1e-08
5.160352864 1e-08
5.161704096 1e-08
5.163055327 1e-08
5.164406559 1e-08
5.16575779 1e-08
5.167109021 1e-08
5.168460253 1e-08
5.169811484 1e-08
5.1711627159999995 1e-08
5.172513947000001 1e-08
5.173865179000001 1e-08
5.17521641 1e-08
5.176567642 1e-08
5.177918872999999 1e-08
5.179270104 1e-08
5.180621336 1e-08
5.181972567 1e-08
5.183323799 1e-08
5.18467503 1e-08
5.186026262 1e-08
5.187377493 1e-08
5.188728725 1e-08
5.190079956 1e-08
5.191431187 1e-08
5.192782419 1e-08
5.1941336499999995 1e-08
5.195484882 1e-08
5.196836113000001 1e-08
5.198187345 1e-08
5.199538576 1e-08
5.200889806999999 1e-08
5.202241039 1e-08
5.20359227 1e-08
5.204943502 1e-08
5.206294733 1e-08
5.207645964999999 1e-08
5.208997196 1e-08
5.2103484280000005 1e-08
5.211699659 1e-08
5.213050890000001 1e-08
5.214402122 1e-08
5.215753353 1e-08
5.217104585 1e-08
5.218455816 1e-08
5.219807048 1e-08
5.221158279 1.0656894974230307e-08
5.22250951 1.303626921164819e-07
5.223860742 2.615796828288147e-06
5.225211973 2.161629306485039e-06
5.226563205000001 1.1092609724329937e-06
5.227914436 5.002881046110662e-08
5.229265668 1e-08
5.230616898999999 1e-08
5.2319681309999995 1.478555831063765e-08
5.2333193620000005 2.7544592132644615e-07
5.234670593 3.1544638706585555e-06
5.236021825 3.275612657548392e-06
5.237373056 1.0031126142475858e-06
5.238724288 3.5861482856270775e-08
5.240075519 1e-08
5.241426751 1e-08
5.242777982 1.680768914306278e-08
5.244129213 1.4581940122291444e-07
5.245480445 7.766596103879498e-07
5.246831676 1.4898257821640917e-06
5.2481829079999995 4.111696651497088e-07
5.2495341390000005 2.206400827713499e-08
5.250885371000001 1e-08
5.252236602 1e-08
5.253587834 1e-08
5.254939064999999 1e-08
5.256290296 1e-08
5.257641528 1e-08
5.258992759 1e-08
5.260343991 1e-08
5.261695222 1e-08
5.263046454 1e-08
5.264397685 1e-08
5.265748917 1e-08
5.267100148000001 1e-08
5.268451379 1e-08
5.269802611 1e-08
5.2711538419999995 1e-08
5.272505074 1e-08
5.273856305000001 1e-08
5.275207537 1e-08
5.276558768 1e-08
5.277909999 1e-08
5.279261231 1e-08
5.280612462 1e-08
5.281963694 1e-08
5.283314925 1e-08
5.284666156999999 1e-08
5.286017388 5.0229362248289447e-08
5.2873686200000005 1.1466453888974565e-06
5.288719851 2.3479703334084648e-06
5.290071082000001 2.476455059621261e-06
5.291422314 1.8543259365911064e-07
5.292773545 1.3186248565286919e-08
5.294124777 1e-08
5.295476008 1e-08
5.29682724 3.869259631390828e-08
5.298178471 5.540035883063532e-07
5.299529702 1.482505767004899e-07
5.300880933999999 1.0132277056153073e-06
5.302232165 2.4813278448384737e-06
5.303583397000001 3.328506933782557e-06
5.304934628 2.409777032190499e-07
5.30628586 1.396964051210484e-08
5.307637090999999 1e-08
5.3089883229999995 1e-08
5.3103395540000005 4.1845849349151545e-08
5.311690785 7.777525374571873e-07
5.313042017 2.3963411446453646e-06
5.314393248 3.8652665361845005e-06
5.31574448 4.362301416926814e-06
5.317095711 5.41044981739072e-06
5.318446943 4.140658949377886e-06
5.319798174 3.4473499209767703e-06
5.321149405 3.5083731904834823e-06
5.322500637 3.7954410579917124e-06
5.323851867999999 4.571634748267109e-06
5.3252030999999995 5.795162770120408e-06
5.3265543310000005 6.992601626675914e-06
5.327905563 9.854993809817639e-06
5.329256794 1.6286921863159058e-05
5.330608026 1.73036896782035e-05
5.331959257 1.540711083225243e-05
5.333310488 1.219794822124128e-05
5.33466172 7.711561732910351e-06
5.336012951 4.321193352617155e-06
5.337364183 4.229045015344359e-06
5.338715414 6.619562715158806e-06
5.340066646 1.0574838865489485e-05
5.341417877 1.6845336972109998e-05
5.342769109 2.1179533245152578e-05
5.344120340000001 2.0243982394056934e-05
5.345471571 9.288988560068435e-06
5.346822803 4.758194316704448e-06
5.3481740339999995 9.467854833749286e-07
5.349525266 3.736513767991996e-08
5.350876497 1e-08
5.352227729 1e-08
5.35357896 1e-08
5.354930191 1e-08
5.356281423 1e-08
5.357632654 1e-08
5.358983886 1e-08
5.360335117 1e-08
5.361686348999999 1e-08
5.36303758 1e-08
5.3643888120000005 1e-08
5.365740043 1e-08
5.367091274000001 1e-08
5.368442506 1e-08
5.369793737 1e-08
5.371144969 1e-08
5.3724962 1e-08
5.373847432 1e-08
5.375198663 1e-08
5.376549894 1e-08
5.377901125999999 1e-08
5.379252357 1e-08
5.380603589000001 1e-08
5.38195482 1e-08
5.383306052 1e-08
5.384657282999999 1e-08
5.386008515 1e-08
5.3873597460000004 1e-08
5.388710977 1e-08
5.390062209 1e-08
5.39141344 1e-08
5.392764672 1e-08
5.394115903 1e-08
5.395467135 1e-08
5.396818366000001 1e-08
5.398169598000001 1e-08
5.399520829 1e-08
5.400872059999999 1e-08
5.4022232919999995 1e-08
5.4035745230000005 1e-08
5.404925755 1e-08
5.406276986 1e-08
5.407628218 1e-08
5.408979449 1e-08
5.41033068 1e-08
5.411681912 1e-08
5.413033143 1e-08
5.414384375 1e-08
5.415735606 1e-08
5.417086838 1e-08
5.418438069 1e-08
5.419789301 1e-08
5.421140532000001 1e-08
5.422491763 1e-08
5.423842995 1e-08
5.4251942259999995 1e-08
5.426545458 1e-08
5.427896689 1e-08
5.429247921 1e-08
5.430599152 1e-08
5.431950383 1e-08
5.433301615 1e-08
5.434652846 1e-08
5.436004078 1e-08
5.437355309 1e-08
5.438706540999999 1e-08
5.440057772 1e-08
5.4414090040000005 1e-08
5.442760235 1e-08
5.444111466000001 1e-08
5.445462698 1e-08
5.446813929 1e-08
5.4481651609999995 1e-08
5.4495163920000005 1e-08
5.450867624000001 1e-08
5.452218855 1e-08
5.453570086 1e-08
5.454921317999999 1e-08
5.456272549 1e-08
5.457623781000001 1e-08
5.458975012 1e-08
5.460326244 1e-08
5.461677475 1e-08
5.463028707 1e-08
5.464379938 1e-08
5.465731169 1e-08
5.467082401 1e-08
5.468433632 1e-08
5.469784864 1e-08
5.471136094999999 1e-08
5.472487327 1e-08
5.473838558000001 1e-08
5.47518979 1e-08
5.476541021 1e-08
5.477892251999999 1e-08
5.4792434839999995 1e-08
5.4805947150000005 1e-08
5.481945947 1e-08
5.483297178 1e-08
5.48464841 1e-08
5.485999641 1e-08
5.487350872 1e-08
5.488702104 1e-08
5.490053335 1e-08
5.491404567 1e-08
5.492755798 1e-08
5.49410703 1e-08
5.495458261 1.5757982496112506e-08
5.496809493 1.909311973161151e-07
5.498160724 2.3547567007381476e-06
5.499511955 3.4913052843576622e-06
5.500863187 5.117888676532379e-06
5.502214417999999 4.090864261934479e-06
5.50356565 3.270565922589449e-06
5.504916881 2.1512667235459287e-07
5.506268113 1.543561972596376e-08
5.507619344 3.440674897081584e-08
5.508970575 5.918874556131935e-07
5.510321807 2.0070708094110796e-06
5.511673038 1.3627417781424583e-06
5.51302427 4.1178952230911533e-07
5.514375501000001 3.515307827743019e-08
5.515726733 1e-08
5.517077964 1e-08
5.5184291960000005 1e-08
5.519780427 1e-08
5.521131658 1e-08
5.52248289 1e-08
5.523834121 1e-08
5.5251853529999995 1e-08
5.5265365840000005 1e-08
5.527887816000001 1e-08
5.529239047 1e-08
5.530590278 1e-08
5.531941509999999 1e-08
5.533292741 1e-08
5.5346439730000005 1e-08
5.535995204 1e-08
5.537346436 1e-08
5.538697667 1e-08
5.540048899 1e-08
5.54140013 1e-08
5.542751361 1.8042278000888014e-08
5.544102593 1.0966489281469187e-07
5.545453824 6.432640057771363e-07
5.546805056 2.1119650788356827e-06
5.548156286999999 5.88315346291341e-06
5.549507519 2.7949422641746295e-06
5.550858750000001 1.3562276933514505e-06
5.552209982 1.3107830857956753e-07
5.553561213 1.4907489393607677e-08
5.554912443999999 1e-08
5.5562636759999995 1e-08
5.5576149070000005 1e-08
5.558966139 1e-08
5.56031737 1.6841978916094666e-08
5.561668602 2.2860266201280234e-07
5.563019833 3.2480675436098794e-06
5.564371064 5.3196658026124585e-06
5.565722296 8.713169491829716e-06
5.567073527 6.316309052842763e-06
5.568424759000001 4.366890106525326e-06
5.56977599 3.8640176946958816e-07
5.571127222 2.2211882106812135e-08
5.5724784529999996 2.2389026994097214e-08
5.573829685 3.203552734038206e-07
5.575180916 2.803095331876998e-06
5.576532147 3.8587506341583355e-06
5.577883379 5.10263528956678e-06
5.57923461 4.294992193952748e-06
5.5805858420000005 3.615640600033048e-06
5.581937073 2.529204829452265e-06
5.583288305 1.717638047730125e-06
5.584639536 9.919908875445317e-07
5.585990767 8.169731256706353e-07
5.587341999 2.0476027423046833e-06
5.58869323 2.8476142583538636e-06
5.590044462 3.8295214656236125e-06
5.591395693000001 2.145670338397221e-06
5.592746925 2.303278526550977e-06
5.594098156 2.2202289448251053e-06
5.595449388 2.123978112668142e-06
5.596800619 2.108511656443073e-06
5.59815185 2.7485823247553726e-06
5.599503082 6.4870711647109776e-06
5.600854313 9.23179159601324e-06
5.6022055449999995 1.2429600926434392e-05
5.6035567760000005 1.295956546895063e-05
5.604908008000001 1.355366318353356e-05
